-0.796051977455845439 5.706781932891494158 0.000000000000000000 0.415490619672347405 0.000000000000000000
0.135647428650628760 3.942716187285939089 0.000000000000000000 0.426723231613096554 428197.000000000000000000
-2.872835111961532739 3.650441566612226296 0.000000000000000000 0.117566478632388310 0.000000000000000000
-2.899351243430480896 3.491303777712338796 0.000000000000000000 0.134540951547931525 0.000000000000000000
-2.964157898844567818 3.253521128357841796 0.000000000000000000 0.169349828900093674 0.000000000000000000
-2.847197107147020123 6.104757877007268796 0.000000000000000000 0.408012267813802676 424571.000000000000000000
0.085711935477897738 3.737950413778110992 0.000000000000000000 0.418602437655019033 233822.823614806664409116
-1.474458835453505090 4.813670545308284865 0.000000000000000000 0.215807375048094413 0.000000000000000000
-0.767246182167998669 5.565573707001322923 0.000000000000000000 0.399610078790514467 426366.000000000000000000
-4.790733173310696813 3.394506326922465345 0.000000000000000000 0.459858988298354143 401114.054301672906149179
-2.073082298279789182 5.707748947848712895 0.000000000000000000 0.325374371599673418 0.000000000000000000
-2.920865419703750465 2.611746948124704648 0.000000000000000000 0.256431049760385110 429168.000000000000000000
-3.688344948014313562 2.042143813753463100 0.000000000000000000 0.416093982645579619 431259.000000000000000000
-2.297280760868013250 3.550925943811373386 0.000000000000000000 0.060818493100801757 423789.000000000000000000
-4.139724759967160495 2.611476477801891516 0.000000000000000000 0.405221172973231403 0.000000000000000000
-1.259757777125848133 -5.574647570902752314 0.000000000000000000 0.348855119568538874 0.000000000000000000
-3.263646755540118072 -2.623247905618797837 0.000000000000000000 0.288053959626192790 345134.000000000000000000
-3.983326288552136774 -5.072356172998319757 0.000000000000000000 0.372529042363196228 0.000000000000000000
-0.614633926988307988 -2.345161310131287369 0.000000000000000000 0.401947357241226766 345348.000000000000000000
-2.067501792187638632 -5.368550138603405131 0.000000000000000000 0.265477920449343985 0.000000000000000000
-1.633157167709257340 -1.589017823910369387 0.000000000000000000 0.424731068088314401 89633.771078804071294144
-1.434002319120550872 -3.932864811223880874 0.000000000000000000 0.147095371904978567 348096.000000000000000000
-0.500912189925008744 -2.581504061699912977 0.000000000000000000 0.390438929160826675 340654.000000000000000000
-3.391008466968665758 -2.701391985088572589 0.000000000000000000 0.292470016932950883 0.000000000000000000
-1.517723968604378415 -5.969832775389329882 0.000000000000000000 0.393229979517927319 0.000000000000000000
-3.011451888201440497 -2.004772033180233226 0.000000000000000000 0.361508323185872171 346047.000000000000000000
-2.288833031275446572 -2.489053091605456292 0.000000000000000000 0.249580324371143164 0.000000000000000000
-1.095803033761858947 -4.616992656444312892 0.000000000000000000 0.244304034066027465 341515.000000000000000000
-4.566381665954153846 -3.144634785145469458 0.000000000000000000 0.432202311708446973 122095.425345366602414288
-3.538614175460089051 -3.632602374209572549 0.000000000000000000 0.232761106001043189 342898.000000000000000000
5.683078919058113243 -0.225054936897493507 0.000000000000000000 0.212128422791284577 0.000000000000000000
6.617375296665073847 0.034467919872552204 0.000000000000000000 0.374886598454190478 385610.000000000000000000
4.981419991071834197 1.344566215460205605 0.000000000000000000 0.252918981967653445 382633.000000000000000000
6.015745429359585117 0.466914419809067005 0.000000000000000000 0.280154741139709673 385014.000000000000000000
2.832273989329183284 1.937136249887902117 0.000000000000000000 0.456647121638333264 382186.000000000000000000
6.757837234968866014 -0.023515977128072480 0.000000000000000000 0.399888553239971301 0.000000000000000000
5.626093714373769039 0.846742199834176201 0.000000000000000000 0.248735489261641185 0.000000000000000000
5.131719135628439510 1.752143984995464310 0.000000000000000000 0.330057927992800204 69588.203560055131674744
4.345107995564255532 -2.672401348159638257 0.000000000000000000 0.475789556874502362 87881.357220454301568680
4.948175268366237667 2.627726573126257126 0.000000000000000000 0.473065983362218667 382092.000000000000000000
3.526230520230682952 -2.056590787137939635 0.000000000000000000 0.405802855309851607 0.000000000000000000
3.176307242499509353 1.830641660958700623 0.000000000000000000 0.403495922657509831 196445.633137678465573117
5.404518559836151148 -1.610301075338467669 0.000000000000000000 0.326998873376027732 0.000000000000000000
3.327628650921430342 -1.638388895103628728 0.000000000000000000 0.359971321607769457 320520.863660974020604044
3.512933510815288596 -2.249274262328119001 0.000000000000000000 0.437875515583282193 194338.421094056422589347
8.958235700670753587 7.907039871286214883 0.000000000211192878 0.287303852222964007 425477.000000000000000000
11.027656292081703171 10.113632623532655685 0.000000000166876812 0.268723850759268135 427248.000000000000000000
9.836973593588858478 11.126964561635677597 0.000000000794655203 0.426993091236167688 425207.000000000000000000
9.334057336711145680 9.843014262246208901 0.000000000100160063 0.262999864644101022 408071.477085238497238606
9.407781037895604825 9.636821479079680230 0.000000000129642202 0.228048580518747324 409627.847833774401806295
11.472595449414146884 11.128256221937878223 0.000000000179428690 0.462856733503613116 429474.000000000000000000
11.628909914122560920 10.366664408310535705 0.000000000409955715 0.364613075248511165 423123.000000000000000000
10.912106505805954981 7.427417518721489920 0.000000000049641203 0.252780823840581148 421977.000000000000000000
9.570021089224637123 9.175667216509243218 0.000000000256375186 0.156535225523700389 64767.538617394726315979
10.115469009690276181 8.310736867555876373 0.000000000684032796 0.086563593840975811 0.000000000000000000
8.719781917533307336 10.595972218603936454 0.000000000453689184 0.434684445856312551 430683.000000000000000000
10.054119307044192766 6.876850265597972189 0.000000000372903377 0.332187802201938442 431084.000000000000000000
9.502331882843957800 11.093832122493765269 0.000000000627312101 0.438106470160958772 0.000000000000000000
9.515478280590773608 7.301448772928092801 0.000000000725606808 0.293477096958060013 421331.000000000000000000
9.513853806939918556 10.060075721730621368 0.000000000521337873 0.273464412455709405 0.000000000000000000
1.099515051099538177 14.672463981352757756 0.000000000000000000 0.332040831443486339 470466.000000000000000000
-0.212036554681998779 13.782179842878292675 0.000000000000000000 0.462644259129660063 0.000000000000000000
0.480221853751244654 14.664586291717496280 0.000000000000000000 0.412699474344863815 0.000000000000000000
2.977185606612625879 13.759753507090499269 0.000000000000000000 0.143257115222987619 462002.000000000000000000
1.896829389583034375 14.498801635846183089 0.000000000000000000 0.231204577891932522 0.000000000000000000
3.393282525843747788 11.427508543489958370 0.000000000000000000 0.379412302626619014 462830.000000000000000000
1.423869407140641474 11.914864163075677084 0.000000000000000000 0.291849711174875071 471132.000000000000000000
3.754095879223828369 12.961403052494679500 0.000000000000000000 0.259183428460796395 0.000000000000000000
4.155683216402687563 13.015806387397761412 0.000000000000000000 0.327905599848730023 0.000000000000000000
3.352400310004911788 12.336581678668077089 0.000000000000000000 0.246834207824039364 468525.000000000000000000
2.882459499577531670 12.486915468175896038 0.000000000000000000 0.171221520775387381 0.000000000000000000
3.809750800388809644 13.374569872210429367 0.000000000000000000 0.263530472357078327 466975.000000000000000000
1.383511147581621303 15.279045645249086149 0.000000000000000000 0.394865550268229060 0.000000000000000000
3.028399008147226290 13.208025885061228877 0.000000000000000000 0.124303683317374791 470359.000000000000000000
2.420079374048835330 15.513579168512148243 0.000000000000000000 0.398596129630914231 471828.000000000000000000
-4.341236200707633941 11.883711593822926744 0.000000000121082901 0.427156160032696575 876519.000000000000000000
-9.201673458314038712 12.002715123152954746 0.000000000701918486 0.442931704372573065 0.000000000000000000
-4.919792415234072180 10.343923517367931808 0.000000000441334704 0.404674432923940619 0.000000000000000000
-6.454816944352656627 11.431167460705964345 0.000000000540456480 0.070982221164992559 0.000000000000000000
-8.357201574217471673 11.637787832032813640 0.000000000759587311 0.289945740274870412 0.000000000000000000
-8.049544499488705540 12.434414848230167294 0.000000000860672414 0.266679067509166423 0.000000000000000000
-5.996411844617233200 13.726335418848908176 0.000000000340781435 0.379033480527534661 0.000000000000000000
-8.527889489060857642 10.082646603862505330 0.000000000188644409 0.431171151983112844 0.000000000000000000
-8.804949031177040197 10.607433732399012882 0.000000000036915503 0.418262271942983488 0.000000000000000000
-5.542478846892307409 11.045236560831899197 0.000000000372937423 0.243347972913410371 876461.000000000000000000
-5.766510185102681874 13.721059779882732954 0.000000000340312858 0.394313272293971506 0.000000000000000000
-4.468845318885552587 10.315552648325224894 0.000000000132006382 0.473976932208570567 640278.574664619634859264
-7.433182025597638187 10.520449750039164272 0.000000000083069913 0.245995091232850072 0.000000000000000000
-4.832985254145798493 9.945666638863075448 0.000000000653112991 0.461956584528305736 0.000000000000000000
-8.168692912834911724 11.667505679977301369 0.000000000885746091 0.256156590022038944 0.000000000000000000
-11.631449411874820399 5.735055487436004462 0.000000000000000000 0.266562889597900310 317908.946351169841364026
-13.015338941634682968 2.372870351625492091 0.000000000000000000 0.404276926606043530 0.000000000000000000
-12.632245264631800197 3.746798452590199613 0.000000000000000000 0.162696665699848642 0.000000000000000000
-12.964741730468501757 4.789393149519919568 0.000000000000000000 0.048815494880387549 0.000000000000000000
-13.509775948580333704 5.019885481264267035 0.000000000000000000 0.153878587757818291 153144.923960592277580872
-11.863705734879145481 3.515162345082111894 0.000000000000000000 0.252950769064533620 545135.000000000000000000
-14.023760890963236747 3.855415808298811253 0.000000000000000000 0.273798222001621627 543239.000000000000000000
-11.512422989519112804 2.701065212835935370 0.000000000000000000 0.405670193574839522 550612.000000000000000000
-10.959203222482157614 4.279375187901270472 0.000000000000000000 0.320288453172238807 0.000000000000000000
-14.038793369922341725 2.480562280332998526 0.000000000000000000 0.448457100812926890 551895.000000000000000000
-12.479109489175655767 4.812199244000670895 0.000000000000000000 0.047746019624687698 543337.000000000000000000
-11.966906857169908207 6.200491451354780637 0.000000000000000000 0.296508255949787192 0.000000000000000000
-10.527147855589518599 5.174517190773812558 0.000000000000000000 0.399125234674936602 549493.000000000000000000
-14.143569201829587101 6.462532901160471077 0.000000000000000000 0.400831041999822280 546851.000000000000000000
-12.095334652862593572 5.389332246409290761 0.000000000000000000 0.165635334095606684 453990.604048859153408557
-12.089519159029716633 -4.099141408419095356 0.000000000000000000 0.150111160249851328 0.000000000000000000
-11.673164974772921809 -3.819023908681736579 0.000000000000000000 0.238309597283774904 0.000000000000000000
-10.451725560562568518 -3.952085309141941671 0.000000000000000000 0.422552333602475017 389483.000000000000000000
-12.982172199151779779 -3.140543670308469260 0.000000000000000000 0.271571800908340266 0.000000000000000000
-10.692774307694097757 -4.942576119694140679 0.000000000000000000 0.363042321164543214 385324.000000000000000000
-12.676805736924405821 -6.040711820049554426 0.000000000000000000 0.236949930202338871 384915.000000000000000000
-12.903279013003517761 -2.612489159670193573 0.000000000000000000 0.360715187040082985 389011.000000000000000000
-13.515482530966716368 -6.953805672168805962 0.000000000000000000 0.420056069280051791 382089.000000000000000000
-13.319122398255325734 -5.536054152998283406 0.000000000000000000 0.183973049891850760 0.000000000000000000
-12.475190101622615657 -6.608681001295810375 0.000000000000000000 0.338417778249912149 0.000000000000000000
-12.557774181196462493 -5.917432904498983959 0.000000000000000000 0.217246295578043314 0.000000000000000000
-14.506004913131910428 -6.571277781780388239 0.000000000000000000 0.457848926777009557 0.000000000000000000
-12.274645751148279160 -4.725742437322884015 0.000000000000000000 0.078585488668939857 0.000000000000000000
-10.945418819012191491 -2.845881000468011290 0.000000000000000000 0.448866456150683713 0.000000000000000000
-15.059186164990371992 -4.888746303749906374 0.000000000000000000 0.419766246271943866 384718.000000000000000000
-4.355092180570872884 -10.759103430576905325 0.000000000175355854 0.456582288004708570 0.000000000000000000
-5.453566033664617230 -11.100960413938826932 0.000000000163501718 0.252850637055685779 0.000000000000000000
-7.026073920288840036 -11.186076572287980468 0.000000000511586440 0.107800063065799562 0.000000000000000000
-6.584238603765844466 -13.695187835640712848 0.000000000281681098 0.350893319001910120 0.000000000000000000
-6.935810051679577981 -14.215085051286324713 0.000000000075986781 0.443242184934476979 0.000000000000000000
-4.963657331376101212 -10.421486490639777500 0.000000000892107574 0.390199141118071302 0.000000000000000000
-5.634447956580256545 -12.139114278740937181 0.000000000401618927 0.209394303209104599 0.000000000000000000
-7.675410262857774057 -9.975029144542920889 0.000000000616160993 0.351139708188402899 0.000000000000000000
-7.115832482736824893 -12.182031028435998721 0.000000000766794878 0.106739674733931991 0.000000000000000000
-4.082637377356325814 -11.948734314731982664 0.000000000841965753 0.473989368631302865 0.000000000000000000
-8.293489853799407285 -11.913226586525277995 0.000000000918370970 0.280355192316550261 0.000000000000000000
-5.525191226703239700 -13.968681317880395909 0.000000000594225794 0.453044569829500143 0.000000000000000000
-5.244817799516956036 -11.192413750432960384 0.000000000796585100 0.281059047730929101 0.000000000000000000
-5.735435455700603313 -10.699236431040962003 0.000000000684674271 0.253366232616122400 0.000000000000000000
-7.589891612605071280 -9.443621615306017958 0.000000000806585927 0.430342385196907873 0.000000000000000000
3.645152487976724753 -15.511474517178452714 0.000000000000000000 0.461241806357678363 833906.000000000000000000
1.084467575247921145 -13.282724087632752585 0.000000000000000000 0.222763868432820672 0.000000000000000000
2.689820467439758556 -12.423814227894006024 0.000000000000000000 0.164550958543999482 830023.000000000000000000
0.894868323372943419 -12.068955449425747162 0.000000000000000000 0.334824801304810071 836604.000000000000000000
1.006402930625296843 -11.795874571609349601 0.000000000000000000 0.354399811328372172 836425.000000000000000000
3.308929979944324806 -15.600184043281293711 0.000000000000000000 0.448556438276852376 828520.000000000000000000
3.770794564915190161 -12.374402474126377172 0.000000000000000000 0.302203182082373512 0.000000000000000000
3.143914810469460086 -14.218679515393057855 0.000000000000000000 0.221220526212063284 0.000000000000000000
2.763412226136756189 -12.122354109354137819 0.000000000000000000 0.219299249418947517 828930.000000000000000000
0.401435318698027954 -12.129596367668852963 0.000000000000000000 0.400536990737705878 827497.000000000000000000
2.829627051086134770 -14.531226852806709005 0.000000000000000000 0.240168595769656379 830966.000000000000000000
1.961541647947818046 -12.758066991374203525 0.000000000000000000 0.113788695149684968 834549.000000000000000000
2.052638927786789580 -14.547983832099600221 0.000000000000000000 0.231906788303513550 831794.000000000000000000
4.948430186099158412 -12.895945904626932688 0.000000000000000000 0.470758790210040856 749405.321688872063532472
0.049569018907517921 -13.662094229108655341 0.000000000000000000 0.412930755336623656 0.000000000000000000
11.524241926462709174 -6.577899660140078097 0.000000000000000000 0.434421168269507718 0.000000000000000000
10.411201679226914862 -9.361531312953339068 0.000000000000000000 0.108308710227096108 911337.000000000000000000
12.483318667769754740 -8.585269765603278813 0.000000000000000000 0.382975900865737851 0.000000000000000000
10.760148331745714501 -7.427409171492479700 0.000000000000000000 0.243189087370893786 0.000000000000000000
10.132161771674280004 -10.140671349249542388 0.000000000000000000 0.247094563543944185 693678.125094650313258171
8.260033088967114523 -8.962785808979811364 0.000000000000000000 0.372745934912116494 0.000000000000000000
12.297384641747044043 -9.598270284767842497 0.000000000000000000 0.379114613720945737 918044.000000000000000000
11.962982413536243698 -8.240330130583313206 0.000000000000000000 0.302500171691564679 910614.000000000000000000
12.080460658465096202 -6.852166656790651622 0.000000000000000000 0.453888574256224753 0.000000000000000000
10.650032170128758580 -6.287926890411046799 0.000000000000000000 0.434639327471351533 736485.498054748517461121
9.915729349663212844 -9.063139081352630910 0.000000000000000000 0.093773320954288072 435072.352534727891907096
10.731923731677866840 -10.396258594120425300 0.000000000000000000 0.297139642724446928 0.000000000000000000
12.902688797313430769 -9.388763557189811593 0.000000000000000000 0.470153624262205860 914439.000000000000000000
8.782514740898001548 -8.336459024069750257 0.000000000000000000 0.286976295107733759 909284.000000000000000000
12.367830485021345410 -7.265913445770959100 0.000000000000000000 0.444547572867500518 0.000000000000000000
13.193637961482556520 -0.803260044301237985 0.000000000000000000 0.152456976627016710 301140.000000000000000000
13.713802886761286004 1.367339985073224407 0.000000000000000000 0.238869641135961180 0.000000000000000000
11.922577749720417728 1.018188026423344050 0.000000000000000000 0.338477725148848441 301524.000000000000000000
14.567617371198425147 -2.349158105003971819 0.000000000000000000 0.445499903007137488 0.000000000000000000
15.400449275077820133 1.717894313107535709 0.000000000000000000 0.444690175270863797 308747.000000000000000000
11.788551450351345551 1.063977873983563693 0.000000000000000000 0.363068998912586371 1016.011606589612370044
12.781042878155767895 -0.786671157931751575 0.000000000000000000 0.192354902147569007 304241.000000000000000000
15.949429782147269918 0.685602998256086171 0.000000000000000000 0.445259349521815728 0.000000000000000000
11.423852748987929573 -0.923425509422536983 0.000000000000000000 0.410169881597073294 0.000000000000000000
14.855731227055484212 -1.884433876746060887 0.000000000000000000 0.401187164296839427 0.000000000000000000
15.682192107599187025 -1.467609702813820416 0.000000000000000000 0.457961442987734280 0.000000000000000000
12.103851767666039763 0.751225298079134074 0.000000000000000000 0.287541601082911491 0.000000000000000000
13.753377221226495308 -1.410004213073791313 0.000000000000000000 0.247161682726290216 0.000000000000000000
15.560267331653598433 1.030496450007683196 0.000000000000000000 0.401441631777921804 0.000000000000000000
11.746409374704873230 -1.110550338713526930 0.000000000000000000 0.373679072692653713 303451.000000000000000000
