-3.515007284718350000 5.558217420980186674 0.000000000000000000 0.371905584172007642 0.000000000000000000
-0.286620703287163825 4.761060900161289133 0.000000000000000000 0.384105366086779088 425200.000000000000000000
-4.792285431524503814 3.551241597417496010 0.000000000000000000 0.455612294824137343 429657.000000000000000000
-4.389939406840183800 5.261415377030548512 0.000000000000000000 0.451482144095132820 0.000000000000000000
-0.531691898293574661 2.779896125778584359 0.000000000000000000 0.365795708803373532 97976.076277730258880183
-2.495261962540306744 2.651151259070693378 0.000000000000000000 0.224646894902561262 221421.063117757119471207
-1.880237354094544733 3.573662710074958948 0.000000000000000000 0.087844976617826587 0.000000000000000000
-4.168013715566229571 3.436018218082735221 0.000000000000000000 0.349827683721538052 0.000000000000000000
-3.418173216125648839 3.371411420001169557 0.000000000000000000 0.226422201340154949 401249.032018029887694865
-3.259719306103287639 1.926151265272692648 0.000000000000000000 0.392540280618588033 423820.000000000000000000
-2.921939115261481312 2.606995045817437351 0.000000000000000000 0.257270069717579264 423164.000000000000000000
-0.574560650234483550 2.395509860897667931 0.000000000000000000 0.401173424491262476 0.000000000000000000
-1.086014697506966886 5.144496397177702462 0.000000000000000000 0.305896887146490326 427743.000000000000000000
-2.897412363501550292 2.180680254600234402 0.000000000000000000 0.324981713591298016 104972.982194447104120627
-0.597671656826771702 5.595658136771667124 0.000000000000000000 0.424136691365276430 426437.000000000000000000
-4.242584302346754654 -3.038255818387881391 0.000000000000000000 0.384766591806211145 347634.000000000000000000
-4.753160515801714503 -4.288001562757409957 0.000000000000000000 0.450229686473012480 96824.890636083073331974
-3.487235044394281225 -4.086982578442942327 0.000000000000000000 0.221827589769603567 341330.000000000000000000
-3.940915543868327653 -5.230450159900447815 0.000000000000000000 0.383166089860502657 72379.459597418419434689
-1.591261275625302618 -3.534510056397110578 0.000000000000000000 0.134700521827086445 0.000000000000000000
-0.472510912181294651 -2.309048174091634209 0.000000000000000000 0.424999807557805143 348101.000000000000000000
-1.601201954474267497 -6.315065835154438645 0.000000000000000000 0.447487284941585406 344690.000000000000000000
-4.331251444671498696 -4.956192593672640534 0.000000000000000000 0.415285619800388528 345436.000000000000000000
-3.039014246692457455 -4.295400870739745969 0.000000000000000000 0.156749349730829241 0.000000000000000000
-3.092526262852394403 -4.955157060969727745 0.000000000000000000 0.240951178111913522 2400.016263467909084284
-4.631951448053248654 -4.243684130761776530 0.000000000000000000 0.427685321948357178 349143.000000000000000000
-2.417745911933778302 -1.316074267388066987 0.000000000000000000 0.459236580560460406 0.000000000000000000
-1.938648872407440882 -3.823414036975977481 0.000000000000000000 0.058185227076497530 343205.000000000000000000
-0.470858093137383915 -3.576169237570267168 0.000000000000000000 0.323420667098622383 344434.000000000000000000
-4.626773687367806254 -4.714900131102173653 0.000000000000000000 0.446876702629634970 0.000000000000000000
3.159530732143652987 -0.274864211892123900 0.000000000000000000 0.246334730424851100 0.000000000000000000
6.727151589689269962 0.803283050441526481 0.000000000000000000 0.419336533671506750 382444.000000000000000000
5.177726109024619383 -1.417093796677786788 0.000000000000000000 0.278062165182157650 0.000000000000000000
2.519024924496473528 -0.154653809057091779 0.000000000000000000 0.356642696159509553 0.000000000000000000
6.340987880140822597 0.238489466489306773 0.000000000000000000 0.328320817431428491 0.000000000000000000
5.262452958619963539 1.696701411343440435 0.000000000000000000 0.329486563574591884 98061.793946825870079920
4.906100112674276481 0.578145955801307010 0.000000000000000000 0.124200442157267388 0.000000000000000000
4.039475431069157629 -1.436540079698178429 0.000000000000000000 0.268969573017708852 0.000000000000000000
6.568775082159378442 -0.173113902114387375 0.000000000000000000 0.367461200021460543 386201.000000000000000000
3.179700170314333274 -0.248782050012223643 0.000000000000000000 0.241921802027973309 49337.731623024577856995
4.891142510742052529 -0.571930154710206362 0.000000000000000000 0.121799313640454543 389429.000000000000000000
5.807908457578947470 -1.363983199819668313 0.000000000000000000 0.334333297482832803 385339.000000000000000000
5.689562286791659318 1.342728303868852668 0.000000000000000000 0.317326947578501051 388338.000000000000000000
6.762242591263285973 0.477314989679803403 0.000000000000000000 0.409495366503168423 349397.990751439763698727
3.658932286772081710 -2.503041378201751321 0.000000000000000000 0.470318915758305423 0.000000000000000000
11.262142045221532172 7.597526414892112001 0.000000000444816860 0.259912745699046654 0.000000000000000000
11.529367138144852589 6.724011255179292768 0.000000000313654019 0.412726119213445042 0.000000000000000000
11.958604364999954939 10.813727264350747603 0.000000000154491135 0.462217262226693681 0.000000000000000000
9.701066219329424811 9.153511466024694343 0.000000000476195686 0.134392878425676127 428728.000000000000000000
9.458602588386288090 6.653111566886211747 0.000000000285134310 0.399997791107180034 424140.000000000000000000
10.829520208182202623 8.610275362907238161 0.000000000005941227 0.090428438937693895 146519.509507398295681924
10.401052620842062169 6.586473778726297468 0.000000000652467128 0.379118702683955366 424615.000000000000000000
9.060162794758918281 8.698863094340392621 0.000000000396817537 0.228391342018587407 424178.000000000000000000
10.712557927225246246 6.760601341926408381 0.000000000509037480 0.354519967042263184 0.000000000000000000
9.098788688423942617 6.733159711042733697 0.000000000858697887 0.417447220805733932 423764.000000000000000000
11.085572071847440867 11.317069530353824902 0.000000000295351441 0.469088466347914956 430069.000000000000000000
9.394682788681247843 6.778542904080214093 0.000000000685110125 0.384732087010026480 153027.691884864645544440
11.151349327249230114 10.520029530552649888 0.000000000792472363 0.342305882208764400 0.000000000000000000
11.577997750830226309 8.490535440980941928 0.000000000025191130 0.225116833224558777 6015.274312317554176843
11.366690241530994498 10.738348196865279860 0.000000000520885212 0.393489537639854392 0.000000000000000000
1.033237214591898434 14.147859176204805820 0.000000000000000000 0.279026049749063643 470618.000000000000000000
0.872562673466854899 13.645858409738696793 0.000000000000000000 0.268697104996118985 470440.000000000000000000
1.431456203064928490 15.112585639205830645 0.000000000000000000 0.364452794730664442 0.000000000000000000
1.584657479167769889 12.222358656256675502 0.000000000000000000 0.230483548623522411 468119.000000000000000000
1.888051765467776200 12.240077909884760743 0.000000000000000000 0.201036501755714192 49718.287371568723756354
3.769482777618344826 11.800326758371618041 0.000000000000000000 0.366675776971218892 464055.000000000000000000
4.467369211133722651 12.655729267523360804 0.000000000000000000 0.395869389532410854 462643.000000000000000000
3.984893087063906325 14.563252157450550683 0.000000000000000000 0.372744187712721498 464448.000000000000000000
4.119026859547192387 11.936738882042810417 0.000000000000000000 0.397501225673917657 463318.000000000000000000
4.430783973013026511 13.341936606282240874 0.000000000000000000 0.373806384461946029 0.000000000000000000
1.033109201929936605 11.317424965050086882 0.000000000000000000 0.419034935999810509 464971.000000000000000000
1.436243768821655831 15.565452588006746026 0.000000000000000000 0.437953018086180201 12815.801107617195157218
2.388504193072543469 12.314709583103375934 0.000000000000000000 0.171583051810096004 470536.000000000000000000
1.626776021124905380 10.935689104400223570 0.000000000000000000 0.435602403531882787 0.000000000000000000
2.299520946426895751 14.347945746318041316 0.000000000000000000 0.190867476773031508 466028.000000000000000000
-6.179903939885559971 12.226807415192221029 0.000000000857682631 0.133405574620686168 870251.000000000000000000
-6.100376843879633526 11.347261916559903128 0.000000000326057972 0.130446873786706080 0.000000000000000000
-6.486339816902342292 12.695427684856831263 0.000000000832722163 0.178415212121904143 877069.000000000000000000
-8.111934234636580143 11.125086826535151019 0.000000000826168986 0.267322507873163306 872498.000000000000000000
-5.665938858393454680 14.034001106287416150 0.000000000672983703 0.452112623563850291 0.000000000000000000
-6.624379630911911399 12.471094655498307091 0.000000000291785567 0.134589518308322637 206775.793911368469707668
-4.871675451197986284 10.903978790959731882 0.000000000653035546 0.361717216988931445 877741.000000000000000000
-6.915972617342593942 14.160620558398708368 0.000000000658284071 0.433367097379594446 0.000000000000000000
-4.951911305896710580 11.875643103876686979 0.000000000131725303 0.318549546869023426 62329.776366142570623197
-6.647181856894633256 9.151219894826004619 0.000000000504881280 0.454701764989930202 258273.732650886406190693
-8.713579339758762643 12.712193845727369990 0.000000000809409738 0.394293337786485121 366422.714044573483988643
-8.030117441964506497 12.449212035393609099 0.000000000455175207 0.264902622078142358 872552.000000000000000000
-6.665618444470063686 9.453612137774433322 0.000000000471479165 0.401101272523307517 136576.002395818824879825
-5.333384908346517683 12.147485769568348246 0.000000000018085593 0.260674328384943088 0.000000000000000000
-8.805742703406037819 11.735803140913299458 0.000000000729583677 0.369542597198151357 870473.000000000000000000
-12.961526368744472393 4.744052456573912835 0.000000000000000000 0.045722355866197315 338136.089866776776034385
-14.913769186071101913 6.191208565602076774 0.000000000000000000 0.471595369698214417 550972.000000000000000000
-11.197752545138245139 6.321878052723768349 0.000000000000000000 0.393768960651245614 550328.000000000000000000
-11.183376906015741525 5.491416283369837004 0.000000000000000000 0.307305089807403675 548680.000000000000000000
-10.567572623351576766 3.556164489145553720 0.000000000000000000 0.429687489090079366 545739.000000000000000000
-11.905941859566532059 2.562340686330871087 0.000000000000000000 0.395622801989568618 547187.000000000000000000
-11.256398537122443315 2.566802691228236011 0.000000000000000000 0.450527727113823939 0.000000000000000000
-14.657847017475267748 3.711291004273829852 0.000000000000000000 0.385009448655225905 0.000000000000000000
-13.311249386564961483 2.521755058887957812 0.000000000000000000 0.389458074653797559 0.000000000000000000
-12.716929510511969070 5.723948997439096686 0.000000000000000000 0.181767072764051241 0.000000000000000000
-10.613879998338676458 3.359934183263142415 0.000000000000000000 0.439287435353972189 0.000000000000000000
-10.977637875325829242 6.539746346235874697 0.000000000000000000 0.448412424634281159 0.000000000000000000
-14.461101071045090904 5.622414647344881722 0.000000000000000000 0.351886028392775219 546466.000000000000000000
-13.208932188709727740 4.905149798652295168 0.000000000000000000 0.096752162781469697 547235.000000000000000000
-13.480544713589742045 6.117378362481813880 0.000000000000000000 0.284796921923004209 55792.955441637699550483
-11.426586227697328013 -4.133404349099181196 0.000000000000000000 0.248233018979990033 381386.000000000000000000
-11.929873786092512589 -4.626652823126073955 0.000000000000000000 0.139906176142081201 139178.666409797937376425
-14.243862933960759420 -3.786486383906699782 0.000000000000000000 0.313639286784177462 386272.000000000000000000
-11.176280509877303260 -4.581997494395245063 0.000000000000000000 0.274453106004825531 385002.000000000000000000
-11.806681973772029437 -2.875590464594249163 0.000000000000000000 0.353171283128106694 384067.000000000000000000
-13.477346596572171933 -6.459368871606495865 0.000000000000000000 0.337844118529046278 387154.000000000000000000
-12.047407665908680841 -5.216081385863023279 0.000000000000000000 0.151119870544989848 0.000000000000000000
-14.955660527631268408 -3.830489798844400440 0.000000000000000000 0.425830958866247888 0.000000000000000000
-12.237169136408795111 -4.327531291942490199 0.000000000000000000 0.104552842204930871 0.000000000000000000
-15.235976830252525360 -4.655190507421552049 0.000000000000000000 0.449715226774340393 389530.000000000000000000
-14.473438068881591789 -5.696972575258813620 0.000000000000000000 0.359983290611041840 0.000000000000000000
-10.224132622156577810 -5.348684625046638885 0.000000000000000000 0.458798147861401218 0.000000000000000000
-10.514940578723050990 -6.222396611152189116 0.000000000000000000 0.475528129940512301 381398.000000000000000000
-13.028294419085213462 -3.727870393359141499 0.000000000000000000 0.174512369129300599 0.000000000000000000
-10.851394390657420175 -4.710502395936035924 0.000000000000000000 0.331885644910349109 0.000000000000000000
-7.040783871033194252 -13.011624633721618594 0.000000000636773443 0.235300754347724739 0.000000000000000000
-5.390150293587830710 -11.403295868045239203 0.000000000790596613 0.245671881112780349 0.000000000000000000
-8.054450197637507358 -11.119334412115328803 0.000000000436443382 0.258348635731478593 0.000000000000000000
-6.839115645918321107 -12.292020370323088585 0.000000000232712025 0.103249713397474310 0.000000000000000000
-5.197857513505986127 -13.781614376097564900 0.000000000344912130 0.456615646149705123 0.000000000000000000
-6.603436528823102059 -14.086633465611976490 0.000000000125325309 0.419804133104627719 0.000000000000000000
-9.187278115430064673 -12.380262519333308902 0.000000000444783493 0.452832252513149902 0.000000000000000000
-5.556437781672210363 -11.928927955452380161 0.000000000275069901 0.212881524505447145 0.000000000000000000
-4.612441441109817575 -13.044409990685689849 0.000000000587290339 0.444993302665733337 0.000000000000000000
-8.709364493269756480 -12.661245892142330760 0.000000000057251847 0.389694261840820955 0.000000000000000000
-7.687906209493546861 -13.346856664789248370 0.000000000707526195 0.334495876556414662 0.000000000000000000
-5.692727788987744120 -13.396263937684135925 0.000000000845119137 0.350263132350652762 0.000000000000000000
-7.026047509800514845 -10.951605067956572626 0.000000000927376490 0.145470570428443829 0.000000000000000000
-6.162186519639937465 -12.461374234043246290 0.000000000288671549 0.166231075624600488 0.000000000000000000
-6.455499755674129148 -10.760745202081654526 0.000000000868009790 0.176635073161430733 0.000000000000000000
2.507541595698880244 -15.927049601293452596 0.000000000000000000 0.472905040896402007 263265.596007145708426833
2.324572401618159923 -15.491981150232412290 0.000000000000000000 0.394475405343403918 0.000000000000000000
3.171898844063541834 -15.043125620302259193 0.000000000000000000 0.348075054397572914 0.000000000000000000
1.162719721575727005 -12.017843355836127728 0.000000000000000000 0.306414924427583391 471091.691841842839494348
3.767177248051486682 -14.581965101127394746 0.000000000000000000 0.345204529511214220 828420.000000000000000000
1.331537530486352594 -12.033439415321510069 0.000000000000000000 0.284585779083695312 832950.000000000000000000
4.229601801654941262 -13.792133287511376238 0.000000000000000000 0.350001347796068563 836885.000000000000000000
4.549084869031602807 -14.352247628659794643 0.000000000000000000 0.438623396121249121 832688.000000000000000000
2.334109555769350308 -11.143262635929058746 0.000000000000000000 0.379904501153871643 0.000000000000000000
3.621561811242264284 -14.955155788901677738 0.000000000000000000 0.376643459545480785 0.000000000000000000
0.450516192377317326 -12.454646048233151134 0.000000000000000000 0.366288301409959660 607586.403473502839915454
4.071347233281352729 -14.955647316669466562 0.000000000000000000 0.430195764011787218 832927.000000000000000000
4.614565643823676844 -14.491820906690429993 0.000000000000000000 0.460268869029823113 828192.000000000000000000
2.535454979227977912 -13.020611511849210729 0.000000000000000000 0.058004593950261966 0.000000000000000000
0.109447179427088676 -12.710888988363048924 0.000000000000000000 0.409126211729240741 730840.620992105221375823
10.443355435500659922 -8.582494320984046965 0.000000000000000000 0.034312412067001571 193088.844646551500773057
8.802035046209333302 -9.296012289376047733 0.000000000000000000 0.290654999970551275 914131.000000000000000000
11.375591654296789201 -11.241465821429322602 0.000000000000000000 0.473833656135751624 908762.000000000000000000
9.370790049285936618 -11.262209860550077778 0.000000000000000000 0.474113817280223671 0.000000000000000000
9.108015407632713334 -7.938006214196819066 0.000000000000000000 0.261752608897128758 918244.000000000000000000
8.588858432360167328 -7.471124060575533576 0.000000000000000000 0.384535591567584767 0.000000000000000000
11.671865540495637958 -8.963021312034939569 0.000000000000000000 0.240257956296753450 159888.444817298965062946
10.718796152507048092 -9.793856252350996883 0.000000000000000000 0.195287135013339136 913967.000000000000000000
9.348785142469180798 -11.092584132044358114 0.000000000000000000 0.448061075958968658 914814.000000000000000000
9.217901106415526513 -8.874751553508813728 0.000000000000000000 0.201348956349736902 910603.000000000000000000
12.024346151063401322 -7.412914579855513608 0.000000000000000000 0.380208142368387847 917982.000000000000000000
11.900595461706261702 -8.581406509116815684 0.000000000000000000 0.279584131372909273 908654.000000000000000000
10.509883357587501251 -8.493498844074924392 0.000000000000000000 0.053859447001913398 0.000000000000000000
9.866384944854805994 -10.277080147586850956 0.000000000000000000 0.281318508240266441 483126.546000022673979402
12.177472148977285471 -8.842800244696867651 0.000000000000000000 0.327829565702706660 913919.000000000000000000
13.738908563992090706 2.193222153498912697 0.000000000000000000 0.381547677926482920 309008.000000000000000000
14.134742710569005553 -1.050077158829990642 0.000000000000000000 0.210317068887881931 0.000000000000000000
12.451160284509942500 -0.957658977349246543 0.000000000000000000 0.255758274845590272 252960.621057001524604857
14.913511802789871652 2.288103016151820768 0.000000000000000000 0.464893676586765836 308798.000000000000000000
13.649577935119056704 0.322180184324335872 0.000000000000000000 0.059078824342313263 0.000000000000000000
14.141394904921332554 -0.411093013915389882 0.000000000000000000 0.128509635104242792 304266.000000000000000000
14.332212079977415087 -1.116130542961515815 0.000000000000000000 0.239116753682972111 308223.000000000000000000
15.363654492210073954 -1.429596478045211283 0.000000000000000000 0.407961229268091752 303393.000000000000000000
13.626785853133988269 -1.644131622391522995 0.000000000000000000 0.285286233119797006 0.000000000000000000
12.597080618654340256 -0.442200697405229270 0.000000000000000000 0.184965747812120135 101800.097917261635302566
12.526232403351746925 0.105676851726732357 0.000000000000000000 0.181833473463011902 40947.300294284264964517
15.771029738051881353 -0.059733305216856207 0.000000000000000000 0.397631311672946186 304498.000000000000000000
14.683267698887776831 0.659702659953060655 0.000000000000000000 0.233372112707704582 300305.000000000000000000
14.652879091387349675 0.443861727039003950 0.000000000000000000 0.212528382238567543 301968.000000000000000000
13.760600075752847715 -1.449878037051401947 0.000000000000000000 0.254180346307455285 0.000000000000000000
