-3.112501354334409776 1.928404322123584924 0.000000000000000000 0.380981767605229393 427747.000000000000000000
-0.248028351461788227 3.648192872017159250 0.000000000000000000 0.360838564343670953 0.000000000000000000
-0.788202892476837058 4.711634824487541451 0.000000000000000000 0.300092216614715912 427600.000000000000000000
-0.138884522210536765 2.497412902650607336 0.000000000000000000 0.451911695363333421 429777.000000000000000000
-4.104447018973771399 3.768255075534499010 0.000000000000000000 0.329753722618928602 100468.788285219619865529
-0.705379156685681075 4.190055488687749907 0.000000000000000000 0.281861434996473981 0.000000000000000000
-3.760877351722365258 2.779000926373005331 0.000000000000000000 0.332909725865805473 422002.000000000000000000
-2.916345206234205012 5.541900093471704203 0.000000000000000000 0.316599288487694197 112175.007777318562148139
-1.672545123298353253 1.706277334860705874 0.000000000000000000 0.402737618435102029 0.000000000000000000
-0.998406499624381438 5.963649006084344784 0.000000000000000000 0.432245842865569774 426464.000000000000000000
-2.162822807127232405 6.140041772223919558 0.000000000000000000 0.401023447729644378 421997.000000000000000000
-0.816408768033632271 3.306132842326581667 0.000000000000000000 0.277231755991655893 0.000000000000000000
-1.688931581595557896 3.486793423535506697 0.000000000000000000 0.124329063481783894 421831.000000000000000000
-4.313695230912331979 3.603189234770836968 0.000000000000000000 0.369868690081106510 0.000000000000000000
-0.294957401970108446 4.382871050386259348 0.000000000000000000 0.360732834153320303 430371.000000000000000000
-3.634959454785860800 -4.610492808972912471 0.000000000000000000 0.276843633762337615 345838.000000000000000000
-3.437793056767709299 -1.563048881964264281 0.000000000000000000 0.464495067379449622 317347.319625092262867838
-2.673302513019205406 -3.911303884696410549 0.000000000000000000 0.074076356211152716 0.000000000000000000
-4.637687404672186098 -3.599367260700261806 0.000000000000000000 0.427203455326176984 0.000000000000000000
-2.682022491052427071 -1.838316010573112447 0.000000000000000000 0.373066568971113899 340953.000000000000000000
-0.248047447926135201 -4.430996975246337399 0.000000000000000000 0.370980240083489565 349518.000000000000000000
-3.256778776042263956 -4.519693412024784251 0.000000000000000000 0.210314232006782037 140438.193488652032101527
-4.553285826381596735 -4.487688916590216515 0.000000000000000000 0.422603673453879447 343760.000000000000000000
-2.804986672166037476 -6.439726645242302538 0.000000000000000000 0.464254137013801416 349888.000000000000000000
-1.913077527033331782 -2.216348212885228985 0.000000000000000000 0.304397227356093536 0.000000000000000000
-1.751713894018007700 -3.853900479015039071 0.000000000000000000 0.090505184425722973 344660.000000000000000000
-0.842278832775885777 -2.823992182484265090 0.000000000000000000 0.315847622495543379 343368.000000000000000000
-3.421703370169207226 -5.875623729275771367 0.000000000000000000 0.409737112322151875 349666.000000000000000000
-3.258807732408759428 -2.518183390470626115 0.000000000000000000 0.302410819270393205 349623.000000000000000000
-0.630369311500271756 -4.893391254318121497 0.000000000000000000 0.340750228340834682 0.000000000000000000
3.915559456285837125 1.554399171910124222 0.000000000000000000 0.296167350317124545 386345.000000000000000000
3.808267513293538187 0.641640738666901744 0.000000000000000000 0.169820542049845258 249851.500353378971340135
3.095499575153072946 -1.475090355772842310 0.000000000000000000 0.364324334890208823 0.000000000000000000
6.475111365679520503 -0.092352427731815193 0.000000000000000000 0.349868632924325518 30412.519701171124324901
4.564282207354821708 -1.079187261013352384 0.000000000000000000 0.191948367649337703 382216.000000000000000000
3.777763534935825174 1.858764249080024467 0.000000000000000000 0.355516374668910173 387373.000000000000000000
4.520045377034049849 -1.359908540801199717 0.000000000000000000 0.241623771527902459 383349.000000000000000000
6.104789980180854059 -1.165644424424493231 0.000000000000000000 0.350925942760544063 0.000000000000000000
6.967142604617017732 -0.883622725867930114 0.000000000000000000 0.464385571424839438 0.000000000000000000
5.098536548424693393 1.719852270649532944 0.000000000000000000 0.322708108818000494 200562.914043003576807678
5.733141179112990038 0.930361225241027712 0.000000000000000000 0.272897601718421312 389522.000000000000000000
4.564602124940376093 1.102563660514503718 0.000000000000000000 0.196099666105065268 0.000000000000000000
4.505868294976685284 -1.100741953468966194 0.000000000000000000 0.195583608206549325 390298.000000000000000000
5.144206995051097131 -1.610682724467789262 0.000000000000000000 0.307293919513880076 0.000000000000000000
2.817738816785887224 1.648001964160455746 0.000000000000000000 0.421079967878875028 384263.000000000000000000
9.804724078440301582 10.031069423577038791 0.000000000857297004 0.244595328501746562 428835.000000000000000000
11.143894872548338881 6.848032395629019220 0.000000000339790182 0.362207778976940731 425248.000000000000000000
8.898804331678251245 6.742290214018357375 0.000000000597992800 0.436172138172877699 417571.492823431559372693
11.435304986626846357 7.159163462254462651 0.000000000110875050 0.339715429583141826 424057.000000000000000000
9.187459344718465815 11.092084253177489472 0.000000000292842423 0.460169986392820085 0.000000000000000000
7.838541873459371701 9.577630387594664896 0.000000000069963548 0.469221167310967802 0.000000000000000000
11.033931097783924002 8.404092883784551660 0.000000000544555347 0.137483089669094449 428691.000000000000000000
12.355175004460063448 9.366387243430589038 0.000000000466250791 0.374987710240366201 431122.000000000000000000
9.988634924661068837 11.206612250436906564 0.000000000807996667 0.435863289686222899 0.000000000000000000
9.940375839919603607 6.150684221915716066 0.000000000509745177 0.461231404977371306 426318.000000000000000000
8.428100249892262141 6.967536767679457732 0.000000000541599191 0.462808758376489549 0.000000000000000000
11.784557826354282284 10.044234234900619285 0.000000000296238946 0.343007973294800650 189622.697507678647525609
11.920553310987813234 8.435264897486396407 0.000000000022974700 0.286880196117860919 428091.000000000000000000
8.436869862966499767 8.867762920425558804 0.000000000848478084 0.339965804815535677 20361.572043796295474749
11.484555932751087326 9.304938090093623160 0.000000000098520835 0.226008691268412776 429230.000000000000000000
3.118634930112623049 12.543220048568324287 0.000000000000000000 0.191285951057280690 254759.302107684110524133
1.485500867348642062 14.788440585079355216 0.000000000000000000 0.308857861945290468 0.000000000000000000
3.055689425774303469 10.996963567884328938 0.000000000000000000 0.425708424017723741 463233.000000000000000000
2.120745007217071709 11.348569903348419530 0.000000000000000000 0.345478634019366015 0.000000000000000000
0.722627059431125707 11.903631444556458163 0.000000000000000000 0.377280800711813025 465774.000000000000000000
0.059811264269357026 13.132245913650704594 0.000000000000000000 0.406174615063943645 0.000000000000000000
2.710556362355664106 14.044937207943352320 0.000000000000000000 0.152336298223326394 258420.135221949429251254
4.286220767193212211 11.523798539850988121 0.000000000000000000 0.467175024360661106 72121.162693468781071715
2.386360884865820431 11.496496399430551349 0.000000000000000000 0.317140750474262934 466827.000000000000000000
3.478741130182183561 12.195800678580640763 0.000000000000000000 0.280383585999885609 467977.000000000000000000
1.297709143772885376 11.887140510749555133 0.000000000000000000 0.308872353026949154 468304.000000000000000000
3.067785483088251386 15.332037068308808969 0.000000000000000000 0.388532441712435672 468287.000000000000000000
2.327744216224826079 11.764005395661266462 0.000000000000000000 0.269381645438080131 0.000000000000000000
-0.088812796496159016 13.567227563457953110 0.000000000000000000 0.434930895691932606 468954.000000000000000000
3.628337341889719792 11.957920203464890818 0.000000000000000000 0.329052670099258149 305219.772011868888512254
-7.502603620697734677 11.410796377918622113 0.000000000307062427 0.147682029758701816 0.000000000000000000
-6.056916312398965552 12.311111532546233249 0.000000000061003442 0.159711142707307990 462782.246824892179574817
-7.335995162140032555 13.307129313180473318 0.000000000842242459 0.300876214587699475 871630.000000000000000000
-8.273282218796817133 13.827622984486612978 0.000000000692345371 0.462895807804919013 132333.295321757177589461
-7.812312603378513742 13.831609301963910141 0.000000000014114933 0.420214760129494991 0.000000000000000000
-6.529584156727012534 11.345918358792401293 0.000000000189705681 0.075240510786413611 873601.000000000000000000
-4.830462287330552051 10.091913803479940270 0.000000000929858393 0.445064133028219511 0.000000000000000000
-7.650344786588115120 10.562286115140645748 0.000000000230757120 0.261874969315164241 868321.000000000000000000
-5.435163311935728103 13.748861843649796910 0.000000000441632186 0.427660090471045917 874205.000000000000000000
-5.666758399348768016 10.493355571813657079 0.000000000840323343 0.288453684885664974 589929.500374791095964611
-4.718900277053545977 13.471189418008645333 0.000000000396679820 0.474694309105056556 877305.000000000000000000
-8.177210154471657333 10.610582051396381331 0.000000000901243658 0.323504140500754656 0.000000000000000000
-5.286684521563267403 12.788042381151280225 0.000000000896031367 0.319873093026146416 0.000000000000000000
-5.105896216214622640 9.696647836188622804 0.000000000747235541 0.460966207295239461 0.000000000000000000
-4.897507879034521672 12.568202486267130880 0.000000000109098226 0.360045052061855220 0.000000000000000000
-14.641817789519512516 3.587953697670851039 0.000000000000000000 0.392267417075352842 550668.000000000000000000
-13.853312829676990958 2.952864901581621737 0.000000000000000000 0.361851554513238527 548302.000000000000000000
-12.975390585311709302 5.514812549345888826 0.000000000000000000 0.152663398073081130 552178.000000000000000000
-12.099138704068430172 2.039707074840249934 0.000000000000000000 0.472220924766139416 545096.000000000000000000
-12.629197631718314554 3.347567248344393231 0.000000000000000000 0.231969626022475700 487116.730947460164315999
-10.476177209851606165 3.190666666018555642 0.000000000000000000 0.475857175573030311 550339.000000000000000000
-14.840539314106086621 3.152198729913385122 0.000000000000000000 0.462186303039336388 107054.439001744671259075
-12.372661785405245638 2.372643919146586455 0.000000000000000000 0.405776673492403261 550916.000000000000000000
-11.038747675031498119 4.194995633899207377 0.000000000000000000 0.310139566381368248 545279.000000000000000000
-12.592135870622472638 2.867229701801699004 0.000000000000000000 0.315775714863020140 0.000000000000000000
-12.462445006974828488 2.639180147729752512 0.000000000000000000 0.357587181103341145 78109.325417255357024260
-11.794786064108864210 6.106477237884862852 0.000000000000000000 0.297743052841434763 545125.000000000000000000
-13.821498171390945942 2.223709530864075301 0.000000000000000000 0.469473561088922298 545859.000000000000000000
-13.400061134051666656 5.250427908040848912 0.000000000000000000 0.157654828937858343 544168.000000000000000000
-12.972542026186138386 2.762801410143437941 0.000000000000000000 0.336146392865719512 545816.000000000000000000
-12.308916470020621503 -6.651552492237346570 0.000000000000000000 0.350793935040786820 384079.000000000000000000
-14.007881968597438060 -3.120191522113996196 0.000000000000000000 0.355402622893394027 136905.304198563098907471
-13.638215468574058420 -3.599682940086340377 0.000000000000000000 0.249522896908287578 386666.000000000000000000
-12.303565514049903840 -2.325604493470485590 0.000000000000000000 0.415906543550381813 133512.421455303701804951
-11.122870239929808278 -3.850532961597597392 0.000000000000000000 0.318121477070348435 0.000000000000000000
-10.941706621542344635 -6.635781311109896663 0.000000000000000000 0.465021887007922519 382781.000000000000000000
-12.900731931867822411 -4.674289674873116418 0.000000000000000000 0.033456918238282479 387570.000000000000000000
-13.513478786801943698 -6.337806929937475964 0.000000000000000000 0.321433959172885475 109601.374813958071172237
-11.691329046106803347 -3.115594539438346633 0.000000000000000000 0.327598705521755851 0.000000000000000000
-11.559723095421420069 -6.422384804739555086 0.000000000000000000 0.366873640760399300 0.000000000000000000
-11.087775772664391738 -4.531461235537106447 0.000000000000000000 0.290844262196331582 0.000000000000000000
-11.237677059556730796 -5.742052167850563826 0.000000000000000000 0.321782019324358293 387272.000000000000000000
-12.783733506944313874 -2.300823795364185020 0.000000000000000000 0.413570061539200728 388316.000000000000000000
-10.301043857787595570 -5.267667907795132720 0.000000000000000000 0.442051667803006754 388909.000000000000000000
-12.585440968652838123 -6.852862892101778236 0.000000000000000000 0.378825439794034158 383693.000000000000000000
-8.198021949219025828 -12.796660771745971275 0.000000000535274996 0.323306504065672129 0.000000000000000000
-4.753937109160198737 -13.131853349673717091 0.000000000573084578 0.432573416338406791 0.000000000000000000
-8.671174246461889723 -10.061550856602018200 0.000000000388820822 0.452811519771460058 0.000000000000000000
-7.195160108362752105 -12.006845604444929876 0.000000000103287383 0.096970748369972104 0.000000000000000000
-7.332250425279788431 -12.533449789803267294 0.000000000075713981 0.179460487738152236 0.000000000000000000
-5.759248719894054069 -9.463552918840809625 0.000000000861578254 0.435532016278472156 0.000000000000000000
-7.544212745020514532 -10.584242329373747538 0.000000000694923585 0.247353590120177352 0.000000000000000000
-6.099729045525114302 -11.822759149479056262 0.000000000002811977 0.114262507441460492 0.000000000000000000
-6.644810234392052983 -13.027123789342294202 0.000000000194918711 0.232153938037670787 0.000000000000000000
-7.358501679180000643 -12.667032187649974517 0.000000000141224664 0.201486371367852718 0.000000000000000000
-7.319173373491057788 -9.466623726929185523 0.000000000011956576 0.411844810214406443 0.000000000000000000
-9.053328234061941870 -11.289849052994251011 0.000000000079005324 0.420517839666464610 0.000000000000000000
-8.856599391085914874 -12.369750175811306647 0.000000000463830829 0.395661890032229457 0.000000000000000000
-4.407462917322868101 -11.794386348035626355 0.000000000640708103 0.414568626872276913 0.000000000000000000
-6.782176733890811882 -12.724499998407191370 0.000000000744025134 0.178255986408073164 0.000000000000000000
0.995210439745499276 -15.173253043353962966 0.000000000000000000 0.413633613540045353 803105.722699793288484216
0.440168039388914911 -15.027882734098056972 0.000000000000000000 0.459648515526511592 481002.762906303280033171
4.219200800620233061 -14.448387603393184619 0.000000000000000000 0.395341931319937445 0.000000000000000000
2.539665541157871687 -15.491375630373156014 0.000000000000000000 0.396026722560441746 0.000000000000000000
3.641646565891340614 -14.432607622982589035 0.000000000000000000 0.310815286305454408 0.000000000000000000
2.625260540251778796 -13.837565630228469971 0.000000000000000000 0.112523870905114037 0.000000000000000000
3.696422553574262970 -12.479045029250212195 0.000000000000000000 0.281218870261068565 0.000000000000000000
0.488691671810509543 -12.003502918918549369 0.000000000000000000 0.399554061821984385 218120.222491554566659033
1.235001372773740780 -12.428453087418354528 0.000000000000000000 0.247431081563132538 834368.000000000000000000
1.224145841233078347 -15.425014627725806449 0.000000000000000000 0.430789280120163764 833498.000000000000000000
4.552602141656445944 -14.246441812546633443 0.000000000000000000 0.431322840854778511 833379.000000000000000000
1.234995571676685833 -14.041419334592697865 0.000000000000000000 0.238633250131001229 828116.000000000000000000
0.915616726968602745 -14.875397465023619148 0.000000000000000000 0.380835163793976583 0.000000000000000000
4.807590400236030348 -13.928246128228435552 0.000000000000000000 0.455743885403418925 829871.000000000000000000
4.061966196339093393 -13.540205802550806524 0.000000000000000000 0.311450933074349512 828688.000000000000000000
8.702030609061466748 -7.919188232245908843 0.000000000000000000 0.326371700390395370 0.000000000000000000
11.063465516821420209 -7.247579994537351133 0.000000000000000000 0.292670386750558675 908848.000000000000000000
10.325638272742327928 -8.191046484928891758 0.000000000000000000 0.097699697668223465 911127.000000000000000000
9.080569211653271466 -6.700708017578139497 0.000000000000000000 0.424009449658443449 913524.000000000000000000
10.415354111507715729 -8.724139119626242334 0.000000000000000000 0.013965465672231810 296312.325940526206977665
10.932567865854933231 -7.669839770890132691 0.000000000000000000 0.216347731222306966 917435.000000000000000000
8.722696733605822317 -10.806747429454086173 0.000000000000000000 0.462690669606088956 916036.000000000000000000
12.336397372975900666 -9.650146420817268478 0.000000000000000000 0.389100097977642778 913876.000000000000000000
9.654216900418253644 -7.574057867157469204 0.000000000000000000 0.239647141355419951 911083.000000000000000000
11.266956673158805557 -6.497825524304222888 0.000000000000000000 0.427143187724344231 916222.000000000000000000
10.002620135772540166 -10.958459863499594888 0.000000000000000000 0.392440928437414294 917723.000000000000000000
11.681415565068149931 -10.182043991499645230 0.000000000000000000 0.346502988255864175 0.000000000000000000
10.250832185152997766 -6.410162723219456460 0.000000000000000000 0.410281312146455746 0.000000000000000000
9.281785353378644743 -10.546148288021186090 0.000000000000000000 0.367894389291980817 0.000000000000000000
9.040259858580625973 -11.072026350266632733 0.000000000000000000 0.469477583711192636 912230.000000000000000000
12.224607167752850501 -0.707744481628849620 0.000000000000000000 0.264938333028657713 302326.000000000000000000
14.363114394792003026 -1.940380748057692450 0.000000000000000000 0.366257960210547739 0.000000000000000000
11.221197853899196772 0.923446637040439167 0.000000000000000000 0.443645909302051444 304395.000000000000000000
14.816883198489570361 -1.429343870100781011 0.000000000000000000 0.335765293486570138 299862.000000000000000000
12.310615387620776673 2.365085494316028214 0.000000000000000000 0.465734002922881529 0.000000000000000000
15.234390381450854335 -1.957505745055225566 0.000000000000000000 0.453123049807791445 0.000000000000000000
14.929528342755853387 -0.704024439190584106 0.000000000000000000 0.275780231711918733 300545.000000000000000000
15.897942042332873669 -0.252454463782692040 0.000000000000000000 0.422365232803577295 302224.000000000000000000
15.781152942947207052 -1.009812988478424822 0.000000000000000000 0.435611454908478468 303999.000000000000000000
13.143377988564262537 -0.247293094499841187 0.000000000000000000 0.082861125399983748 302671.000000000000000000
14.041922737197692683 -0.353313359552039186 0.000000000000000000 0.108224148693517999 303194.000000000000000000
11.893068472303086835 0.636655580546447442 0.000000000000000000 0.313923647104456638 301279.000000000000000000
12.745840433053754026 -2.104103910996530047 0.000000000000000000 0.391764533424533656 306016.000000000000000000
11.639811026865153565 0.683413786260973932 0.000000000000000000 0.359142607678351489 0.000000000000000000
11.942725482639062307 -1.619530039681477129 0.000000000000000000 0.400549045961858974 304388.000000000000000000
