-2.678398598213452608 2.314515286420233409 0.000000000000000000 0.290382601039065269 418844.499401446955744177
-2.990086964263326763 5.537809102603691080 0.000000000000000000 0.321025757535782497 0.000000000000000000
-3.283083783615094120 1.792391571093404190 0.000000000000000000 0.415693831800850011 0.000000000000000000
-1.908594355254982888 6.192018533856815665 0.000000000000000000 0.414658282677630941 0.000000000000000000
-1.653852537617738427 1.627654695855076605 0.000000000000000000 0.417125887491562153 431223.000000000000000000
-0.841945886522381448 5.239849837647425623 0.000000000000000000 0.348600114900522950 421516.000000000000000000
-2.359901758871460586 1.537306720421043549 0.000000000000000000 0.419369975502601189 422814.000000000000000000
-2.308460393645220599 2.388851400236532641 0.000000000000000000 0.267512033550093509 429058.000000000000000000
-1.355224862611204895 6.263404689442535478 0.000000000000000000 0.452317068434055503 0.000000000000000000
-3.086804615227874304 4.242325419722552837 0.000000000000000000 0.160434546104655629 422512.000000000000000000
-3.391667428837574327 4.550074043643551391 0.000000000000000000 0.233680199273381239 73131.479326845961622894
-0.656710726635436726 1.943967845891948043 0.000000000000000000 0.449077293174912795 0.000000000000000000
-3.376978709389701017 3.043514922594856120 0.000000000000000000 0.249943811302327290 240945.231913128372980282
-4.198751497862559745 3.770368203673229779 0.000000000000000000 0.346500985051195032 0.000000000000000000
-1.374035764924925074 3.640264357245823312 0.000000000000000000 0.163754165005998875 293147.840929638827219605
-2.332549028606974328 -3.744652907096860606 0.000000000000000000 0.029107320325382356 345793.000000000000000000
-3.786400317847776087 -5.864223872743993482 0.000000000000000000 0.444504029123913402 343598.000000000000000000
-1.792666102533111205 -6.467036294023801979 0.000000000000000000 0.466374697581938780 0.000000000000000000
-3.093674148709689042 -3.917535573444120622 0.000000000000000000 0.148982456401759472 341173.000000000000000000
-1.028270412894081609 -2.311047833852768019 0.000000000000000000 0.356629717685221559 105941.647614087734837085
-3.526685504374225566 -5.657751094231479705 0.000000000000000000 0.387402752710897580 0.000000000000000000
-0.671972690215434265 -5.074459730421765791 0.000000000000000000 0.352751487867041968 0.000000000000000000
-3.378552794216123978 -2.957064541548338088 0.000000000000000000 0.259728538001391451 0.000000000000000000
-3.193128707935756871 -4.533008280416018110 0.000000000000000000 0.202140167769853385 0.000000000000000000
-2.717967584891604726 -6.072168832338295630 0.000000000000000000 0.397045037918781485 347438.000000000000000000
0.338943695595725902 -3.609919369259137589 0.000000000000000000 0.465528796024474500 340714.000000000000000000
-4.516821489705995951 -3.063274095788183882 0.000000000000000000 0.428556280422356439 347055.000000000000000000
-1.952469127897641155 -1.805070891966937596 0.000000000000000000 0.375330445534458879 0.000000000000000000
-2.776013219552100786 -5.366008518186146325 0.000000000000000000 0.278506283483714367 347590.000000000000000000
-1.086557542559539735 -1.979428584449118400 0.000000000000000000 0.399321489374892535 0.000000000000000000
3.768349888937251091 -0.924789894161802239 0.000000000000000000 0.211413020997803930 385178.000000000000000000
5.902783391483121811 1.975366463635337633 0.000000000000000000 0.429129765185373879 0.000000000000000000
2.436595967722279266 -0.631718649725966475 0.000000000000000000 0.386942442561435840 145858.802490587258944288
2.530082803733999963 -0.531664230334806698 0.000000000000000000 0.366035729375867980 0.000000000000000000
5.381585277998127026 -1.636935547397029733 0.000000000000000000 0.329207164699085786 382363.000000000000000000
3.129805827596880974 0.370434179499471217 0.000000000000000000 0.255376164597604760 385126.000000000000000000
3.808813032966503531 0.619633293031666144 0.000000000000000000 0.167145154528669210 386498.000000000000000000
4.150140662317322260 2.518663794583230864 0.000000000000000000 0.452258307399262371 375991.873534725629724562
4.052171948156071402 -0.728139750946211528 0.000000000000000000 0.153391332377721817 94433.844102111674146727
5.095550245332332473 1.794403582026432575 0.000000000000000000 0.335101344035416693 387125.000000000000000000
6.708400657548365231 1.323357174480235487 0.000000000000000000 0.456071993990564806 351649.580417516117449850
3.737742789451767411 -1.920638331411228306 0.000000000000000000 0.368385954598177023 381148.000000000000000000
6.469642701942008856 1.550605323804762126 0.000000000000000000 0.443970889771198085 380829.000000000000000000
6.673801286763607621 1.094079827078363820 0.000000000000000000 0.431033455818428335 0.000000000000000000
4.376898060725913808 -1.685755401327386771 0.000000000000000000 0.300538245411480720 253135.477238332357956097
11.323162024793672842 6.430197403769837727 0.000000000168643025 0.441921584664777156 0.000000000000000000
8.910814799939641873 10.706341270205420813 0.000000000094499430 0.428198034332090360 0.000000000000000000
12.239543846429583596 10.097043813911810162 0.000000000320029793 0.412496829684989519 0.000000000000000000
8.946194470145833577 7.036375827904726599 0.000000000305729053 0.390147822971117275 423782.000000000000000000
9.721189708882798541 9.368123088626697736 0.000000000049178436 0.155039967643080978 422052.000000000000000000
10.426523338262503771 11.291097817778961598 0.000000000752808569 0.446101606772400794 0.000000000000000000
10.435563585032481271 8.646525339410009892 0.000000000429112332 0.024555453085450915 421562.000000000000000000
11.197326671570170475 6.733206320936823808 0.000000000486719405 0.384411046227264408 428286.000000000000000000
11.833121809864042717 9.329000955721930666 0.000000000043714030 0.284784948508070401 11085.257229193095554365
7.867797726878515974 9.573614417490215800 0.000000000764625590 0.464046440060144338 429048.000000000000000000
12.219719969600928877 10.134869745238702876 0.000000000896683129 0.413448457782106538 426555.000000000000000000
8.674669487399015111 7.081891578258042941 0.000000000810343757 0.417046713646541611 421427.000000000000000000
8.622942176376612977 8.481085975877270755 0.000000000676559226 0.309726008859350810 430262.000000000000000000
12.690040991297774298 8.052065695137416768 0.000000000899582908 0.436036811557097392 422497.000000000000000000
11.872265496768017456 9.201344548595816519 0.000000000018697666 0.284293642605600472 430287.000000000000000000
2.461030674282906450 11.151276167796085659 0.000000000000000000 0.379133262894605416 0.000000000000000000
4.339920303519696709 13.171668762742246628 0.000000000000000000 0.357922769171545918 469209.000000000000000000
4.026357186551513756 14.235979191709960290 0.000000000000000000 0.346509789267569035 467073.000000000000000000
1.560362163312125849 14.550165282933898325 0.000000000000000000 0.265478209643769281 464749.000000000000000000
-0.021565213691260573 12.697309910874096772 0.000000000000000000 0.432360548474373163 0.000000000000000000
-0.018147079720897748 14.207695767175650303 0.000000000000000000 0.450862236138771577 0.000000000000000000
3.262401383437075975 15.053374920492782252 0.000000000000000000 0.356894308175804698 470349.000000000000000000
2.842723623104918662 11.163905411620069330 0.000000000000000000 0.386912580355208813 470242.000000000000000000
3.041846791707004449 15.783411643491987775 0.000000000000000000 0.463699795182785535 462910.000000000000000000
4.219379159815101588 13.760836592317870597 0.000000000000000000 0.346819247413948761 465309.000000000000000000
0.678448700628436208 13.728332769510005917 0.000000000000000000 0.305888761156032640 470206.000000000000000000
0.609096807890182834 13.122003246862757209 0.000000000000000000 0.308710613680744927 314718.299004453700035810
3.468602175154227751 14.645109024844716217 0.000000000000000000 0.316522985691694292 0.000000000000000000
1.010111662289615353 12.356129935168814526 0.000000000000000000 0.287394050360242848 0.000000000000000000
4.320638026455880798 13.923660113481929557 0.000000000000000000 0.372237600338780783 462349.000000000000000000
-4.702804741146329626 11.068901338151981406 0.000000000403591826 0.379626508339018565 0.000000000000000000
-5.908080215232632604 10.157197093552886358 0.000000000108564269 0.313195569045702948 868223.000000000000000000
-4.839445124516889685 11.310433509862996004 0.000000000216247618 0.345048860861361495 874831.000000000000000000
-4.446181128962752638 11.983470652484493613 0.000000000761255768 0.410149775241184289 868744.000000000000000000
-6.407013805377743232 12.628161645504521360 0.000000000250417688 0.171168779980423597 876616.000000000000000000
-5.528427432432497568 12.361551154149832854 0.000000000509369327 0.242954643821372829 0.000000000000000000
-5.799327865825230965 9.280991875605067776 0.000000000642732891 0.462742618516571558 876844.000000000000000000
-4.071197664273712213 11.914690911664502337 0.000000000667711717 0.475540266508807985 0.000000000000000000
-8.252032074484946023 13.648998905672307558 0.000000000253909112 0.435536438492617251 875285.000000000000000000
-8.763037875976198876 11.552316179111045358 0.000000000390175542 0.363109539576752682 871229.000000000000000000
-7.692352091888327692 11.441669050262307294 0.000000000725782102 0.177970355244038536 875358.000000000000000000
-4.928391685316292126 12.070872797382927288 0.000000000227441225 0.327530761874557097 764692.103276542620733380
-7.242158665829879105 12.230260450158427332 0.000000000556271425 0.128249251839673339 874109.000000000000000000
-8.582707809811372712 11.802037568941232237 0.000000000630691013 0.330111715687407270 874779.000000000000000000
-7.065222790033164557 9.254022488651534317 0.000000000004049395 0.440081209015114883 871871.000000000000000000
-11.900102701791087867 2.546067211930755469 0.000000000000000000 0.398644403501414057 545672.000000000000000000
-12.550241234030131920 3.437715443295382922 0.000000000000000000 0.217786265833723375 0.000000000000000000
-10.904380207585637308 5.535750584919041373 0.000000000000000000 0.355384342687839361 419162.868924723472446203
-12.528553055494057844 7.027536782611988109 0.000000000000000000 0.409882393711704873 0.000000000000000000
-12.209233819648083852 4.704109208696670485 0.000000000000000000 0.089925924512632205 550767.000000000000000000
-12.135617337487472511 4.034722098605826091 0.000000000000000000 0.152185896036590523 547155.000000000000000000
-12.710486848593795628 5.528831340802869754 0.000000000000000000 0.147841337151244395 550066.000000000000000000
-11.024588795210730652 5.160642769906901073 0.000000000000000000 0.312493633500300405 0.000000000000000000
-10.692735949045042432 3.029807563497428635 0.000000000000000000 0.460947890288264606 544552.000000000000000000
-12.815614664555639024 2.995289661720923924 0.000000000000000000 0.293210796903019655 543105.000000000000000000
-10.303476793474626305 3.999856108580148728 0.000000000000000000 0.445539580220466636 0.000000000000000000
-14.282591486352272270 4.103387015655918901 0.000000000000000000 0.297005656612604474 0.000000000000000000
-11.413296573367025744 5.511832986357575237 0.000000000000000000 0.273446245866877380 0.000000000000000000
-11.930289044774877283 6.755545905884054569 0.000000000000000000 0.387648625919787770 54023.901983402814948931
-12.715783467589545808 4.924801093084830050 0.000000000000000000 0.042809898993882906 519931.594041994016151875
-14.839103135439554393 -4.986730668459632199 0.000000000000000000 0.382698739630827289 0.000000000000000000
-14.954804753773478510 -4.367502658861093678 0.000000000000000000 0.403196565924745953 0.000000000000000000
-12.135767425325086677 -2.181996052546703702 0.000000000000000000 0.446590030974716834 388248.000000000000000000
-14.297944609029366703 -4.599394674000353511 0.000000000000000000 0.282842358846691178 390392.000000000000000000
-15.016885476786521636 -5.555047268648507952 0.000000000000000000 0.437754773332455716 0.000000000000000000
-14.366168843288479096 -3.119057064598951712 0.000000000000000000 0.399825451591770020 337720.753467966103926301
-14.031160240195925226 -2.297287593625604085 0.000000000000000000 0.475088024772463424 386994.000000000000000000
-10.651015191633012691 -4.225097808092146856 0.000000000000000000 0.375976449920197797 382774.000000000000000000
-15.131484452020345088 -5.776290581398360047 0.000000000000000000 0.471037361455826697 389288.000000000000000000
-14.291625440957883342 -6.410488425494971665 0.000000000000000000 0.411415607195726840 387050.000000000000000000
-12.985137828272375060 -3.680726090132416584 0.000000000000000000 0.180079464042157189 387614.000000000000000000
-13.520645721984726251 -6.327153083400384403 0.000000000000000000 0.320345969917215923 0.000000000000000000
-13.022670252014970416 -3.650827073970688286 0.000000000000000000 0.186940474543837637 0.000000000000000000
-15.274540807537221099 -5.375162087035388225 0.000000000000000000 0.472189531841442633 388474.000000000000000000
-13.315842368002090979 -2.643336056371088372 0.000000000000000000 0.369432263585348530 144997.629098208999494091
-6.068806697797717753 -14.122601445582171564 0.000000000526565628 0.441881362209561090 0.000000000000000000
-4.855589963410695376 -12.464290768111299101 0.000000000868974848 0.359673355071368439 0.000000000000000000
-7.779037894766221761 -10.527842655891953783 0.000000000119584799 0.281290629867235298 0.000000000000000000
-5.723512465025818230 -11.179183908093721200 0.000000000839082823 0.203640848856652651 0.000000000000000000
-9.299320325046911861 -11.424372626321503077 0.000000000549097218 0.460422408053573096 0.000000000000000000
-6.085225250877277503 -14.219343780461350946 0.000000000813279405 0.457656866978320420 0.000000000000000000
-7.038522642839210697 -12.859262968643088598 0.000000000086020917 0.209077517934704304 0.000000000000000000
-7.015687930250592785 -9.455234281166060128 0.000000000061470608 0.403661940079529491 0.000000000000000000
-5.015914873558006803 -11.871586971521802312 0.000000000757720297 0.307124429508781327 0.000000000000000000
-6.046980186605643404 -9.346317323181919434 0.000000000657500011 0.437562927454375472 0.000000000000000000
-5.263825128563801137 -13.435181938970245596 0.000000000694418474 0.401332088685378785 0.000000000000000000
-6.791744194031588577 -10.483662991520414920 0.000000000677505466 0.218838818038408434 0.000000000000000000
-5.706583208552983955 -11.383839517255511353 0.000000000095502193 0.192216999570256258 0.000000000000000000
-7.223502551547993811 -10.215422907630411942 0.000000000513105193 0.279969729930779287 0.000000000000000000
-8.208707121846869015 -13.470155462942827285 0.000000000571239823 0.406231692087542673 0.000000000000000000
3.634711421283297383 -11.305155865885341271 0.000000000000000000 0.420502224838635474 828253.000000000000000000
4.152395562398296214 -13.682640294489662125 0.000000000000000000 0.331968642096498179 827796.000000000000000000
3.248054358240418438 -13.653183276875385133 0.000000000000000000 0.176099168927297711 0.000000000000000000
1.369832320736896092 -15.467809391854666856 0.000000000000000000 0.426452049548099232 835661.000000000000000000
1.439236549755798622 -12.218080383576692682 0.000000000000000000 0.247000940465193025 171152.423021490772953257
1.427338074340930962 -11.034542777102325672 0.000000000000000000 0.430839221710325737 0.000000000000000000
3.229130811908929477 -12.296537199466325063 0.000000000000000000 0.236383975761173121 827958.000000000000000000
1.749046656777622388 -11.425628449832142763 0.000000000000000000 0.345798703182731093 0.000000000000000000
1.173304603256711376 -15.567324296134701811 0.000000000000000000 0.457480947387185810 42269.372689977659319993
0.761178759482770251 -13.858025210018844575 0.000000000000000000 0.298888922844862015 832568.000000000000000000
2.218303008219485228 -12.006512172012218542 0.000000000000000000 0.227148689710587159 830404.000000000000000000
2.332372211755407321 -12.598776238196496280 0.000000000000000000 0.120729489653872937 0.000000000000000000
1.592710912789903066 -14.958845645039399841 0.000000000000000000 0.327472228672832544 0.000000000000000000
1.715141788635242914 -11.871237946070635871 0.000000000000000000 0.273578403920705537 0.000000000000000000
1.808532077515567993 -15.444030655853175915 0.000000000000000000 0.397209648420051908 0.000000000000000000
10.019707016450425385 -6.443516053321046932 0.000000000000000000 0.408292189561872798 0.000000000000000000
9.654787308624467101 -9.930758823310565475 0.000000000000000000 0.240931743954768851 914036.000000000000000000
11.567888247168685467 -8.760526888933469536 0.000000000000000000 0.218772047026704303 0.000000000000000000
9.710219163695050781 -10.848510571349912368 0.000000000000000000 0.385408180582526072 168173.047449990292079747
8.866480188579528132 -7.906528604048165931 0.000000000000000000 0.301498885421237539 0.000000000000000000
9.145982346179708955 -8.604250291274443185 0.000000000000000000 0.214424135792743581 392678.489128624845761806
11.536950189877451578 -8.948506110403167568 0.000000000000000000 0.216114503792823098 676144.960248293587937951
10.522037903083417021 -7.509150779724820701 0.000000000000000000 0.219561450609169928 0.000000000000000000
9.795737240589835082 -9.628228144949879663 0.000000000000000000 0.182474374398607503 908662.000000000000000000
12.206818851459148689 -10.140683105582217749 0.000000000000000000 0.412190672890989485 441899.117449418583419174
10.698613565855847440 -7.996868464123974007 0.000000000000000000 0.146287542405962090 0.000000000000000000
9.969351663247660866 -9.330384758913334409 0.000000000000000000 0.121740291058200625 915629.000000000000000000
12.681465176722745980 -7.532217343394001396 0.000000000000000000 0.468138089831653059 916213.000000000000000000
11.637936790160972933 -9.484482181544681367 0.000000000000000000 0.264727695032121346 909703.000000000000000000
9.358573986014549817 -10.086640643330653688 0.000000000000000000 0.293088631754781448 917826.000000000000000000
12.856717148924284189 2.118356490691911009 0.000000000000000000 0.387324986247201630 0.000000000000000000
13.654336036721890224 -1.836312710879775656 0.000000000000000000 0.318793891571636012 0.000000000000000000
11.297425379172905124 0.133513408755088547 0.000000000000000000 0.400592341577754973 0.000000000000000000
11.711055401758889261 1.420387236458271696 0.000000000000000000 0.409181589853264249 301951.000000000000000000
12.945319070980151110 -0.033847819108799346 0.000000000000000000 0.106363596392153273 0.000000000000000000
13.840150782759968351 -1.658496216510416676 0.000000000000000000 0.292141171481423045 308684.000000000000000000
13.221972269715225323 0.166164762584202985 0.000000000000000000 0.063767874774290828 0.000000000000000000
13.447819839846829382 2.622969444114406024 0.000000000000000000 0.454922804944843884 247497.711584334698272869
12.788944685554938019 -1.995152947496082074 0.000000000000000000 0.371329969561232820 207446.303028909169370309
14.969360739047612441 1.192869009399277092 0.000000000000000000 0.327553634147360662 0.000000000000000000
15.590717347595901998 -1.598225930580738030 0.000000000000000000 0.457703476985332702 301500.000000000000000000
11.206473451504507466 -1.098384405545497433 0.000000000000000000 0.457948284859999166 0.000000000000000000
13.112430450363143919 -1.698100349045763569 0.000000000000000000 0.304289307496571182 299548.000000000000000000
14.275140997517304697 2.044407869757477236 0.000000000000000000 0.377156305554152305 302514.000000000000000000
14.998133062044347596 0.032682997700439337 0.000000000000000000 0.259795651906044311 304529.000000000000000000
