-1.187159134910839242 1.459414582545038641 0.000000000000000000 0.473191762786920211 429040.000000000000000000
-3.138258600372333174 4.090218189227746493 0.000000000000000000 0.160840783363422529 0.000000000000000000
-0.282673775312526243 5.395021378090162578 0.000000000000000000 0.442527021856279235 426418.000000000000000000
-2.956556531552004596 5.165682902476413929 0.000000000000000000 0.258959684545849778 0.000000000000000000
-2.575084595250318298 3.539728536666433278 0.000000000000000000 0.084166700648698495 0.000000000000000000
-0.595475180657668912 2.896435208161443509 0.000000000000000000 0.345193356598417211 0.000000000000000000
-0.573837910183122468 4.096486104066632272 0.000000000000000000 0.302435647379774020 423484.000000000000000000
-2.879800187558342550 5.372796412838415137 0.000000000000000000 0.286273341204947351 426464.000000000000000000
-0.720645538833686650 5.683171190815159868 0.000000000000000000 0.420849276815512985 0.000000000000000000
-4.404545980091481461 4.989352967642576964 0.000000000000000000 0.429594961589054580 0.000000000000000000
-3.946452368355851448 4.901638134784313650 0.000000000000000000 0.350606358758344006 0.000000000000000000
-2.332223815795637645 4.024020322442599884 0.000000000000000000 0.027240809727038601 429209.000000000000000000
-3.729444199396805715 6.060527711918272331 0.000000000000000000 0.466826925039507790 427864.000000000000000000
-1.576774851084464801 3.120326963380543273 0.000000000000000000 0.183182582885162842 0.000000000000000000
-0.277546434337595904 3.091326746574389883 0.000000000000000000 0.380604183249421524 0.000000000000000000
0.045474715563426332 -4.351751727357147992 0.000000000000000000 0.418707243755877700 347494.000000000000000000
-3.881933301764637356 -3.531412719528205013 0.000000000000000000 0.296344854833114568 0.000000000000000000
-3.753779823987265285 -3.517146820617556013 0.000000000000000000 0.274690554729680680 104578.892713748355163261
-2.064707150063550767 -3.627463842907235669 0.000000000000000000 0.058128947917679634 0.000000000000000000
-0.702929254774907197 -4.085673181874792448 0.000000000000000000 0.279368247373234457 348051.000000000000000000
-1.088825083492191759 -4.773451868814280630 0.000000000000000000 0.261142550136185980 88015.315987913010758348
-2.506373503404943026 -3.246452760834066531 0.000000000000000000 0.122869550070878603 0.000000000000000000
-1.840065963854116360 -5.972979301305734623 0.000000000000000000 0.378364391499552699 0.000000000000000000
-2.920807959135975906 -5.541136038812173759 0.000000000000000000 0.316768074550360601 343709.000000000000000000
-0.784047532598697527 -2.680156215981134515 0.000000000000000000 0.339846477092012267 131803.315189583343453705
-0.892279108281550104 -3.127398266698346863 0.000000000000000000 0.278802486984780218 340481.000000000000000000
-2.655967307909437025 -2.886048430299415379 0.000000000000000000 0.192340654634672509 347209.000000000000000000
-2.469508575120152649 -4.510560708102985927 0.000000000000000000 0.116717202301386158 0.000000000000000000
-3.736114052594312618 -4.724581770035864992 0.000000000000000000 0.302374120675125646 342522.000000000000000000
-0.872160878006707940 -3.358525827527449437 0.000000000000000000 0.264564892134664442 0.000000000000000000
2.815916838133464495 0.876377801544602320 0.000000000000000000 0.340444909105475202 385024.000000000000000000
2.904854774672190665 -0.208305898460507538 0.000000000000000000 0.289206254707165655 388854.000000000000000000
5.570817967113065095 -0.054054654467773335 0.000000000000000000 0.188568933315877818 387850.000000000000000000
2.987491226893428387 -1.878232675714167188 0.000000000000000000 0.430798527593942604 0.000000000000000000
5.231977989348982838 -1.242748040517511754 0.000000000000000000 0.255089671798575501 389314.000000000000000000
6.253149209498808148 0.342150080692801450 0.000000000000000000 0.315818660183482036 0.000000000000000000
5.713622567818691600 -0.825136551657728479 0.000000000000000000 0.259141052208471001 383152.921216364309657365
2.899869417930650783 -0.642080922814208144 0.000000000000000000 0.309543061822628529 378500.328405339096207172
2.644520461966869185 -0.406275023284794923 0.000000000000000000 0.340961642828684575 0.000000000000000000
6.137312570114776378 0.725468846031055326 0.000000000000000000 0.316634743295776122 387719.000000000000000000
3.564381172946283538 -2.475083080772865429 0.000000000000000000 0.471427672864560832 388024.000000000000000000
3.068577209728283961 -2.026746949401917686 0.000000000000000000 0.443011191356798173 0.000000000000000000
5.258338589908045257 -2.415939318511211020 0.000000000000000000 0.449023145661345047 143376.082658196246484295
7.067477240986962173 0.362356812219515323 0.000000000000000000 0.459553306268131012 0.000000000000000000
6.629644946266921579 1.358564329084125388 0.000000000000000000 0.447438384139764611 380779.000000000000000000
11.808850627807993661 6.595579301724455057 0.000000000838857112 0.458492067356982780 422031.000000000000000000
9.933787347585161243 9.790934142104674720 0.000000000552140908 0.196840632083607470 0.000000000000000000
11.342613764595872894 6.516400652623208778 0.000000000546879137 0.429529119474514831 0.000000000000000000
8.596119149358049327 8.851073120235284364 0.000000000035157366 0.311459922293993663 0.000000000000000000
10.003368852005539935 9.326628941119482263 0.000000000409800393 0.117981612693576640 430048.000000000000000000
10.596368205503933879 6.650700788784596362 0.000000000473222325 0.370407380986804979 426596.000000000000000000
11.801207516553498422 7.081260195663425350 0.000000000077958283 0.390856492463579064 0.000000000000000000
12.493340305660337819 7.274609757496673268 0.000000000626872108 0.462029509213539080 424126.000000000000000000
9.127511221131273444 7.148419262591633405 0.000000000350257621 0.354548272890684413 0.000000000000000000
9.010617500975435235 8.317910577129518757 0.000000000903785217 0.248810208560429291 396991.106054490781389177
9.220499695329385403 8.997063123108237193 0.000000000136922985 0.204388075481434645 105656.738111436221515760
7.819614223803874609 9.189156861205468374 0.000000000676053528 0.455964795658786837 431027.000000000000000000
11.538880921488010145 8.960453426021238954 0.000000000537996965 0.216802880333503228 426087.000000000000000000
9.986303620827623462 8.015793377577368872 0.000000000021797366 0.143146257189484316 427652.000000000000000000
9.070072992316756455 10.714514384677404024 0.000000000738756262 0.413074557896782935 430915.000000000000000000
2.252709685892275715 11.268669588887513910 0.000000000000000000 0.357882287172189950 461698.028025330335367471
1.450203853759294947 15.444307694255183350 0.000000000000000000 0.416998334266312776 467477.000000000000000000
4.203305053017944104 12.444498172535515934 0.000000000000000000 0.364514806122741952 0.000000000000000000
0.333529303609525485 12.614383765294965301 0.000000000000000000 0.375599265103375379 467905.000000000000000000
0.960337786150289197 11.180446250610922121 0.000000000000000000 0.446543290519731295 462540.000000000000000000
3.405372383286159987 14.229405147290282940 0.000000000000000000 0.255330075368271070 466828.000000000000000000
2.496268831446676550 10.829974535118084944 0.000000000000000000 0.436610742029915733 467736.000000000000000000
0.867094150046583634 13.564470104917578652 0.000000000000000000 0.266477426500354886 467215.000000000000000000
2.655340120060298847 13.793932118669010478 0.000000000000000000 0.108418922470506787 468625.000000000000000000
3.854882093596875503 11.673410942766750509 0.000000000000000000 0.393493452632080465 0.000000000000000000
4.099749656813621357 12.886859332497248687 0.000000000000000000 0.322190985146334152 0.000000000000000000
3.966706687543728904 14.532860400194174133 0.000000000000000000 0.366874036294011774 462794.000000000000000000
2.433991302040135363 12.614936777913255739 0.000000000000000000 0.119177400486732851 0.000000000000000000
4.414466356182290774 11.643651500878773319 0.000000000000000000 0.470975296977474756 471856.000000000000000000
-0.319966227882841237 13.274012075352628059 0.000000000000000000 0.473026838009138750 462539.000000000000000000
-6.609136179851436310 12.265909744927695257 0.000000000153098336 0.099343748432877688 872222.000000000000000000
-8.016523964572751737 12.954527461701605517 0.000000000441438695 0.316387691396482262 868114.000000000000000000
-7.162473534904691519 11.351604394845510981 0.000000000174521369 0.100464611143532195 0.000000000000000000
-5.150878996925940534 9.597490664061313126 0.000000000793612014 0.469896036395224315 0.000000000000000000
-6.275670633015427491 13.051035574251311999 0.000000000390141508 0.249594606984890360 877003.000000000000000000
-8.014295402466668605 11.356221177717685578 0.000000000411162180 0.237289503042762751 0.000000000000000000
-7.608912361871777108 9.930100450284735203 0.000000000410523340 0.352749101633707540 875630.000000000000000000
-9.279007685621051493 12.514357863306496910 0.000000000230795092 0.475087423390853525 871038.000000000000000000
-4.706978501277848892 12.680482356476241890 0.000000000842250026 0.399239926846030879 870135.000000000000000000
-8.036207388099308346 13.628029522017174102 0.000000000727741258 0.409735573264326192 870096.000000000000000000
-6.202505152151757351 13.781736705702519075 0.000000000661229862 0.377362427837067804 874117.000000000000000000
-6.845141125829359297 13.138717506036403648 0.000000000476495342 0.252132073976737814 0.000000000000000000
-7.324812451920829304 11.617825734765723666 0.000000000923141616 0.107086244625520396 0.000000000000000000
-5.701188779185932809 10.032753051069088102 0.000000000839174457 0.350710707476473760 877372.000000000000000000
-4.914977449394752895 9.999182739319282476 0.000000000389668010 0.444791574574487203 874954.000000000000000000
-12.881046711013290462 5.563329914981602897 0.000000000000000000 0.156674816002775358 0.000000000000000000
-14.617362786131224084 3.640654297897920166 0.000000000000000000 0.384102856178715091 546884.000000000000000000
-12.540745436477269692 4.129312039464374529 0.000000000000000000 0.100368166208387233 0.000000000000000000
-11.522321456875618040 5.131337841242791242 0.000000000000000000 0.226446283594691627 552331.000000000000000000
-10.387288892940926388 3.553517741397434815 0.000000000000000000 0.458736824824304223 553060.000000000000000000
-11.490639775605389516 4.876143230580799681 0.000000000000000000 0.220607269562219377 552506.000000000000000000
-12.897274193334087755 4.361592975873927358 0.000000000000000000 0.064146910811255120 0.000000000000000000
-13.438327188664985101 4.531380525198072995 0.000000000000000000 0.131783456507155949 548624.000000000000000000
-11.873843870276520107 4.550511719267920085 0.000000000000000000 0.151255285997023925 544782.000000000000000000
-14.796093227332390185 3.585163502388970524 0.000000000000000000 0.416766373037906868 552999.000000000000000000
-12.194422033082604528 6.248932351820330133 0.000000000000000000 0.288533634593149346 0.000000000000000000
-11.978464790336863288 4.786563822330798246 0.000000000000000000 0.132293768901159070 0.000000000000000000
-12.953330394809761117 2.890376917516202404 0.000000000000000000 0.313729094888693882 0.000000000000000000
-14.772839945467568512 3.761475916619649418 0.000000000000000000 0.400016438911035388 0.000000000000000000
-14.493283959655521187 4.946038612605645923 0.000000000000000000 0.320690483238475765 0.000000000000000000
-11.941595158388347286 -3.401039916872762525 0.000000000000000000 0.261549708557917149 0.000000000000000000
-12.785133702012364765 -4.805278181850594521 0.000000000000000000 0.025491727057569424 0.000000000000000000
-11.310857189197111694 -5.598392939702600657 0.000000000000000000 0.296961204291370129 0.000000000000000000
-10.997638318840529337 -4.294697866469033620 0.000000000000000000 0.313022090838340872 388939.000000000000000000
-14.106301208178237516 -4.654951460762704052 0.000000000000000000 0.248382858767448533 134364.621225108887301758
-11.502451613017434795 -5.407787424121335285 0.000000000000000000 0.250435587966248263 388337.000000000000000000
-12.302200432493656024 -7.123181934903853652 0.000000000000000000 0.431636573100278753 0.000000000000000000
-13.133510754916796870 -5.737717178540711949 0.000000000000000000 0.198683393308464934 383135.000000000000000000
-14.160399324135413579 -6.098984000556574081 0.000000000000000000 0.356638405630311905 0.000000000000000000
-12.186014356125120628 -2.877421559911494064 0.000000000000000000 0.327284361572377946 388755.000000000000000000
-13.601751605872800965 -6.334771340277725038 0.000000000000000000 0.328212649818405033 0.000000000000000000
-12.967099887719520268 -2.986030791814197283 0.000000000000000000 0.297625982412867807 0.000000000000000000
-14.306357702144227417 -4.839587610299043163 0.000000000000000000 0.285375204113546888 125016.024003930811886676
-13.938443626323529401 -4.663357475219822135 0.000000000000000000 0.218444226568657057 151018.687031472363742068
-12.550517841732803603 -2.272469106092275926 0.000000000000000000 0.419499173753605681 390014.000000000000000000
-8.379702106735907208 -9.849374881609517018 0.000000000278605701 0.441873755353376030 0.000000000000000000
-6.456509296755748473 -14.360300596989670652 0.000000000601912262 0.470253930367075246 0.000000000000000000
-8.141490104797675542 -12.071375307901995200 0.000000000233893561 0.258769705464769462 0.000000000000000000
-4.891030622410541540 -10.008907516805015447 0.000000000716262422 0.446741097214092053 0.000000000000000000
-5.132528107101583359 -10.623800734193276085 0.000000000365853891 0.344919247671440776 0.000000000000000000
-5.544119598600606658 -11.543881254710788298 0.000000000477860046 0.214042030682404211 0.000000000000000000
-7.982824686926895730 -12.553481601862891637 0.000000000092394022 0.267295312686374631 0.000000000000000000
-5.777368081502965325 -10.964338941811801575 0.000000000332095677 0.216410109541364498 0.000000000000000000
-6.430386031725373819 -9.671356219916106056 0.000000000754515734 0.366447637745346166 0.000000000000000000
-5.991706248296210902 -13.444161872547793379 0.000000000267433402 0.332930212078964671 0.000000000000000000
-9.298657328169516845 -11.750825432080192812 0.000000000137099844 0.457402543869930789 0.000000000000000000
-5.660295193842494577 -9.655431711076277068 0.000000000641138715 0.412478143830302013 0.000000000000000000
-7.481310142183160039 -12.537898583271022801 0.000000000505547663 0.197011158126086855 0.000000000000000000
-5.468742640770622110 -12.101158561028514171 0.000000000699471501 0.235204396830478862 0.000000000000000000
-6.166045267574310706 -12.555754845012350174 0.000000000461532019 0.179360534710687886 0.000000000000000000
0.923041847263221915 -11.658976913754433014 0.000000000000000000 0.382508837144810543 831300.000000000000000000
4.592211831486137541 -12.294521174520122386 0.000000000000000000 0.438677720634574664 833299.000000000000000000
1.501315400344793494 -14.734362178287449652 0.000000000000000000 0.299087947666122400 831770.000000000000000000
3.042326101755686185 -14.791544402797821789 0.000000000000000000 0.297737478987698423 831442.000000000000000000
0.742939122982232636 -12.012397058061267785 0.000000000000000000 0.362175989635610318 835295.000000000000000000
3.344066894150466318 -10.878864293021932141 0.000000000000000000 0.463179558180117357 830008.000000000000000000
1.427129728596635339 -11.285345143844475402 0.000000000000000000 0.389812960147044141 836530.000000000000000000
2.916742819067939418 -14.724680886061921825 0.000000000000000000 0.277902258524731771 0.000000000000000000
1.697469046982482022 -13.933469553833523591 0.000000000000000000 0.162998593435862288 832547.000000000000000000
3.423784428953920322 -14.958344044188214284 0.000000000000000000 0.356775172863686763 0.000000000000000000
0.001835317832682767 -14.288797208961783625 0.000000000000000000 0.453105933489940438 0.000000000000000000
2.325842320774479610 -10.614880332435941312 0.000000000000000000 0.473978348175331965 423331.023153075482696295
2.832810314135822072 -10.668333431947541357 0.000000000000000000 0.472789274301956997 830778.000000000000000000
2.922607902368953070 -11.966622751231192012 0.000000000000000000 0.255725220142637433 0.000000000000000000
3.358466602785631139 -12.325887158350521844 0.000000000000000000 0.248920031406244857 0.000000000000000000
8.708807387904899500 -10.581372678835768042 0.000000000000000000 0.434082339029827458 912431.000000000000000000
9.254286071204827380 -7.664144202305143594 0.000000000000000000 0.271531244607606248 911693.000000000000000000
10.734107616977173194 -7.228668992529867943 0.000000000000000000 0.275324042787867151 0.000000000000000000
8.255454015716104266 -7.423745913288661846 0.000000000000000000 0.438582116450436321 916211.000000000000000000
9.934316320503201680 -10.030908922629015123 0.000000000000000000 0.236464059477740213 0.000000000000000000
10.668723808918512574 -6.254394376149368995 0.000000000000000000 0.440884255856557716 159086.714113926806021482
9.725043572297504824 -8.522939571471342290 0.000000000000000000 0.116614534253379101 246106.270385309646371752
12.445319519391187413 -9.475856255573376075 0.000000000000000000 0.396113252080309786 911147.000000000000000000
10.959758658746915572 -8.144740721063895350 0.000000000000000000 0.152798251744457436 916985.000000000000000000
11.383007585010707530 -8.386537228396797161 0.000000000000000000 0.196284477438949584 0.000000000000000000
8.115148778163217003 -7.356895761653998278 0.000000000000000000 0.466045028381363524 914537.000000000000000000
11.151569629427132924 -6.492254921558572534 0.000000000000000000 0.420610921971259433 916244.000000000000000000
11.095252722756956842 -7.765935328683619687 0.000000000000000000 0.218346502412930465 915583.000000000000000000
9.023314014201380573 -7.844155579573812709 0.000000000000000000 0.283452065945066278 0.000000000000000000
9.723963677146683082 -9.049078382693664935 0.000000000000000000 0.121958527185061297 0.000000000000000000
14.224913611762756815 -1.798516642597415949 0.000000000000000000 0.334244981060922042 301589.000000000000000000
11.542338179836633572 -0.691767389547268796 0.000000000000000000 0.376048214858488938 308760.000000000000000000
11.589027111029865935 1.820567112803514132 0.000000000000000000 0.470488048853162422 0.000000000000000000
14.978384328658176372 -0.166482250362490064 0.000000000000000000 0.257823319044841459 0.000000000000000000
13.560461604996712381 0.482761618246702495 0.000000000000000000 0.083733708979362692 22591.535785857562586898
14.977849222050084066 -1.423290963644807894 0.000000000000000000 0.355037627373642917 177026.908541682059876621
12.200533060676798769 -1.340029650480238255 0.000000000000000000 0.333644460552734612 303413.000000000000000000
12.356600933768147499 1.542049427802035355 0.000000000000000000 0.341077603091424264 308007.000000000000000000
14.830405945384050881 -1.780534164935430264 0.000000000000000000 0.384054662161910643 308634.000000000000000000
13.608211746308567669 1.718961199663110673 0.000000000000000000 0.298093230986887558 309483.000000000000000000
14.535419559069564954 1.816199788597378850 0.000000000000000000 0.360631586981380259 301576.000000000000000000
11.192970577177028701 1.007894949898921366 0.000000000000000000 0.453818863786370541 308542.000000000000000000
13.500255756346557945 -2.421195303580160996 0.000000000000000000 0.419671089718251566 306492.000000000000000000
15.639570696362335767 -0.476072104417880115 0.000000000000000000 0.382974070895456487 0.000000000000000000
11.998616651749005158 -0.591323498609353515 0.000000000000000000 0.293534593864071436 209483.770604230172466487
