-3.602339735468210069 3.186210571503432121 0.000000000000000000 0.270346194588136468 0.000000000000000000
0.162928580469254070 4.969198889426350796 0.000000000000000000 0.472363807488241305 424655.000000000000000000
-3.499670627707753834 3.148107083936098949 0.000000000000000000 0.257687119058981506 425920.000000000000000000
-1.136387037123812505 3.672260355477542149 0.000000000000000000 0.203674409707828907 430486.000000000000000000
0.369486282652039366 3.681560383726344199 0.000000000000000000 0.469757884154248295 421703.000000000000000000
-4.505727455574900731 3.885405806888983182 0.000000000000000000 0.400547582958849402 426182.000000000000000000
-4.252102580606842430 2.984477043953376540 0.000000000000000000 0.390178724613228556 422492.000000000000000000
-1.553439766759968643 4.144661540329665605 0.000000000000000000 0.133540642708533552 425655.000000000000000000
-0.007371303140373961 3.280587646811956581 0.000000000000000000 0.415578285922315327 0.000000000000000000
-0.878092182517934527 4.967584189458221111 0.000000000000000000 0.311995418518660972 423643.000000000000000000
-2.372900866774817707 6.488466209657814510 0.000000000000000000 0.463117184377289604 109722.607419471736648120
-3.178100720860801420 1.728702478828991085 0.000000000000000000 0.418240972870045247 422757.000000000000000000
-4.502077527435905502 2.666250732907351484 0.000000000000000000 0.455318722208424398 133174.721617970906663686
-0.291788602506165173 3.731609037436692144 0.000000000000000000 0.351592701785130080 0.000000000000000000
-1.035397103934487584 6.012790336012590053 0.000000000000000000 0.436417430204803336 425325.000000000000000000
-3.109148351884690076 -3.486623646653326247 0.000000000000000000 0.167817916255903282 340742.000000000000000000
-0.032972208469064165 -3.151708067409436431 0.000000000000000000 0.417828347104884035 343015.000000000000000000
-3.855353201739910585 -4.771820815286971218 0.000000000000000000 0.325023134535907809 341055.000000000000000000
-1.724587152973383830 -5.833362795359519737 0.000000000000000000 0.358929637989572337 341094.000000000000000000
-2.575579559081824677 -5.288025783930745405 0.000000000000000000 0.255254036794773154 347521.000000000000000000
-2.273713807673445775 -3.095985604985276307 0.000000000000000000 0.141465807735389804 348331.000000000000000000
-1.054533945487480695 -5.203790927624328155 0.000000000000000000 0.317459898782458672 0.000000000000000000
-4.225551340781320775 -3.612667206004561482 0.000000000000000000 0.354079794963818972 0.000000000000000000
-1.135473509088240185 -2.866121503131004555 0.000000000000000000 0.270777765623029687 0.000000000000000000
-3.788139357924064310 -4.500053835871653085 0.000000000000000000 0.293477403809897008 0.000000000000000000
-3.341734998493693265 -3.339791492322985889 0.000000000000000000 0.216545157490398321 349923.000000000000000000
-2.809198573416703759 -2.853226877482264445 0.000000000000000000 0.209123220753256789 0.000000000000000000
-1.067507991176959825 -5.757017170226752079 0.000000000000000000 0.394490775444951203 348341.000000000000000000
-1.613215375859801570 -6.285416070164273172 0.000000000000000000 0.441830373011236177 348229.000000000000000000
-3.981077182754479526 -4.398729180554386886 0.000000000000000000 0.320110821440797111 210957.048765021783765405
4.370773056414924085 0.956667891339838650 0.000000000000000000 0.171906458673286161 0.000000000000000000
4.350563515707745132 -1.391980353493908584 0.000000000000000000 0.249060993449152501 381116.000000000000000000
2.867298722700246216 -0.024333101050166409 0.000000000000000000 0.293548646039933359 381125.000000000000000000
5.620642676452996866 0.971439153808793088 0.000000000000000000 0.261974272765253813 389872.000000000000000000
4.250934879621463658 -2.632681110305626682 0.000000000000000000 0.470153906995231630 0.000000000000000000
5.065662843245783087 -0.729447977875599562 0.000000000000000000 0.162621614791443880 0.000000000000000000
6.247906479793294388 0.558382548959759029 0.000000000000000000 0.324488913125654477 385125.000000000000000000
3.832212047020961965 -1.463177821902649445 0.000000000000000000 0.287082828198096274 0.000000000000000000
6.432870330905707590 0.995844296728714440 0.000000000000000000 0.384891287233411539 389050.000000000000000000
3.742606759076514411 0.455940342144752875 0.000000000000000000 0.159627497870840490 383515.000000000000000000
3.712837963724800794 -1.329021266861283301 0.000000000000000000 0.276069029925948617 390515.000000000000000000
2.660741872916178696 0.810822407388285593 0.000000000000000000 0.360432215676214807 381233.000000000000000000
4.486520183275307438 -1.094520062624171119 0.000000000000000000 0.194537577835524972 0.000000000000000000
3.896148480669375580 -1.927786260220216707 0.000000000000000000 0.359915502597752568 386356.000000000000000000
2.724608364597304266 1.717541162861110804 0.000000000000000000 0.441619159335765232 388514.000000000000000000
10.760019994365753959 10.886773688395305015 0.000000000089034450 0.382148035510308903 0.000000000000000000
9.320765734223348531 10.825844046906651030 0.000000000476834910 0.407664378358302548 430071.000000000000000000
12.491827130568729842 9.956706593067824684 0.000000000395054782 0.437727920711918794 422561.000000000000000000
9.160544610415172428 8.400722233421085150 0.000000000682513388 0.219003816218632186 0.000000000000000000
9.347530963275108462 9.863287011171230745 0.000000000267394739 0.263995133933489001 425656.000000000000000000
11.722875496889145097 9.863206576008710869 0.000000000499682329 0.314274464319685531 426427.000000000000000000
12.308825557926073913 8.026545229469254750 0.000000000021461414 0.372786017690681593 0.000000000000000000
10.207666722839828566 10.723357059207589970 0.000000000358893329 0.347249837252530058 405474.657001239596866071
7.929003854323185330 8.188092295764462847 0.000000000283970348 0.440959420255012557 424096.000000000000000000
12.113967749368054427 7.266207327009958306 0.000000000769058542 0.408669215180515855 428291.000000000000000000
11.162903476108319012 7.433010796211117821 0.000000000061662763 0.272959688905025255 0.000000000000000000
9.486478934975988153 11.167007782962647511 0.000000000079422250 0.451156965133877874 0.000000000000000000
9.947808805111113983 8.512148286674186437 0.000000000801455496 0.081328408882367934 0.000000000000000000
7.957490773466136424 8.651833300668419824 0.000000000194642431 0.425076526730830351 0.000000000000000000
11.493893699059457347 9.146627424572406184 0.000000000745352617 0.217088625564814258 427686.000000000000000000
2.568206236109419560 14.003279203775349515 0.000000000000000000 0.135924359722783994 0.000000000000000000
4.702301377715941477 14.199631592022761595 0.000000000000000000 0.452805783553237085 467109.000000000000000000
4.874162330885007499 12.550042263017690658 0.000000000000000000 0.470715960702211111 471302.000000000000000000
0.170854449530902092 13.479017930262180869 0.000000000000000000 0.387252438263144982 465429.000000000000000000
1.896881511064541836 15.370382197714040018 0.000000000000000000 0.380936805892055863 140750.264966357935918495
0.029600504240525748 13.982627636636236090 0.000000000000000000 0.429561904250468307 0.000000000000000000
0.529535410779181426 12.001511834301439308 0.000000000000000000 0.393788091089504466 0.000000000000000000
3.163153700709904204 11.789733973050998017 0.000000000000000000 0.303132070755055716 186417.251005846104817465
2.567790913861911939 12.016562266347936117 0.000000000000000000 0.228211878508837701 0.000000000000000000
1.555233183354573168 12.320014765579371030 0.000000000000000000 0.219821154523700241 54053.191861607694590930
2.204674096293434360 13.659308458828840926 0.000000000000000000 0.071948984226754886 468005.000000000000000000
0.738951994100436438 13.993764496375547424 0.000000000000000000 0.311712032769522862 462389.000000000000000000
4.808147965359439446 13.045524483848559782 0.000000000000000000 0.442781694184042174 467827.000000000000000000
0.200589578167075316 13.610302936519778072 0.000000000000000000 0.384888889389623179 0.000000000000000000
1.803467085040143525 14.373678307967677981 0.000000000000000000 0.217084158532391436 471280.000000000000000000
-6.883295633400452473 11.366419968818847863 0.000000000176657441 0.067890607859439414 876812.000000000000000000
-6.621231683421742176 9.749376566181611636 0.000000000615397054 0.349157485231217091 877010.000000000000000000
-4.253898492644278662 11.799838476011974109 0.000000000276412317 0.441948500714344883 877353.000000000000000000
-7.617771512375217213 11.551724345221037638 0.000000000617606892 0.160543251519433772 144713.317992666707141325
-6.365525263851491644 10.529050173471270924 0.000000000474456651 0.220556016339407079 0.000000000000000000
-8.817748927258364233 11.268617405851761859 0.000000000333022036 0.380068608399037888 0.000000000000000000
-5.878169335015496877 10.448601008166363613 0.000000000467532054 0.271660376497311729 868228.000000000000000000
-6.389579489317856797 10.532538020782750365 0.000000000599384495 0.218725398924920211 0.000000000000000000
-6.832567270875405718 12.171169884588849186 0.000000000627552902 0.082059882013436045 0.000000000000000000
-5.437941897645673706 9.823183107269821690 0.000000000808861186 0.407494386472069037 169015.000494576757773757
-7.630940915920181311 9.673828120543685571 0.000000000417658940 0.395450696178944849 0.000000000000000000
-8.388359134632500158 13.154131756165682532 0.000000000399685094 0.389132538578185139 0.000000000000000000
-6.961276105355206134 9.506778342402151694 0.000000000658000058 0.393515547825077638 875989.000000000000000000
-4.946541994418661048 10.851384112941799387 0.000000000109675149 0.353477388397840542 869876.000000000000000000
-8.844582684701528308 10.253399449548544098 0.000000000856679953 0.456770377425255225 0.000000000000000000
-14.073893151606576168 5.796077453847681582 0.000000000000000000 0.310458864557291214 545081.000000000000000000
-13.512513079613707845 4.881672535040782357 0.000000000000000000 0.146799172184488597 0.000000000000000000
-12.216560130291348685 5.181240109981864350 0.000000000000000000 0.124447709110287491 543491.000000000000000000
-12.729073422187072495 5.243393790081069206 0.000000000000000000 0.098244976291153474 0.000000000000000000
-11.673612919107005936 4.041726518161959270 0.000000000000000000 0.215976220869598584 548223.000000000000000000
-12.380192267568110864 4.501218192428758869 0.000000000000000000 0.066890672548960861 552914.000000000000000000
-13.624422081704228304 2.157674391245912648 0.000000000000000000 0.466695429859279309 0.000000000000000000
-14.824841859983282077 3.088518313903644952 0.000000000000000000 0.466318829713146477 548794.000000000000000000
-12.197340867038320766 4.179285121292352301 0.000000000000000000 0.126516624461743832 548017.000000000000000000
-12.873577550891074139 2.654587038344424332 0.000000000000000000 0.352984306824926708 0.000000000000000000
-14.823503156865371011 3.613576222391458259 0.000000000000000000 0.418931714907130048 551377.000000000000000000
-10.785839902813467717 6.453122874289427102 0.000000000000000000 0.462461048362922122 551924.000000000000000000
-14.356544058319265389 3.888924782842832162 0.000000000000000000 0.323339954126658780 552867.000000000000000000
-14.153336218130775137 5.144437582554425958 0.000000000000000000 0.269134653713631877 56174.643285261692653876
-10.865643521621271006 5.433689329612009011 0.000000000000000000 0.354671376051689469 545368.000000000000000000
-11.893443801513397418 -7.239895601580112583 0.000000000000000000 0.469340213172192322 385843.000000000000000000
-14.594260816705956429 -4.803278326955086719 0.000000000000000000 0.336019127911696969 381621.000000000000000000
-14.513986937092317575 -5.117836398990210256 0.000000000000000000 0.329909958343546028 0.000000000000000000
-12.793096824807406620 -6.231301990092068088 0.000000000000000000 0.270317130023508156 252742.788419564400101081
-11.782962106362075971 -3.795361045485396101 0.000000000000000000 0.226188479136605836 0.000000000000000000
-13.187254736380934261 -3.640326939199463485 0.000000000000000000 0.199196120891897033 381856.000000000000000000
-14.759146203221160221 -4.183430735473899098 0.000000000000000000 0.374654471615954721 0.000000000000000000
-11.766856024326711960 -4.872413869681961884 0.000000000000000000 0.172015915618075416 383513.000000000000000000
-10.478109573159926526 -4.177043928466955158 0.000000000000000000 0.407874030220545303 29014.822247068615979515
-12.455606539307193970 -3.935643189847584100 0.000000000000000000 0.137166417846907113 383213.000000000000000000
-14.432487076804310533 -2.939236965298452908 0.000000000000000000 0.429825190212689667 0.000000000000000000
-10.371506775382846044 -5.042990315189226358 0.000000000000000000 0.422182294132370461 386677.000000000000000000
-12.805559967864173387 -2.113342481503102110 0.000000000000000000 0.446250596726036119 383223.000000000000000000
-13.225532278599247960 -7.076041869482370572 0.000000000000000000 0.426320573162911332 382393.000000000000000000
-13.649515783723714435 -2.679022605675872803 0.000000000000000000 0.385083722750801827 0.000000000000000000
-9.229055826006057117 -11.267080774585300773 0.000000000162310235 0.452043372311946301 0.000000000000000000
-7.013705356541732883 -10.109856531902460475 0.000000000230831350 0.289055109318385517 0.000000000000000000
-5.488314701754338998 -9.858450666818944441 0.000000000334105257 0.397268104577209014 0.000000000000000000
-6.749884453133707218 -12.037661664783824378 0.000000000865668084 0.056555133131367480 0.000000000000000000
-5.691680164947721110 -13.665620882947280279 0.000000000471518897 0.391659342080469874 0.000000000000000000
-6.685780847336597610 -11.648303004127368965 0.000000000800834054 0.014968185850133438 0.000000000000000000
-8.792719857369810654 -11.260753453935723911 0.000000000863617023 0.376004639006455033 0.000000000000000000
-8.061117864985201109 -14.053601313800299977 0.000000000785626297 0.475781012597220665 0.000000000000000000
-4.100690069028058993 -11.997284805946410557 0.000000000419853317 0.471609520456950870 0.000000000000000000
-7.622754632235611894 -11.758538225358355689 0.000000000499293242 0.158851599888421097 0.000000000000000000
-4.419489962472145983 -11.223753779568831135 0.000000000620484688 0.421447888118872349 0.000000000000000000
-5.871720894504678157 -13.229051961249453484 0.000000000214864562 0.308422329187971578 0.000000000000000000
-6.723890380310635351 -10.590185807725815081 0.000000000516137008 0.199749547366543267 0.000000000000000000
-6.556848201933805242 -11.854691287469341532 0.000000000856025895 0.039486918070315340 0.000000000000000000
-5.303365089160582357 -10.168750102641260114 0.000000000076994679 0.374599185287916192 0.000000000000000000
0.906021708927693958 -13.595527446496207702 0.000000000000000000 0.260821560791699769 0.000000000000000000
1.126178685119812783 -13.875249407088384501 0.000000000000000000 0.240278980664134112 835648.000000000000000000
2.620250860244843771 -15.573701947374631871 0.000000000000000000 0.412137877957387211 833268.000000000000000000
1.779399036280886914 -10.897786369461698541 0.000000000000000000 0.435073355574581933 836603.000000000000000000
2.322390073507334396 -11.137698466839454525 0.000000000000000000 0.380902797149664685 837275.000000000000000000
3.171349103444183637 -12.905238898531697700 0.000000000000000000 0.163178930835963659 0.000000000000000000
0.545771484780407601 -14.256525808205966044 0.000000000000000000 0.363423988154399635 0.000000000000000000
2.819497019589900955 -12.741507272570869347 0.000000000000000000 0.128676137574144367 0.000000000000000000
1.751282812447727988 -10.746712930960942600 0.000000000000000000 0.462413553134604971 0.000000000000000000
4.305902580294162618 -13.196945739491432903 0.000000000000000000 0.351659163348986226 0.000000000000000000
2.803936753852950492 -14.891874994351965711 0.000000000000000000 0.299499321790318962 0.000000000000000000
1.814801726340504739 -11.871374788681912094 0.000000000000000000 0.266879468012938659 830091.000000000000000000
2.026212800633392597 -11.875450853234243098 0.000000000000000000 0.255530560407585206 837251.000000000000000000
1.521695330251549017 -12.383192884275139534 0.000000000000000000 0.215194929332285290 834523.000000000000000000
3.605949023913307627 -11.265448791413366081 0.000000000000000000 0.423656343606816366 828378.000000000000000000
9.589813620394924243 -10.063923158902095878 0.000000000000000000 0.266974887708284647 915412.000000000000000000
11.970077711294424105 -10.256733209296992726 0.000000000000000000 0.392373993940856314 0.000000000000000000
8.131272409599237250 -8.309122955846097724 0.000000000000000000 0.401267432682759051 915288.000000000000000000
9.122483422197445790 -10.802127716064404694 0.000000000000000000 0.421115161162008089 0.000000000000000000
11.332275849614223517 -8.869843961018576195 0.000000000000000000 0.178047386627745524 912223.000000000000000000
8.272085092808570295 -8.674451274454650473 0.000000000000000000 0.368905726056078964 917718.000000000000000000
9.783641113851636817 -7.018574656607053264 0.000000000000000000 0.319328396445553886 913113.000000000000000000
12.205969841662913211 -7.035689397142585122 0.000000000000000000 0.447339201512229279 405709.659730671730358154
9.877004077227161005 -9.379651588375180538 0.000000000000000000 0.138256554978844398 909838.000000000000000000
9.400423860850104063 -10.343182985620039460 0.000000000000000000 0.326411449401750986 0.000000000000000000
11.749249624908316036 -8.782524487963092596 0.000000000000000000 0.251159525702603137 231833.681551047804532573
10.893449533451114775 -8.150470807713498189 0.000000000000000000 0.143768595870034099 913494.000000000000000000
12.006344119770790968 -8.094513917317057050 0.000000000000000000 0.318136617412449529 0.000000000000000000
9.913775073197461651 -8.650778557052296591 0.000000000000000000 0.077969287247381294 912507.000000000000000000
8.688336817057120243 -10.171382993013347473 0.000000000000000000 0.386421660072566620 0.000000000000000000
15.884783939684481879 -0.753521791493179105 0.000000000000000000 0.437498751672688979 299796.000000000000000000
14.275739420343573016 -0.644082891956872183 0.000000000000000000 0.171963739526481030 304120.000000000000000000
14.854853651007957183 -0.959493188980166223 0.000000000000000000 0.286946065476872181 305444.000000000000000000
11.720296573276485219 -1.941487725487574645 0.000000000000000000 0.468333047057143570 305463.000000000000000000
13.458165565125664642 -1.586907615379734793 0.000000000000000000 0.275456175872205555 0.000000000000000000
14.373138382376904332 -1.944479489815146289 0.000000000000000000 0.367618220026434295 260865.243528210557997227
13.836885458952949080 0.512196391476064883 0.000000000000000000 0.103200114349738012 301457.000000000000000000
12.529939355288142622 2.326554421718610488 0.000000000000000000 0.442376373175419280 0.000000000000000000
15.013837473414982426 -0.370926673413688845 0.000000000000000000 0.270239677422324853 200124.913205137825571001
14.623960068628655051 -2.506859895623957613 0.000000000000000000 0.474435261989199941 0.000000000000000000
11.729179371763319040 0.864935480134412571 0.000000000000000000 0.356282971082624578 304561.000000000000000000
15.765056046423302050 -0.808456768614256194 0.000000000000000000 0.420228284934815066 0.000000000000000000
12.887189866892144963 0.096849379406246952 0.000000000000000000 0.117768668509435376 306016.000000000000000000
14.162908329747821767 -0.529780639101526174 0.000000000000000000 0.143857116969651866 138908.771965748950606212
12.451344984537897176 2.265064889741586818 0.000000000000000000 0.438723246011992585 299821.000000000000000000
