-3.203991158711741782 4.795762231456937030 0.000000000000000000 0.233243711684103877 425795.000000000000000000
-1.907381373675432368 1.250112466773810826 0.000000000000000000 0.474316388470040373 0.000000000000000000
-4.274162840756263293 4.519906660999994052 0.000000000000000000 0.376345099605350952 0.000000000000000000
-0.155172959503283414 4.365469161016667599 0.000000000000000000 0.384245755645784615 134930.962748580903280526
-1.437426294311783703 4.122949650266900967 0.000000000000000000 0.152051005323315724 0.000000000000000000
-2.183830275655347375 4.241601690273187231 0.000000000000000000 0.063974828057715219 0.000000000000000000
-4.335967550866925535 2.458704843302537135 0.000000000000000000 0.449409879432256909 0.000000000000000000
-1.485095919115488661 3.012639993407372430 0.000000000000000000 0.208378230041890988 423774.000000000000000000
-2.011818341550930533 3.617576877770912080 0.000000000000000000 0.065467795129184797 0.000000000000000000
-0.048999282896779711 2.514196109530433265 0.000000000000000000 0.463793994955886579 203325.153511774464277551
-2.454108279703749673 1.247525006338013220 0.000000000000000000 0.471846142731604967 426876.000000000000000000
-1.278287049705992384 3.021061413060060374 0.000000000000000000 0.233394167002949987 0.000000000000000000
-3.770162731420004132 5.792172617345633157 0.000000000000000000 0.432637528516536973 0.000000000000000000
-3.804064002096591235 2.133302391576801682 0.000000000000000000 0.416715899284472169 220326.685422399285016581
-0.855356168914223947 5.222158205231959727 0.000000000000000000 0.344696394179333732 70842.898665537009947002
-3.391670714912977225 -3.785184380993573239 0.000000000000000000 0.202875731301724038 341015.000000000000000000
-2.792579351209421912 -4.390919580906697206 0.000000000000000000 0.130459781115249668 0.000000000000000000
-4.481602159393893281 -4.501142086200301762 0.000000000000000000 0.410881309022659680 0.000000000000000000
-3.377598108287912293 -5.028461437460261862 0.000000000000000000 0.284350797747258577 347065.000000000000000000
-0.741334182887640636 -4.395440182613019608 0.000000000000000000 0.284935715973955284 349574.000000000000000000
-3.054343317779547817 -5.182787835330224802 0.000000000000000000 0.270351217438721148 0.000000000000000000
-2.434545729858970553 -4.724197799950322185 0.000000000000000000 0.151808956266051148 0.000000000000000000
-4.498182071517654812 -3.682639913028034950 0.000000000000000000 0.400905639935763169 0.000000000000000000
-1.050173752104327951 -2.187101336635059567 0.000000000000000000 0.372016932484506346 349385.000000000000000000
-1.573470698825597980 -3.479396471641292621 0.000000000000000000 0.142297074611920732 0.000000000000000000
-4.239112960693563359 -3.514266972215152052 0.000000000000000000 0.359316357396739894 65686.806469467628630809
-0.933661997809698829 -5.715197886653434090 0.000000000000000000 0.401772860871360049 344417.000000000000000000
-1.514733835759279224 -4.991932477398187906 0.000000000000000000 0.236797472316602003 343859.000000000000000000
-3.361436608255954361 -4.332232805255068264 0.000000000000000000 0.211785086643072246 0.000000000000000000
-0.295826986283692250 -2.584736467680361027 0.000000000000000000 0.420003188138720729 349910.000000000000000000
2.058060327220114782 -0.337969472144880156 0.000000000000000000 0.441828779893656487 385915.000000000000000000
5.470048311118694606 0.752304194135599347 0.000000000000000000 0.216484307172827767 0.000000000000000000
2.269750736374114730 1.101021409613068158 0.000000000000000000 0.445370564913995626 0.000000000000000000
3.575970341834134647 1.996967105688781441 0.000000000000000000 0.392414079010967198 389893.000000000000000000
2.741850071266817679 -0.724293634805963871 0.000000000000000000 0.341128526146374178 389006.000000000000000000
3.113909092435592108 0.859893627089786894 0.000000000000000000 0.292684949451371745 387536.000000000000000000
3.616458641228019300 1.293707576504970591 0.000000000000000000 0.280169337939069674 0.000000000000000000
3.388464739808182635 1.632771683439463661 0.000000000000000000 0.352881344594886293 201697.619658215146046132
5.112875203218847808 2.221495246367721776 0.000000000000000000 0.408688572425035701 209225.811090248811524361
3.526788595859656983 -1.963729310713120180 0.000000000000000000 0.390952206104294153 387352.000000000000000000
4.387685681769434964 1.472063595918411627 0.000000000000000000 0.262540557301470800 389074.000000000000000000
3.702005178173325195 -2.280259001866516755 0.000000000000000000 0.430400993389058129 389629.000000000000000000
5.932141263753831772 1.797074464002822891 0.000000000000000000 0.406917512774626899 382294.000000000000000000
2.709441684284205731 -0.869533679836138274 0.000000000000000000 0.356893589560238367 386504.000000000000000000
7.021550524569049934 -0.705999785645390454 0.000000000000000000 0.464055542574151270 0.000000000000000000
8.568196017727329306 6.855654405614377112 0.000000000807015940 0.458754800077120384 422929.000000000000000000
8.361282042816165827 7.544531596138448926 0.000000000214150403 0.411385609868599011 173064.420617643307195976
8.720509160194762188 9.325121518485431693 0.000000000598073727 0.306062664077858704 197363.889763755229068920
10.201541323969287589 11.267143492478583156 0.000000000825627823 0.442491578560673948 428194.000000000000000000
9.034347905923516109 9.375600900957056894 0.000000000583443269 0.257619944293509318 0.000000000000000000
10.516623514430175845 6.151520418635828769 0.000000000060855301 0.456204445913015677 422428.000000000000000000
11.436447261047595347 10.264054710345305921 0.000000000680828076 0.329494164792894395 0.000000000000000000
12.083143024380449404 9.556777676422735013 0.000000000799050296 0.341268539984030339 172701.835887541703414172
8.254554083549788146 8.846140849178381060 0.000000000141851832 0.372203683408893482 426408.000000000000000000
9.605135904450719408 8.396120712745855030 0.000000000065505251 0.144917572384655774 425407.000000000000000000
11.751299265437115338 9.213349452154366404 0.000000000851461529 0.264301692856498571 428029.000000000000000000
9.678957927977391407 9.733914064386974374 0.000000000804762507 0.209423199830194195 0.000000000000000000
11.146675343810018788 7.385027541310679844 0.000000000115859066 0.278586700724038905 431189.000000000000000000
9.119210576486896258 10.812798650283719226 0.000000000173150952 0.423023407296687470 0.000000000000000000
10.132101900997707133 8.668983617508281725 0.000000000530810206 0.039664024967073497 414445.787820003402885050
2.295991622379807584 11.677800349184765949 0.000000000000000000 0.284814223729690008 0.000000000000000000
0.981471181168691698 14.455802784328273702 0.000000000000000000 0.319771618269194424 0.000000000000000000
2.981028712997153107 13.325394232019105445 0.000000000000000000 0.115583307857419174 0.000000000000000000
4.509780514946058361 12.798172285914604984 0.000000000000000000 0.396937530640580960 0.000000000000000000
2.057711074121467920 11.631875812330113362 0.000000000000000000 0.297052951892515238 469689.000000000000000000
2.082569874246976482 13.341000001203454417 0.000000000000000000 0.046311943743656395 467116.000000000000000000
0.910333076528607288 14.996229488024241050 0.000000000000000000 0.397786757420769577 0.000000000000000000
3.516333457103032689 14.885242383977985270 0.000000000000000000 0.355441672390810537 0.000000000000000000
0.178192742574201785 13.459667480279605911 0.000000000000000000 0.385643856590793366 469846.000000000000000000
1.450215456732608876 13.912493927554885786 0.000000000000000000 0.194051286604724149 178026.208382438169792295
2.297065033045635918 14.740719058349394999 0.000000000000000000 0.260793162498418107 463463.000000000000000000
3.592281609013482591 13.940702037367566746 0.000000000000000000 0.253436818582562284 465292.000000000000000000
4.115923545692281138 12.996278835049254852 0.000000000000000000 0.321414403084551936 471732.000000000000000000
0.338341138354450177 12.965805469130801342 0.000000000000000000 0.360012988168543324 0.000000000000000000
1.038455770989955562 12.635845431391450333 0.000000000000000000 0.257636578628522350 0.000000000000000000
-6.946245191603013680 9.598147819156272575 0.000000000455860031 0.377166481765076111 871960.000000000000000000
-8.987445407201981595 11.148497493790278767 0.000000000499678404 0.414320216842963773 0.000000000000000000
-8.254748079806667249 12.181337070474912210 0.000000000072362195 0.283384484959756267 873980.000000000000000000
-5.116069614027045631 10.375810650481387398 0.000000000754043358 0.373691281757306981 871194.000000000000000000
-5.139096078532802814 12.912901268175044578 0.000000000015738315 0.354194526115903574 486506.986648011428769678
-7.135266072786084379 11.487351107956172314 0.000000000067790031 0.082648871119576389 877273.000000000000000000
-5.465518086779877827 10.334291182829952405 0.000000000841857820 0.333416689342959705 871813.000000000000000000
-5.324870964135054230 13.072670938602472646 0.000000000824236769 0.347161881103996650 870175.000000000000000000
-6.025716678230306655 9.617085013925757764 0.000000000322937486 0.392955000742280514 872530.000000000000000000
-6.638694659231306083 12.073315293582897567 0.000000000443381752 0.064970527560373373 0.000000000000000000
-5.484364935421819354 9.658584050505448104 0.000000000692391517 0.427475426935487068 77025.845374390715733171
-8.470255308130669292 12.614581365659798706 0.000000000031290621 0.347833937321687936 870598.000000000000000000
-5.894047743551573681 11.568175001184439310 0.000000000642745982 0.151782091005915554 869536.000000000000000000
-5.845376243193089572 14.017210742854135930 0.000000000581719674 0.436793257460024120 877096.000000000000000000
-7.425189808225897359 13.199551820276703040 0.000000000088232249 0.289577564311930047 0.000000000000000000
-12.091070916351055686 2.037632103188722343 0.000000000000000000 0.472913988137101227 0.000000000000000000
-12.814892598024613335 2.702614642561004477 0.000000000000000000 0.343994753174324597 47817.549921062876819633
-14.034898541572811581 4.937348819230775732 0.000000000000000000 0.239854988144376308 0.000000000000000000
-12.876785498712136402 4.058795292515062769 0.000000000000000000 0.111627054642326889 294834.020552852191030979
-11.842905047077589842 3.264893614494700724 0.000000000000000000 0.291012600831570989 543681.000000000000000000
-13.394680784268045315 3.754479807440775030 0.000000000000000000 0.201282071103672910 0.000000000000000000
-10.967990602911651621 4.597486138778230647 0.000000000000000000 0.311380617877875521 546745.000000000000000000
-14.873844471687776903 5.001284753951541262 0.000000000000000000 0.389184131544083600 545228.000000000000000000
-13.824718335917667744 5.718267286204661737 0.000000000000000000 0.267951996491712363 545077.000000000000000000
-12.882582801905098080 7.025314952280161229 0.000000000000000000 0.409008883342448226 547108.000000000000000000
-15.241491381759487922 5.331667132508420615 0.000000000000000000 0.464613931684589421 548745.000000000000000000
-12.346557867626016147 3.238276772351607047 0.000000000000000000 0.259005179546867803 0.000000000000000000
-13.189951834302469535 6.913078093863718188 0.000000000000000000 0.397345055190377994 0.000000000000000000
-14.747738881565929603 5.489043873234624726 0.000000000000000000 0.388875581372915335 549054.000000000000000000
-13.637049508925944252 6.599494095148204842 0.000000000000000000 0.371837639738479941 0.000000000000000000
-14.518909141609860569 -2.927041938459510995 0.000000000000000000 0.442347231284666631 385775.000000000000000000
-14.830133338380562691 -5.242387398404393828 0.000000000000000000 0.389779811272340904 384673.000000000000000000
-14.689044509650569736 -4.948267415346885301 0.000000000000000000 0.355300064292361828 0.000000000000000000
-14.094704312768225662 -3.499690064144820312 0.000000000000000000 0.320060677635912894 389036.000000000000000000
-13.360604473810623105 -5.284624685375429287 0.000000000000000000 0.156199154932371603 383170.000000000000000000
-12.086810743890096020 -7.244153457665205131 0.000000000000000000 0.460344200177952301 382997.000000000000000000
-12.817533472084665647 -4.806668124415857335 0.000000000000000000 0.029020045499092716 0.000000000000000000
-13.608476524887965553 -2.174973793773740560 0.000000000000000000 0.462908610716570967 266.154996924385955026
-13.304088524879229993 -5.231057394155723905 0.000000000000000000 0.142494553810074226 0.000000000000000000
-11.970177579465243412 -5.924907592682643553 0.000000000000000000 0.254229512396164092 353117.593928391579538584
-13.021302058046645200 -4.050071622291310902 0.000000000000000000 0.122269640823916934 0.000000000000000000
-14.040951691010166158 -4.814632777908988359 0.000000000000000000 0.237872475079762391 381681.000000000000000000
-14.038323952219689872 -3.148063254907519148 0.000000000000000000 0.355312514297279447 384645.000000000000000000
-12.303419572524433079 -3.652050245089890623 0.000000000000000000 0.192996805456716297 177368.294117662764620036
-13.141954767650377178 -1.999099309341404451 0.000000000000000000 0.471724124442777892 384373.000000000000000000
-8.050484353959145523 -10.932671958299108539 0.000000000461240662 0.272926556606833570 0.000000000000000000
-6.775496278707483278 -13.177053104474497403 0.000000000056969711 0.258247154264180712 0.000000000000000000
-6.909569862890297287 -11.995665953491215561 0.000000000344339934 0.058317573215035938 0.000000000000000000
-4.751745987977454178 -11.973425275246805555 0.000000000641163792 0.355880547273622727 0.000000000000000000
-8.173876908023846255 -10.977478248311442144 0.000000000484815071 0.288379601451489442 0.000000000000000000
-7.457247090602319162 -11.051678393761431352 0.000000000127353312 0.174948708444332662 0.000000000000000000
-7.961051295026237540 -13.364130039784873460 0.000000000598653023 0.364076339829414841 0.000000000000000000
-5.799842889007845947 -11.003163751563580064 0.000000000596966485 0.209031057331702852 0.000000000000000000
-6.622295933029467285 -10.235839867245548618 0.000000000235539073 0.263221231743326955 0.000000000000000000
-6.880190444015061857 -10.836041555167350126 0.000000000134328556 0.158407192603851388 0.000000000000000000
-8.324760252930808235 -12.677407691803196599 0.000000000599109564 0.330521459674590401 0.000000000000000000
-8.851208806050863132 -12.942588947283388379 0.000000000322551466 0.435090295840737495 0.000000000000000000
-7.008911915800859482 -11.590089597598144167 0.000000000292679261 0.054281834585425869 0.000000000000000000
-6.695661564594274751 -13.028440178544332895 0.000000000727442295 0.231941980275872706 0.000000000000000000
-7.908217101354728662 -10.375483613771823599 0.000000000248520167 0.316692452940164126 0.000000000000000000
1.521952475739612787 -11.331819687051917001 0.000000000000000000 0.375455393029783036 827536.000000000000000000
2.642524157452575295 -12.084343030286735399 0.000000000000000000 0.219301801464095170 0.000000000000000000
2.661435275189381500 -14.508114441596280386 0.000000000000000000 0.226876161100264234 829483.000000000000000000
1.925331362674544300 -13.362684674945796814 0.000000000000000000 0.074489737895906794 833375.000000000000000000
3.131368347643597172 -14.635301731211329823 0.000000000000000000 0.280484939565336489 832591.000000000000000000
0.858571605451495468 -11.836167569423604817 0.000000000000000000 0.367466069718352495 0.000000000000000000
1.202657188334650185 -15.021551734778761045 0.000000000000000000 0.370513038948097062 0.000000000000000000
0.653756265796080149 -11.428159943128321174 0.000000000000000000 0.445139191743036788 0.000000000000000000
3.782954788131878576 -11.500635689707165099 0.000000000000000000 0.408104037815331999 827427.000000000000000000
1.365780440025904152 -14.317506205405443609 0.000000000000000000 0.253318281036418902 830302.000000000000000000
3.355340575084192256 -12.269357686581185973 0.000000000000000000 0.255470902102318986 834019.000000000000000000
1.675238644463295401 -11.348006251536437716 0.000000000000000000 0.363048842434945673 802660.799779730848968029
3.402596898103323220 -11.617210386211043627 0.000000000000000000 0.351421673178939187 828371.000000000000000000
2.533334280281353657 -14.747850656549696069 0.000000000000000000 0.264345581608319669 0.000000000000000000
3.699258521204255246 -10.980617460896910487 0.000000000000000000 0.475534187383397255 0.000000000000000000
7.839292754958846920 -8.623968504895426435 0.000000000000000000 0.446335394942374342 913616.000000000000000000
12.032031770662825920 -7.814934317194392577 0.000000000000000000 0.342795006698686899 0.000000000000000000
8.900067650488985294 -9.585535745590402001 0.000000000000000000 0.295951484458660319 918485.000000000000000000
11.613570260101948151 -9.263609180132927889 0.000000000000000000 0.244182705802322209 913797.000000000000000000
8.335950553779330363 -8.838712224583757049 0.000000000000000000 0.357653796615496788 584529.414030009298585355
10.592653567752657651 -11.413589742727108245 0.000000000000000000 0.469338553008994630 915898.000000000000000000
8.203643761773617982 -9.311297707665984191 0.000000000000000000 0.393550642797220518 910808.000000000000000000
11.245645736470860854 -6.852239827794901039 0.000000000000000000 0.369037766321436200 913392.000000000000000000
10.045909270616141029 -6.081809761027810346 0.000000000000000000 0.470627345133309172 227242.600375106732826680
8.895602401157406192 -8.549669825385988631 0.000000000000000000 0.259904488664766842 507233.147947809717152268
9.371667477614298747 -11.097963502023553417 0.000000000000000000 0.447326320568660230 464533.650259501766413450
9.295488112395167590 -10.027293958749330827 0.000000000000000000 0.291859211559767073 221662.465559354226570576
8.731005350103130169 -10.623362965312464823 0.000000000000000000 0.436973313824692622 917382.000000000000000000
7.978477643327249069 -8.523982930195623808 0.000000000000000000 0.422840480714396505 917391.000000000000000000
11.603905887384124540 -9.193085610829331955 0.000000000000000000 0.238269280347334800 916937.000000000000000000
15.102909786067957754 -0.032297792682483006 0.000000000000000000 0.278466838077264744 0.000000000000000000
13.055601651939801044 1.497455593345292435 0.000000000000000000 0.273805578821389339 0.000000000000000000
12.585919989652476048 2.503165578999070551 0.000000000000000000 0.466768585987577311 0.000000000000000000
12.759582885876961100 -2.092445855633203511 0.000000000000000000 0.388986002862337699 303153.000000000000000000
14.601300213964956143 -2.152798676910217868 0.000000000000000000 0.417442142856382814 306196.000000000000000000
15.741861623349597821 0.073303142419176584 0.000000000000000000 0.392502729868322908 115519.538273502490483224
12.915130611369358249 1.514798332587568686 0.000000000000000000 0.285554189521946944 302787.000000000000000000
11.579458861864795338 -0.323171373654469019 0.000000000000000000 0.354145618178491328 0.000000000000000000
15.731308287417638425 0.673829806886593885 0.000000000000000000 0.407342865277495525 0.000000000000000000
11.730500463833141822 1.994011089401030556 0.000000000000000000 0.473714218681352384 300944.000000000000000000
14.162736028447643122 1.285595697804310378 0.000000000000000000 0.248570333670926652 0.000000000000000000
15.505874070974508427 -0.877150057816125428 0.000000000000000000 0.381536985644314708 300823.000000000000000000
11.697811301677560891 -0.692635521163334045 0.000000000000000000 0.349949645857265235 0.000000000000000000
14.604488335666923504 -0.748856460393247492 0.000000000000000000 0.229565052525946001 0.000000000000000000
14.628922848516607402 0.769226859368937421 0.000000000000000000 0.235144563263040202 0.000000000000000000
