-2.825374833430024601 3.016114532981478913 0.000000000000000000 0.185576317344898656 2929.233456777174069430
-1.807774914259975940 1.639433594903764835 0.000000000000000000 0.408824885887977940 8282.427822571398792206
-1.232627727753879521 2.225944264281673579 0.000000000000000000 0.348276656345464508 10513.000000000000000000
-1.871523886433208883 2.639898917489898356 0.000000000000000000 0.233109208121062922 0.000000000000000000
-1.455390397250750700 3.106154753631837462 0.000000000000000000 0.199946556011047549 10052.000000000000000000
-1.094931118997382047 6.249922470712122369 0.000000000000000000 0.468685662417656301 10548.000000000000000000
-1.289576764629095207 3.928881171950150186 0.000000000000000000 0.172776373891777080 0.000000000000000000
-3.618595958399545065 2.180364738055999840 0.000000000000000000 0.389083091803472503 0.000000000000000000
-1.243821527316310238 1.459413892921386013 0.000000000000000000 0.469205229411898461 2211.600879861743123911
-0.763105280114098949 2.348751596860537472 0.000000000000000000 0.382631996750548709 10965.000000000000000000
-2.716148761424346691 6.089691279560733861 0.000000000000000000 0.400031703820950602 9143.965747091315279249
-1.603418776086890540 2.217986241921177104 0.000000000000000000 0.319896811552464577 0.000000000000000000
-2.265293178740541702 6.435450475419409955 0.000000000000000000 0.453246430610506401 10137.000000000000000000
-2.659419717865812771 5.851355197734603664 0.000000000000000000 0.356441869327679628 0.000000000000000000
-1.629910326254063069 4.711470129824639308 0.000000000000000000 0.184230366011947505 7663.341303250173041306
-3.938278625474431749 -2.810273170927414021 0.000000000000000000 0.355786587037038693 8220.000000000000000000
-0.626840029789099695 -5.972543847953728502 0.000000000000000000 0.471317949536505743 8791.000000000000000000
-0.996997200786370663 -3.652494514193624919 0.000000000000000000 0.228735754650787604 8707.000000000000000000
-2.382139687563106900 -5.838964699436233197 0.000000000000000000 0.347728935118945481 0.000000000000000000
-2.632416794119394332 -4.494552220963480949 0.000000000000000000 0.126608037503359749 7269.102645935093278240
-2.108986952748530985 -1.506491530822826386 0.000000000000000000 0.425332832576193698 8523.000000000000000000
-3.881126509686309678 -4.814826527651175248 0.000000000000000000 0.332768783122732836 8666.000000000000000000
-2.600557050766035161 -1.523025294566702659 0.000000000000000000 0.425875933116726946 8782.000000000000000000
-4.448677858007455299 -4.395435142975352427 0.000000000000000000 0.400593584452710760 8087.000000000000000000
-3.671401335600406046 -4.136384888087573763 0.000000000000000000 0.255649310303337651 8656.000000000000000000
-0.310446794410937255 -5.616580270234028838 0.000000000000000000 0.463776107555006423 8817.000000000000000000
-1.468579778117134360 -3.098284295799324628 0.000000000000000000 0.199260950320504338 8690.000000000000000000
-2.446373130999343726 -5.017048302669629756 0.000000000000000000 0.203451046477050479 8628.000000000000000000
-2.280792333680642603 -4.181848790991796072 0.000000000000000000 0.052098097455383421 7051.250050560054660309
-1.145346082795055898 -1.888276049513682331 0.000000000000000000 0.408050188976714134 8535.000000000000000000
2.380789002618656003 0.212746738050506590 0.000000000000000000 0.382091771597658780 0.000000000000000000
7.071882899557131452 0.173393078155160474 0.000000000000000000 0.456861828990253238 6691.851206917010131292
5.157709344141573560 -1.113173924575024953 0.000000000000000000 0.228554958296973365 9269.000000000000000000
6.119043609227451164 -1.927123379886230170 0.000000000000000000 0.445801211976771639 9168.000000000000000000
5.603037038378352541 -0.825762384010785055 0.000000000000000000 0.243213039823902549 9960.000000000000000000
3.572691444413941930 0.328730397363169391 0.000000000000000000 0.177689388813055849 0.000000000000000000
3.136335576573946682 2.289951008655144449 0.000000000000000000 0.475488713367483384 9249.000000000000000000
5.347905297693069215 -1.334247485302090697 0.000000000000000000 0.279658934858744934 9408.000000000000000000
3.304853662793009406 0.877025401383887737 0.000000000000000000 0.266033131700891212 4398.639651781182692503
1.959420939423549113 0.732447807094700032 0.000000000000000000 0.473572267082679688 0.000000000000000000
4.242813577026125493 0.142672230458790156 0.000000000000000000 0.054610650881208929 9443.000000000000000000
4.662402435084943342 2.142578714803060613 0.000000000000000000 0.381543475188143300 9512.000000000000000000
6.681542739302136269 -0.998072220923203801 0.000000000000000000 0.424895185931787989 0.000000000000000000
4.493521064090361783 1.545051809466888804 0.000000000000000000 0.274544074592331766 9303.000000000000000000
5.678933651855207820 0.775805891659925195 0.000000000000000000 0.249121802973661627 0.000000000000000000
9.936365594229707554 7.537542246567341842 0.000000000518365607 0.224273866164551194 0.000000000000000000
11.694598782379527435 9.854362324178568500 0.000000000535826419 0.309374941598849040 7618.187849461946825613
9.674918847228084928 9.636922550603845394 0.000000000538978859 0.196025795305153211 10153.000000000000000000
9.521547071118472871 9.070189194391680587 0.000000000129429278 0.156569584179692661 0.000000000000000000
9.975268345056937491 8.835713045124625964 0.000000000243095874 0.066914092044977683 10139.000000000000000000
10.644574857203181750 8.462878115043999117 0.000000000540441894 0.073707992605232073 0.000000000000000000
10.802717893612602040 9.012128700144437232 0.000000000001551585 0.094484917622702419 10571.000000000000000000
12.043612909684670242 7.342268664378299725 0.000000000516708370 0.390570721524237052 0.000000000000000000
11.383406086737618779 8.743391270280172378 0.000000000677974647 0.185880159060596017 0.000000000000000000
9.411299860727920574 10.000639422737823025 0.000000000644056798 0.275354200694104712 10120.000000000000000000
11.217385815939254101 6.666561922354845571 0.000000000923886198 0.396529477081858706 0.000000000000000000
9.122765027199559285 9.343440687455313309 0.000000000334079590 0.240959311794237546 10277.000000000000000000
11.103772610029428947 7.592882124294122903 0.000000000623942752 0.243778776911295431 10771.000000000000000000
9.822045557980196406 8.958919290295712656 0.000000000699040465 0.099568046969024840 0.000000000000000000
10.703000204611512913 8.657762263362959843 0.000000000143887222 0.066504751906618864 7953.212812463021691656
0.823951320348868754 13.895161212249389493 0.000000000000000000 0.290861775875401185 11278.000000000000000000
2.845629576178708930 13.492422755157036818 0.000000000000000000 0.098888467556837653 0.000000000000000000
1.992634174852794704 14.589993854323777711 0.000000000000000000 0.241691373159346634 11072.000000000000000000
-0.144522157148166602 12.842443065977526828 0.000000000000000000 0.448490100581585227 11949.000000000000000000
2.221178080238971564 11.410767135809676276 0.000000000000000000 0.332900154013082539 11889.000000000000000000
2.672645233179294699 14.001868186812540529 0.000000000000000000 0.142503678470427636 0.000000000000000000
2.069288146866652411 15.542336309306048037 0.000000000000000000 0.406227148009304428 0.000000000000000000
0.945863880344307462 12.718849516968518287 0.000000000000000000 0.266672089690030201 11297.000000000000000000
2.540128643819349552 10.765668637709618238 0.000000000000000000 0.448597991327956969 0.000000000000000000
2.423078611368145285 14.753842115884483022 0.000000000000000000 0.263508395660232819 11988.000000000000000000
2.256355648089410693 12.232766898427071212 0.000000000000000000 0.186430608966572486 0.000000000000000000
3.292609363555098145 12.767350766593008160 0.000000000000000000 0.193366165223361530 1732.215299671932598358
0.476387861570131188 14.449563202857454769 0.000000000000000000 0.391535281946947977 11230.000000000000000000
0.097496971316228073 13.579259986820158446 0.000000000000000000 0.402270357275502088 0.000000000000000000
2.609532632908001304 10.952986717087345170 0.000000000000000000 0.416635561176099345 11494.000000000000000000
-4.842152974896271722 10.794386956388359877 0.000000000368120054 0.374629962903647973 17203.607394814644067083
-6.232130952639393762 12.110042706987586669 0.000000000570565519 0.112939330395536400 21431.000000000000000000
-4.834806019517122522 11.736955897397580273 0.000000000006873803 0.338215613922383362 21669.000000000000000000
-6.925061720439164681 11.239323746662407189 0.000000000509423744 0.091512942982811471 0.000000000000000000
-7.340009033089640589 11.809060154057196002 0.000000000018890810 0.109474388292352648 0.000000000000000000
-6.147656711636570570 13.182765773619118832 0.000000000414337394 0.279464433843768012 21281.000000000000000000
-6.555806824394314170 10.837698215246915012 0.000000000337400225 0.159104391345180979 15367.794865686521006864
-5.609254656685831009 11.070707358381175922 0.000000000786059471 0.230767444401680510 0.000000000000000000
-5.070529184733579164 13.184541033246430786 0.000000000378574835 0.394021292054088368 21715.000000000000000000
-6.458281083571640657 9.367010212126134050 0.000000000340946686 0.419193863906530240 21438.000000000000000000
-4.980957421576518662 10.056006333855586732 0.000000000481066026 0.429316577955005441 21771.000000000000000000
-8.401715209281761076 13.550863609835499091 0.000000000885752881 0.439645005504452957 21453.000000000000000000
-8.094382795794981433 13.742044021871452131 0.000000000531690563 0.432198529343252813 0.000000000000000000
-6.440316240139300596 11.807161233542382561 0.000000000837157244 0.054368147408268314 2116.092554997905608616
-4.574024808754087346 11.110485545161862930 0.000000000763912557 0.399502332072726341 21577.000000000000000000
-12.104686331948700584 6.533410274131914441 0.000000000000000000 0.340610076775034798 13497.000000000000000000
-13.458365701236182588 6.802184555328675053 0.000000000000000000 0.391887272477251469 13245.000000000000000000
-10.991726363070464245 5.490013969470625810 0.000000000000000000 0.337897078677199592 13842.000000000000000000
-10.435311301627637093 4.431162009902519294 0.000000000000000000 0.408283241098638061 0.000000000000000000
-14.950840102769396012 4.815768362986531770 0.000000000000000000 0.399584471977432354 3977.100837038145073166
-10.442289457334897662 5.324532087488435650 0.000000000000000000 0.420162480589634346 13739.000000000000000000
-10.113792751299113704 4.866656832108778197 0.000000000000000000 0.464447977032739212 13163.000000000000000000
-11.114769052838028074 6.833868224579774164 0.000000000000000000 0.471614588101434973 0.000000000000000000
-11.331098342527416989 5.767163910499570001 0.000000000000000000 0.310956567854448862 10328.745308657003988628
-12.635631490956425793 6.576551770919573769 0.000000000000000000 0.330348135556224942 13128.000000000000000000
-14.295493481893865706 3.438408864334531412 0.000000000000000000 0.354632540244605443 13814.000000000000000000
-15.027095681007795136 4.321426612721356975 0.000000000000000000 0.417074354660877888 13611.000000000000000000
-12.074660888911919798 6.062937600071450106 0.000000000000000000 0.266520774349025713 0.000000000000000000
-12.410650194693195303 2.891407781019379009 0.000000000000000000 0.315581612602843953 0.000000000000000000
-14.675068499738332051 4.177558590974576269 0.000000000000000000 0.360330270657443719 13609.000000000000000000
-11.736123912215269627 -3.787602062801058267 0.000000000000000000 0.233283365671289267 9922.000000000000000000
-12.681617195196865922 -5.797590155252134281 0.000000000000000000 0.194664721473758129 1376.412984476866768091
-10.672144293974065832 -5.136980707288819836 0.000000000000000000 0.372475780175795024 0.000000000000000000
-11.783111832214903103 -5.823441375214054361 0.000000000000000000 0.259320158742074536 9432.000000000000000000
-12.034544712412639456 -4.431095650530499697 0.000000000000000000 0.128404154900251560 0.000000000000000000
-14.261853369184628093 -4.601144808017329169 0.000000000000000000 0.276402181931206692 0.000000000000000000
-13.026280200773220130 -6.541351834686004452 0.000000000000000000 0.328467913132344413 0.000000000000000000
-12.419659941589095808 -7.338499153259937735 0.000000000000000000 0.465679875850560976 9941.000000000000000000
-14.538160731991887076 -5.727034901096780040 0.000000000000000000 0.372580124080811703 9336.000000000000000000
-10.692892062889756133 -3.407386413527059954 0.000000000000000000 0.422940091543904384 0.000000000000000000
-10.742609731767007730 -4.951026575261067819 0.000000000000000000 0.354428733665132056 6103.678514897206696332
-14.971910235114918919 -5.872017214079343184 0.000000000000000000 0.452503572168820811 9015.000000000000000000
-11.607715903129582458 -2.311042694406965747 0.000000000000000000 0.457149379730144079 0.000000000000000000
-11.710069424703453578 -6.869998773138187964 0.000000000000000000 0.421537515630620474 9110.000000000000000000
-13.730915976444141080 -2.842900284181695714 0.000000000000000000 0.366580097939486926 9576.000000000000000000
-6.738256385137751714 -11.284518878702936462 0.000000000574272450 0.076849253029927442 0.000000000000000000
-5.797282755965778023 -12.115812803424065081 0.000000000265791547 0.180914805616702618 0.000000000000000000
-7.671866716418654697 -9.411262213055522352 0.000000000649962035 0.440996494028507546 0.000000000000000000
-5.669449812331238014 -14.174296189500109833 0.000000000058961579 0.474524739883879609 0.000000000000000000
-5.804052777599652657 -11.078497033043905873 0.000000000835813332 0.200598440884003332 0.000000000000000000
-5.606221305913439146 -11.744770666252957625 0.000000000016327360 0.200775433722517133 0.000000000000000000
-7.507840744617548800 -13.618770451689188761 0.000000000282066382 0.363351777653917185 0.000000000000000000
-6.452548795642027102 -13.694938157066216533 0.000000000234755149 0.353436997123976970 0.000000000000000000
-6.667555392188308616 -9.206934932891797985 0.000000000288674890 0.444729124221983796 0.000000000000000000
-7.829909940505003441 -12.686298036950658386 0.000000000098829844 0.259868769664064525 0.000000000000000000
-8.014640370832241345 -10.300819805959577025 0.000000000698889879 0.339159061559814012 0.000000000000000000
-8.889100141576498970 -12.990431518814910206 0.000000000830472986 0.445158013651767714 0.000000000000000000
-5.202759034200495236 -10.651618370817644177 0.000000000072940089 0.331805486535968641 0.000000000000000000
-9.029117776966760545 -11.645839852567041461 0.000000000372898027 0.409538207514110186 0.000000000000000000
-8.084727791434975330 -11.293289894108577087 0.000000000490741720 0.252483363651072990 0.000000000000000000
4.770828688886231461 -12.785752048159363170 0.000000000000000000 0.442910843052910230 0.000000000000000000
0.368473578518771605 -13.628245413325968727 0.000000000000000000 0.355910099378990652 2178.066254596451017278
2.561423969591792194 -11.901318325162314693 0.000000000000000000 0.248228702651708599 20559.000000000000000000
4.102595248760268376 -15.191649470069055639 0.000000000000000000 0.464100019208085968 20519.000000000000000000
1.711686667158653252 -15.200779497323178902 0.000000000000000000 0.360208736525124751 20089.000000000000000000
2.353746638036946504 -10.810010736726168190 0.000000000000000000 0.439246631925267028 20121.000000000000000000
1.935009571389829430 -14.265209822154190533 0.000000000000000000 0.189896352120784123 20744.000000000000000000
1.181689086724466931 -13.473471825148870096 0.000000000000000000 0.208403115808170558 0.000000000000000000
2.195003758346014244 -15.748570760936823731 0.000000000000000000 0.440873452382976871 0.000000000000000000
2.539150569104184463 -13.298011510520506562 0.000000000000000000 0.036698624844381890 20430.000000000000000000
-0.197071831063161923 -12.901957062511877794 0.000000000000000000 0.456043398654760179 17008.160226482181315077
3.709075089756801447 -13.177384097088729931 0.000000000000000000 0.245649539281243695 20605.000000000000000000
3.016251639798653628 -12.251467682225696265 0.000000000000000000 0.219286223426522903 5513.562978153878248122
2.467731635830080705 -13.173453207810807086 0.000000000000000000 0.030055003160039218 0.000000000000000000
3.187556475067031325 -11.940519568895776814 0.000000000000000000 0.282316014548214422 20710.000000000000000000
10.105096797549814269 -7.119361326553714342 0.000000000000000000 0.288746631859969516 18175.078255048028950114
10.578350610798539222 -6.783690545648619619 0.000000000000000000 0.346893355857058772 22146.000000000000000000
12.730396392890252599 -8.698218439677461333 0.000000000000000000 0.426041187333881077 0.000000000000000000
8.428416548692823085 -10.424913112045995689 0.000000000000000000 0.450655215085216720 0.000000000000000000
10.214673879260281808 -10.434217523481295942 0.000000000000000000 0.296583508214981417 0.000000000000000000
10.327415030462766765 -6.447146511833078186 0.000000000000000000 0.403442923289287270 0.000000000000000000
11.006785498031410597 -8.084139218372303759 0.000000000000000000 0.166198654602879664 22962.000000000000000000
10.627011357945233883 -11.306436532392524441 0.000000000000000000 0.451279173946196321 0.000000000000000000
9.653350738502474826 -11.153003083537141649 0.000000000000000000 0.439547960624945167 22553.000000000000000000
10.303534064777352341 -8.173498050452137065 0.000000000000000000 0.100960430948448268 0.000000000000000000
9.953278852029848522 -11.207545195684263106 0.000000000000000000 0.436999389335976374 22387.000000000000000000
11.750452463854415441 -8.873911749909666469 0.000000000000000000 0.252264902499186261 344.369797165790089366
9.879617842595642685 -9.115891660153014442 0.000000000000000000 0.104497370229139033 3385.614882962117007992
8.470006878876771950 -7.835187578528469921 0.000000000000000000 0.370022722966506179 0.000000000000000000
11.894349133289420450 -7.800317833528070288 0.000000000000000000 0.322750897192727870 0.000000000000000000
13.270409936492644221 1.442119628909907192 0.000000000000000000 0.254674121861401759 0.000000000000000000
14.005347908535007662 1.901072796509780449 0.000000000000000000 0.339371782321261362 7069.000000000000000000
13.433029358171895140 -0.826290107018715969 0.000000000000000000 0.144522187686653619 1660.586027794157189419
12.728169057210136472 1.964275949370282159 0.000000000000000000 0.370477612318319716 7283.000000000000000000
11.529785240955375158 1.035211161460747764 0.000000000000000000 0.401202570830939464 7555.000000000000000000
13.550156341398038151 0.136628097694382805 0.000000000000000000 0.023733417719598332 7588.000000000000000000
14.821731448756120031 1.903432218026432698 0.000000000000000000 0.400390643174554639 0.000000000000000000
12.874616789762299618 1.248469391538540973 0.000000000000000000 0.247092302199425906 7314.000000000000000000
15.228633885763970923 1.730657717824350517 0.000000000000000000 0.423993291693604335 7392.000000000000000000
14.729186178247680061 -0.148483491677976726 0.000000000000000000 0.213342874167276875 7789.000000000000000000
11.986262162488438676 -0.831378600326757478 0.000000000000000000 0.312568197868638653 7271.000000000000000000
15.707753804620548266 1.495411011845734439 0.000000000000000000 0.464401327413342724 7909.000000000000000000
11.757430833920860636 -1.658539555771313401 0.000000000000000000 0.429264854181646061 0.000000000000000000
14.542828099697613808 -0.576395850528602094 0.000000000000000000 0.204508519495295887 0.000000000000000000
12.814005926301133442 0.559607601901443208 0.000000000000000000 0.161962901024116590 3798.228473463164391433
