-2.660385653495503266 5.890587962585794202 0.000000000000000000 0.363321040943101081 424680.000000000000000000
-2.379018994744500848 6.098695783067034526 0.000000000000000000 0.393860705795775923 428665.000000000000000000
-0.539177667086190415 3.886807686994352196 0.000000000000000000 0.306371319631201788 0.000000000000000000
0.353381275336663359 4.185678278816879150 0.000000000000000000 0.468383440117649874 428133.000000000000000000
-2.614709615272535537 2.487266967346515756 0.000000000000000000 0.257762100765098479 3542.527562517382648366
-1.850425302369700598 2.997901868821525984 0.000000000000000000 0.174757790359173437 429719.000000000000000000
-2.650331773746660513 6.497382814978309717 0.000000000000000000 0.469435230020806393 320937.583934395166579634
-1.161120176226686729 4.288123937403400809 0.000000000000000000 0.207986143404637613 0.000000000000000000
-2.787738908665341242 5.540218775680927799 0.000000000000000000 0.308572675066300706 0.000000000000000000
-4.486575510435909742 4.089382915602335800 0.000000000000000000 0.398711549364933360 0.000000000000000000
-1.716128170871358494 4.162432060238220544 0.000000000000000000 0.108103206365152207 6458.973657839555016835
0.181941248452976517 2.962991315489056365 0.000000000000000000 0.465183881618965178 0.000000000000000000
-0.997028577100736335 4.039115028383835515 0.000000000000000000 0.226336964773828031 0.000000000000000000
-4.195254059229797328 3.835104660529720988 0.000000000000000000 0.345360456973222096 0.000000000000000000
-2.238163872121308184 2.939328454238490984 0.000000000000000000 0.169376888084976363 0.000000000000000000
-4.528584445301103933 -4.652339917046981910 0.000000000000000000 0.426727262932158902 0.000000000000000000
-3.219384595645206737 -5.906657260987564939 0.000000000000000000 0.397732736077553828 0.000000000000000000
-0.619046783847802984 -2.614923249770016334 0.000000000000000000 0.370078137668920115 345299.000000000000000000
-2.558412364288143781 -2.819030151044528143 0.000000000000000000 0.198102286370648195 344587.000000000000000000
-1.523897329600456763 -2.431184599806973434 0.000000000000000000 0.290976813729057926 340357.000000000000000000
-3.171766299915395049 -5.773739248068971541 0.000000000000000000 0.372742156849166228 345414.000000000000000000
-0.896368941240091033 -2.749588515663482724 0.000000000000000000 0.316539996718732508 340569.000000000000000000
-3.183746114973147190 -4.124826818339314194 0.000000000000000000 0.170162674933564628 340301.000000000000000000
-1.045447958951128298 -1.619198758789673676 0.000000000000000000 0.458655930390219568 145649.796974987577414140
-1.334851716481938899 -2.194276509365587824 0.000000000000000000 0.344007212068470625 0.000000000000000000
-1.713678163174863434 -4.349662649880357890 0.000000000000000000 0.126954588061296669 248955.828086986410198733
-3.100982549410534972 -5.373435461303560423 0.000000000000000000 0.303787189210489583 130293.493635316757718101
-1.767384214498854744 -1.363679165209741528 0.000000000000000000 0.458397617519472111 341924.000000000000000000
-0.595547303889785051 -5.801171884688825386 0.000000000000000000 0.451331742998288710 347159.000000000000000000
-1.747985257053760844 -6.392454522845109288 0.000000000000000000 0.454842556268125753 349300.000000000000000000
5.983314086367704121 2.238487040751942381 0.000000000000000000 0.475768093382905821 388189.000000000000000000
4.049431298778535471 1.748272219872470279 0.000000000000000000 0.321564743161240285 388949.000000000000000000
4.867120548691763027 0.354190546420840635 0.000000000000000000 0.088969012552562010 390652.000000000000000000
5.146546275716294971 1.775151376061602226 0.000000000000000000 0.334789308483668835 0.000000000000000000
5.274135696617862301 -1.563675477376237577 0.000000000000000000 0.308941267061065949 188365.790382600302109495
6.507601924946553318 -0.444084125510096128 0.000000000000000000 0.363902757682017908 387599.000000000000000000
3.086926640337738448 -0.584550236690250524 0.000000000000000000 0.274795092932538676 380931.000000000000000000
2.771364111792625096 0.009002490435406813 0.000000000000000000 0.310617078552270331 387308.000000000000000000
2.782590023906098331 1.594934568419253296 0.000000000000000000 0.419160263656378651 0.000000000000000000
2.044972751366469055 -0.454534446171117046 0.000000000000000000 0.447417988863133997 0.000000000000000000
5.219192318245197804 -2.043778465127715993 0.000000000000000000 0.384063006563937326 383785.000000000000000000
7.033625652915183935 -0.412932756328199813 0.000000000000000000 0.454938194942919094 238393.970212070038542151
2.737256128681147427 0.047720679679329664 0.000000000000000000 0.316804937690188249 390389.000000000000000000
4.482806441799169761 0.823655811714836594 0.000000000000000000 0.146456224450060180 386440.000000000000000000
6.079392416831717938 1.495098384029229566 0.000000000000000000 0.384975498622123158 387919.000000000000000000
12.108365847928693526 6.919028749919903909 0.000000000450133422 0.448891241435813271 0.000000000000000000
8.364942748379307957 8.580625021731444591 0.000000000769734696 0.353358693135057189 0.000000000000000000
9.615397935784050887 6.173381964816764267 0.000000000680568215 0.470041739295527727 247184.796156438824255019
9.968776258706297355 8.524767302560839255 0.000000000722490422 0.076983759156384876 181736.357119118300033733
8.592631715933546133 9.904439100600145096 0.000000000409281911 0.372013487484383787 0.000000000000000000
11.973461325432362301 10.230310370842463641 0.000000000036844427 0.389731923243540390 0.000000000000000000
10.962425097155271914 6.977382103891841325 0.000000000011222133 0.329362365242119481 430215.000000000000000000
8.987132393909789130 8.731394695528994276 0.000000000438531232 0.241262046747765607 0.000000000000000000
11.724128782104429547 9.731027996937539726 0.000000000244375753 0.300650734038891199 353540.743140304635744542
11.880953988836859381 7.249961795474940018 0.000000000239086413 0.379498463171374978 0.000000000000000000
9.409124279037930805 6.742341706299862736 0.000000000144324432 0.389343939270622719 0.000000000000000000
10.279644651798387045 7.995133575767273904 0.000000000161730462 0.132473487522040384 430126.000000000000000000
11.344849420560892739 7.523293146262044928 0.000000000148588413 0.279296147802032768 426879.000000000000000000
9.060842976538014071 8.263989080953377808 0.000000000310392551 0.243439976435999572 0.000000000000000000
9.279857955470264486 7.978332394015636098 0.000000000042652935 0.232422018610489500 423941.000000000000000000
0.577730815264299702 13.200575115698837791 0.000000000000000000 0.313361067228704160 468888.000000000000000000
1.287398695365860490 12.376719091233027825 0.000000000000000000 0.246006730786966249 471421.000000000000000000
0.510464390312100780 12.549613161923696580 0.000000000000000000 0.349912628604543585 0.000000000000000000
4.191836763735525828 12.458591041516674736 0.000000000000000000 0.361632174979751531 466949.000000000000000000
1.999048426395409139 11.353716251873512633 0.000000000000000000 0.347646010156745899 0.000000000000000000
2.645177529080036560 14.727217143206210892 0.000000000000000000 0.264145189813115744 0.000000000000000000
2.070638786814537724 13.834905641053472536 0.000000000000000000 0.109963083503401990 468683.000000000000000000
2.966193185486837081 14.161541314030971606 0.000000000000000000 0.193642887421430626 0.000000000000000000
3.299603809093089257 11.490261696693037763 0.000000000000000000 0.361542655570160520 464931.000000000000000000
3.233073503216600475 12.471359230211731983 0.000000000000000000 0.214966458459403598 0.000000000000000000
1.823131597607513310 14.633164799859303074 0.000000000000000000 0.258202080911901388 464929.000000000000000000
1.280964024079647157 15.279858839713893914 0.000000000000000000 0.403181685894074493 465952.000000000000000000
2.241341901102842371 12.900297855289514004 0.000000000000000000 0.069054969982563497 465364.000000000000000000
1.648475306231470316 14.393662174136306220 0.000000000000000000 0.233500763368930220 0.000000000000000000
2.249596630298499100 11.177448258248329438 0.000000000000000000 0.374133996644815725 404733.468571700097527355
-5.599842887377479705 9.900100957810476388 0.000000000633399616 0.380226705962774303 876658.000000000000000000
-6.172364503759869336 9.253420785654347114 0.000000000798458963 0.447828454656675978 0.000000000000000000
-7.641655207159891106 11.902583203977169291 0.000000000069787722 0.165295629531766242 0.000000000000000000
-6.095378822509712968 11.998512438311793815 0.000000000393200525 0.123889381093292159 112722.098925435027922504
-4.761627514071030021 12.540651303288274931 0.000000000258011829 0.380279937717900085 872042.000000000000000000
-7.589169232386608677 11.146296790544132804 0.000000000375774805 0.183205383096068736 451110.556830929126590490
-7.131147387248576663 9.090275468207966725 0.000000000109857761 0.470397100054820105 0.000000000000000000
-5.157679402046816186 11.251035535439175561 0.000000000765538964 0.292644317331358816 870489.000000000000000000
-7.367180873717985357 10.692208349254475053 0.000000000005455673 0.213928263704883131 0.000000000000000000
-8.527073262886050387 12.352312845495633908 0.000000000660886711 0.338886144877041828 467328.371587234665639699
-5.861631503686972167 13.970652000131087433 0.000000000366941654 0.428052261758104069 868785.000000000000000000
-5.802300749332430563 9.229062398642307485 0.000000000778956281 0.471149378415494480 873532.000000000000000000
-7.334294330436074816 11.432495325475887427 0.000000000041946714 0.118622446897580641 877552.000000000000000000
-8.715321487104203513 12.445503456662263986 0.000000000256749861 0.376003852518594861 0.000000000000000000
-8.095268375812285200 13.065322232239008571 0.000000000593932963 0.340072986489928841 0.000000000000000000
-12.562024969297359789 3.594422045134633148 0.000000000000000000 0.190495250655066062 544434.000000000000000000
-11.673806419693699254 6.474085227705185908 0.000000000000000000 0.363544413944764611 0.000000000000000000
-11.625494972613502398 4.960127951790481937 0.000000000000000000 0.199976606906324295 549980.000000000000000000
-14.157210180010851630 4.597247739412536838 0.000000000000000000 0.257809630386729216 0.000000000000000000
-11.297634791348116323 5.989571865428917619 0.000000000000000000 0.340428226633530340 552856.000000000000000000
-11.766701269563657917 4.355408929010686769 0.000000000000000000 0.177846096964746653 0.000000000000000000
-13.743756185341057474 7.091727761913723782 0.000000000000000000 0.457226142329533014 0.000000000000000000
-10.460587798833014261 4.170503454604519433 0.000000000000000000 0.411169570231520121 548809.000000000000000000
-10.286843342579834015 5.749976906108442698 0.000000000000000000 0.471181847050153757 544485.000000000000000000
-12.853308116349708712 4.704051648417420850 0.000000000000000000 0.025382569572740685 551319.000000000000000000
-10.928224780532245219 5.565491804603141190 0.000000000000000000 0.353769048825140431 11936.123236400291716564
-14.478717981130763803 3.560856687589975866 0.000000000000000000 0.369529510058054900 546655.000000000000000000
-13.857984483210042725 2.763599684844795679 0.000000000000000000 0.389881323937307400 549344.000000000000000000
-13.100149859064497804 6.037134717691487573 0.000000000000000000 0.245918577528082688 549248.000000000000000000
-14.098076393739381373 4.749913463412124948 0.000000000000000000 0.247192115123917311 552073.000000000000000000
-13.055315135433556151 -5.330970425176555949 0.000000000000000000 0.128730573727829756 0.000000000000000000
-12.733929397499551328 -2.445441290656542144 0.000000000000000000 0.388296508491600245 0.000000000000000000
-11.036234369953762169 -3.916700105123396725 0.000000000000000000 0.327107017383048149 0.000000000000000000
-11.806198149570777289 -5.943121857287118281 0.000000000000000000 0.273210577143888911 0.000000000000000000
-11.846482372292834739 -4.022870588408398618 0.000000000000000000 0.192114641592287860 385564.000000000000000000
-12.385013039262574353 -2.020662428704544489 0.000000000000000000 0.466113749920091525 0.000000000000000000
-13.351579708630239907 -3.765258620216018315 0.000000000000000000 0.195227507590352956 0.000000000000000000
-10.701648423105902808 -3.511451441797794448 0.000000000000000000 0.412344788107225690 389135.000000000000000000
-10.800839797711393686 -4.231888976224173149 0.000000000000000000 0.349648343140034512 0.000000000000000000
-12.206808237034870501 -4.600913028466621313 0.000000000000000000 0.091256801931821396 387219.000000000000000000
-13.552001795829271558 -5.840577644766332455 0.000000000000000000 0.251092031100384139 0.000000000000000000
-10.319308029721065978 -3.636925251765921629 0.000000000000000000 0.463819028461856409 384612.000000000000000000
-12.239592289291559624 -3.269853360699817468 0.000000000000000000 0.259305376713972857 390496.000000000000000000
-13.603715390244738970 -4.017449824566661221 0.000000000000000000 0.195896551984835549 381287.000000000000000000
-11.213798271460527545 -3.103138546218214167 0.000000000000000000 0.383251631365485679 138925.196107329626102000
-5.388591131883423202 -13.965679659709957505 0.000000000475093707 0.464682491125440911 0.000000000000000000
-7.808123283018670868 -11.306028684490692982 0.000000000681566814 0.205141736703475075 0.000000000000000000
-7.198213279469541703 -10.684768674717256332 0.000000000108976880 0.200872032086317570 0.000000000000000000
-8.388553554350101749 -10.189881985783866725 0.000000000782436134 0.400089623133678296 0.000000000000000000
-7.644045641884352094 -9.789632280733245651 0.000000000441669001 0.377815719531821692 0.000000000000000000
-7.253773417745869700 -9.099695687987928494 0.000000000369775866 0.472496819623440756 0.000000000000000000
-7.488993218550845654 -9.690538393532420969 0.000000000379635955 0.383187036237302325 0.000000000000000000
-6.184193793338632616 -11.030182754118435184 0.000000000409276179 0.156248005078512026 0.000000000000000000
-8.100367620657403123 -9.883729054388590285 0.000000000197304491 0.405710757114765508 0.000000000000000000
-6.473668505410500984 -10.296863186045584371 0.000000000865086460 0.255913285745954455 0.000000000000000000
-6.044312053538156704 -12.753973586300467957 0.000000000804760291 0.220613223105205453 0.000000000000000000
-7.060780724149388732 -13.475822108984722547 0.000000000129511004 0.316376549951077446 0.000000000000000000
-7.826060894259468270 -10.202172047810661226 0.000000000359773421 0.331467729256965105 0.000000000000000000
-6.021958231319284316 -11.784627904170479340 0.000000000801923229 0.127164073217029105 0.000000000000000000
-4.435353944013977312 -12.283099242174323251 0.000000000165241057 0.421442739886605633 0.000000000000000000
2.334862922579953537 -12.711584911880631665 0.000000000000000000 0.100639905586267633 829998.000000000000000000
2.015339118483605141 -12.461834944754759391 0.000000000000000000 0.155870201944185882 0.000000000000000000
1.873459080244818553 -10.766713354899652089 0.000000000000000000 0.454494193061942942 0.000000000000000000
3.923035635226924445 -14.414043779382796018 0.000000000000000000 0.348033544540291728 830606.000000000000000000
3.201171907514814396 -14.322274023123521047 0.000000000000000000 0.241889253372626789 231490.112374038697453216
-0.001674320412357523 -12.985205774451369365 0.000000000000000000 0.419540771481380692 0.000000000000000000
2.866364060348141507 -12.014599316225210046 0.000000000000000000 0.243895566823911281 833963.000000000000000000
2.270811177125607205 -11.865753655686260615 0.000000000000000000 0.251521284361236719 834583.000000000000000000
1.141726603718640431 -11.648546314841587090 0.000000000000000000 0.359576476931365741 0.000000000000000000
3.714273162849321519 -13.147021290737557209 0.000000000000000000 0.247019687353488587 830825.000000000000000000
2.057553561102833939 -12.590871734287558681 0.000000000000000000 0.131733945310749473 581910.024148688535206020
3.588397124527292981 -11.454713712407503579 0.000000000000000000 0.393830615522750227 0.000000000000000000
0.887991504506389306 -12.588101498013928747 0.000000000000000000 0.285476567205144138 827913.000000000000000000
1.204208921510592889 -14.315628552334652923 0.000000000000000000 0.273530870850563157 831998.000000000000000000
4.779903826422986057 -14.077044286667822703 0.000000000000000000 0.458487714231063603 0.000000000000000000
10.403893645059886452 -7.330192321034298963 0.000000000000000000 0.248838817548637070 0.000000000000000000
9.812590140406017625 -6.220876464217928614 0.000000000000000000 0.453331228350641990 909512.000000000000000000
9.002529221747423094 -7.964997198623222197 0.000000000000000000 0.275331792873364956 0.000000000000000000
10.709942344488345256 -10.837634149838898168 0.000000000000000000 0.372055944297097096 914134.000000000000000000
12.319333073312565219 -7.670774236906193089 0.000000000000000000 0.399782437895525866 913226.000000000000000000
10.709008462742938050 -10.069785412412688430 0.000000000000000000 0.240767427616884799 606330.350871930946595967
12.306529890919984283 -8.836060380094329147 0.000000000000000000 0.350749799560151398 916116.000000000000000000
11.527313261238431252 -6.690989048212780510 0.000000000000000000 0.417510469027988329 918220.000000000000000000
10.772336191783629999 -10.525338236464467201 0.000000000000000000 0.320800108362598480 0.000000000000000000
11.430637483551103983 -9.115333207153661021 0.000000000000000000 0.204659826708911502 910554.000000000000000000
9.849251111409611070 -9.317796469158613704 0.000000000000000000 0.132926054820891593 915544.000000000000000000
11.240378973424844489 -9.303887502450894686 0.000000000000000000 0.187608845388532647 910003.000000000000000000
8.902285434696203481 -7.800477615654410890 0.000000000000000000 0.305687418934692867 910475.000000000000000000
9.322550091507736170 -7.077905223011700997 0.000000000000000000 0.344886494095707874 117194.919036164792487398
11.164310592642470610 -10.018519545630683254 0.000000000000000000 0.266565608786553720 909520.000000000000000000
12.341619132802282621 -0.641502119738803667 0.000000000000000000 0.241111324322270559 305592.000000000000000000
13.182925523296029624 -0.877114782742983712 0.000000000000000000 0.164975730398254194 309154.000000000000000000
14.965842458198162390 -1.099975766705810099 0.000000000000000000 0.317201186600034712 303904.000000000000000000
14.150944503946973896 0.454633918808064863 0.000000000000000000 0.134204994403224781 300163.000000000000000000
13.729597570312339627 -0.705303526044921969 0.000000000000000000 0.126721890881809768 277674.766162219049874693
13.251415246180778595 -0.229825386331337950 0.000000000000000000 0.065228190901083158 0.000000000000000000
11.565559588844358530 0.615678344137377098 0.000000000000000000 0.368060688713616024 308589.000000000000000000
12.336539423792521220 2.245716722845052526 0.000000000000000000 0.445287852347718005 307643.000000000000000000
11.942470489906991560 1.641059461732218505 0.000000000000000000 0.403220521995023895 0.000000000000000000
15.484578821105030144 0.938093836702064254 0.000000000000000000 0.382389956326606661 300623.000000000000000000
14.783676803072042460 0.572893033436505217 0.000000000000000000 0.242629872250407025 31556.586807662883074954
13.025389090640777212 -2.289137591785793457 0.000000000000000000 0.407611544205828347 0.000000000000000000
12.471426723985869600 2.389200418327217079 0.000000000000000000 0.456628946898774757 0.000000000000000000
15.754225514205158376 -0.314766847463568866 0.000000000000000000 0.398219108252777454 301282.000000000000000000
13.450406910384838710 0.981602296647361428 0.000000000000000000 0.170914474852968679 307066.000000000000000000
