-0.685626206042083353 3.360950002070744791 0.000000000000000000 0.295706214640528653 0.000000000000000000
-3.991119090830373306 2.464451868870791706 0.000000000000000000 0.399679386613895793 413273.344718846201431006
-2.733539545607185595 2.038209920154662402 0.000000000000000000 0.340453929099213459 308266.744484937516972423
-3.854579049214365671 4.658177199356917875 0.000000000000000000 0.315633985404891793 424219.000000000000000000
-3.406349829927818540 5.545882442124159262 0.000000000000000000 0.358782779270300556 425841.000000000000000000
-2.925775372233351934 3.346141007202876771 0.000000000000000000 0.153422997544795325 0.000000000000000000
-2.221165001350035695 1.250820773378710893 0.000000000000000000 0.470051123848687802 425001.000000000000000000
-4.126767467907080267 3.228203578995465062 0.000000000000000000 0.353232717052892331 186845.347433021437609568
-3.128281044623493656 3.220419145288257123 0.000000000000000000 0.195612640011730593 426639.000000000000000000
-1.616523775151151865 5.846690685693062939 0.000000000000000000 0.366769713303741696 0.000000000000000000
-2.570355202109495085 1.722948757773075767 0.000000000000000000 0.389884908113257711 430662.000000000000000000
-3.432014911839051052 2.660585072002803031 0.000000000000000000 0.302766658495133789 160533.441151154518593103
-0.931061979864823086 4.846066789069109149 0.000000000000000000 0.291453168012198505 430882.000000000000000000
-3.438067821469549479 2.285032457529432293 0.000000000000000000 0.354748292176196300 427052.000000000000000000
-1.580720367359821354 4.736687292607648203 0.000000000000000000 0.193173650351558007 0.000000000000000000
-2.432534689314481025 -4.413962399846923290 0.000000000000000000 0.098312806049809090 346883.000000000000000000
-2.678779012920711633 -2.168488205600995311 0.000000000000000000 0.315589228689632961 341701.000000000000000000
-4.351962517982422618 -3.594129531213684281 0.000000000000000000 0.376845301222336948 340298.625891598581802100
-1.624319297063605116 -2.842891113237006273 0.000000000000000000 0.218091299336425321 102239.068486945718177594
-2.430292264905394628 -6.400877271323353490 0.000000000000000000 0.448113712045621004 176176.915827455639373511
-2.806320297249035534 -4.058220347314100529 0.000000000000000000 0.102167651374873769 340639.000000000000000000
-4.879424624951965939 -3.837409723522155147 0.000000000000000000 0.467227740549210346 0.000000000000000000
-4.400477511101450467 -3.986637975753887453 0.000000000000000000 0.382177159526644994 340841.000000000000000000
-4.121257113502665881 -3.906773154322044750 0.000000000000000000 0.332047982953689091 0.000000000000000000
-1.977793892745565163 -2.027773644074074788 0.000000000000000000 0.335437297779402677 345843.000000000000000000
-1.090645575576657089 -2.205697871427906964 0.000000000000000000 0.365161299071845247 0.000000000000000000
-0.638671161409543275 -1.975643709583115859 0.000000000000000000 0.446806247732823791 340858.000000000000000000
-4.539539122653724057 -4.050685561556266912 0.000000000000000000 0.407572709368476727 0.000000000000000000
-1.746870570804666345 -4.292268720711806651 0.000000000000000000 0.115910544295036333 340241.000000000000000000
-2.595726584925923675 -3.154079081971299381 0.000000000000000000 0.144221646824048977 287335.206825544242747128
2.730062586876405462 -0.482970169592422394 0.000000000000000000 0.329370816702715674 0.000000000000000000
4.787290271987520107 -0.965290621873681087 0.000000000000000000 0.178252690551312487 89789.460613520903280005
6.319313786041536929 -1.074693636139930408 0.000000000000000000 0.373973329292157430 388866.000000000000000000
6.149247606957202628 0.282536377352221091 0.000000000000000000 0.295693766067801955 0.000000000000000000
5.524306815588667874 -0.395573612077717296 0.000000000000000000 0.193248646159790316 0.000000000000000000
3.650594300344064180 0.815777628271521227 0.000000000000000000 0.211477792444332707 384493.000000000000000000
5.307950988388288494 -1.478399587241792101 0.000000000000000000 0.298212264947173233 0.000000000000000000
5.707292066899287697 0.938222166048744421 0.000000000000000000 0.270104791272270273 270361.068321016267873347
5.431807560169935378 -0.442649040647746295 0.000000000000000000 0.181453921768856830 0.000000000000000000
5.066044558930434150 0.863192758190004850 0.000000000000000000 0.182148815941600872 389329.000000000000000000
4.696804435429349667 -1.855944718902130752 0.000000000000000000 0.331308094891761440 386324.000000000000000000
3.028580265126389115 -0.584214282346568581 0.000000000000000000 0.284426901226297602 385462.000000000000000000
2.731136259541160793 -0.308524621593040060 0.000000000000000000 0.322484277527894159 0.000000000000000000
3.112540888972254560 1.494255909620972655 0.000000000000000000 0.364696861525801386 22781.831218001152592478
5.988556520785341064 1.086501131131601072 0.000000000000000000 0.325928232326940348 388204.000000000000000000
8.546933876531769059 8.639775877069663323 0.000000000359829179 0.320263411050820235 0.000000000000000000
9.319380394170256210 9.462334778307287309 0.000000000868633517 0.221071450059307145 0.000000000000000000
8.379473249105505062 8.925163007285464190 0.000000000550894484 0.350927325422799752 423123.000000000000000000
8.712416202735983717 8.811976895613179650 0.000000000103777821 0.290423637643060673 0.000000000000000000
9.233058517648279562 7.028296323305192495 0.000000000620697799 0.360830366403499747 431108.000000000000000000
9.239710657414800465 8.184206181884936981 0.000000000622518451 0.219796354773743097 392585.462333292816765606
8.759476809678234943 8.748844997370438747 0.000000000689543309 0.281818556375340812 428194.000000000000000000
11.956097464933259644 10.210764315544430758 0.000000000756958195 0.385153686107476079 0.000000000000000000
11.330752292921603797 9.866599189136541881 0.000000000816716527 0.263624314140972871 428580.000000000000000000
11.500984553325118043 10.135881316055598944 0.000000000345869220 0.319025828946689960 424520.000000000000000000
10.599379439895843191 8.507510973772690832 0.000000000461838141 0.062485312944898432 390220.999071680475026369
8.120934294103729911 9.471802716999423666 0.000000000627205234 0.415596499535823616 146292.955501324584474787
7.754124983048114927 9.250016006203839680 0.000000000279787750 0.469366354211960213 0.000000000000000000
10.882836544983861771 7.406893572230478284 0.000000000903551770 0.254055530829021714 427132.000000000000000000
9.097726758074875519 6.674364889570577830 0.000000000274912727 0.426336778937588590 425743.000000000000000000
0.994925414739824654 11.797155618201397687 0.000000000000000000 0.355600226283676102 465032.000000000000000000
3.256757172753700580 11.342194367851478276 0.000000000000000000 0.381580178615106125 76625.051493300168658607
2.835869423764149744 13.705460139782355000 0.000000000000000000 0.117546521634517023 262288.757974051288329065
2.038209144970396292 11.922802920348752664 0.000000000000000000 0.246834695246490876 468133.000000000000000000
2.247175114295867360 14.480074781497531689 0.000000000000000000 0.214861580770288302 0.000000000000000000
1.990852209732639766 11.348180001012629248 0.000000000000000000 0.348871481408631223 469981.000000000000000000
0.564293071967227999 11.703252832724480470 0.000000000000000000 0.421999955495257817 467000.000000000000000000
-0.237653150952681302 13.537376396955711044 0.000000000000000000 0.460706868087369992 470469.000000000000000000
2.597353121722030256 12.341605084674387882 0.000000000000000000 0.172981268623196460 80828.882527910289354622
1.761436554276075928 12.972923976701533633 0.000000000000000000 0.115560763323911034 471739.000000000000000000
2.583014282902383663 10.968932285655505154 0.000000000000000000 0.413287562708122058 462974.000000000000000000
-0.175417663086749109 13.695160022360004959 0.000000000000000000 0.453441343002941977 102489.223096194458776154
4.455852641276201176 13.817788414272419217 0.000000000000000000 0.390151525433281299 0.000000000000000000
1.332162912181675596 13.074588477957941990 0.000000000000000000 0.182209977566067549 0.000000000000000000
2.367726729424223464 12.027000057296922009 0.000000000000000000 0.222624733105751677 470852.000000000000000000
-7.408466953137829769 9.333164115248106185 0.000000000833409985 0.438775188202433719 870551.000000000000000000
-5.243009592481805647 11.340767561173722200 0.000000000463768948 0.273772751270047077 231390.115019649761961773
-7.500206312677751619 11.395544560667556055 0.000000000919303522 0.148303220386132639 877616.000000000000000000
-7.217895310280222354 13.244673237903068497 0.000000000331634824 0.283502315350008749 869208.000000000000000000
-6.178022276864789220 11.085671835764740578 0.000000000529729554 0.149431967053458070 0.000000000000000000
-5.656665120983213946 13.339079063314869700 0.000000000282576241 0.345243134699757259 0.000000000000000000
-8.691313755125120721 10.140533403931085488 0.000000000708488816 0.446720581471009015 871207.000000000000000000
-5.609993639785956887 13.526193637938174419 0.000000000076639812 0.377615899803129706 868803.000000000000000000
-6.825224653314111656 13.350164496548813986 0.000000000733775372 0.289229103179108216 0.000000000000000000
-6.048134792194815645 11.647798694445203438 0.000000000079107611 0.122603927628529147 380998.688515260990243405
-6.927455102722569258 12.619947200293678335 0.000000000112505647 0.163250852749650954 876515.000000000000000000
-5.980975603313457789 12.701905652748083142 0.000000000669059317 0.219710420357856234 0.000000000000000000
-4.387474767059607039 12.402416563340388223 0.000000000724955106 0.435151965084993431 869905.000000000000000000
-8.216469958095043324 13.898772123089409902 0.000000000794802623 0.467289975151358505 870114.000000000000000000
-5.847338792741079594 9.726353666823394306 0.000000000611801145 0.386576841963782947 873853.000000000000000000
-12.057561670609356241 6.529556379268719013 0.000000000000000000 0.342772773225850258 551700.000000000000000000
-13.070636373751939985 2.001329077065878703 0.000000000000000000 0.469514165246438464 0.000000000000000000
-10.420983570689271502 5.183650176495493866 0.000000000000000000 0.417950814180837793 0.000000000000000000
-12.062609507181006663 4.401440180063729279 0.000000000000000000 0.125594392519660231 0.000000000000000000
-11.812601561841999498 6.312656677150286555 0.000000000000000000 0.326753752128887243 550566.000000000000000000
-12.678815839891550254 5.266145368170210617 0.000000000000000000 0.102352230002368580 548918.000000000000000000
-13.118733590720703219 4.552460220933136625 0.000000000000000000 0.075558887315434309 335810.394695570343174040
-14.367365734641277086 6.146736206832376759 0.000000000000000000 0.389451529720177936 543612.000000000000000000
-10.608700731446299770 3.972023580787892527 0.000000000000000000 0.394846091007848177 544370.000000000000000000
-14.171929983050675972 3.364871082109281097 0.000000000000000000 0.345678297346073027 543143.000000000000000000
-12.950014637142503560 3.296404094082155289 0.000000000000000000 0.243916667594487740 289267.533328486082609743
-12.745068934900915636 2.612436083225683436 0.000000000000000000 0.359285184073188935 301064.530839112005196512
-13.911635931493043117 4.530031294101566353 0.000000000000000000 0.215198755531181646 0.000000000000000000
-11.947326089253058612 2.231075977785765385 0.000000000000000000 0.447503965040244422 551909.000000000000000000
-12.802916570002842889 5.465559981987923699 0.000000000000000000 0.137747749981121687 545693.000000000000000000
-14.439612527019145105 -4.367157203270929600 0.000000000000000000 0.312455597965692722 0.000000000000000000
-12.366837185921184528 -3.612376473455750414 0.000000000000000000 0.195526459307405226 382901.000000000000000000
-14.267088052578579038 -4.514493733610336790 0.000000000000000000 0.278465712270194898 384976.000000000000000000
-12.371560571580674903 -5.893398508444530393 0.000000000000000000 0.219962946142911786 389275.000000000000000000
-13.807243517789460796 -4.140019623569533458 0.000000000000000000 0.216271654169091748 84289.879079038655618206
-10.438937438131251412 -5.482498040036356102 0.000000000000000000 0.428953211493299069 382793.000000000000000000
-10.265282372016786283 -4.518652211130360641 0.000000000000000000 0.437183967270809659 390625.000000000000000000
-11.511104693498506180 -5.022421714522869785 0.000000000000000000 0.222477146317966584 12505.648938274880492827
-14.063356694887074738 -3.155695144934194118 0.000000000000000000 0.357304765718119477 0.000000000000000000
-12.664014077758901422 -5.886024040545318137 0.000000000000000000 0.210150769333679183 194833.741776392940664664
-11.375771405746936793 -3.094663401538145564 0.000000000000000000 0.364768809419491968 389243.000000000000000000
-11.343456164458102009 -3.043044818355157499 0.000000000000000000 0.375357929917762845 388886.000000000000000000
-13.541812702391339940 -6.770865311542382692 0.000000000000000000 0.392076451843676677 0.000000000000000000
-13.395689698704892123 -2.034869517191355559 0.000000000000000000 0.474889790639210940 386674.000000000000000000
-12.585331664108382554 -5.259299264929460094 0.000000000000000000 0.103533466274930278 384265.000000000000000000
-6.655356939221324986 -11.007159892912296684 0.000000000875881489 0.126693102804912222 0.000000000000000000
-4.842104774903037701 -10.663684184065511218 0.000000000574724895 0.385337219866562386 0.000000000000000000
-5.528448124846413236 -9.953970538004744739 0.000000000096219902 0.379240509424300987 0.000000000000000000
-7.096867878110209915 -11.326364442412012679 0.000000000342984518 0.095067100658765058 0.000000000000000000
-5.727344370189363154 -11.870251577446810032 0.000000000744330689 0.181137660924798632 0.000000000000000000
-6.195689827658223514 -9.797703720954304529 0.000000000783936177 0.353375708218875817 0.000000000000000000
-8.904778848829092652 -12.282754008087747977 0.000000000447360492 0.399782771128533165 0.000000000000000000
-7.419515426782500533 -10.737080269576104286 0.000000000013327716 0.212462725075914655 0.000000000000000000
-6.628170518119654631 -10.959377851589108488 0.000000000036129137 0.135686494160740578 0.000000000000000000
-4.580627167604752081 -12.945731730347304733 0.000000000857151624 0.440926880416250055 0.000000000000000000
-5.294697322568015174 -11.535985077519571362 0.000000000370601233 0.258279102518194803 0.000000000000000000
-8.988831176339230566 -11.264477240987492479 0.000000000461907129 0.410070647446928005 0.000000000000000000
-7.299776776541378354 -11.279471893020541984 0.000000000323880047 0.127524731899229415 0.000000000000000000
-4.286799454058260572 -11.941548577118341612 0.000000000030782004 0.437640899618749357 0.000000000000000000
-7.542418601387637977 -13.731248336825021994 0.000000000254331921 0.384081507795296484 0.000000000000000000
0.881833829473213981 -12.586300503351292690 0.000000000000000000 0.286605471051626315 0.000000000000000000
2.816176690789326198 -15.529484626859183294 0.000000000000000000 0.410162179674777860 0.000000000000000000
3.914378783638079007 -14.014017052099088545 0.000000000000000000 0.310664038111186536 0.000000000000000000
3.678459022273075973 -14.248790221960748070 0.000000000000000000 0.295492742545385378 0.000000000000000000
0.540768582263659536 -15.042086461685249432 0.000000000000000000 0.448417578318675902 0.000000000000000000
2.502147279884423092 -14.284186151213409843 0.000000000000000000 0.181875019830094131 0.000000000000000000
0.923639631830898922 -11.845469135434088415 0.000000000000000000 0.358074452384330166 0.000000000000000000
2.813255884970765397 -14.116738859625881375 0.000000000000000000 0.172206221694092110 832235.000000000000000000
2.518350273661603023 -12.284227816132212041 0.000000000000000000 0.179747734814753618 828315.000000000000000000
3.588216143052545437 -12.057428089947947569 0.000000000000000000 0.311499076441618228 429440.308532799070235342
4.314045178276744608 -11.808963664756840117 0.000000000000000000 0.438931540813969734 836723.000000000000000000
4.096071569359983400 -15.175814509872594726 0.000000000000000000 0.461244917155116729 828289.000000000000000000
1.021668590662592635 -13.626995354118671244 0.000000000000000000 0.242131468361069302 0.000000000000000000
-0.150036023066645291 -13.142022299736433766 0.000000000000000000 0.443399165877293944 828451.000000000000000000
-0.205553611781638806 -12.610264108753883150 0.000000000000000000 0.467953207421304085 27855.298356698851421243
9.057781320766316924 -8.171486917014375351 0.000000000000000000 0.250080151629621106 912521.000000000000000000
8.492777223960755961 -9.642803512462773341 0.000000000000000000 0.364994917062339774 0.000000000000000000
8.047548342782885555 -8.972667100137433849 0.000000000000000000 0.410598658132704131 0.000000000000000000
10.799360934680933610 -8.771751718935078657 0.000000000000000000 0.081879920492685679 0.000000000000000000
11.312635439273153182 -9.796347131579549838 0.000000000000000000 0.252398855920063780 913653.000000000000000000
8.493904166178792181 -10.253414477974496677 0.000000000000000000 0.422361061246303404 909139.000000000000000000
11.518270821249283031 -9.929184346931810623 0.000000000000000000 0.294611148906589959 917333.000000000000000000
9.809631268055014175 -7.008251503213448252 0.000000000000000000 0.319637162194489288 918103.000000000000000000
10.730044645111359358 -8.844849561004698657 0.000000000000000000 0.071463723489832251 911864.000000000000000000
10.054975652384639417 -9.122474449909567795 0.000000000000000000 0.083115417801961189 766335.663173746666871011
10.512613973583317062 -10.269943272359451925 0.000000000000000000 0.268554558934443854 917542.000000000000000000
7.927035976764087444 -7.807867838144717965 0.000000000000000000 0.460869483000495128 912570.000000000000000000
10.680094815984375600 -8.769711737398447227 0.000000000000000000 0.060634508412798702 0.000000000000000000
8.932763826574319665 -10.315935552538373798 0.000000000000000000 0.372652394816456567 908948.532759673544205725
10.740540346105330372 -6.973408169024111203 0.000000000000000000 0.319029789286700782 0.000000000000000000
11.176053952326993723 0.656254758755758449 0.000000000000000000 0.436752919662756145 306368.000000000000000000
11.419884005206188959 -1.539012136929943209 0.000000000000000000 0.463322731899725893 306268.000000000000000000
12.851418748408619308 -2.229474839592158197 0.000000000000000000 0.405958129778632992 304310.000000000000000000
13.105429638832564621 1.997385639590592010 0.000000000000000000 0.355046755685164084 291151.987990564899519086
13.274618176066187658 -1.617300465245481433 0.000000000000000000 0.284427300640808123 231606.547072899411432445
12.851567756960085021 2.613531102578895204 0.000000000000000000 0.469889982739458034 308062.000000000000000000
15.198914165450633007 -0.590369487103880264 0.000000000000000000 0.312610492947167140 304228.000000000000000000
12.630193259973095721 0.904719639067708470 0.000000000000000000 0.225918936681414689 300384.000000000000000000
13.492926410757881683 0.828048855167201725 0.000000000000000000 0.143776329184553159 0.000000000000000000
11.703375779187117800 -1.954159367993351326 0.000000000000000000 0.472019331958842214 0.000000000000000000
13.441957854893727742 -0.768689079570288536 0.000000000000000000 0.134412266700963429 0.000000000000000000
15.072756046106373873 0.626704330026829681 0.000000000000000000 0.293709303552089795 300726.000000000000000000
15.407267566643987777 -0.333279989182498237 0.000000000000000000 0.337597555226762103 306131.000000000000000000
11.085890001035416219 0.849261436181281248 0.000000000000000000 0.461919510917598641 307311.000000000000000000
11.348598900133405110 0.617788852239177455 0.000000000000000000 0.405317555487039016 309275.000000000000000000
