-3.422142996622660416 1.645310281340037761 0.000000000000000000 0.450200979246370481 422119.000000000000000000
-0.787040368484437702 5.159674316267090610 0.000000000000000000 0.346257482192785404 430224.000000000000000000
-2.155063078931191534 6.090758125563607628 0.000000000000000000 0.392319635254861521 0.000000000000000000
-0.059307899339200415 2.456296112081155059 0.000000000000000000 0.467787321466019645 429252.000000000000000000
-1.913423084910593541 6.029922406258013012 0.000000000000000000 0.386007514681088904 427219.000000000000000000
-1.794412267382127446 3.469716095867901196 0.000000000000000000 0.111544892280882074 429736.000000000000000000
-0.532748054739464516 3.146044119184209453 0.000000000000000000 0.334875217837845129 0.000000000000000000
-3.497689703539594408 2.622936566361804722 0.000000000000000000 0.315715798651329982 425214.000000000000000000
-4.431041714606527293 3.824836577620960298 0.000000000000000000 0.387412697662400218 427000.000000000000000000
-0.303736588345000946 4.160530249192179397 0.000000000000000000 0.351640794962999714 0.000000000000000000
-1.985141295476559042 5.549057798566839672 0.000000000000000000 0.299427467514340573 421998.000000000000000000
-1.073008330204640925 6.191667200876376675 0.000000000000000000 0.461181441332828290 429089.000000000000000000
-2.897248582391140914 3.502773156743790750 0.000000000000000000 0.133153606189284762 424150.000000000000000000
-3.152548232005861539 2.571288026310087016 0.000000000000000000 0.283785665580984392 0.000000000000000000
-0.873486323244022644 3.405239530121242808 0.000000000000000000 0.261478044024723744 427089.000000000000000000
-0.104010752769391368 -3.279604305398204023 0.000000000000000000 0.399029668903322920 308259.258806389581877738
-1.670114194101265603 -4.621533969352361382 0.000000000000000000 0.167202593015820772 344241.000000000000000000
-2.241647518804939399 -1.530256481956793424 0.000000000000000000 0.420261091679209331 344839.000000000000000000
-2.958648915852531758 -5.967028229975339215 0.000000000000000000 0.390247344966629439 0.000000000000000000
-3.334101885187282566 -4.076773427754199375 0.000000000000000000 0.194608331573114440 340404.668192361365072429
-0.806483007925647088 -3.741700024233090449 0.000000000000000000 0.260083328600478114 345943.000000000000000000
-1.379877746324833510 -1.909441901679552966 0.000000000000000000 0.385987361147390518 341268.000000000000000000
-2.305877386474100899 -4.675497607450682658 0.000000000000000000 0.140112211376109297 344904.000000000000000000
0.340084201854969126 -3.878768047597819013 0.000000000000000000 0.463051119125689359 349177.000000000000000000
-3.533063851472530548 -6.042214032273966140 0.000000000000000000 0.445336646056860852 0.000000000000000000
-0.820365504731527029 -3.720658400384396103 0.000000000000000000 0.258034132156905349 78808.145608074468327686
-0.307108078710242427 -5.207900248207612215 0.000000000000000000 0.419549321574150313 348908.000000000000000000
-0.779474776423238369 -3.380966913819940967 0.000000000000000000 0.278723978104249981 340168.000000000000000000
-3.640433780847351475 -4.215068724845828285 0.000000000000000000 0.253042309306513336 0.000000000000000000
-2.479573326037693093 -3.609550258459314875 0.000000000000000000 0.063671009873409429 349284.000000000000000000
4.864369887948623905 -2.223168558435528297 0.000000000000000000 0.399786598840787766 390527.000000000000000000
2.311715795297351050 1.295269357686934519 0.000000000000000000 0.455141868813652428 0.000000000000000000
5.849210629893544677 2.039836875334473110 0.000000000000000000 0.433223474813516529 385383.000000000000000000
3.773524653369701998 1.055228802489268203 0.000000000000000000 0.229372454374936335 382490.000000000000000000
2.509613672429568343 1.317204329151163478 0.000000000000000000 0.427222972895161257 200555.537695389328291640
3.313761651681290665 -0.406561739108991127 0.000000000000000000 0.225832983906467055 387195.000000000000000000
3.005033836774951617 -1.070988204437306468 0.000000000000000000 0.329570995646294329 98903.967228727939072996
4.982219774957266090 -0.835837379985579387 0.000000000000000000 0.170291383993017020 385287.000000000000000000
3.585935234918648629 -0.163547060331387245 0.000000000000000000 0.167978600364299263 0.000000000000000000
5.460369413790779447 -0.748021900312098920 0.000000000000000000 0.214658739899979828 0.000000000000000000
5.561510245158882704 1.589777548635236570 0.000000000000000000 0.338378217403281945 384780.000000000000000000
4.736000757071773926 2.145873867144523217 0.000000000000000000 0.383237760494179847 0.000000000000000000
3.820751153710562509 0.327134874223238781 0.000000000000000000 0.136589248303981808 0.000000000000000000
4.693799872345987723 1.061042176166512974 0.000000000000000000 0.191198702042620655 386144.000000000000000000
1.984059110695535866 -0.157113998719075582 0.000000000000000000 0.451769909380210888 185375.497865811106748879
11.003672354927360288 11.232121299164221639 0.000000000073706217 0.450855835141614480 0.000000000000000000
10.009534038017516622 11.057826640248791250 0.000000000035476507 0.409488703269678400 0.000000000000000000
9.408276608342941216 9.711754737314173269 0.000000000915321190 0.237185873877764686 424224.000000000000000000
9.030240217010589987 10.226533906524059248 0.000000000812787040 0.349322986653613443 429121.000000000000000000
10.432647600099246077 11.271812062823862277 0.000000000039435925 0.442758079831728046 429094.000000000000000000
7.999428446744635934 8.784029318706320311 0.000000000473847245 0.417314848462112420 426850.000000000000000000
10.316852561430815527 8.526981460558168635 0.000000000854941646 0.038985838677307198 401050.770109784440137446
10.322967257747906800 8.001300522168747875 0.000000000896770118 0.130974469581960795 54140.075216906989226118
8.434689878588535805 7.532457190737390285 0.000000000064259816 0.401339762774831632 426734.000000000000000000
12.324307066074887018 10.018302319528341826 0.000000000744214619 0.417484060312390826 423682.000000000000000000
11.617929609536853164 6.887330847044968785 0.000000000807672322 0.397268669578550004 0.000000000000000000
11.801146871715129549 10.348296595174206303 0.000000000864875716 0.382263906263474562 100506.009866558553767391
11.387418016862206116 7.602468751083539367 0.000000000192904956 0.273904525647690023 424824.000000000000000000
12.853237683536319125 8.149066436862165475 0.000000000748327376 0.459885672271594992 431174.000000000000000000
10.562045186487791781 6.594114163729420497 0.000000000633450739 0.379586448392786879 425060.000000000000000000
2.105744839903868293 13.419490140127377842 0.000000000000000000 0.048027503332591308 465980.000000000000000000
2.378279166234999575 12.653066229900016282 0.000000000000000000 0.111334869242800755 466141.000000000000000000
0.204269130928450976 13.362781268480940611 0.000000000000000000 0.379927006411808654 466685.000000000000000000
3.520659400039034548 12.760795411671169930 0.000000000000000000 0.230513269514110081 883.242174091715696704
3.345264500856528045 12.993802648107578790 0.000000000000000000 0.187079815649110553 26848.048253868309984682
2.620141304035191077 15.340435875435058932 0.000000000000000000 0.370962618713717329 0.000000000000000000
3.113196750150044601 12.777870665481124490 0.000000000000000000 0.164790651483707390 470419.000000000000000000
2.124002394864195065 13.157545360830336989 0.000000000000000000 0.043080870202927758 463034.000000000000000000
3.665357235805729363 12.929269137454612704 0.000000000000000000 0.245148320691146643 465034.000000000000000000
3.197201210337599964 13.302214401139817568 0.000000000000000000 0.153852660952449233 85399.584903095877962187
3.793156810638333987 15.277238695438439819 0.000000000000000000 0.440826133166440981 467479.000000000000000000
4.670401317706366129 13.545072599445431294 0.000000000000000000 0.419051223098992009 471585.000000000000000000
1.257541611072668930 11.611199163794799105 0.000000000000000000 0.353335661064118678 0.000000000000000000
3.603704829690384415 12.527890662206820238 0.000000000000000000 0.262571508051561042 465024.000000000000000000
3.394511169129317718 14.557134559444381949 0.000000000000000000 0.296048449452421869 464055.000000000000000000
-5.865185279149059738 10.460701345988161037 0.000000000255871417 0.271202181924135088 875376.000000000000000000
-4.534805607117859516 13.232906646955232333 0.000000000300060366 0.474871825270651859 875332.000000000000000000
-5.261133039992000882 9.680072380897142281 0.000000000169418653 0.446428782720295236 876490.000000000000000000
-6.105192019367272849 10.060856213164067086 0.000000000522618592 0.314170242902827468 0.000000000000000000
-6.317418407282444193 12.348219946151706594 0.000000000517663922 0.133791353585668266 0.000000000000000000
-7.252172888678935614 13.605737246886539182 0.000000000564863371 0.346446799115784410 0.000000000000000000
-4.436411227014896319 10.652759841670599528 0.000000000875483888 0.450743898651689567 105369.387241470132721588
-6.464457112080847168 11.498473078672033054 0.000000000744089800 0.061646373877580728 873932.000000000000000000
-8.379903568106067624 11.006823857646161002 0.000000000440275584 0.319434994529365690 869336.000000000000000000
-4.621949618214797439 12.914207988557992124 0.000000000209665341 0.431762832702804078 871231.000000000000000000
-6.416317741392832730 12.366738213786609535 0.000000000013002642 0.127838331298042812 876664.000000000000000000
-8.529239988979254505 13.292526276548782604 0.000000000445176174 0.424080262931597396 850641.324880348402075469
-4.575376486694901601 10.138144163792409458 0.000000000128404559 0.475744201383723364 875311.000000000000000000
-4.981635222666097818 12.946436309626241368 0.000000000643402387 0.380449079459943440 871337.000000000000000000
-7.664927696859605177 13.640541656104657520 0.000000000507759688 0.378295848443352178 875255.000000000000000000
-11.758289253610046288 4.965419620664304645 0.000000000000000000 0.177378983050244743 546969.000000000000000000
-14.320600878338908046 3.512706502534550523 0.000000000000000000 0.350620953810982794 546812.000000000000000000
-12.559016985401981970 3.203428976014902840 0.000000000000000000 0.258053400464248517 548376.000000000000000000
-12.985722564027845749 2.793143486255632801 0.000000000000000000 0.331252762031248427 546235.000000000000000000
-13.393730016010701789 6.986658214203109729 0.000000000000000000 0.418721341536734071 545254.000000000000000000
-14.870226565300479038 4.364253086672023052 0.000000000000000000 0.388342435886550319 0.000000000000000000
-13.478764403162454499 4.353015323866499919 0.000000000000000000 0.147732198928157366 0.000000000000000000
-10.916934332467111091 4.977441315959900692 0.000000000000000000 0.324374433590757738 552130.000000000000000000
-11.243141469804921684 2.705955183976438416 0.000000000000000000 0.432365550129956089 0.000000000000000000
-14.587223179103030901 5.497294689064375461 0.000000000000000000 0.362916092545234381 0.000000000000000000
-11.674441327103739496 2.419872126661346545 0.000000000000000000 0.434881549018008629 199915.063044440932571888
-11.002668849583573163 6.052041729089647326 0.000000000000000000 0.387733641017466824 0.000000000000000000
-13.105833606949209624 6.659513938478338169 0.000000000000000000 0.351212617425382789 0.000000000000000000
-15.020270584397975355 5.355032159019915028 0.000000000000000000 0.427582351434295738 548760.000000000000000000
-13.238793930574795255 6.157529380047019885 0.000000000000000000 0.273444856969406791 0.000000000000000000
-12.297238519183046890 -2.972116207206253691 0.000000000000000000 0.306078072035412485 0.000000000000000000
-11.009103796349728910 -3.824345311382335577 0.000000000000000000 0.338312907113819228 107118.984202934574568644
-11.813798775886354520 -4.063592867255716001 0.000000000000000000 0.192804096957909288 382165.000000000000000000
-13.103022473699056150 -4.037513873471594295 0.000000000000000000 0.131301943743492272 0.000000000000000000
-12.854123147129225657 -2.282352475631450606 0.000000000000000000 0.417289086642978202 0.000000000000000000
-12.753949517663247804 -3.012200702435527955 0.000000000000000000 0.289827716545713931 92203.459393445169553161
-12.619201681662872261 -1.964313004715539046 0.000000000000000000 0.472316034657819572 0.000000000000000000
-12.526783052104894622 -5.800940600792930724 0.000000000000000000 0.198029693367964332 382653.000000000000000000
-10.887813079166658525 -3.577520506101968145 0.000000000000000000 0.377825806380735929 0.000000000000000000
-13.884547804276145655 -2.574104595707336518 0.000000000000000000 0.420552757197600657 0.000000000000000000
-13.371387828358111349 -3.489822021120128959 0.000000000000000000 0.237461907468763306 0.000000000000000000
-11.247452359777959430 -5.913683799061016266 0.000000000000000000 0.338556808254578345 385343.000000000000000000
-15.222269421630590713 -5.084912462558803803 0.000000000000000000 0.452739711721175331 0.000000000000000000
-12.498686998266133941 -5.872145953460205625 0.000000000000000000 0.211110214893429793 0.000000000000000000
-12.428538131605776584 -6.591763298851213371 0.000000000000000000 0.336680157613595599 154837.902034619270125404
-7.757429714628382378 -11.469801064288603243 0.000000000190901716 0.187921100648119843 0.000000000000000000
-6.520486260445936821 -9.300117563896263206 0.000000000503517363 0.429814239437008361 0.000000000000000000
-5.568877794528730441 -10.773974103048779227 0.000000000726544977 0.266506084496979323 0.000000000000000000
-8.361275057562679081 -12.474924560852768352 0.000000000838346797 0.319591623111105338 0.000000000000000000
-4.998438931721416623 -10.187346371593813288 0.000000000100356565 0.411331603974489590 0.000000000000000000
-7.900206903024112215 -12.360462764299287031 0.000000000262038231 0.237060668904657379 0.000000000000000000
-7.407026277566571615 -13.384547279051778546 0.000000000490395850 0.318244452910596387 0.000000000000000000
-5.482477714429158766 -12.938753471356040592 0.000000000402915447 0.310448250072489274 0.000000000000000000
-8.027074908086301974 -13.110353905706650934 0.000000000107575447 0.337274866665477346 0.000000000000000000
-7.952984838929455513 -12.142625095298482663 0.000000000215831044 0.230099866481538268 0.000000000000000000
-6.240544729870566520 -11.675472249368654687 0.000000000767148436 0.087998878493081703 0.000000000000000000
-4.943057912826916755 -13.500451924781078361 0.000000000572452324 0.448865591991303603 0.000000000000000000
-6.678060632044160450 -11.508530983078118837 0.000000000085301864 0.038432965306312565 0.000000000000000000
-5.391410744880995587 -12.445655450531385000 0.000000000086405842 0.271523629737112304 0.000000000000000000
-6.721299952607601824 -14.243107938912661581 0.000000000342588473 0.446818671124181721 0.000000000000000000
2.695039558582262185 -15.868853281610810768 0.000000000000000000 0.465958316538102435 831269.000000000000000000
3.940756525692519663 -11.488072632942483153 0.000000000000000000 0.428088402362113707 0.000000000000000000
0.567527058693156561 -13.218406378903161169 0.000000000000000000 0.315056963339432228 0.000000000000000000
3.133266431343179725 -14.736992317992967827 0.000000000000000000 0.296397421309717912 833882.000000000000000000
1.758903247990963203 -13.837357819628888222 0.000000000000000000 0.143144748024796736 0.000000000000000000
2.320559435602155940 -13.639644163240314256 0.000000000000000000 0.064678097671964960 0.000000000000000000
1.137592505992908842 -14.504478673514025644 0.000000000000000000 0.305493073644337754 0.000000000000000000
0.523787047512700998 -11.827647737426332242 0.000000000000000000 0.413230715697134654 741341.417817154433578253
-0.230489275633788876 -14.007024701910426145 0.000000000000000000 0.475239384206341320 0.000000000000000000
2.203265141874850119 -14.328548165131666181 0.000000000000000000 0.188769718582970064 836899.000000000000000000
2.543890578328810825 -13.993242862473968202 0.000000000000000000 0.132943787393137614 827717.000000000000000000
1.352379696242327345 -14.943021123599805833 0.000000000000000000 0.344563885745500731 0.000000000000000000
3.982300443121558953 -14.218203852381527952 0.000000000000000000 0.338123351745427181 0.000000000000000000
0.556719526519142249 -12.247520982487824170 0.000000000000000000 0.366040482583912141 0.000000000000000000
1.853559792080428537 -14.135426307741163043 0.000000000000000000 0.175312387339835007 249.403861637413257313
9.805731238905217140 -6.443688546529881656 0.000000000000000000 0.415453319681375444 0.000000000000000000
9.780313346089762661 -10.972954373645084303 0.000000000000000000 0.403032076063166600 906272.966445460333488882
12.019099436015483917 -9.836855639518654826 0.000000000000000000 0.354621343629383301 0.000000000000000000
11.549891804083010527 -9.077782173200452220 0.000000000000000000 0.223145790103182751 0.000000000000000000
11.026895725081214295 -10.495213490294615255 0.000000000000000000 0.329569069028424644 0.000000000000000000
11.734008073154317486 -9.351942216456459178 0.000000000000000000 0.269908821682276756 0.000000000000000000
11.955564462448556640 -10.065963589592470839 0.000000000000000000 0.368751394954814293 917212.000000000000000000
12.302594570481508285 -8.050728635316872328 0.000000000000000000 0.370329762827173892 0.000000000000000000
10.972356065730270558 -8.639868715686553458 0.000000000000000000 0.114191714157240720 914002.000000000000000000
11.349644570515330599 -9.305889812722412557 0.000000000000000000 0.204666670156255892 909439.000000000000000000
11.227629468082197306 -10.812206308199971971 0.000000000000000000 0.394485903857401787 441526.313979524478781968
9.917203217682502014 -8.370649112218968568 0.000000000000000000 0.100396736844566667 0.000000000000000000
11.031282459059376322 -7.531738400748980489 0.000000000000000000 0.246043949953511587 0.000000000000000000
11.576980084039002250 -6.818170055984322353 0.000000000000000000 0.403228390916568091 908980.000000000000000000
8.015965468341176958 -7.624903061275127847 0.000000000000000000 0.459014500424504479 0.000000000000000000
14.689212670247185244 1.331265321250271638 0.000000000000000000 0.307977249477497161 299998.000000000000000000
13.508868645208401915 -2.114385802108974310 0.000000000000000000 0.366482476001525059 301454.000000000000000000
12.209418389160356710 0.430042412362765802 0.000000000000000000 0.248859606461897698 0.000000000000000000
12.379211331671660545 1.459498241933462337 0.000000000000000000 0.327362948030368084 0.000000000000000000
11.806117462474652768 -1.374501589283043224 0.000000000000000000 0.390851695480641859 0.000000000000000000
12.839945888743974578 -2.485922591702687701 0.000000000000000000 0.449140178170868098 308533.000000000000000000
11.043385805202618144 -0.939277502883131277 0.000000000000000000 0.474278616750858806 303898.000000000000000000
14.469928979793241552 -1.343208283158306093 0.000000000000000000 0.285281372189558680 305940.000000000000000000
14.153265547852777573 1.811469355739445675 0.000000000000000000 0.331963842661077757 306072.000000000000000000
11.872990753152407706 -1.140862827933799561 0.000000000000000000 0.357430955339944068 0.000000000000000000
15.148411180496989203 0.794005734063173207 0.000000000000000000 0.317639377089654562 303813.000000000000000000
14.105634199630571857 -0.995638819261553731 0.000000000000000000 0.199573230804426849 0.000000000000000000
14.732434014594739224 0.893823783173286701 0.000000000000000000 0.262625790768935274 299510.000000000000000000
12.998365462268726134 -0.250282095883994304 0.000000000000000000 0.106043771318585223 302014.000000000000000000
15.166814503377626266 0.809390525873806777 0.000000000000000000 0.321744012589554540 303692.000000000000000000
