-3.496933718364924282 2.045506307235275045 0.000000000000000000 0.395648935361808340 0.000000000000000000
-2.346400942071670936 2.636184975256755880 0.000000000000000000 0.223867961666139315 10478.000000000000000000
-3.398653182774491910 2.574043784056312845 0.000000000000000000 0.310156363253083989 0.000000000000000000
-3.455318478218123435 6.087220935705762948 0.000000000000000000 0.445457677503871163 10742.000000000000000000
-2.434958270577560757 2.943027235145740050 0.000000000000000000 0.171585104364318258 0.000000000000000000
-0.921629638048906852 4.769774688007288432 0.000000000000000000 0.285130009442188914 10398.000000000000000000
-1.712198194487747571 2.397806385302307497 0.000000000000000000 0.283069386503041420 10726.000000000000000000
-0.290309819489726673 5.637652751643804194 0.000000000000000000 0.468951459065806098 10014.000000000000000000
-3.544714840963407276 5.768012946151216624 0.000000000000000000 0.405306347460343774 10458.000000000000000000
-0.065515624174386222 4.843319731337884626 0.000000000000000000 0.426074357886807142 0.000000000000000000
-2.579615966971732011 6.367422664395151699 0.000000000000000000 0.444786110377900945 7349.378808267768363294
-3.296220948900023373 4.932201051514896406 0.000000000000000000 0.261977115406450078 9565.932847746646075393
-2.816537749867285001 2.953098210560681558 0.000000000000000000 0.194270406668820644 10556.000000000000000000
-1.504194636514772698 1.745864616477758258 0.000000000000000000 0.404893210108099866 0.000000000000000000
-0.747911395656564171 4.617404704660200032 0.000000000000000000 0.298727528532864828 10242.000000000000000000
-3.512226068653227173 -3.014092231376682474 0.000000000000000000 0.272521054768890769 0.000000000000000000
-1.236548932111352084 -6.201808550971814604 0.000000000000000000 0.450221778935077699 0.000000000000000000
-0.610910417402634520 -5.257622836664454624 0.000000000000000000 0.381493785066714441 8150.000000000000000000
-1.871333213868879186 -3.246072110971896407 0.000000000000000000 0.133852546260935207 0.000000000000000000
-3.065123189881578281 -5.691743041325341146 0.000000000000000000 0.351489539539837970 0.000000000000000000
-0.665616833299540467 -2.760756680624940618 0.000000000000000000 0.347919851354512089 8308.000000000000000000
-2.286150283329629662 -3.053792909772236275 0.000000000000000000 0.149035338534395573 0.000000000000000000
-0.176396157218618038 -3.855071989128064480 0.000000000000000000 0.371070990396901335 0.000000000000000000
-0.389745421619150378 -5.379312024150603833 0.000000000000000000 0.425753142098326043 0.000000000000000000
-0.503562082907822783 -2.729188727894213518 0.000000000000000000 0.374929116048939914 0.000000000000000000
-1.655380271024356809 -4.349107899463610316 0.000000000000000000 0.135004771412857133 8962.000000000000000000
-0.775166761282777728 -2.931515429265636907 0.000000000000000000 0.314690737072534421 8334.000000000000000000
-0.449758832796185559 -3.171679074730527237 0.000000000000000000 0.346793831976687839 8818.000000000000000000
-2.801851052940036446 -2.815394601451348677 0.000000000000000000 0.214499302242508377 0.000000000000000000
-1.747575597765549604 -2.339262168177404622 0.000000000000000000 0.290845937063142601 8617.000000000000000000
2.944899238405287889 -1.559251588572910796 0.000000000000000000 0.393838969556201901 0.000000000000000000
4.147979086519078429 2.088429917745684872 0.000000000000000000 0.376832712241901568 0.000000000000000000
6.388543127950137013 -0.932209549819728700 0.000000000000000000 0.372750456878450764 3253.464320705002137402
4.941172927753822997 -2.089873480950241280 0.000000000000000000 0.378911615441778260 0.000000000000000000
2.702786459689507481 -1.805614090915157455 0.000000000000000000 0.455343867669218860 9313.000000000000000000
2.125645978210794151 -0.197454477355398311 0.000000000000000000 0.427123262068152265 9507.000000000000000000
3.331233020158893332 -2.316863258037335171 0.000000000000000000 0.462735612347004555 0.000000000000000000
1.989875054092905327 0.450375908636074018 0.000000000000000000 0.456946999383505192 0.000000000000000000
3.649865405068720481 -0.747046157275811251 0.000000000000000000 0.203391834425330431 3645.130890743761938211
5.133948908585606041 -0.409621468680968492 0.000000000000000000 0.132265527212600403 0.000000000000000000
4.194125230654800696 -0.813275604795737683 0.000000000000000000 0.155382859716851729 9198.000000000000000000
3.932016616906029771 0.250628247025027007 0.000000000000000000 0.112920653890635422 6585.932828090148177580
5.929123601255181342 -0.650424399711141743 0.000000000000000000 0.277347611749043543 9364.000000000000000000
5.117479853147766988 -1.873350056819183651 0.000000000000000000 0.349637122070238615 9585.000000000000000000
3.540681002659015419 -0.790691706515536996 0.000000000000000000 0.223306212628438472 0.000000000000000000
8.102165715544421332 9.821122708027013815 0.000000000179720895 0.441361567006560485 10561.000000000000000000
10.657967618132074605 10.142424828262145198 0.000000000473917111 0.250850365844048684 10330.000000000000000000
12.396708410254591470 8.659451843366118950 0.000000000622822801 0.366810101609261419 3894.763963582795440743
10.591939383124310936 7.881131216456559230 0.000000000088994543 0.158410647558111101 0.000000000000000000
11.285867408017031366 8.388884683236241813 0.000000000448188809 0.179840224989531339 10334.000000000000000000
9.236616726862949989 8.869359362542393654 0.000000000520738538 0.197929724610269309 10784.000000000000000000
8.619885479436575793 8.168962699543358852 0.000000000742849404 0.323145438573024080 10149.000000000000000000
8.716949112034130920 7.790575207697903792 0.000000000814227012 0.334766347488532401 0.000000000000000000
11.046139747455466562 10.609954005177353764 0.000000000895489603 0.349517457670201204 10802.000000000000000000
11.895782446369199903 8.089898056389191794 0.000000000834055007 0.300146613293378495 10291.000000000000000000
9.823122081964866581 6.695112991194654306 0.000000000547051828 0.371863479572724642 0.000000000000000000
10.492088695987805025 9.497488877863956347 0.000000000593918812 0.134141493261637157 0.000000000000000000
9.798615647086419855 9.837836850345340167 0.000000000442855697 0.214278935681230659 0.000000000000000000
10.123832572229794380 6.128939960078829685 0.000000000909358861 0.460988283767134355 10724.000000000000000000
11.720108443412291521 10.431828600138908669 0.000000000055718717 0.383707439263725636 10210.850146599221261567
0.030477406445550533 12.367489683849562709 0.000000000000000000 0.441380554571030426 11593.000000000000000000
0.356461880970938783 14.294698319662968444 0.000000000000000000 0.396412197073133077 0.000000000000000000
2.756300655452394999 15.364948426076812993 0.000000000000000000 0.379321787620222228 0.000000000000000000
3.797392570558002500 15.057285693428077877 0.000000000000000000 0.410350809998600408 11689.000000000000000000
3.694341790706313411 12.051748553459235680 0.000000000000000000 0.326001071474177617 11773.000000000000000000
1.673206124675639561 11.603759640106131812 0.000000000000000000 0.320424315867311904 0.000000000000000000
0.109796769229868280 13.889100223306261483 0.000000000000000000 0.411188134522720850 5014.424972655350757123
1.399371192847072676 13.650945200936170920 0.000000000000000000 0.179477762221534193 11427.000000000000000000
1.376473593190481903 13.911044957533794886 0.000000000000000000 0.204725500123692311 0.000000000000000000
2.539208913567867043 15.098307651972545429 0.000000000000000000 0.326401277592360317 0.000000000000000000
1.650832311009178266 14.427975655695398416 0.000000000000000000 0.238514329853169893 3432.010566032795395586
1.972871340337124746 12.620109101035398069 0.000000000000000000 0.133516017786649538 11230.000000000000000000
1.247464818534318232 12.848698842140438003 0.000000000000000000 0.208176876662915872 3856.649059064361154014
1.138643757106543308 14.409479354236090387 0.000000000000000000 0.293480338763295212 11386.000000000000000000
4.696003075199069343 13.515951063249939779 0.000000000000000000 0.423031413815535495 0.000000000000000000
-4.140468074303218948 11.881921672764571341 0.000000000070939619 0.462831857027599436 21112.000000000000000000
-5.099182947887078932 10.582510383037011081 0.000000000003829860 0.353963110815443516 21251.000000000000000000
-7.936084308801580889 13.384125515900345604 0.000000000111945575 0.364274649911499049 21012.000000000000000000
-7.182637226721422685 13.726162837945734552 0.000000000757548192 0.364111602358025976 21468.000000000000000000
-6.197867379759723683 9.833838902918783376 0.000000000506089546 0.347113066516008095 17028.652792709228378953
-7.768005167559977053 11.275385160953089070 0.000000000791971658 0.200531036107406802 0.000000000000000000
-7.276374000820788446 9.346174681957851504 0.000000000831275937 0.430720495225273781 21774.000000000000000000
-7.834917245586752621 10.270385154153151674 0.000000000613208646 0.322749495505178896 10519.057827096090477426
-6.803027765589024334 13.213043843114842701 0.000000000838243388 0.264794532616883960 12384.223374973957106704
-5.064955441893970622 13.559855318842339855 0.000000000273219705 0.441407559702706509 0.000000000000000000
-7.411475419607239878 11.463103204457430806 0.000000000503550831 0.129201309261783914 21946.000000000000000000
-8.833398320362018552 10.253516483845075413 0.000000000393605777 0.455119581446055133 8528.072450247904271237
-5.032562639350710576 10.458288821188810758 0.000000000715704504 0.376432225656992470 21193.000000000000000000
-7.095649446654928916 13.621566119235193781 0.000000000874974024 0.342856392206096150 0.000000000000000000
-5.811825581934027873 9.429618575445188000 0.000000000418744138 0.437434668338978594 0.000000000000000000
-12.973357760244294212 3.117476994974393012 0.000000000000000000 0.275253729607635222 13674.000000000000000000
-12.639301541496260839 5.281901818563927264 0.000000000000000000 0.105739213304741064 0.000000000000000000
-15.117047374089795042 5.222877150788793443 0.000000000000000000 0.438722249805199249 13175.000000000000000000
-14.656857181979741966 2.992278430418141344 0.000000000000000000 0.453125161167647172 0.000000000000000000
-12.343408199083494736 4.791638394626542841 0.000000000000000000 0.068770964318143848 0.000000000000000000
-13.888349396572515104 6.092997254691100650 0.000000000000000000 0.322618027788524830 13614.000000000000000000
-13.606909214710977807 3.815863997283789111 0.000000000000000000 0.218658017598392290 13176.000000000000000000
-13.841245094217832445 2.537008488798029759 0.000000000000000000 0.422450932055883521 0.000000000000000000
-13.831609466588256296 6.682097810676276950 0.000000000000000000 0.400690238173820046 13728.000000000000000000
-10.795723974547202673 3.477489769878530534 0.000000000000000000 0.400902887463271240 13021.000000000000000000
-12.107365155340646723 3.290210049515685409 0.000000000000000000 0.264722141793559684 0.000000000000000000
-14.624830752798811062 5.671178685886607340 0.000000000000000000 0.381672279402588299 13342.000000000000000000
-14.857738344504282324 3.339434756112881875 0.000000000000000000 0.447070122616326893 0.000000000000000000
-14.636030305871198465 4.383347570174022323 0.000000000000000000 0.346563091151488700 0.000000000000000000
-12.592697668994331295 4.251117547287171838 0.000000000000000000 0.077390900971429782 0.000000000000000000
-13.536672868642215306 -6.738380067339310386 0.000000000000000000 0.386514170890867204 9283.000000000000000000
-14.573154910980610666 -3.717152156222905734 0.000000000000000000 0.371033788779466411 2321.940776680454746383
-10.163699314994849132 -4.711015025106702225 0.000000000000000000 0.454427430899633500 9445.000000000000000000
-11.683814348705006125 -4.905458612896183013 0.000000000000000000 0.187680867907048271 0.000000000000000000
-15.345217026273591188 -4.297607426608212933 0.000000000000000000 0.473767322386883238 0.000000000000000000
-12.055147147070261582 -2.819766330065793802 0.000000000000000000 0.344217599306326338 9199.000000000000000000
-13.612468222462698719 -4.570413546423938378 0.000000000000000000 0.161418046672736515 9581.000000000000000000
-12.577480102507395898 -5.852439445524926676 0.000000000000000000 0.205588955219320413 0.000000000000000000
-11.751705972434381309 -7.089392537138032857 0.000000000000000000 0.453545241668440291 0.000000000000000000
-15.263962585852910436 -5.316037406079535899 0.000000000000000000 0.467854004400980961 9823.000000000000000000
-13.119945669280323131 -3.099549930487541793 0.000000000000000000 0.283774169287742239 9321.000000000000000000
-13.580709608585738835 -6.129664320841048841 0.000000000000000000 0.295561899602759970 9946.000000000000000000
-10.649707545025982824 -4.203556383044189992 0.000000000000000000 0.377013227553184171 9060.000000000000000000
-14.197920775126299020 -2.730008477212468421 0.000000000000000000 0.429123925699191000 9827.000000000000000000
-13.940422288651243221 -4.105947427209490463 0.000000000000000000 0.240273666172727385 9855.000000000000000000
-8.951247470677442308 -12.654701587314400868 0.000000000415890294 0.428596292368192910 0.000000000000000000
-7.178749971018547171 -11.426488279874675413 0.000000000696334551 0.094873832403517946 0.000000000000000000
-5.163438551660755493 -11.844606298038398151 0.000000000340744595 0.280524738914391225 0.000000000000000000
-5.606097315906615641 -11.580479521049186431 0.000000000343316293 0.202231336559047015 0.000000000000000000
-5.267754164380566095 -9.934213712925421547 0.000000000735479328 0.410078904987800252 0.000000000000000000
-7.936118689916513702 -11.905691776145621574 0.000000000661417642 0.217079236758260824 0.000000000000000000
-8.373091038875436709 -12.980624966270319476 0.000000000164852197 0.367723790497767378 0.000000000000000000
-7.428065878525624832 -11.694371658325964702 0.000000000085705313 0.124068775516860574 0.000000000000000000
-7.345157044029788196 -13.572510836474402041 0.000000000743853207 0.345628528477193608 0.000000000000000000
-5.329398540070722667 -9.682601593775107318 0.000000000630735460 0.439008570123608721 0.000000000000000000
-5.371201325436865126 -12.229098464403005408 0.000000000639521749 0.258926701036470863 0.000000000000000000
-4.719670980598809962 -12.358567777541114907 0.000000000188530898 0.376235523081758338 0.000000000000000000
-8.828409937561991327 -11.601179870482230427 0.000000000327404846 0.374144877379506857 0.000000000000000000
-7.427719152387732393 -10.331733561584139025 0.000000000118759966 0.274831995231061277 0.000000000000000000
-9.121445035289374559 -10.883354600677279223 0.000000000142154696 0.450587386326600614 0.000000000000000000
1.722339008602667754 -15.655619000819589459 0.000000000000000000 0.437498438939013190 0.000000000000000000
0.864744570909813715 -12.182183388632376264 0.000000000000000000 0.326525904443212833 0.000000000000000000
3.976438086717406950 -12.025283807466950137 0.000000000000000000 0.367741830202529096 20257.000000000000000000
2.436011621875205257 -10.883173217415688327 0.000000000000000000 0.426579990906347517 20390.000000000000000000
0.536664042528673058 -14.177734242206916804 0.000000000000000000 0.358345299959927477 20623.000000000000000000
0.606320466372818223 -15.299252370821612601 0.000000000000000000 0.473976876500503130 20060.000000000000000000
3.845101222148886499 -12.894123168448841099 0.000000000000000000 0.277729086690168436 0.000000000000000000
3.203745571485971499 -15.078132044049940674 0.000000000000000000 0.356141966343792582 20794.000000000000000000
0.837536523249704623 -15.127459183748584337 0.000000000000000000 0.424093147734978082 0.000000000000000000
0.713041614933946577 -13.500200333860368218 0.000000000000000000 0.291683968083295775 0.000000000000000000
1.313951264533975705 -10.883390146565774970 0.000000000000000000 0.463461576848419432 0.000000000000000000
4.178007048070397467 -12.448396736394636619 0.000000000000000000 0.360116506181252904 0.000000000000000000
2.756907119003888518 -10.845081322268713464 0.000000000000000000 0.439423431507373174 9274.712820115120848641
3.218996930363065445 -12.916978712271115270 0.000000000000000000 0.170178969474507502 0.000000000000000000
0.367497223794532257 -12.310142821882731567 0.000000000000000000 0.390541236739631814 14596.471917173894325970
9.006773494332433572 -9.599006927078471918 0.000000000000000000 0.280853432289114135 22859.000000000000000000
7.702568066101376232 -9.150178729026793079 0.000000000000000000 0.475461770619311885 22724.000000000000000000
11.060553713629193595 -7.193717927309807081 0.000000000000000000 0.300947972756365867 0.000000000000000000
12.732917891282330203 -9.557687934263384477 0.000000000000000000 0.449228580062881244 22140.000000000000000000
12.144274996739857997 -7.639171027957706528 0.000000000000000000 0.375400856993178933 14636.624045697530164034
10.717058955717453372 -9.347386172009596095 0.000000000000000000 0.124647239931764936 10280.437736694204431842
8.330911750876285993 -9.535031566615142395 0.000000000000000000 0.384004455893851793 22466.000000000000000000
11.780910981390247727 -10.537004072981716263 0.000000000000000000 0.404763490002386983 22945.000000000000000000
11.768975305378148732 -6.492035739091253532 0.000000000000000000 0.469605440921656070 0.000000000000000000
9.678675362320594999 -8.758017502305206037 0.000000000000000000 0.117999055099000411 22274.000000000000000000
9.163861795253747999 -10.344098120834766874 0.000000000000000000 0.350137477622576299 0.000000000000000000
10.355724254131080997 -10.860090671672688600 0.000000000000000000 0.370341111165554127 22888.000000000000000000
12.358139594845848563 -7.183916280156494416 0.000000000000000000 0.451669053408256194 22181.000000000000000000
10.917669554950720112 -9.769645716284403036 0.000000000000000000 0.206433553888214355 22606.000000000000000000
9.814068494429736944 -10.018416954077668635 0.000000000000000000 0.241898988776881457 0.000000000000000000
11.433966029026688460 -0.134521608194328651 0.000000000000000000 0.376313207362603319 5054.443060273642004177
13.060236991147416319 1.982157730060567724 0.000000000000000000 0.354362632147345369 7024.000000000000000000
13.091005925221576689 2.352969326617476931 0.000000000000000000 0.415939065329701485 0.000000000000000000
15.944717231559815573 0.755552224602070832 0.000000000000000000 0.447806056534798214 7892.000000000000000000
12.904705402181253504 -2.145193883720596606 0.000000000000000000 0.389134627871074945 0.000000000000000000
12.991368766572062299 -1.377640242631927858 0.000000000000000000 0.258323909665196472 7825.000000000000000000
13.446818395425246706 0.966317002471811182 0.000000000000000000 0.168340988818481918 7397.000000000000000000
14.232671100265216424 -1.230261766750426089 0.000000000000000000 0.246012243281826248 0.000000000000000000
14.841841914717502249 1.817191541199333571 0.000000000000000000 0.390348435278202566 0.000000000000000000
13.873272594150218850 -2.452341985062989949 0.000000000000000000 0.428778748156721290 7900.000000000000000000
13.399943105575541580 1.886452119074665923 0.000000000000000000 0.327980040093730218 0.000000000000000000
13.322213023963680456 -0.333861562042242044 0.000000000000000000 0.069807982982259362 7615.000000000000000000
11.599917291523674123 -1.516140860019820957 0.000000000000000000 0.435058445262293758 0.000000000000000000
12.172145757756538842 2.045022144996983204 0.000000000000000000 0.431068310248585385 0.000000000000000000
12.349848011340110787 1.084337077144339467 0.000000000000000000 0.283851800512183006 7263.000000000000000000
