-3.088187330254487772 6.412001634166664132 0.000000000000000000 0.472661928356476524 430472.000000000000000000
-1.331524972287820185 2.574540453808157547 0.000000000000000000 0.286709337445115009 426623.000000000000000000
-0.121440716642932392 2.438061217649845958 0.000000000000000000 0.460369824442254272 0.000000000000000000
-0.680349059753112995 5.613263581738320518 0.000000000000000000 0.416296054953207484 424075.000000000000000000
-3.958281968951781415 4.595158652358897200 0.000000000000000000 0.327934217409571682 428274.000000000000000000
-0.310266077385532635 4.283672091636374191 0.000000000000000000 0.354170157352430293 430151.000000000000000000
-0.888301503234729006 4.885016565007246570 0.000000000000000000 0.301694454668600509 0.000000000000000000
-4.303972694227477191 2.965930064052705539 0.000000000000000000 0.399958055386697042 422139.000000000000000000
-2.804043283775573769 2.660021169946112707 0.000000000000000000 0.239663835312394435 421844.000000000000000000
-2.406973901483444145 4.569608111102652082 0.000000000000000000 0.123863604334403826 428972.000000000000000000
-3.393173086844043951 3.335065402731014927 0.000000000000000000 0.225125721814485702 425165.000000000000000000
-3.298908965833518003 4.944895061171125761 0.000000000000000000 0.263918176169955332 429279.000000000000000000
-2.645383171375704556 4.000940666415442770 0.000000000000000000 0.071767758781174168 425790.000000000000000000
-3.160818417984125883 2.492946151110879249 0.000000000000000000 0.296224531489285348 423170.000000000000000000
-2.722153796687106553 3.191778619475951650 0.000000000000000000 0.149339191499759993 0.000000000000000000
-0.704974801832419562 -5.337939109743572885 0.000000000000000000 0.378351582694826660 0.000000000000000000
-1.697400908608811321 -4.640955241490992478 0.000000000000000000 0.166954677532669821 347310.000000000000000000
-0.696224987933123374 -2.258543898933372596 0.000000000000000000 0.402473898797979734 311907.908641691261436790
-0.055740369430556817 -2.860867047528781626 0.000000000000000000 0.433240230537687843 344337.000000000000000000
-4.152708029415403068 -3.202740814686369841 0.000000000000000000 0.359111196592441562 349319.000000000000000000
-2.799294842059161681 -5.900122174976607958 0.000000000000000000 0.370622969749297093 348938.000000000000000000
-3.319986718005595527 -1.615916787967073054 0.000000000000000000 0.446859902289427069 344870.000000000000000000
-3.292745994045031654 -5.575612299745356992 0.000000000000000000 0.352145221273722664 0.000000000000000000
-3.255582474454958852 -5.800023418814396869 0.000000000000000000 0.383632529330564243 0.000000000000000000
-2.227439005671135952 -3.300978324851679080 0.000000000000000000 0.105077216172325238 342909.000000000000000000
-2.158382740210179396 -5.305702605032373675 0.000000000000000000 0.252720492277474840 0.000000000000000000
-3.164655751791638050 -2.902564036516682044 0.000000000000000000 0.238771525656830103 0.000000000000000000
-1.255853960439508921 -5.844541937977455248 0.000000000000000000 0.391288580017629617 347102.000000000000000000
-3.296721356735877517 -5.128658430235339516 0.000000000000000000 0.287855837137280579 344500.000000000000000000
-4.340740170990517122 -3.638482430039729376 0.000000000000000000 0.373838381438980738 343009.000000000000000000
5.723622070472084822 -2.162212579083279351 0.000000000000000000 0.440182475570341958 384249.000000000000000000
5.871034429151232636 1.674443820499675661 0.000000000000000000 0.383143406496834593 382438.000000000000000000
4.152563064540535365 2.595369746861842408 0.000000000000000000 0.465688905605182280 380744.000000000000000000
6.246397706790700610 0.758494089708947938 0.000000000000000000 0.336782430821372158 381454.000000000000000000
3.128221153496709483 -1.644901650262583503 0.000000000000000000 0.382838634696353597 0.000000000000000000
6.921598356190078682 -0.013689482940932860 0.000000000000000000 0.429054736010696214 385322.000000000000000000
3.005138475461993863 -0.213036102048698189 0.000000000000000000 0.271607351810333852 54330.541345549521793146
5.301335931509495225 1.072229368526363302 0.000000000000000000 0.236504670982638637 0.000000000000000000
4.915221171069801720 -1.706467667390339393 0.000000000000000000 0.311419012142485185 386729.000000000000000000
6.822067234669323632 1.152061774564056673 0.000000000000000000 0.459248059280038923 152894.433022293669637293
5.569863535401499810 0.770025831183939080 0.000000000000000000 0.232574058393374666 0.000000000000000000
3.912688396311444272 0.295253917360693896 0.000000000000000000 0.119363017183299600 382935.000000000000000000
2.495455646127296756 -1.377064980893727641 0.000000000000000000 0.435236495572816295 382527.000000000000000000
2.177592709751325462 -0.558508703184348421 0.000000000000000000 0.428107967498660869 389790.000000000000000000
4.009247177597068834 -1.642791570064406681 0.000000000000000000 0.305530152910566122 0.000000000000000000
10.652384318474773295 10.368888030621576490 0.000000000159688318 0.289462788599739562 426711.000000000000000000
11.470362030973671352 9.901873423483639414 0.000000000630945289 0.285197093862978979 0.000000000000000000
8.473021550260297019 10.119258594818939301 0.000000000715124547 0.411008188868886737 0.000000000000000000
8.339666889719344667 9.095224666673427549 0.000000000525695649 0.361825089511717823 429154.000000000000000000
9.789137619792613876 8.938738453252209837 0.000000000014496440 0.103841270026848773 423044.000000000000000000
8.736458367565095529 10.238050997544128506 0.000000000823061143 0.387731247582617733 424770.000000000000000000
9.030406348695503738 10.472604410643725714 0.000000000740978021 0.382542671159663950 0.000000000000000000
8.728174599362182207 10.191789905072356603 0.000000000914449164 0.383394159554762748 425711.000000000000000000
9.379627514908801089 7.979058726065163754 0.000000000742076029 0.218110645703689432 375864.017542041314300150
9.732211961051785210 7.190328556218051226 0.000000000661888989 0.294108086710322625 423205.000000000000000000
10.119769546894229251 10.991618269690460963 0.000000000665858974 0.395498323644473515 425749.000000000000000000
10.100895184930406501 10.317275670380428920 0.000000000198863739 0.278569939473351347 0.000000000000000000
8.280871662497444774 8.286930933931371257 0.000000000071168940 0.375960672605436919 430270.000000000000000000
8.842914806125406812 10.780192419769688783 0.000000000647709772 0.445857415797262513 428987.000000000000000000
11.131064698165108240 7.459420675800025435 0.000000000865544186 0.266031506591376532 0.000000000000000000
1.897465747737959063 11.893251373619110112 0.000000000000000000 0.258409103685044883 0.000000000000000000
2.408632893723518187 15.862372564862406321 0.000000000000000000 0.460590407963034854 0.000000000000000000
1.598227422148453147 15.017608342657924325 0.000000000000000000 0.336689070148958880 0.000000000000000000
4.347201085095139916 12.444130392307254596 0.000000000000000000 0.388105854856129751 0.000000000000000000
4.142532164172480158 14.649550696432562802 0.000000000000000000 0.404362325978836423 0.000000000000000000
0.160798971313456357 13.375935794612836105 0.000000000000000000 0.387766518737175825 469025.000000000000000000
0.287442974515652760 14.858695966773193931 0.000000000000000000 0.460975606754107314 0.000000000000000000
1.762127849983159633 11.306948127948128757 0.000000000000000000 0.365345766447127906 471087.000000000000000000
3.303196602468592591 11.418260363178582395 0.000000000000000000 0.373158991639564175 0.000000000000000000
3.550576543805323837 15.494578498827554114 0.000000000000000000 0.450318726016514459 0.000000000000000000
1.116696365509818101 15.454747925688121057 0.000000000000000000 0.444533629866903424 468380.000000000000000000
0.771891386070012731 14.843165467387306578 0.000000000000000000 0.394220476205045356 0.000000000000000000
3.621673859028677889 14.711875213698908382 0.000000000000000000 0.343335495303502658 161588.137101321073714644
3.991179739915231561 13.197805459447740972 0.000000000000000000 0.295620984562373734 0.000000000000000000
0.327780946109150373 13.572020742365157986 0.000000000000000000 0.361457371296584729 0.000000000000000000
-7.927504098431247037 12.630373343924544471 0.000000000209781879 0.267111365726371064 0.000000000000000000
-4.764476012801492466 12.456964820348668255 0.000000000043750162 0.374367970046867948 104129.162560009470325895
-7.434272042199460806 9.472779068906906019 0.000000000284651130 0.416438433937533603 153542.514906017255270854
-4.774500080210584585 10.252598444787444976 0.000000000241200068 0.435118342069244324 0.000000000000000000
-7.931090267819268291 10.071524952537744824 0.000000000304154942 0.361128854790106479 0.000000000000000000
-8.026760870285086114 10.360837504087127670 0.000000000051400330 0.332889518054664213 0.000000000000000000
-4.231291013159133030 11.742395211417584022 0.000000000058555531 0.445761871165314016 773604.301429131999611855
-6.204972345607483675 12.183090963970460763 0.000000000795221646 0.124912223790550211 0.000000000000000000
-7.274728691780924628 11.942710496179419266 0.000000000693132878 0.104476286516855157 0.000000000000000000
-5.700659303546294687 13.176699140491546558 0.000000000535575911 0.317097689571434915 375895.588315975561272353
-8.659725366486945575 12.915745887250720259 0.000000000330701614 0.403352024079281113 0.000000000000000000
-5.093073549481175633 9.829595747034328923 0.000000000570581536 0.444395467292702739 873166.000000000000000000
-6.503580049932143226 12.691568213546842614 0.000000000505504631 0.177016950618386376 0.000000000000000000
-4.506286324241257191 10.342642896971957711 0.000000000178182916 0.465773932495644472 0.000000000000000000
-7.658677775168714064 13.939277303557632948 0.000000000238866061 0.425940422543212238 868236.000000000000000000
-14.862999272515313720 3.569193809758704816 0.000000000000000000 0.428642620472454994 0.000000000000000000
-14.647442573541599842 6.511467484544132489 0.000000000000000000 0.468641256771403836 544328.000000000000000000
-13.282765384064594727 5.530532226580965549 0.000000000000000000 0.179461369352538647 550188.000000000000000000
-14.594305247579413276 4.330504187794742776 0.000000000000000000 0.340709932634133461 544134.000000000000000000
-14.754559916927734164 3.362079860183087465 0.000000000000000000 0.429386605351828821 544262.000000000000000000
-12.467918395616221616 2.779299188085028849 0.000000000000000000 0.333286916648934006 545500.000000000000000000
-13.707806318887328700 2.926104572667288739 0.000000000000000000 0.352028395904984970 549992.000000000000000000
-10.726728602658020861 6.022192819855619383 0.000000000000000000 0.424647515518226493 543158.000000000000000000
-14.569504070202626167 2.946315691362777489 0.000000000000000000 0.446679753904406451 544153.000000000000000000
-11.028415980542451535 4.283973525805295779 0.000000000000000000 0.308077730162159114 0.000000000000000000
-11.969277493207009400 3.075814620325716398 0.000000000000000000 0.308985541995400792 0.000000000000000000
-14.385730516467010176 2.621941659456809681 0.000000000000000000 0.464635763668811264 0.000000000000000000
-12.962299016799134321 3.476154879845332779 0.000000000000000000 0.213657105125092006 0.000000000000000000
-13.608751191446120998 5.039486168307542258 0.000000000000000000 0.171505797078823213 0.000000000000000000
-13.230972585253915952 5.603585555303258303 0.000000000000000000 0.185304714203053222 0.000000000000000000
-10.908400965764162294 -6.234131954012639198 0.000000000000000000 0.420846140922326306 0.000000000000000000
-11.719138665051637815 -6.880632702083704366 0.000000000000000000 0.422529505927149496 381891.000000000000000000
-11.287179737558501458 -5.376034540632016245 0.000000000000000000 0.281754876749572170 0.000000000000000000
-14.389562165074734068 -5.035360186242187730 0.000000000000000000 0.305165298772832549 0.000000000000000000
-11.137303123736179700 -4.112409031415150906 0.000000000000000000 0.297732509868578243 192203.327904859266709536
-11.579185577987274769 -2.924972389290594776 0.000000000000000000 0.366368185034486982 384479.000000000000000000
-12.420135116128481201 -4.808491298002715020 0.000000000000000000 0.056900742355766858 0.000000000000000000
-11.778320369846886351 -3.366014139617085288 0.000000000000000000 0.282916988616630338 0.000000000000000000
-12.778151021519411401 -2.484602065684021088 0.000000000000000000 0.381614132087636282 384217.000000000000000000
-13.334652900367808925 -5.725403406759968838 0.000000000000000000 0.212896790090321975 381731.000000000000000000
-13.547248505974529564 -3.153115510876289829 0.000000000000000000 0.303702174430307947 383391.000000000000000000
-13.666237618091347628 -2.518227149448357238 0.000000000000000000 0.411615156172806695 387250.000000000000000000
-12.593226886673068776 -5.088704459388712742 0.000000000000000000 0.074456705888906544 0.000000000000000000
-11.240628281766639418 -3.063491909444197248 0.000000000000000000 0.384950364689722935 366176.029211931920144707
-13.858397817403600882 -5.544200039812164249 0.000000000000000000 0.253433947625169964 381884.000000000000000000
-5.447886751693922669 -10.576839644299454335 0.000000000184495150 0.305542749863109586 0.000000000000000000
-9.110191333773844491 -12.000324665210973407 0.000000000752816561 0.426690049038493502 0.000000000000000000
-7.715279799997063925 -12.093120672158363504 0.000000000784501390 0.187281948583737368 0.000000000000000000
-5.986303829877178906 -10.626448005305764610 0.000000000710349319 0.234758352194692654 0.000000000000000000
-4.770935775185400907 -11.152738867841900827 0.000000000199482595 0.363696454236747624 0.000000000000000000
-4.895955334342962040 -11.101968645775011524 0.000000000809366512 0.345080051246932973 0.000000000000000000
-5.202606339683693015 -11.461431130896496455 0.000000000555532458 0.276439624564624287 0.000000000000000000
-4.290941802682514350 -11.887626857376563549 0.000000000157539989 0.436144433497322903 0.000000000000000000
-6.990184927705010764 -9.316841088238390967 0.000000000632845389 0.427462942201225882 0.000000000000000000
-7.907654695570955461 -10.641799532042284682 0.000000000157005813 0.283044512241824031 0.000000000000000000
-8.759851512070563118 -11.432215310265018360 0.000000000792106329 0.364874288464781316 0.000000000000000000
-6.336744692646261612 -12.308640338187675667 0.000000000143532320 0.126049156269105983 0.000000000000000000
-7.110662318147725536 -10.669426880914196332 0.000000000315211645 0.197506305213471789 0.000000000000000000
-7.589594579312386458 -11.532563178236193480 0.000000000755429150 0.156287974396755736 0.000000000000000000
-8.432331015605976532 -11.089420939506364761 0.000000000521910399 0.322729765149869119 0.000000000000000000
1.361997608558997541 -13.037137616356190506 0.000000000000000000 0.178477365449012604 0.000000000000000000
2.518624264146746228 -12.962551636249227016 0.000000000000000000 0.064872128945250296 0.000000000000000000
3.736381810112914259 -15.426315085840160535 0.000000000000000000 0.456909932581555323 832822.000000000000000000
2.461682676820471816 -14.139669538742959176 0.000000000000000000 0.155335085602349710 0.000000000000000000
3.180356870312332163 -12.839788451479629217 0.000000000000000000 0.169663378478877497 0.000000000000000000
1.107202941683648634 -15.360468301574725203 0.000000000000000000 0.430814415450190169 833547.000000000000000000
3.681564689054181994 -14.169959796510068983 0.000000000000000000 0.287965551515889429 833823.000000000000000000
1.287464811868817227 -13.298394469271284990 0.000000000000000000 0.186623266546617650 833406.000000000000000000
2.168200406841305661 -13.027666714496948686 0.000000000000000000 0.053330945433259593 828475.000000000000000000
0.966235847559590577 -13.376610889506588720 0.000000000000000000 0.244480544585685078 0.000000000000000000
3.199645183176156316 -14.072597541011715450 0.000000000000000000 0.209421222142752855 833118.000000000000000000
2.879343531772229792 -13.947661054590630769 0.000000000000000000 0.153964755487148636 0.000000000000000000
3.142154259423164397 -11.465731587269736735 0.000000000000000000 0.353068589782240372 0.000000000000000000
-0.139999683197382929 -13.611779969216087238 0.000000000000000000 0.444982816596247832 835901.000000000000000000
3.280956768186683359 -14.594315911890532789 0.000000000000000000 0.288916907832754588 828285.000000000000000000
9.262747480060395944 -6.933285479773839022 0.000000000000000000 0.372137864074150226 916573.000000000000000000
12.609925205623577327 -7.601689826234362179 0.000000000000000000 0.451314453948090666 911840.000000000000000000
9.823599684239816554 -8.444410643978656594 0.000000000000000000 0.106445406160584635 911168.000000000000000000
8.455030872565984623 -9.281991943556160862 0.000000000000000000 0.348945381042668812 0.000000000000000000
9.816951039374163912 -8.626545944581511804 0.000000000000000000 0.095741327694907286 915741.000000000000000000
10.954817197577392918 -10.920715440583990130 0.000000000000000000 0.396021181584107651 0.000000000000000000
11.510303729758389224 -8.347574433467688237 0.000000000000000000 0.219958174516418664 917462.000000000000000000
9.123210222820222981 -6.394092799834687924 0.000000000000000000 0.466952388755303927 909666.000000000000000000
9.877360313380266987 -7.918164560701356436 0.000000000000000000 0.167397000817965491 917055.000000000000000000
11.480397894019258587 -7.674823904572337874 0.000000000000000000 0.276682149984085080 909627.000000000000000000
12.041635514411241914 -8.934757741020273869 0.000000000000000000 0.304953650693503442 909935.000000000000000000
11.414213184903818643 -8.338488068117685614 0.000000000000000000 0.204352784775801488 0.000000000000000000
9.801628057534260918 -8.448129227813463871 0.000000000000000000 0.109539256014832539 909913.000000000000000000
9.716399351787378791 -11.239752113479575257 0.000000000000000000 0.451247497376615403 315572.686582200985867530
12.550056142438350548 -8.248040674249853765 0.000000000000000000 0.403379020768221852 914939.000000000000000000
15.768565199650582898 0.862453840502500624 0.000000000000000000 0.423993143504720671 53084.464064736734144390
13.751915926818586655 1.355033190949727517 0.000000000000000000 0.237716070233621291 302397.000000000000000000
15.754381382971820003 -0.371799753543987144 0.000000000000000000 0.399705638625609261 309460.000000000000000000
10.993098233109096284 -0.696057965562921321 0.000000000000000000 0.470046226076699269 138240.025298239081166685
14.378321381889048070 -2.247520221957097331 0.000000000000000000 0.416440336491601781 308238.000000000000000000
11.522716593421193920 -1.212957640042378937 0.000000000000000000 0.417089497240757223 51375.690958351202425547
13.609757647773427891 -0.964020139902860285 0.000000000000000000 0.167493331085236979 301459.000000000000000000
15.746218396288785613 -1.373268951940432636 0.000000000000000000 0.458891231085668483 303989.000000000000000000
14.016505171401561824 -2.695599955515863844 0.000000000000000000 0.474274851156786470 189347.300395433878293261
14.291091991974834485 1.374808073839430156 0.000000000000000000 0.272871513034882551 301834.000000000000000000
14.166396924072675034 0.291783291896640262 0.000000000000000000 0.122376237352063780 0.000000000000000000
13.403475617891976057 -0.783377110568385548 0.000000000000000000 0.138000210324663891 0.000000000000000000
12.510024148947222145 -0.148488487666024516 0.000000000000000000 0.185594339236718697 304123.000000000000000000
15.006225475653002022 -0.554648157671221553 0.000000000000000000 0.278196662735361200 308189.000000000000000000
14.856460993685542959 1.951670544715404798 0.000000000000000000 0.410745868139088532 309393.000000000000000000
