-0.571078594014837959 5.766194706354008659 0.000000000000000000 0.449556316830064473 0.000000000000000000
0.296651091947914614 3.682984944331621158 0.000000000000000000 0.456801845424287811 428583.000000000000000000
-1.802384278223124303 5.516090691818134495 0.000000000000000000 0.300769785230516340 424194.000000000000000000
-0.767354240989590486 5.546787035433872859 0.000000000000000000 0.397104114378583950 0.000000000000000000
-2.766233698240190275 2.240104740265925543 0.000000000000000000 0.307432659963646937 292020.216618746111635119
-1.258565028240937300 5.122419408385964879 0.000000000000000000 0.282709564818322989 427804.000000000000000000
-3.094802170522494844 6.094019756387313080 0.000000000000000000 0.419699690114501922 0.000000000000000000
-0.177251776269609029 2.942154006719593706 0.000000000000000000 0.407513113888515632 223870.339704103622352704
-3.002288081973746525 4.133918654636034695 0.000000000000000000 0.139534630823058503 34156.930875092642963864
-2.706054586802774331 2.494290914694035077 0.000000000000000000 0.261050394573869193 425167.000000000000000000
-1.443473650993062796 3.981412063906781817 0.000000000000000000 0.146117118988573408 365678.323561607277952135
-1.753318340097547168 5.942922297876984672 0.000000000000000000 0.376519588622443890 427649.000000000000000000
-2.769803169096933804 2.592803090304943048 0.000000000000000000 0.248346502692631144 430878.000000000000000000
-3.338387181898882616 1.960029032200234722 0.000000000000000000 0.393827770526246790 0.000000000000000000
-4.148102148641974019 4.704762454024931095 0.000000000000000000 0.366677289372577875 93529.142178466674522497
-3.805625459538084510 -3.477493308082175272 0.000000000000000000 0.285398503786607804 0.000000000000000000
-0.590899171167670323 -4.638154940189866515 0.000000000000000000 0.325663019737484849 0.000000000000000000
-0.507435460313778397 -2.119528262146546549 0.000000000000000000 0.443688950817066496 162604.905543136497726664
0.063823870209488390 -3.671481523171693961 0.000000000000000000 0.415653076125883980 198286.362244838936021551
-1.971676797173621765 -6.389065464383374859 0.000000000000000000 0.447948802084087883 347379.000000000000000000
-1.580709012718817696 -1.888736630384708848 0.000000000000000000 0.376384948160602251 345657.000000000000000000
-0.968750979364894738 -4.020994524838023665 0.000000000000000000 0.230994547229235403 344201.000000000000000000
-3.683376480829954502 -2.187589132118797242 0.000000000000000000 0.395385321275143420 0.000000000000000000
-4.246904192274095102 -4.196870793776677822 0.000000000000000000 0.358600805153320934 0.000000000000000000
-1.360975497649176802 -6.324364817890617552 0.000000000000000000 0.462122712230046251 345005.000000000000000000
-2.560213457307964902 -5.944180916033197981 0.000000000000000000 0.369675450288514784 342356.000000000000000000
-0.256390844661235351 -3.189327483609890823 0.000000000000000000 0.377982215819262835 340877.000000000000000000
-4.384092771981467074 -2.289035569199015185 0.000000000000000000 0.473994825470234749 0.000000000000000000
-3.143552127663210793 -5.624785577589272556 0.000000000000000000 0.346771366470977782 345061.000000000000000000
-3.516714717065894114 -2.783764020875223011 0.000000000000000000 0.298482148128067060 341102.000000000000000000
5.086238628829260477 0.037066854290158491 0.000000000000000000 0.102170649215362938 384118.000000000000000000
4.319133991887055934 -0.634493671635235068 0.000000000000000000 0.117989272094670222 291830.846774006786290556
4.260373027531749734 -0.803556723892647984 0.000000000000000000 0.149793510829199589 382522.000000000000000000
5.934832681915958474 0.232675745111962956 0.000000000000000000 0.256545693024443300 0.000000000000000000
6.102430238018147435 0.509151196029165920 0.000000000000000000 0.297138214624618036 389327.000000000000000000
4.934354434326289507 0.372104251239419537 0.000000000000000000 0.099883907133116526 201939.870769224507967010
2.207580980231622192 0.317971511368251636 0.000000000000000000 0.414950120610710738 389768.000000000000000000
6.999503411974917100 -0.465450523963281015 0.000000000000000000 0.450550793086536783 0.000000000000000000
4.402583121394618715 2.458147900043071488 0.000000000000000000 0.437209292041348396 390597.000000000000000000
6.138019872727801030 0.966211603207644654 0.000000000000000000 0.336382456542988484 0.000000000000000000
6.735362789835824593 -1.140951979336122912 0.000000000000000000 0.444572100869863318 387865.000000000000000000
2.264269702518653116 0.101699500245739247 0.000000000000000000 0.401383757265318886 50270.283528369647683576
4.425445747902360338 -1.253708313642705185 0.000000000000000000 0.223328449616541885 385202.000000000000000000
2.319396305309211037 0.718641491827715195 0.000000000000000000 0.411510423090909572 384767.000000000000000000
2.845811430602245284 -0.191062945070581247 0.000000000000000000 0.299281160748326613 0.000000000000000000
10.019385966569531732 9.244249855184357045 0.000000000700431381 0.104204404334500914 429193.000000000000000000
9.677737182827653939 9.754448635948378410 0.000000000121482838 0.212532485410199923 427943.000000000000000000
9.386433965321561601 9.360009248740430721 0.000000000684933762 0.201187250837195769 0.000000000000000000
9.075448676917417856 10.122889252416657158 0.000000000459460321 0.330443106646339413 424793.000000000000000000
10.558172329719916149 7.668587393053247325 0.000000000726571829 0.193141156815256398 429447.000000000000000000
11.640864054643687453 8.169049954583384121 0.000000000754408151 0.252937137218490704 426759.000000000000000000
7.962718779485378207 9.751951994327230366 0.000000000892010445 0.459140640464245631 0.000000000000000000
10.494593855958338935 10.438722893803573655 0.000000000658332970 0.297659891067602711 0.000000000000000000
8.040089111446729220 7.607462069415915629 0.000000000848263229 0.456475793882260339 0.000000000000000000
12.667431897259419316 8.073792934769846497 0.000000000489020104 0.431118617985915997 430420.000000000000000000
10.002361732958824803 7.037149431279821066 0.000000000001473517 0.306141243859189782 422304.000000000000000000
10.597346053384402609 9.242906496032430752 0.000000000452511812 0.098081893696095143 0.000000000000000000
12.871573332620963370 8.468997370965158922 0.000000000013665157 0.453732566794710745 425393.000000000000000000
10.306727075847392783 8.134493774091463791 0.000000000216758022 0.107752633878599138 0.000000000000000000
11.400764441399735105 8.541688068401590783 0.000000000876165270 0.192391688366850194 0.000000000000000000
4.041488058936039351 13.555145235190030562 0.000000000000000000 0.308259807604344571 463054.000000000000000000
4.140647093635060116 14.717454350408718966 0.000000000000000000 0.411509182856173716 158460.351988848153268918
3.207384047731504761 13.475543249094366516 0.000000000000000000 0.159575295865755529 471447.000000000000000000
1.575151684666041607 13.536442599641988593 0.000000000000000000 0.143000915762860531 466270.000000000000000000
3.228105953763705571 12.702025840016846203 0.000000000000000000 0.189315710063176074 190935.675507369160186499
4.943357310448779351 12.862538060857987787 0.000000000000000000 0.470757148481076526 0.000000000000000000
2.609857677639152218 11.026282833833978003 0.000000000000000000 0.403687933494054407 466482.000000000000000000
1.151930664420416139 13.421109661066678242 0.000000000000000000 0.212302175491321382 0.000000000000000000
2.359844149829709359 12.949503881170951303 0.000000000000000000 0.058447444585986240 465514.000000000000000000
2.150721161341222043 14.697847122531152664 0.000000000000000000 0.255194054723607677 162716.623769240162800997
2.607093900002207310 12.642334378405166717 0.000000000000000000 0.122976244740547525 0.000000000000000000
2.802291804065558445 15.599965181175077689 0.000000000000000000 0.421944508222007630 0.000000000000000000
3.126465063670793132 14.296365086953963797 0.000000000000000000 0.229957563913143676 199870.638086372258840129
1.713804792306021341 14.808954051554968245 0.000000000000000000 0.294465756605803708 0.000000000000000000
3.246430302443288785 14.567551505810872214 0.000000000000000000 0.281468278375875736 0.000000000000000000
-7.344415677449328328 13.511958064482444186 0.000000000699970736 0.335441992793428567 0.000000000000000000
-6.813963030886780459 12.835644313987172538 0.000000000874303911 0.198233792893767441 0.000000000000000000
-6.596673093789975795 12.640292108531435034 0.000000000273664960 0.164945234263435159 877168.000000000000000000
-7.825843753286902960 10.504609020085572624 0.000000000820949042 0.289909809162698762 0.000000000000000000
-4.395040531901874381 12.025668398739291831 0.000000000442064425 0.420108368262275322 0.000000000000000000
-6.477231917602235711 13.884358894545924201 0.000000000466352486 0.386109971253022988 0.000000000000000000
-7.293824650893180994 12.759908038324084600 0.000000000380196544 0.209626971367850551 868918.000000000000000000
-8.223772195631093851 10.570254057153498195 0.000000000924655124 0.334416448123393550 872175.000000000000000000
-7.985047392891126528 13.843385573136334443 0.000000000877915438 0.436897983802575884 0.000000000000000000
-8.854454848595942451 12.336179575674689701 0.000000000501018641 0.393613525586668289 876694.000000000000000000
-8.012765057588115525 13.790044418889110034 0.000000000279737393 0.431404383092473032 869129.000000000000000000
-6.110963027280174487 11.267654460865552224 0.000000000930499569 0.136559156703275814 0.000000000000000000
-7.401719966036906406 12.780591602883557556 0.000000000771812468 0.222519148605847317 875329.000000000000000000
-8.100299173959234267 9.410159339110082399 0.000000000475855047 0.475254582529829606 875289.000000000000000000
-6.209034137183714108 11.792386167932933816 0.000000000529495582 0.094192474600719972 0.000000000000000000
-14.605731061436500795 6.335554667332952583 0.000000000000000000 0.442901240604438473 548230.000000000000000000
-15.151503301623518993 5.410224327509550513 0.000000000000000000 0.452689174082638646 547494.000000000000000000
-10.673115957009670751 3.952939118513718597 0.000000000000000000 0.385036024364819374 550241.000000000000000000
-13.522994426158948755 6.689273432994705892 0.000000000000000000 0.377714244555665324 552055.000000000000000000
-10.680492772156238601 6.077585381682514942 0.000000000000000000 0.436878544683054648 544596.000000000000000000
-10.354557766612769498 4.454734791274144179 0.000000000000000000 0.422195327110521934 551112.000000000000000000
-10.456721783931609338 3.357161655618909890 0.000000000000000000 0.463644389039832183 0.000000000000000000
-10.817606835822585865 5.584634312391894895 0.000000000000000000 0.373013446236231616 261298.532330114452634007
-11.346098840460417279 6.380081838458392163 0.000000000000000000 0.383852762744052944 543873.000000000000000000
-11.359036142861208774 3.696317655762581644 0.000000000000000000 0.295934310125917421 0.000000000000000000
-12.700606421668865664 4.759868497904424345 0.000000000000000000 0.014302191794738786 545114.000000000000000000
-13.393956446348763478 6.100021033423454142 0.000000000000000000 0.275045503882895948 0.000000000000000000
-11.922274444436363083 4.785592616400228039 0.000000000000000000 0.142193233129238317 548260.000000000000000000
-13.776355854104545884 4.426446489442627197 0.000000000000000000 0.194520520661232599 80482.747494363400619477
-10.129888358360686240 5.038244867655661707 0.000000000000000000 0.464682211589079630 543334.000000000000000000
-15.102896757560491992 -4.033449294299683352 0.000000000000000000 0.440357880766334253 0.000000000000000000
-14.391754005924044080 -2.796843086568390646 0.000000000000000000 0.442546184267796239 388736.000000000000000000
-15.335163298995794889 -4.176695685536592428 0.000000000000000000 0.475361874715864108 386257.000000000000000000
-13.255558930807016083 -6.891211791800746944 0.000000000000000000 0.396276164192629565 0.000000000000000000
-13.256622605725457476 -4.917059423306075594 0.000000000000000000 0.105369965821083683 389018.000000000000000000
-10.932812484443235945 -5.683654407304499223 0.000000000000000000 0.362540176680251180 16928.455728103541332530
-12.059311018920297442 -5.370954795283000571 0.000000000000000000 0.167663333542979853 386090.000000000000000000
-11.772020120333372972 -2.638622300905610896 0.000000000000000000 0.392942967279486188 382655.000000000000000000
-12.542521855378419460 -4.267669653674086128 0.000000000000000000 0.077681596606333475 0.000000000000000000
-13.655169853252191459 -5.967589191812226801 0.000000000000000000 0.279720884657747970 389132.000000000000000000
-10.910554922875210337 -4.990911731412027486 0.000000000000000000 0.325881413360553374 386059.000000000000000000
-13.074207626370286661 -6.422335689379087498 0.000000000000000000 0.309742712009653531 383439.000000000000000000
-14.160535415703316531 -2.677317857626594577 0.000000000000000000 0.432361883547148051 389545.000000000000000000
-13.234153033381979014 -7.208367382929253608 0.000000000000000000 0.449101359045075366 386410.000000000000000000
-14.619160365560297521 -5.876623647491686420 0.000000000000000000 0.398100526542488509 381227.000000000000000000
-9.157454084363232383 -12.646838821588492152 0.000000000228513411 0.462207463056985568 0.000000000000000000
-5.699550339814351219 -12.279564162263323368 0.000000000878714797 0.209202956849566329 0.000000000000000000
-4.840528391499644201 -10.119179588680486503 0.000000000628519384 0.440571466913248777 0.000000000000000000
-6.291208763419013472 -13.027009828137812164 0.000000000763678507 0.244669581180618545 0.000000000000000000
-6.936034202457219244 -11.340311823205736275 0.000000000885352819 0.076158032982050844 0.000000000000000000
-7.814386504879792028 -13.497689342153540437 0.000000000305668296 0.368930659970343244 0.000000000000000000
-7.907991330842251365 -12.353042760073636330 0.000000000033158759 0.237657396818232142 0.000000000000000000
-4.733870093952496028 -11.668618748253130946 0.000000000156391823 0.356297442271229003 0.000000000000000000
-4.713781861581666455 -12.218155100761558529 0.000000000128662043 0.370509144490841713 0.000000000000000000
-8.400397330746718794 -9.917111464880290939 0.000000000468355734 0.435507896829165853 0.000000000000000000
-8.542549616636732068 -12.516945063732228149 0.000000000577993675 0.352094266082615903 0.000000000000000000
-8.049237716589383140 -12.556656137932746375 0.000000000561789437 0.277534350769432447 0.000000000000000000
-6.071390121937903395 -10.844223011753118868 0.000000000529985556 0.194594869513257024 0.000000000000000000
-5.670906150999870832 -9.752460654175298060 0.000000000857082811 0.396415961102291492 0.000000000000000000
-6.396860903374624208 -11.651973520192679956 0.000000000197501181 0.060958854410920589 0.000000000000000000
2.909323955169158094 -11.431069431917249446 0.000000000000000000 0.344194556951665065 828567.000000000000000000
4.634961551430962778 -13.674404745759709101 0.000000000000000000 0.416065838116309428 0.000000000000000000
2.940463367350275359 -13.499308621621073812 0.000000000000000000 0.115067816792815206 832890.000000000000000000
0.872217153728427674 -11.470522085706972959 0.000000000000000000 0.414036408436087078 830353.000000000000000000
3.394197282775287761 -14.646033708756558411 0.000000000000000000 0.308360436253430459 0.000000000000000000
0.465507553672677377 -14.166765281449157143 0.000000000000000000 0.368882063696491458 832157.000000000000000000
4.326923309163922760 -14.314216039111133938 0.000000000000000000 0.400217900601198218 0.000000000000000000
2.434061202779925548 -13.214839912430145219 0.000000000000000000 0.020910714168810001 0.000000000000000000
1.491551324716422933 -15.643767807686653981 0.000000000000000000 0.447555062295721340 0.000000000000000000
0.659375514940954144 -14.790301072860847498 0.000000000000000000 0.402261015137198863 0.000000000000000000
3.733730476403568588 -12.280914597106631803 0.000000000000000000 0.305956352690871680 0.000000000000000000
4.216673757282075385 -13.849249667646917672 0.000000000000000000 0.350595146305724858 833248.000000000000000000
2.429513046719003810 -11.147381248155170397 0.000000000000000000 0.379537423227965187 0.000000000000000000
1.131976621192469112 -11.860001837930850499 0.000000000000000000 0.331072096153079587 137088.051868609501980245
2.772808959508061388 -15.476255111153887967 0.000000000000000000 0.399324677922813676 830822.000000000000000000
11.850683075005106204 -9.028383806692474423 0.000000000000000000 0.273597283769876187 621046.917556869215331972
10.960366609501177138 -10.484305427706463121 0.000000000000000000 0.323589674995752530 911750.000000000000000000
12.377828753338791401 -7.325934513398398629 0.000000000000000000 0.439988627557459988 0.000000000000000000
11.039735674958064848 -8.922161098820792446 0.000000000000000000 0.128300288330133544 0.000000000000000000
12.719852681200984890 -9.515559967395244456 0.000000000000000000 0.444748554956264919 0.000000000000000000
9.689263324523997412 -10.176204136549635848 0.000000000000000000 0.276264261774268050 913721.000000000000000000
10.526012508716377170 -8.016813171581215869 0.000000000000000000 0.132367351911227532 0.000000000000000000
10.587833417515897239 -10.404788470661152644 0.000000000000000000 0.293724282139392279 910075.000000000000000000
9.399033271569033232 -7.114506479636328429 0.000000000000000000 0.332322950080791379 918167.000000000000000000
7.987441798399350645 -8.009489105296960787 0.000000000000000000 0.439064543863426360 910614.000000000000000000
11.145367828535084342 -8.472059201778867177 0.000000000000000000 0.151368778866928566 0.000000000000000000
10.681522086998745280 -11.207666424293655894 0.000000000000000000 0.435299681861464338 909485.000000000000000000
10.891191722624451899 -6.129897103878295894 0.000000000000000000 0.469014550132431263 912896.000000000000000000
7.916150102060119487 -9.607734350558002845 0.000000000000000000 0.457817003722100824 910300.000000000000000000
9.481734028345956133 -7.245303783761956495 0.000000000000000000 0.305031971533605839 910911.000000000000000000
12.196328524227594059 1.732554470793316037 0.000000000000000000 0.384824703624918663 307574.000000000000000000
13.983681760195821653 2.569346246609570894 0.000000000000000000 0.451764581301250245 0.000000000000000000
14.828234207882525553 0.965453908052780641 0.000000000000000000 0.283697180287798001 301112.000000000000000000
15.270622638790451120 0.539383610679198044 0.000000000000000000 0.322060709266193901 69846.503935469751013443
14.652851164646161664 1.350148421954493916 0.000000000000000000 0.306203888007673675 0.000000000000000000
16.061571330910755506 0.417595037684129700 0.000000000000000000 0.455005465642575269 299978.000000000000000000
14.687119832247834239 1.516002528593488607 0.000000000000000000 0.332288117991369203 305154.000000000000000000
15.457715429373244831 -1.437798781350671851 0.000000000000000000 0.422232129299197179 0.000000000000000000
12.075417842026583415 1.106291482898994261 0.000000000000000000 0.324387421902507578 177175.499340494396165013
13.553797418653473983 -2.050037147761779366 0.000000000000000000 0.355260786776631143 309266.000000000000000000
14.933268153584107196 -1.887162879857421593 0.000000000000000000 0.409742787587140889 183088.165682102495338768
14.169666823139339229 -2.104343984905406639 0.000000000000000000 0.381030779792586316 210654.461019065463915467
15.818816498644771684 -0.912766808507167959 0.000000000000000000 0.435444613253135826 309185.000000000000000000
13.276252727485813310 -2.721092383179402940 0.000000000000000000 0.474144472027833552 307306.000000000000000000
14.398326250238220325 1.194791144564441465 0.000000000000000000 0.257037096747739058 0.000000000000000000
