-4.557738038620914089 4.945071556206144692 0.000000000000000000 0.450726751112453139 427706.000000000000000000
-1.784986318497279179 4.138444941083762707 0.000000000000000000 0.095232669582396429 326982.370951854449231178
-1.795347527922367403 6.242600984260856301 0.000000000000000000 0.427014260635140475 430759.000000000000000000
0.305649612827096129 3.392029040760538905 0.000000000000000000 0.465450353292321650 426738.000000000000000000
-1.638821914240404798 5.828552218617656600 0.000000000000000000 0.362470038782835569 0.000000000000000000
-4.655972940317877118 2.913901723404908051 0.000000000000000000 0.461251081087150683 429825.000000000000000000
-1.068915645212228815 4.144403394068811863 0.000000000000000000 0.216749030164756717 0.000000000000000000
-1.377633572516879568 5.472860620790568120 0.000000000000000000 0.322660167684120258 0.000000000000000000
-0.881501032080199254 1.760426078421993168 0.000000000000000000 0.451816337329712492 429893.000000000000000000
-1.218799679068146125 4.833663240400670524 0.000000000000000000 0.250131313114324016 292408.407044738531112671
-3.000012922069545951 3.199549340943761866 0.000000000000000000 0.180550613277985744 431107.000000000000000000
-1.104109639447423463 5.727803301463894492 0.000000000000000000 0.386603187492159772 429068.000000000000000000
-1.797427153043171133 4.018599696069546923 0.000000000000000000 0.085252350270540816 422152.000000000000000000
-2.705636243706109667 4.030069724260940234 0.000000000000000000 0.083543263666658707 423832.000000000000000000
-2.788082145196496775 4.747567631457608073 0.000000000000000000 0.179509604217379742 358462.486739183659665287
-1.731262910724602033 -4.821289157805725090 0.000000000000000000 0.190593253382189493 340654.000000000000000000
0.321639890908318071 -4.479124589694483127 0.000000000000000000 0.471580067565817218 0.000000000000000000
-1.251507708691314003 -4.782895807280937106 0.000000000000000000 0.239753135943313544 0.000000000000000000
-4.071923421243204722 -2.153994101784234783 0.000000000000000000 0.447116609241772156 349905.000000000000000000
-3.944306376011172954 -5.232915421885289575 0.000000000000000000 0.383911853345301202 341640.000000000000000000
-1.455245192435466350 -6.109621810209151960 0.000000000000000000 0.420428621536446445 54975.098147611824970227
-1.559809422968660320 -6.343528993872840971 0.000000000000000000 0.454350652223271811 345028.000000000000000000
-3.183730176477333806 -5.064786149569634688 0.000000000000000000 0.266332829263596194 349563.000000000000000000
-3.179461616125037082 -1.898982505494576145 0.000000000000000000 0.390641406163495242 18849.365141511581896339
-4.400931464896342682 -5.295089293605772518 0.000000000000000000 0.456382924791409128 0.000000000000000000
-1.966415080444501973 -4.296780994886823635 0.000000000000000000 0.089158364546440924 347634.000000000000000000
-4.352740888674968112 -3.486847285346791114 0.000000000000000000 0.380119184998794768 343538.000000000000000000
-1.327194252360125226 -6.245918993738265534 0.000000000000000000 0.451223371847827348 0.000000000000000000
-2.116014721874281523 -3.663954215135930337 0.000000000000000000 0.047600424996180522 345260.000000000000000000
-1.313576705628811014 -3.681596256157194436 0.000000000000000000 0.172413004923765406 0.000000000000000000
4.108452242751541306 -0.831551325931490282 0.000000000000000000 0.164532159476710044 146750.235617727739736438
3.694619772479174724 1.012279294128645146 0.000000000000000000 0.231774579285537574 386068.000000000000000000
5.541954743056633603 -1.621791165168974924 0.000000000000000000 0.341253211385103894 0.000000000000000000
4.450944987040384326 0.918426495329294768 0.000000000000000000 0.163580314072333588 381167.000000000000000000
5.869476962377463636 -2.280028030228042013 0.000000000000000000 0.471260590149996994 381715.000000000000000000
2.824459631692923356 0.297716421774992746 0.000000000000000000 0.305770003905970977 0.000000000000000000
5.917076638290637014 -1.408536392989004016 0.000000000000000000 0.353565371517177318 385488.000000000000000000
2.123407272268298396 0.352483195110485981 0.000000000000000000 0.430664483522887998 0.000000000000000000
5.117498208744134303 -2.286697490046328163 0.000000000000000000 0.420083924996402791 0.000000000000000000
6.421712694961684953 -0.222542641203144098 0.000000000000000000 0.342253398255323749 383728.000000000000000000
3.554870302664791648 1.376830330314005257 0.000000000000000000 0.298574667125095394 387614.000000000000000000
4.498086233808312073 0.761408460300392886 0.000000000000000000 0.135318285865748567 381911.000000000000000000
5.236414652158112304 -0.666200587062128036 0.000000000000000000 0.174832518565083361 0.000000000000000000
3.060939173403603775 0.472928169527974063 0.000000000000000000 0.272319094885227375 18217.733525146759347990
3.862687062815886030 -1.133639563673700001 0.000000000000000000 0.232567344482289884 386648.000000000000000000
11.403343247729226917 7.837374329528848271 0.000000000708807421 0.247569910901983214 0.000000000000000000
9.042399706390327196 10.104016015040345522 0.000000000492267904 0.332112019313763385 426431.000000000000000000
10.224323006591710339 10.161875088901675568 0.000000000683080654 0.248833455088607297 0.000000000000000000
9.773741153753254807 7.062371698162015043 0.000000000094824094 0.312602895199343700 0.000000000000000000
10.968950094115044180 7.928764546251214185 0.000000000142819526 0.182039200143919000 0.000000000000000000
10.243122013116149560 9.691833209005018546 0.000000000168878126 0.166440067288296467 429279.000000000000000000
9.928060096548138702 6.631547165990199666 0.000000000561670689 0.378547489749245236 423365.000000000000000000
9.364351790968528988 10.331888362635581302 0.000000000022038336 0.328087737211540165 385151.467203711566980928
12.109819694498209941 10.746871648294902712 0.000000000540702996 0.470680780766891182 427097.000000000000000000
10.832842918864225012 8.390580006174182870 0.000000000431421584 0.107797164340667093 431086.000000000000000000
11.391595540268779629 10.365847570400617883 0.000000000415246014 0.339546324586102177 424517.000000000000000000
9.999758449229027235 6.228200025931657891 0.000000000311746498 0.446199736062108165 59968.377936160177341662
11.071453931092275269 9.084682452100770078 0.000000000417536428 0.142999402736726067 0.000000000000000000
10.769827467179299063 6.342973714686110043 0.000000000589710699 0.428286452183375854 431293.000000000000000000
10.687640011587964395 10.485526514416690702 0.000000000864690176 0.310719973278418049 430004.000000000000000000
3.331345280716576429 15.656381367834260487 0.000000000000000000 0.459319554790656615 468056.000000000000000000
2.257573693811745663 15.482799105086252567 0.000000000000000000 0.393084113104604393 462069.000000000000000000
0.317988245171245243 14.891058934897156263 0.000000000000000000 0.460260138400813257 0.000000000000000000
1.833237087846221858 15.585616174321470950 0.000000000000000000 0.420792703605089968 469970.000000000000000000
1.698507574166187917 12.157847495137414029 0.000000000000000000 0.229254255837735066 464105.000000000000000000
-0.035164502444938836 12.968554989197782490 0.000000000000000000 0.425835112087225354 0.000000000000000000
4.258982298188817239 12.174115674384053065 0.000000000000000000 0.395138656962622126 0.000000000000000000
3.615188413552120839 11.014788966293197703 0.000000000000000000 0.462765287474987852 154109.282764707371825352
4.077230673459790289 12.829610911221433156 0.000000000000000000 0.320647638017385939 0.000000000000000000
1.818075335737487253 15.755482740953764775 0.000000000000000000 0.450941532142552726 464711.000000000000000000
2.095714493705185699 15.685058543734220038 0.000000000000000000 0.430983116949685663 175631.558869824773864821
3.591463528937904215 12.065665715345298636 0.000000000000000000 0.310896030316107574 0.000000000000000000
1.558368745920357679 14.508219669234588167 0.000000000000000000 0.259313512420274006 308971.649800073821097612
2.541191020659503419 15.398533751237346578 0.000000000000000000 0.379598011137865177 469413.000000000000000000
2.513084065052677119 11.328851945669551782 0.000000000000000000 0.348297868545924538 152625.176335604541236535
-8.198296685951335760 12.067033793758461968 0.000000000589728905 0.268429023249613874 0.000000000000000000
-5.859463693809283669 11.191510704730367465 0.000000000872373959 0.181460272798554922 0.000000000000000000
-7.751017164319988773 14.007976201118010451 0.000000000029238096 0.443598220313882241 666956.122147747897543013
-7.235285393485878735 10.494843073959222224 0.000000000493789867 0.234322675503262329 425861.282666064857039601
-5.453006425910323252 10.939981248419975657 0.000000000213678064 0.266529735139090118 870731.000000000000000000
-7.885910517335761760 12.430351616412677274 0.000000000734785020 0.241039757141513017 687675.970622511231340468
-6.394816464779665033 10.295370323095536236 0.000000000657155279 0.259091202077169791 0.000000000000000000
-6.630177892301943210 13.505318512613866844 0.000000000917224616 0.316800098048615031 870627.000000000000000000
-8.867924890089708967 12.291839478672590857 0.000000000100743475 0.393836118097521670 874048.000000000000000000
-4.551738194166740747 10.935318630928314576 0.000000000483805841 0.412720663119829412 872863.000000000000000000
-8.721707573659081447 13.325625056107039512 0.000000000557092934 0.454128787376437637 875218.000000000000000000
-5.654841577756912763 11.825738166031989351 0.000000000898490767 0.192991890768386548 876104.106357061304152012
-5.053929437837240357 11.258987464555120894 0.000000000495638340 0.310049219282580280 0.000000000000000000
-7.681957680582667258 11.280406247339985981 0.000000000180643616 0.186142580476962055 874026.000000000000000000
-5.135103522592577185 11.375356153670567849 0.000000000394493305 0.291115016353158285 0.000000000000000000
-11.810994431510861702 5.167252927191055889 0.000000000000000000 0.181938410524338900 548042.000000000000000000
-12.049677877616733923 4.233892454567236285 0.000000000000000000 0.141352329527827253 546916.000000000000000000
-12.914911906459886737 4.143679814693906671 0.000000000000000000 0.099700268857546917 0.000000000000000000
-14.663523995405160605 3.170970728811529415 0.000000000000000000 0.434778287729188362 548084.000000000000000000
-12.039687489477145732 6.382521079673811215 0.000000000000000000 0.320020109841162081 0.000000000000000000
-12.438925425821986792 2.490416693425225869 0.000000000000000000 0.383801729190849095 107279.874190307324170135
-12.468043852043907194 5.477119904330863598 0.000000000000000000 0.145620125458552352 0.000000000000000000
-13.089524858983972777 6.640190447375240446 0.000000000000000000 0.347361435203821622 546805.000000000000000000
-12.912548765704185527 4.151953371586546204 0.000000000000000000 0.098207620265862217 544348.000000000000000000
-14.972156010679722016 4.276528497894086733 0.000000000000000000 0.408645443811470832 544016.000000000000000000
-10.752819988865969236 3.107896302520564813 0.000000000000000000 0.444077864267362510 551216.000000000000000000
-12.834733914142715250 4.940778739548094656 0.000000000000000000 0.050470291880751000 480124.269747493206523359
-13.687781016817382351 6.466463349117633541 0.000000000000000000 0.355589912284121901 307246.243348030548077077
-10.163031163746230945 4.536641085692228792 0.000000000000000000 0.455187282642677382 551352.000000000000000000
-10.854559784405426015 6.536161998281905916 0.000000000000000000 0.463425344936725214 544035.000000000000000000
-11.063123870836088614 -3.644843777441418187 0.000000000000000000 0.344970183412863340 0.000000000000000000
-14.839546552033588966 -3.683310092546513648 0.000000000000000000 0.416360458212872375 341650.589039161277469248
-10.115660443938875090 -5.047588944866952865 0.000000000000000000 0.467416766347449220 383097.000000000000000000
-13.378423466356469618 -6.718261537381905235 0.000000000000000000 0.373502487861130328 278241.458376404654700309
-14.020693528176652265 -3.444169388814478427 0.000000000000000000 0.316476969974572142 387847.000000000000000000
-12.847206775105842524 -6.593568802708575483 0.000000000000000000 0.333737622965841807 382862.000000000000000000
-13.315954657892241642 -5.504481695844231304 0.000000000000000000 0.179225198037735206 388481.000000000000000000
-14.062278851067949503 -3.353885771305585184 0.000000000000000000 0.332575678939590613 0.000000000000000000
-11.630760973062928443 -3.013169334304775848 0.000000000000000000 0.348458860385895963 384116.000000000000000000
-12.216902740891470103 -6.595573901337989042 0.000000000000000000 0.345158722323174794 387983.000000000000000000
-14.115003120127278535 -2.729545779214641588 0.000000000000000000 0.420282941029293533 0.000000000000000000
-11.250526197767033665 -3.589466424924176113 0.000000000000000000 0.322531052328752343 0.000000000000000000
-13.265879984959516591 -7.025252743247026643 0.000000000000000000 0.419308325639515034 389944.000000000000000000
-12.630269494153067100 -4.105733041175708031 0.000000000000000000 0.100722658172192933 0.000000000000000000
-12.331807505082226228 -5.275096957970315081 0.000000000000000000 0.124068623390782937 383523.000000000000000000
-5.020477779668944152 -12.985983912687141029 0.000000000282398755 0.378903307236047204 0.000000000000000000
-7.982547243788237878 -11.518637564437987919 0.000000000062994164 0.225608047544346685 0.000000000000000000
-7.038614064904486156 -14.130879628781702451 0.000000000115535801 0.430288083883742178 0.000000000000000000
-4.867795255064701010 -12.156949762625526290 0.000000000050291755 0.341286336953301794 0.000000000000000000
-7.301220812238033986 -12.691050762354283421 0.000000000217382856 0.199673706298463011 0.000000000000000000
-4.715649444044713867 -13.171622676025446452 0.000000000304327223 0.442226974544337459 0.000000000000000000
-6.288260209810218271 -9.656904426495856342 0.000000000781945137 0.373564504756374260 0.000000000000000000
-8.477916401597852314 -11.778462322000381235 0.000000000221227400 0.311286872061561415 0.000000000000000000
-5.314651004330025685 -12.015955862793601838 0.000000000064281278 0.258122365623757677 0.000000000000000000
-7.784312591028679229 -13.030405145227513586 0.000000000791462089 0.298224959910023180 0.000000000000000000
-5.085455203724042583 -12.130248509464438555 0.000000000707960056 0.302465104056054590 0.000000000000000000
-6.475552228013808254 -9.823474426982802044 0.000000000720580141 0.338636910728203455 0.000000000000000000
-4.781708736727598108 -11.623941728406016693 0.000000000540505316 0.348067314338290135 0.000000000000000000
-5.520638011885095509 -10.163280018654157644 0.000000000596433954 0.350151293490320259 0.000000000000000000
-8.943591289765393526 -13.151050172521776105 0.000000000323092724 0.468244001330610282 0.000000000000000000
2.797557896793599230 -15.292941872670487768 0.000000000000000000 0.368338474569015972 833143.000000000000000000
4.921456323380589026 -13.935106945539224910 0.000000000000000000 0.475690264040655564 829745.000000000000000000
1.477549146094976118 -11.525911258293428219 0.000000000000000000 0.347230504227799330 827601.000000000000000000
1.814486371602224146 -13.621842692042642753 0.000000000000000000 0.111191789606672253 0.000000000000000000
4.151110679449085517 -13.426504593019263467 0.000000000000000000 0.324883213223599199 0.000000000000000000
1.059212174587203181 -13.675207721724454757 0.000000000000000000 0.238090912397724119 0.000000000000000000
3.410897153857733066 -13.986459060176237301 0.000000000000000000 0.229726748561208921 769267.522138349479064345
3.487766293357231095 -12.477618430702202446 0.000000000000000000 0.249978317381821274 834514.000000000000000000
2.183147743545588160 -15.177783707888364617 0.000000000000000000 0.339616540505128350 828026.000000000000000000
2.613725843525586345 -10.850859181923368624 0.000000000000000000 0.434779031943741789 0.000000000000000000
1.209320020379887728 -12.738344835018265755 0.000000000000000000 0.222264999426038917 833680.000000000000000000
2.992123097589152181 -13.772721276981494398 0.000000000000000000 0.146772084241660383 0.000000000000000000
1.458989698513182276 -14.893760422405405208 0.000000000000000000 0.327566581523972056 0.000000000000000000
0.849227881159647868 -14.481597621226592665 0.000000000000000000 0.340774306914511993 0.000000000000000000
2.163029089077777023 -12.414285774288769559 0.000000000000000000 0.156597252689667704 827841.000000000000000000
8.516026458082805561 -10.595543014571664031 0.000000000000000000 0.459626921292195012 916829.000000000000000000
9.121578777125742832 -6.578706353671115004 0.000000000000000000 0.438646176834306512 0.000000000000000000
10.660098065450567262 -7.986948642800966169 0.000000000000000000 0.145030528887318128 914281.000000000000000000
10.734043359640429216 -10.464858898932243747 0.000000000000000000 0.308921371936669520 910243.000000000000000000
10.208777456361360692 -7.667100549208273996 0.000000000000000000 0.191023948129218663 448127.079586032836232334
8.559584594606469921 -10.373547352768486718 0.000000000000000000 0.427120258460791213 910098.000000000000000000
11.824498184698528647 -7.183921720302952174 0.000000000000000000 0.380519109750596329 793796.020776038756594062
10.324129394097809609 -7.251614601202040156 0.000000000000000000 0.262408642171723772 909069.000000000000000000
12.508914977491162546 -7.270962191973761257 0.000000000000000000 0.464686345387519739 918023.000000000000000000
9.552862538411439175 -9.580197160528699740 0.000000000000000000 0.202637038889373455 0.000000000000000000
11.625616003971913415 -7.860821893371098490 0.000000000000000000 0.276694605361714308 918301.000000000000000000
9.145585444593066882 -10.174319139511922572 0.000000000000000000 0.328853834029599112 0.000000000000000000
10.618037995169080645 -9.634584315765460261 0.000000000000000000 0.163076751372068313 0.000000000000000000
10.916864855449082583 -8.801641557109793013 0.000000000000000000 0.103148176510065664 0.000000000000000000
12.281618107121056838 -6.936532042805029441 0.000000000000000000 0.468938230195042161 0.000000000000000000
14.623550901877983677 -1.886448598835704260 0.000000000000000000 0.378953483262245983 307999.000000000000000000
10.907351347784770113 -0.096202344714482399 0.000000000000000000 0.469728761872367839 249192.066628883912926540
15.091877607220281376 2.168190983360652524 0.000000000000000000 0.465433879082160662 304033.000000000000000000
11.566921497437544275 -0.143355550538897841 0.000000000000000000 0.352771916191407686 0.000000000000000000
12.999757472666983560 -2.173987000875612363 0.000000000000000000 0.389305473599740381 305372.000000000000000000
12.866791105165701126 -0.983483545796671632 0.000000000000000000 0.208753777243801619 300096.000000000000000000
14.373494672297194796 -1.981024668722687343 0.000000000000000000 0.373435550349930534 0.000000000000000000
12.813593466292687140 1.256589171108549952 0.000000000000000000 0.253735125210788282 299987.000000000000000000
15.766680492484221432 1.324504274669837667 0.000000000000000000 0.457760892843948275 304719.000000000000000000
14.921292282678617624 1.229357068810067233 0.000000000000000000 0.325037625201114067 0.000000000000000000
12.000700685272018831 2.207210883794358036 0.000000000000000000 0.471784235126064044 0.000000000000000000
15.169820853521809312 0.662658310716322418 0.000000000000000000 0.312072845181959213 0.000000000000000000
12.626854986322738839 0.656177570214939165 0.000000000000000000 0.198843285224789668 307679.000000000000000000
13.640045985903638481 1.018910906133478234 0.000000000000000000 0.177424409810767486 0.000000000000000000
12.560997527436365218 -1.157721318362508356 0.000000000000000000 0.266339493742184408 269741.878064247022848576
