-1.257016752964895234 2.606122417852627215 0.000000000000000000 0.290105685877182939 10412.000000000000000000
-0.359275534082045434 4.825252346715982021 0.000000000000000000 0.377207159815371451 0.000000000000000000
-4.061144281660662436 5.462970989500866459 0.000000000000000000 0.426098722802686014 0.000000000000000000
-4.354893917625415334 4.558220272049905653 0.000000000000000000 0.392112448143792203 0.000000000000000000
-1.076602156081299499 5.811764385681090772 0.000000000000000000 0.401892927862283034 0.000000000000000000
-0.508136588284561430 2.877465994707497199 0.000000000000000000 0.360324159824825851 0.000000000000000000
-1.836310515132457688 3.419573792499690512 0.000000000000000000 0.112609043674018500 0.000000000000000000
-2.150050192913075975 3.110750788407857570 0.000000000000000000 0.140147484818002710 10670.000000000000000000
-1.191961902107552040 5.252979418206188633 0.000000000000000000 0.308296910321191164 10476.000000000000000000
-2.085929554087774029 4.959439298821434861 0.000000000000000000 0.192893140625590126 4698.742114205777397729
-4.037463392461004830 3.208380448512433869 0.000000000000000000 0.339517338813979552 10286.000000000000000000
-3.705282140677043312 5.200479976725010722 0.000000000000000000 0.347696568352253599 10155.000000000000000000
-2.151473235140605844 2.903480235237154705 0.000000000000000000 0.176755149992474880 0.000000000000000000
-2.895688359014680913 3.328268721508019112 0.000000000000000000 0.151387566244933991 10046.523456313079805113
-1.948901958929422529 5.280272539086470651 0.000000000000000000 0.253644263346107623 10989.000000000000000000
-2.752719847067567116 -4.536715234023234622 0.000000000000000000 0.144984011164902143 8962.000000000000000000
-1.601907454346038095 -5.682766863528349255 0.000000000000000000 0.340041861636677600 8924.000000000000000000
-1.756110695777039377 -5.963541694702274576 0.000000000000000000 0.379968329853528020 7296.259946461536856077
-1.523819076511950366 -2.014874597305345461 0.000000000000000000 0.358758833821108736 0.000000000000000000
-4.838173995010546236 -4.507686380753322730 0.000000000000000000 0.472715650859995951 8922.000000000000000000
-4.680359623200155639 -3.610224920949419936 0.000000000000000000 0.434526395228957252 0.000000000000000000
-1.650635829497499429 -4.178674031764716190 0.000000000000000000 0.119862780480709086 8307.000000000000000000
-1.511497676731873741 -6.279955819466130684 0.000000000000000000 0.445971400295285092 0.000000000000000000
-3.927657258465740764 -2.087018109722755366 0.000000000000000000 0.437579596528571146 8316.000000000000000000
-1.051514061475316453 -1.647369303922463946 0.000000000000000000 0.453723183107770989 0.000000000000000000
-2.762987682005696666 -5.481453013035581634 0.000000000000000000 0.297267045842005029 0.000000000000000000
-0.363934393843718784 -4.408815367229578008 0.000000000000000000 0.350015088571288713 0.000000000000000000
-1.463454940669410620 -5.518942027262980332 0.000000000000000000 0.322853917334760432 8176.000000000000000000
-2.917133404861742552 -5.598548344657690912 0.000000000000000000 0.326038100947034504 0.000000000000000000
-1.216363862569282972 -3.743324600913679134 0.000000000000000000 0.187520857466198537 0.000000000000000000
5.352753316474838208 1.710119045012376660 0.000000000000000000 0.338438886687308593 0.000000000000000000
2.525397252671353510 0.596730428538119639 0.000000000000000000 0.369994709133018851 9018.000000000000000000
4.298571475413077714 -2.440055349422186382 0.000000000000000000 0.435271955878147598 9562.000000000000000000
3.916434375350909214 -1.801972629860525643 0.000000000000000000 0.337535774374521202 9654.000000000000000000
3.086726935185580611 0.821226270319010854 0.000000000000000000 0.293344544056377499 0.000000000000000000
3.926769950871123793 -0.083754789026838861 0.000000000000000000 0.105750105566965943 9584.000000000000000000
4.343200763350714588 -1.387151335091554971 0.000000000000000000 0.248367581860413605 9298.000000000000000000
5.407379079155822055 -0.479120314596078012 0.000000000000000000 0.180500623572329766 9215.000000000000000000
3.365394398866456083 -1.884938717896698757 0.000000000000000000 0.392722524951737650 9551.000000000000000000
6.814669901674228925 0.878179797697022591 0.000000000000000000 0.438570282120713806 0.000000000000000000
3.891194264748525367 1.584965811200237606 0.000000000000000000 0.302810568108657641 0.000000000000000000
2.305176850895032103 0.790340956190790811 0.000000000000000000 0.418034398815121111 9576.000000000000000000
3.172775598147374865 -1.567845200696434960 0.000000000000000000 0.367254279200208811 9442.000000000000000000
4.747864674688770492 -0.844663972157619902 0.000000000000000000 0.155726951801306912 0.000000000000000000
4.488922933624995615 -1.228439151574468813 0.000000000000000000 0.218314909803687951 9322.000000000000000000
8.075524779197314373 10.068596564834928486 0.000000000847201098 0.465770105786213695 10304.000000000000000000
9.759027328602019935 10.820631636615479110 0.000000000850152008 0.378229522834021448 388.746898672105487549
9.214722573310142550 9.792743274561582112 0.000000000535126910 0.271932387919496477 9338.985358777603323688
8.172672470609128936 9.270417761795050282 0.000000000130001297 0.397170590408342017 10381.000000000000000000
9.744112759791407896 9.963715013415523458 0.000000000700486826 0.238395484187118062 0.000000000000000000
11.298228200727082893 6.268808558317878088 0.000000000247585410 0.466361255453139389 0.000000000000000000
11.613833990711849964 7.821614464011068968 0.000000000589366553 0.278891003590065634 0.000000000000000000
8.408778856212778763 10.463840085646458178 0.000000000777443216 0.457793415755331667 0.000000000000000000
10.722993837173833143 6.078209563413951244 0.000000000241476659 0.472753982779265669 4203.135239805158562376
9.229795134206904450 7.557698638995359097 0.000000000558030007 0.287938690944705589 0.000000000000000000
8.553268791076302335 8.695778445689203551 0.000000000858397107 0.318701113139452041 10643.000000000000000000
10.353217900802096807 11.361676232585100621 0.000000000143748299 0.458268185261474281 10352.000000000000000000
9.397945310884219694 9.497488203427204567 0.000000000105343975 0.213433868727738285 10860.000000000000000000
9.353593392808265961 7.252984776120976029 0.000000000378953833 0.316029465509581164 10377.000000000000000000
9.176826010318457350 11.005646423544094503 0.000000000511760689 0.447520917863936940 0.000000000000000000
2.300807394895513447 15.183310534053898522 0.000000000000000000 0.339568959742876819 0.000000000000000000
3.562994950419045903 11.405895118650871467 0.000000000000000000 0.398512258387424267 11612.000000000000000000
2.258551735485742729 12.202278033595259643 0.000000000000000000 0.191817180330373177 11976.000000000000000000
3.949352651911437029 14.924481228895762897 0.000000000000000000 0.410867139816582017 0.000000000000000000
0.600838874062471495 13.790336310577774981 0.000000000000000000 0.322214135672039159 11709.000000000000000000
0.618416957748471718 12.962125023003043367 0.000000000000000000 0.310909778433358375 11101.000000000000000000
3.661038554966542069 14.715338307235569459 0.000000000000000000 0.348511119311580020 0.000000000000000000
4.248341187704606448 14.819238689655971797 0.000000000000000000 0.437795388051165857 11551.000000000000000000
2.495492788696606290 11.079586625070740880 0.000000000000000000 0.392271346547341138 11941.000000000000000000
4.253855408305430963 14.094853063236360668 0.000000000000000000 0.371774344134812418 0.000000000000000000
1.296057039777237962 12.595926585528005148 0.000000000000000000 0.221248056293728318 11990.000000000000000000
3.051694438214447302 15.176016820006822172 0.000000000000000000 0.361479010858169469 5698.609628594566856918
1.010391447143062393 12.900337527913576352 0.000000000000000000 0.245303900693443155 8305.155285361835922231
2.717317822298648711 14.482480052405486859 0.000000000000000000 0.225278826887684802 0.000000000000000000
0.677019121520194056 13.241374367053968086 0.000000000000000000 0.295440744405670641 0.000000000000000000
-4.946091460505817494 11.849243266232617700 0.000000000308637312 0.319209240597786437 0.000000000000000000
-7.337266797778723593 10.160589909412065523 0.000000000367813104 0.295935618429453207 21260.000000000000000000
-8.894442326912562535 11.207762928469252373 0.000000000515261470 0.395751889737970930 21193.000000000000000000
-8.830681547843665768 13.347360385275656824 0.000000000028437079 0.471751272634318985 1688.078305584777126569
-6.854002326593040983 11.304868471473698222 0.000000000221710463 0.076371676469854349 21247.000000000000000000
-6.472541394565126005 12.702746233767481243 0.000000000736881818 0.180289827536776831 8199.245449443988036364
-7.336280184021726214 10.510992223347280117 0.000000000281183277 0.239205001353526070 0.000000000000000000
-5.053754192171588500 12.482265010349047785 0.000000000336750420 0.328381502757893906 0.000000000000000000
-9.030410717956058875 13.057534039794296277 0.000000000780146816 0.472860077563986902 21350.000000000000000000
-8.678195290061665901 11.356303169286938726 0.000000000722033325 0.352653928415497697 21971.000000000000000000
-8.179555018835829472 13.341545400377242458 0.000000000200083138 0.385711951537101028 21628.000000000000000000
-7.050307451831282712 12.911641223718502758 0.000000000170212543 0.218570146579786934 21103.000000000000000000
-8.455714141505275450 12.295919449325985795 0.000000000556365245 0.323637209109759183 21526.000000000000000000
-4.757546639202858252 11.845955829457231800 0.000000000350560936 0.352691069583663641 0.000000000000000000
-8.573301426057980734 13.086777816743355274 0.000000000585982155 0.407485976460106814 0.000000000000000000
-10.924995541992096548 5.368069437885492512 0.000000000000000000 0.340659664912334403 13955.000000000000000000
-12.814022873321638585 6.294818915603880072 0.000000000000000000 0.281546353310560382 0.000000000000000000
-11.030632080024609820 2.813638923310963325 0.000000000000000000 0.442423478425355010 13236.000000000000000000
-13.572347809619346393 3.134023854559622624 0.000000000000000000 0.308778392042644734 972.315587911604325200
-14.530558020306150624 5.613673681559187223 0.000000000000000000 0.362202772253320981 0.000000000000000000
-13.776302049817109818 4.707544401814393709 0.000000000000000000 0.189592262853446269 0.000000000000000000
-11.688577995230824413 4.678940489763531829 0.000000000000000000 0.182623656479525470 13768.000000000000000000
-12.539841844740342580 7.396442811969684783 0.000000000000000000 0.473709792453189227 13563.000000000000000000
-11.854695675907883867 6.476824794219214532 0.000000000000000000 0.348558196815776433 13997.000000000000000000
-13.839384531837964687 5.127547453028422630 0.000000000000000000 0.215347305921200965 13845.000000000000000000
-11.072378772778703748 3.755260885069811927 0.000000000000000000 0.333860616089789175 0.000000000000000000
-11.203587611297493254 5.860162004680505632 0.000000000000000000 0.338882867094993212 0.000000000000000000
-10.458773733617643842 5.688121157969104225 0.000000000000000000 0.438760060941489560 13159.000000000000000000
-11.861363884065994512 6.659494529292316223 0.000000000000000000 0.376913678805752828 13756.000000000000000000
-12.838178961796527844 4.933056358715468548 0.000000000000000000 0.049534463799686540 0.000000000000000000
-14.096193770172449788 -6.791005281147050709 0.000000000000000000 0.441494937186149239 0.000000000000000000
-11.030426835170722200 -5.831855133807853697 0.000000000000000000 0.361132543690461993 9370.000000000000000000
-11.648702331265988974 -5.545350174155685430 0.000000000000000000 0.242492262978241002 9783.000000000000000000
-12.525783966658080359 -4.893167256003523313 0.000000000000000000 0.050076498099884854 0.000000000000000000
-12.134841594511284413 -5.494029118850756177 0.000000000000000000 0.175422968796017709 0.000000000000000000
-11.863482545682840552 -5.921069171514593776 0.000000000000000000 0.264121342779493007 0.000000000000000000
-13.230071320981707572 -2.833784288778173011 0.000000000000000000 0.333436088884159876 9138.000000000000000000
-13.489523347604638559 -4.029175973723504889 0.000000000000000000 0.178520417945885801 9715.000000000000000000
-14.306648296343826843 -5.258466410205322461 0.000000000000000000 0.301311844669490569 0.000000000000000000
-12.464140596916932324 -2.365384929361884048 0.000000000000000000 0.404845552442930523 9418.000000000000000000
-12.874319582907659765 -6.569081724307038073 0.000000000000000000 0.329860912352882785 0.000000000000000000
-12.567083731201206476 -6.147981387609148918 0.000000000000000000 0.256890539582508182 9527.000000000000000000
-11.314757230707479962 -4.732047558502432416 0.000000000000000000 0.249427934956754527 0.000000000000000000
-11.328326515373328576 -3.653589715989284503 0.000000000000000000 0.304727577665853178 9996.000000000000000000
-10.171640602856081514 -4.193595970578309462 0.000000000000000000 0.460830438094630368 9701.000000000000000000
-7.985129439559207398 -12.444768158580522766 0.000000000831096205 0.257542489445687306 0.000000000000000000
-9.048433789874863464 -12.191996088336544801 0.000000000853658893 0.421149953080116102 0.000000000000000000
-7.163652459767115843 -10.568614008757410971 0.000000000866415031 0.217502521364938722 0.000000000000000000
-5.265099578921028645 -10.576151712450659659 0.000000000160338417 0.330749017941810441 0.000000000000000000
-5.629314185795977643 -13.166578355605514261 0.000000000697045489 0.323224280976876888 0.000000000000000000
-7.076342246926736301 -14.296499435917628062 0.000000000800829591 0.460193545845493213 0.000000000000000000
-4.554001806525040053 -11.185636040541984570 0.000000000818243060 0.399578970221284469 0.000000000000000000
-8.780816151099234190 -10.215335628686545988 0.000000000410132002 0.451383164021968708 0.000000000000000000
-7.113236784785817335 -11.962737753912648486 0.000000000928525584 0.080456000357877852 0.000000000000000000
-5.262119134667959663 -13.673876981066472425 0.000000000251910016 0.434458987235062211 0.000000000000000000
-8.125352344209334277 -12.770782499528568366 0.000000000588090965 0.310182862657130187 0.000000000000000000
-8.827299757414293069 -12.334127983289137731 0.000000000736483250 0.388865626732308012 0.000000000000000000
-7.046773344969708752 -14.288336821895791573 0.000000000926134847 0.458102521789754524 0.000000000000000000
-8.481850326173351107 -13.007841931019065385 0.000000000179136285 0.386115167103705526 0.000000000000000000
-7.411833582747460625 -10.591355816737792139 0.000000000824233388 0.233283833404231228 0.000000000000000000
4.678126655293733727 -13.495640570574058970 0.000000000000000000 0.419511737587241917 522.131660974217197690
1.524980308155387654 -12.573553432803867835 0.000000000000000000 0.191039942348980391 20222.000000000000000000
1.769671831272624951 -14.498663598246533724 0.000000000000000000 0.239783762279824203 20708.000000000000000000
3.484946331866519476 -11.492802220510746736 0.000000000000000000 0.377971843272914831 0.000000000000000000
0.399964710831499370 -14.575570635743087422 0.000000000000000000 0.415196621446347058 20047.000000000000000000
4.101682336634842052 -11.704172254193773384 0.000000000000000000 0.421298486597345534 0.000000000000000000
1.603376925344588422 -14.952589214426593500 0.000000000000000000 0.325687364681114366 10472.177489811989289592
-0.040747210573304708 -13.758281152702506844 0.000000000000000000 0.431882852641000126 0.000000000000000000
3.449851166982413453 -11.399679836424368773 0.000000000000000000 0.388765961830277063 20471.000000000000000000
2.333551461425320994 -10.628364699669974769 0.000000000000000000 0.471574157072973343 940.667477985014784281
3.814916610181992684 -14.971040794127091544 0.000000000000000000 0.400668105882143077 20452.000000000000000000
3.693407431396584339 -15.403545480419817082 0.000000000000000000 0.449357236689946149 20880.000000000000000000
0.680701045920312220 -11.796406205570468373 0.000000000000000000 0.395472059688559419 0.000000000000000000
0.390774346791732174 -15.094993162113508944 0.000000000000000000 0.474234501228745942 20187.000000000000000000
0.665430649242037209 -12.403972250531998256 0.000000000000000000 0.335622342552329589 0.000000000000000000
8.649429229507413552 -9.643825425055021938 0.000000000000000000 0.340084796516044063 2233.611336114503046701
8.374295899824799605 -8.063820659144898428 0.000000000000000000 0.370537972813740291 22829.000000000000000000
11.214137929010465911 -9.713304932148567161 0.000000000000000000 0.229813694056709927 20215.139945565355446888
10.947781974555230278 -9.565986033775502051 0.000000000000000000 0.179575747851955958 22557.000000000000000000
10.483710113215600757 -10.470511569686836495 0.000000000000000000 0.303044410910211781 22901.000000000000000000
8.804844893763515756 -8.002014231907438102 0.000000000000000000 0.303507709639170509 0.000000000000000000
10.632748033465050597 -6.650575109209519553 0.000000000000000000 0.371261616525964511 13884.985678662020291085
7.717617865957817180 -8.306739215536014243 0.000000000000000000 0.473887536757487515 22785.000000000000000000
8.861925239650080499 -7.207753001006975246 0.000000000000000000 0.377782664886584907 0.000000000000000000
8.627119504323074395 -10.192134265988711306 0.000000000000000000 0.397133828737007144 9634.852116084297449561
8.865965909030782299 -8.135867393821959226 0.000000000000000000 0.283999095351095854 22885.000000000000000000
11.373278423933133041 -11.109145941916841238 0.000000000000000000 0.452428001901488019 15791.754753484712637146
8.850581414908168298 -10.467248461504524926 0.000000000000000000 0.402256607948302036 22256.000000000000000000
11.156804819669579487 -9.756042256871788609 0.000000000000000000 0.228753400813498653 0.000000000000000000
12.194430044609621433 -8.075634831821016490 0.000000000000000000 0.350708646571611493 22969.000000000000000000
12.408142804247994206 -2.222049506643257288 0.000000000000000000 0.435583430178905717 6724.429348684581782436
14.200273461954457943 2.493992760881341031 0.000000000000000000 0.447285999063510797 1379.273097391985174909
15.985033694138857996 0.786987254581699602 0.000000000000000000 0.456262898884596590 0.000000000000000000
13.964953525891006691 1.775822978057364221 0.000000000000000000 0.316619162602959026 0.000000000000000000
12.348034912863322887 0.710047767121250728 0.000000000000000000 0.245850312829265255 7574.000000000000000000
14.014482662722004491 -1.405137845869741442 0.000000000000000000 0.257489476007363383 0.000000000000000000
13.014664132534557339 -0.345960360259715716 0.000000000000000000 0.111393794998270595 2747.452477551819811197
11.709976738069521218 -0.815739794133830132 0.000000000000000000 0.355894110794492402 0.000000000000000000
11.754870434908772481 -1.219031229598443566 0.000000000000000000 0.382511114333577262 6811.004473443299502833
11.318133436472249898 -1.173855544126292560 0.000000000000000000 0.445793500784173402 0.000000000000000000
15.811618208054099455 -0.362301438929788500 0.000000000000000000 0.409523909307462353 13.048453474007827069
13.894745094522811257 -2.105948541249649253 0.000000000000000000 0.370086942177402733 7854.000000000000000000
12.659665085815076324 -1.941283558872306969 0.000000000000000000 0.371842181509094205 2018.813027465179629871
11.542933682451591793 -1.641513845122287041 0.000000000000000000 0.456509459788246863 0.000000000000000000
12.918688190427292994 0.498901622046586501 0.000000000000000000 0.140727954571079311 7921.000000000000000000
