-3.757744539376465021 5.333168932329829914 0.000000000000000000 0.370633376987935581 10359.000000000000000000
-2.458875146632033992 1.800880179914954304 0.000000000000000000 0.373751979629327380 10339.000000000000000000
-2.454887923813125372 3.259103994270173388 0.000000000000000000 0.117722050655937618 0.000000000000000000
-3.218695985748078137 5.093681523478012174 0.000000000000000000 0.274233373832889538 10761.000000000000000000
-4.661027353626062464 4.039125221669236154 0.000000000000000000 0.429037866333001172 10287.000000000000000000
-0.139066256077871236 2.839869762832059052 0.000000000000000000 0.421482361301767527 10758.000000000000000000
-1.133145172755816388 4.849228672934894568 0.000000000000000000 0.263429565766062135 5663.646254740411677631
-2.459576761915911902 4.633370120903749445 0.000000000000000000 0.137124550117028038 10765.000000000000000000
-0.592085026751737020 2.974304542966827114 0.000000000000000000 0.338817990713011497 10406.000000000000000000
-1.694023758807954527 3.607114517019064159 0.000000000000000000 0.112489215625005509 0.000000000000000000
-2.247979898762073159 2.708383218382696800 0.000000000000000000 0.210474029512177363 0.000000000000000000
-0.676476432668825844 4.188983021496555104 0.000000000000000000 0.286884896936663691 10579.000000000000000000
-2.591295744297206660 4.370182478170993257 0.000000000000000000 0.104066337648412277 0.000000000000000000
0.186987955264436095 4.882338801999954292 0.000000000000000000 0.470250829523536751 10353.000000000000000000
-3.631049426572344085 2.462496215233600516 0.000000000000000000 0.352745517292361421 10934.000000000000000000
-1.686465456072211655 -4.985511868994717766 0.000000000000000000 0.220108327143906185 8962.000000000000000000
-0.525718563381658899 -5.753640251981288145 0.000000000000000000 0.453363257758683025 8908.000000000000000000
-2.501626205361244804 -3.559658668320108355 0.000000000000000000 0.073119561047378406 8704.000000000000000000
-3.458592141968493294 -5.161404760429017635 0.000000000000000000 0.311396720874746125 8654.000000000000000000
-2.292207677046584013 -1.841602080791566065 0.000000000000000000 0.364858992634926271 0.000000000000000000
-0.968723268133897419 -2.148017329977307988 0.000000000000000000 0.386177000466048415 8086.000000000000000000
-1.667910275571164336 -2.568329641299513799 0.000000000000000000 0.257884430861749947 8010.000000000000000000
-2.897121200879620773 -2.680130222511158955 0.000000000000000000 0.243684675931034433 8218.000000000000000000
-3.536398235698831272 -4.760216725800504811 0.000000000000000000 0.275455851989156120 8537.000000000000000000
-4.342799874090034429 -2.287176837528331230 0.000000000000000000 0.468340308554840712 0.000000000000000000
-2.115564831432518833 -1.935430191199010386 0.000000000000000000 0.349049618110641557 0.000000000000000000
-0.169162487973234354 -5.086566691791110095 0.000000000000000000 0.428999138565219040 0.000000000000000000
-3.639875001472609117 -3.835904377373381191 0.000000000000000000 0.246437077843602886 0.000000000000000000
0.022503356587108125 -3.679774880480016552 0.000000000000000000 0.408184989708352541 0.000000000000000000
-3.898431836179769849 -3.415877176444998664 0.000000000000000000 0.304267220046806119 8660.000000000000000000
4.836082851656297699 1.709787966609161769 0.000000000000000000 0.309084207213260742 0.000000000000000000
3.425070879267696711 2.346490546162871560 0.000000000000000000 0.460110914520384828 4919.173304327477126208
2.435247181671849503 0.520898570573920194 0.000000000000000000 0.381918078731845911 9268.000000000000000000
5.433599392596206279 0.873159462334348602 0.000000000000000000 0.225584228925935271 9998.000000000000000000
4.779289413010478604 1.176366403910716896 0.000000000000000000 0.214249040159948750 0.000000000000000000
4.782850922985242725 0.464072240567737493 0.000000000000000000 0.095338527862880884 9727.000000000000000000
4.929665117379438577 -2.239706085956645776 0.000000000000000000 0.404635926393966672 0.000000000000000000
2.068746620487981858 -0.777864613992310550 0.000000000000000000 0.457254836779339202 9621.000000000000000000
5.294235675602161351 -1.935034501283546371 0.000000000000000000 0.370659244503995733 0.000000000000000000
2.323532679859382721 1.155704876696905359 0.000000000000000000 0.441229069534456730 0.000000000000000000
6.484193874668209290 0.866609459793660997 0.000000000000000000 0.383280396454964201 0.000000000000000000
2.316436414883360051 1.305528212119295040 0.000000000000000000 0.455344303241039916 0.000000000000000000
6.725997142157924991 -1.400026774373557936 0.000000000000000000 0.465862410380031955 0.000000000000000000
3.473804692395624283 1.364460940437773662 0.000000000000000000 0.305335008627952209 0.000000000000000000
6.080661325453288413 -0.858015893216809600 0.000000000000000000 0.318007891542790688 2103.495751252358331840
11.111067804121574909 10.467100621653898429 0.000000000043562684 0.330902587946362403 8922.797566545652443892
11.062285467446638876 9.052394651386716617 0.000000000636629351 0.139250967094243866 0.000000000000000000
8.066606026349816716 8.423358225981914416 0.000000000897475483 0.409299000976571237 5887.787381241891125683
8.605865931296596827 8.943469901859065985 0.000000000661016630 0.311098920247022737 0.000000000000000000
11.094750638688786637 8.254967401643092728 0.000000000914571398 0.159768663580015763 10757.000000000000000000
9.025049764497104832 9.002235165331235578 0.000000000045692623 0.238703351350966514 0.000000000000000000
9.870716595668570292 8.324936358411779480 0.000000000366789756 0.111920203384360276 0.000000000000000000
12.332279349306789484 9.383697749077793304 0.000000000072248667 0.371975549783314652 10838.000000000000000000
7.814759773048228553 9.002573868048161287 0.000000000685070843 0.452396554113508209 6039.396417846095573623
12.343182830399941352 7.615035589419339779 0.000000000615967507 0.408167080632753532 0.000000000000000000
9.227358528842291463 10.783408202851003210 0.000000000092806029 0.408866075843003274 10224.000000000000000000
8.080707640626728860 9.088051061574724088 0.000000000612161466 0.407200796196351189 0.000000000000000000
11.906258362981407828 8.681745014355827905 0.000000000275647087 0.279311879928420437 10013.000000000000000000
9.332415444995943332 6.661875702186758730 0.000000000683504753 0.408037561822136519 10092.857013190785437473
10.617551428414410353 9.303368998581296623 0.000000000582810057 0.109147207536612195 10983.000000000000000000
-0.310554489674791379 13.025312534555435917 0.000000000000000000 0.473472713086853680 11835.000000000000000000
2.936145088533045122 15.036908433904329740 0.000000000000000000 0.331216546559342739 0.000000000000000000
0.614715065424854323 14.791449599772972689 0.000000000000000000 0.408337803810185029 11407.000000000000000000
2.043449425912740924 15.191964990892993015 0.000000000000000000 0.345003933680345209 11005.000000000000000000
1.579453108094773572 14.611977745990719413 0.000000000000000000 0.273251890115016327 11684.000000000000000000
1.848394148362671352 14.548600285503807683 0.000000000000000000 0.242522505677711997 11341.000000000000000000
1.373154247696197094 14.502154107771426439 0.000000000000000000 0.277479066452569145 11725.000000000000000000
2.635216197690943396 13.857827468789285064 0.000000000000000000 0.116543226841559114 11912.000000000000000000
4.445046362299590825 11.772018305225676826 0.000000000000000000 0.461671728965828532 11279.000000000000000000
3.043730646809117424 13.960768217062971885 0.000000000000000000 0.175545100473137455 0.000000000000000000
2.878026190709297438 14.565927356274549709 0.000000000000000000 0.249146485232111747 2885.407029216781211289
2.013904317305027725 13.094788810896799802 0.000000000000000000 0.065663932818791640 11348.000000000000000000
0.354880922158407608 12.776757991466419995 0.000000000000000000 0.363849210239321597 11403.000000000000000000
2.272426514312571477 12.005941495895294580 0.000000000000000000 0.226571613458209475 10652.645252422656994895
3.605180293250652479 14.479648452587388974 0.000000000000000000 0.311666740016673771 11742.000000000000000000
-5.942159650167852192 11.776145119080624113 0.000000000507196398 0.141216270432228508 21907.000000000000000000
-4.571832373648082815 13.179241191902390185 0.000000000708465939 0.464063885934107245 0.000000000000000000
-5.231056295229229214 12.505631910946524599 0.000000000130876486 0.301760378518146855 21962.000000000000000000
-8.853939044200021868 10.288042768158319973 0.000000000534128707 0.454718194771980777 21702.000000000000000000
-8.266406306406899773 11.925331053872481490 0.000000000148632610 0.275840587033284790 0.000000000000000000
-8.482688947032858806 13.393479524255086588 0.000000000411091663 0.429931300766077829 21249.000000000000000000
-7.136598218759274026 12.156978845351417817 0.000000000054568680 0.105855928953875800 0.000000000000000000
-7.204068911661984487 10.742614523525697123 0.000000000873688391 0.192053785984280495 19843.679564745736570330
-7.739853139315410857 10.586493152486951885 0.000000000384597754 0.268910318507171009 21334.000000000000000000
-6.168549195877413460 12.246226210413171387 0.000000000348032107 0.137225369738702779 21257.000000000000000000
-6.656971038622494952 9.572738107071565139 0.000000000678548861 0.380082858219329911 0.000000000000000000
-8.127234185435908032 11.117860722739528967 0.000000000233518815 0.270330967522806664 21142.000000000000000000
-5.690082338015821861 9.798937414855751982 0.000000000056660162 0.387545846444508013 0.000000000000000000
-5.493148648526607225 11.806599705602126349 0.000000000087701855 0.221423658082427116 21333.000000000000000000
-6.201296722914757531 11.618367375048707757 0.000000000472159454 0.096312832009684546 21833.000000000000000000
-15.212506616128987247 5.364316642958749881 0.000000000000000000 0.461026982218406323 4733.689240378318572766
-15.140393546452616036 4.955914028517240943 0.000000000000000000 0.435312646209825904 0.000000000000000000
-11.581162528302597181 2.566129431127227800 0.000000000000000000 0.419760624076717326 0.000000000000000000
-15.284035251541506994 4.090408536835595577 0.000000000000000000 0.469413596469179517 13659.000000000000000000
-13.525598839225310144 4.021309780175988280 0.000000000000000000 0.184387727049398292 13900.000000000000000000
-11.137135088745033329 5.174456013256347298 0.000000000000000000 0.293918907367592908 13216.000000000000000000
-14.769770097991168356 4.224400939202092253 0.000000000000000000 0.374945975578265867 0.000000000000000000
-13.590918694174789039 7.099813021611898201 0.000000000000000000 0.448417298186420787 4257.399393044614043902
-14.220007112810453265 6.781670650057648686 0.000000000000000000 0.452804483116264755 0.000000000000000000
-12.033103502803879081 3.179962488865973214 0.000000000000000000 0.287707385899182100 13711.000000000000000000
-10.972150470664223221 2.991189343787839405 0.000000000000000000 0.427704527739490081 0.000000000000000000
-13.450872960042607573 2.075449245092422679 0.000000000000000000 0.470687263256637400 13795.000000000000000000
-12.193969254434172456 6.564488194465067927 0.000000000000000000 0.341032579793182133 0.000000000000000000
-12.798940357947317992 6.325889443148295932 0.000000000000000000 0.286789045885332716 13937.000000000000000000
-11.156165378460013216 4.652105773791549659 0.000000000000000000 0.277559007930608559 0.000000000000000000
-11.587589420264666984 -4.978180745528562490 0.000000000000000000 0.207303779618244977 0.000000000000000000
-13.787797230324059683 -5.721423327387998192 0.000000000000000000 0.263507744499315966 0.000000000000000000
-12.346662729272477321 -6.722886484229477766 0.000000000000000000 0.361649313031237207 0.000000000000000000
-11.126784782817422226 -2.850098916719909781 0.000000000000000000 0.426174572029896392 0.000000000000000000
-11.729867812583089304 -4.803905220628448269 0.000000000000000000 0.176617600336672148 3759.482127454902183672
-11.159374040513688087 -3.529410684914016993 0.000000000000000000 0.341847635689856766 9699.000000000000000000
-14.936298288695081027 -3.562000249397546892 0.000000000000000000 0.440891141343764004 9416.000000000000000000
-12.870505446007618033 -7.405635165562091338 0.000000000000000000 0.474823858922131192 9720.000000000000000000
-10.810664718927913697 -4.777318339721751350 0.000000000000000000 0.339534872951183953 0.000000000000000000
-13.183283606408197741 -4.864204195825074351 0.000000000000000000 0.089802775162648826 9338.000000000000000000
-12.088068437424380974 -6.375703789384621345 0.000000000000000000 0.315750681096637897 9500.000000000000000000
-13.264589606092423324 -4.199369434364789377 0.000000000000000000 0.128819289764471184 9863.000000000000000000
-12.473966578984788001 -3.934259902670045328 0.000000000000000000 0.136330455218936747 0.000000000000000000
-12.203631677375025077 -4.050571185239079774 0.000000000000000000 0.142118217213307918 321.522041307809843147
-11.918744398198795054 -4.136426278806383472 0.000000000000000000 0.170192250505688314 9291.000000000000000000
-6.178817637104407012 -10.646659195770107331 0.000000000860293630 0.213958050002436145 0.000000000000000000
-7.047062488170325878 -10.655667331569539158 0.000000000433614764 0.196273590996695863 0.000000000000000000
-6.812750340982924868 -11.179232996563129632 0.000000000078003441 0.096539267063464357 0.000000000000000000
-8.226896672984391756 -11.722750364140145152 0.000000000302651844 0.266371519792632239 0.000000000000000000
-8.023217965880935054 -11.591690346682160140 0.000000000682634046 0.231161280657955381 0.000000000000000000
-6.928580457384336810 -13.686856291264625440 0.000000000742810386 0.350051155654960089 0.000000000000000000
-5.827124423421682131 -12.768313401633328397 0.000000000538492046 0.246200717262642921 0.000000000000000000
-5.305879586386138769 -10.658002089045702121 0.000000000739522135 0.316195555378977755 0.000000000000000000
-6.062949510010519738 -12.679194303320393544 0.000000000318368703 0.207805554255184627 0.000000000000000000
-4.400481699249250589 -12.003545492271486594 0.000000000298823380 0.418655326474116851 0.000000000000000000
-5.204341647343354360 -10.562454550691970923 0.000000000688057551 0.340835065651500679 0.000000000000000000
-7.394915766987091743 -13.745073799838428030 0.000000000901716640 0.377369810572136144 0.000000000000000000
-6.338275474059607895 -12.640727648453793819 0.000000000749456327 0.177749856870916711 0.000000000000000000
-6.136654644651244439 -10.796053056353171584 0.000000000573831984 0.194868739367675708 0.000000000000000000
-7.551184241602823199 -9.362355942493991279 0.000000000674968456 0.441492028110243073 0.000000000000000000
3.571751707056252112 -12.683258864423319068 0.000000000000000000 0.244528233049782967 20828.000000000000000000
4.783208492924300614 -13.996929276203124104 0.000000000000000000 0.454831614643040727 5236.239766244334532530
0.743511775807074060 -12.831145043528190186 0.000000000000000000 0.294425835741395581 0.000000000000000000
0.160281018144969672 -13.005062409703516124 0.000000000000000000 0.390466461664937370 20021.000000000000000000
1.422390193082928356 -14.428254444950669111 0.000000000000000000 0.261708199594567481 20342.000000000000000000
4.020712931773164911 -11.282773392655355948 0.000000000000000000 0.464965318181761789 20297.000000000000000000
3.839944700529456689 -15.413315665362661733 0.000000000000000000 0.465348431360588677 20174.000000000000000000
3.660191860027233179 -11.973595345972245951 0.000000000000000000 0.331093248978941768 0.000000000000000000
2.629774936941799091 -12.344686580069641479 0.000000000000000000 0.174110689510118183 20017.000000000000000000
1.356812481938305393 -14.893364922204963108 0.000000000000000000 0.336565597675597794 0.000000000000000000
3.381872833117599786 -13.503052037917290917 0.000000000000000000 0.190996047201540370 0.000000000000000000
2.418022866105214330 -10.800956253049792011 0.000000000000000000 0.441086927062134926 15538.122868296337401262
2.497664932961928486 -12.329615886197089480 0.000000000000000000 0.171143632791026012 20886.000000000000000000
4.298564576699607898 -14.652487727251115146 0.000000000000000000 0.427137362186975067 20884.000000000000000000
-0.103679769353878681 -13.244593577640165094 0.000000000000000000 0.434527372039588300 0.000000000000000000
10.237036246669649842 -6.689530740281153243 0.000000000000000000 0.361464756476953974 22030.000000000000000000
9.381615293406095901 -6.658593192139999672 0.000000000000000000 0.404751355224528986 22164.000000000000000000
12.328229472720002136 -6.933398268761337135 0.000000000000000000 0.475446444391196377 22006.000000000000000000
12.837711366433893545 -8.061026403684664388 0.000000000000000000 0.460949856446015216 22301.000000000000000000
9.202156688178774857 -11.020596589921872521 0.000000000000000000 0.447772543898531716 0.000000000000000000
11.563087681185834299 -11.001629382222668951 0.000000000000000000 0.450540919710318899 0.000000000000000000
11.758403610300655728 -7.466744952911299471 0.000000000000000000 0.337783712003570435 22517.000000000000000000
10.009585738400121002 -7.703328190646104190 0.000000000000000000 0.192539329943959392 22591.000000000000000000
11.875478454832752107 -9.550680821715225477 0.000000000000000000 0.307501093583000595 5919.014341724208861706
10.867838764426682729 -6.804739744601854490 0.000000000000000000 0.353177085030237092 0.000000000000000000
8.439419898564205269 -7.682482601027698976 0.000000000000000000 0.387197919532728363 22602.000000000000000000
9.583765949409180251 -7.062244387298592940 0.000000000000000000 0.325226391518720681 22113.000000000000000000
10.647294554453496929 -8.453499312592636983 0.000000000000000000 0.075183751964375434 22297.000000000000000000
9.409099205893413753 -7.191234904867271460 0.000000000000000000 0.319828821589504930 7909.085745044862051145
10.533420102098880022 -10.142593571841256761 0.000000000000000000 0.246871583417362511 0.000000000000000000
13.972133198114685015 -1.479594565244731763 0.000000000000000000 0.267456710288217381 7024.000000000000000000
12.843766275029278034 2.504361177164971419 0.000000000000000000 0.452022876249829453 0.000000000000000000
13.297865423391547424 -1.582694673215285563 0.000000000000000000 0.277823715226163115 7008.000000000000000000
11.995975531083631793 0.062256314180294092 0.000000000000000000 0.275632141261088315 0.000000000000000000
14.790426024861583087 2.253273158961802913 0.000000000000000000 0.448595319135543957 0.000000000000000000
13.325875893920150261 -2.275323940301977377 0.000000000000000000 0.396334974719194377 7503.000000000000000000
14.212898220731288390 0.952892167717720784 0.000000000000000000 0.203802268985977031 7136.000000000000000000
12.725777474698119818 2.047803916126785140 0.000000000000000000 0.384024170891806127 0.000000000000000000
11.919192369891673522 -0.622274868121026392 0.000000000000000000 0.308683963072023559 0.000000000000000000
11.467593147113298357 0.688613193598701323 0.000000000000000000 0.388527176293091026 7879.000000000000000000
13.778406120931180112 -2.402443364066538134 0.000000000000000000 0.418260017285466079 7761.000000000000000000
14.695088443872542427 -1.649250337302969882 0.000000000000000000 0.351564176878979673 7553.000000000000000000
13.673752002603977829 1.288125962501364796 0.000000000000000000 0.224423356619518344 7441.000000000000000000
11.635637902478979555 0.951244850246249718 0.000000000000000000 0.377802028485711761 7316.000000000000000000
14.753281018666051239 -1.096121464702148218 0.000000000000000000 0.287382091137815820 7572.000000000000000000
