-1.036459252226888061 5.957344961023719243 0.000000000000000000 0.427793683091971244 0.000000000000000000
-2.554810438124436089 6.216120743008024974 0.000000000000000000 0.417510921784899569 428610.000000000000000000
-1.092165571493234566 2.673802841667541230 0.000000000000000000 0.300237282669994832 424841.000000000000000000
-2.276303034686671722 2.370209547685573792 0.000000000000000000 0.270703791930412163 0.000000000000000000
-3.127256634829336690 5.826048943193001151 0.000000000000000000 0.377825484009846002 423279.000000000000000000
0.135029462987580479 3.969647484903064516 0.000000000000000000 0.426745352683279455 426938.000000000000000000
-0.915234949576929857 5.578880336463168277 0.000000000000000000 0.384428088478871555 428336.000000000000000000
-1.574479068078906918 2.668375327453505363 0.000000000000000000 0.249427913998835321 46844.427062691589526366
-1.553797279313472446 2.436514176888391781 0.000000000000000000 0.287763085483046577 430147.000000000000000000
-3.762095866502798813 3.024350942163298139 0.000000000000000000 0.309165049478199339 0.000000000000000000
-1.629271698626979070 5.430568495002970231 0.000000000000000000 0.296386144971609478 0.000000000000000000
-2.483613167431645952 3.928551433103878665 0.000000000000000000 0.040749357851845955 431291.000000000000000000
-3.776255630738512448 5.365643520192979743 0.000000000000000000 0.377018808123239735 0.000000000000000000
-0.939918844267655151 3.997865971346818537 0.000000000000000000 0.235736259930240138 0.000000000000000000
-0.475229497401865653 4.135511702952485713 0.000000000000000000 0.320758228137459744 339533.152204299694858491
-4.082234592395430184 -2.549560693949928680 0.000000000000000000 0.403207420165803243 0.000000000000000000
-0.836741717666077300 -2.920931871266910118 0.000000000000000000 0.306589200652500671 96665.028057563671609387
-2.961152275265007017 -5.202563976929455158 0.000000000000000000 0.265121966143823717 344913.000000000000000000
-3.728063953052651591 -4.670668910163001009 0.000000000000000000 0.296511640088481021 346067.000000000000000000
-2.781512992103444493 -5.288492821641217922 0.000000000000000000 0.265866259431099650 349405.000000000000000000
-4.654264495978683414 -4.198335012604466954 0.000000000000000000 0.430517175210135383 343564.000000000000000000
-1.086048643647419043 -5.395921751780794473 0.000000000000000000 0.339985566935525285 0.000000000000000000
-3.326262334647171137 -1.567479690451027752 0.000000000000000000 0.455149037812649870 0.000000000000000000
-1.944523866410015733 -5.648799076465309987 0.000000000000000000 0.318162412363628466 340662.000000000000000000
-1.797504901701885371 -2.696238677045261767 0.000000000000000000 0.227960289279759448 327730.569513311260379851
-2.097824457178086188 -4.080136593784340349 0.000000000000000000 0.044291352125473415 0.000000000000000000
-2.740931180288416869 -5.602195855968599147 0.000000000000000000 0.316734400769383473 0.000000000000000000
-1.530290730889767081 -3.392467557529010858 0.000000000000000000 0.157137011311167085 347880.000000000000000000
-2.045218807719427101 -2.245408727292222739 0.000000000000000000 0.295379640612553673 0.000000000000000000
-1.801446227418222579 -1.591338421465437802 0.000000000000000000 0.417445086595551518 344085.000000000000000000
6.991768006244183375 0.455017022635470114 0.000000000000000000 0.448859882489177076 347488.574282081041019410
4.683714762247467078 2.331020986447805754 0.000000000000000000 0.415193619135791947 388059.000000000000000000
4.834964609478348052 -2.154364813887201802 0.000000000000000000 0.386920957266854604 382102.000000000000000000
5.640397183686994609 0.868119796661582233 0.000000000000000000 0.253063179331595833 389977.000000000000000000
5.240496349509580654 1.957542611264895260 0.000000000000000000 0.370930459459512807 0.000000000000000000
2.081790313330838416 -0.342295042415678208 0.000000000000000000 0.437746580818250297 0.000000000000000000
5.053756771264840353 -0.706617475359187508 0.000000000000000000 0.158111470034247553 95851.476509188141790219
3.289700743539534233 -1.592308513929617586 0.000000000000000000 0.357465129565251338 387969.000000000000000000
5.465609135388306505 2.067396256233245744 0.000000000000000000 0.404323214825310195 384082.000000000000000000
4.781028042915830945 -0.758237732643953555 0.000000000000000000 0.142847378609055720 385451.000000000000000000
6.390876295747344393 1.258891738273322680 0.000000000000000000 0.402176400455055427 387940.000000000000000000
3.292375246833939340 -1.410940773242935986 0.000000000000000000 0.332197257973955495 0.000000000000000000
2.873029133909874577 0.186794339805495285 0.000000000000000000 0.294375852489558998 387254.000000000000000000
2.471413737621011020 -1.452090099353542163 0.000000000000000000 0.446371178110319067 389237.000000000000000000
4.494557467899508829 -2.139115878739672461 0.000000000000000000 0.380073278928764802 197202.103537219227291644
10.897676467438522252 7.133356561323336287 0.000000000827898838 0.299786298169637644 429128.000000000000000000
9.510214766707456135 8.640766686977499944 0.000000000667475344 0.149205003468268177 430692.000000000000000000
8.679438755235574732 8.949192268862272925 0.000000000194502397 0.298187898299041354 429109.000000000000000000
8.418978585584184771 8.620107180342372999 0.000000000229498674 0.343238601476712257 0.000000000000000000
7.911679386572254558 7.884319021977710840 0.000000000405944032 0.458797123919634342 0.000000000000000000
8.921703818884131110 6.733565454841819786 0.000000000510128923 0.435017377442197706 421840.000000000000000000
10.465916434264686430 8.959377285649463118 0.000000000038484960 0.043272305677160533 429081.000000000000000000
11.164393270945330627 6.239443946511435080 0.000000000109560072 0.463135862308586999 0.000000000000000000
7.959657383010316778 8.921671528821750741 0.000000000872943819 0.425452467828181691 350351.270982310466933995
10.732687103159721076 6.379532127313930268 0.000000000799271493 0.420861730962452329 156391.937208287708926946
11.883873143489694257 7.164730119748820236 0.000000000055961274 0.390302325558102847 0.000000000000000000
9.031544686254667553 8.477701885504037804 0.000000000719979217 0.238112024681441159 15557.334028302424485446
8.838218091131189169 9.300011296172801423 0.000000000271250569 0.284815705520302609 426694.000000000000000000
10.946562064767674016 11.242189132038376442 0.000000000513116869 0.450046955798106441 430632.000000000000000000
10.126649095144953705 9.129647477986546633 0.000000000919691982 0.077048358210883988 422116.000000000000000000
1.479834753889720300 11.632752116218245675 0.000000000000000000 0.330058646352157925 462175.000000000000000000
0.294521457000568532 13.508189973563499819 0.000000000000000000 0.365866497406685642 0.000000000000000000
3.336059987289211826 14.921802292536897383 0.000000000000000000 0.342955770201908594 462852.000000000000000000
1.702111045960938540 13.412071176249376947 0.000000000000000000 0.115233508727101489 469214.000000000000000000
3.326737372067021692 13.951160104378473648 0.000000000000000000 0.213768043395733021 466735.000000000000000000
0.406397780670039621 11.890382475194565259 0.000000000000000000 0.423147161800381144 62801.735202478565042838
0.574312745965520510 14.006571512097460541 0.000000000000000000 0.339556269647401432 243046.505190880881855264
0.897762557934661198 12.244448690233779686 0.000000000000000000 0.315228298696510756 0.000000000000000000
4.438655406752618049 11.916223376271386059 0.000000000000000000 0.446333201225648957 0.000000000000000000
4.256041325999563085 13.440503108211478533 0.000000000000000000 0.343724628718129144 0.000000000000000000
3.166865618958318418 14.975788155468267249 0.000000000000000000 0.336891380110662109 466612.000000000000000000
3.513861803302221087 13.772536686415593365 0.000000000000000000 0.227994037085817808 469529.000000000000000000
0.359184969039552604 13.857956526358361060 0.000000000000000000 0.366926061715429574 468476.000000000000000000
1.979034097540270931 14.561139954000555718 0.000000000000000000 0.237358179719059398 468739.000000000000000000
1.257146584352445862 12.126738481836675021 0.000000000000000000 0.280750189736770572 467615.000000000000000000
-8.680298510089249575 13.003026196694230876 0.000000000438120144 0.414700892142961242 870007.000000000000000000
-9.353086830787841421 11.945763830138481865 0.000000000525944214 0.468781879395928192 875302.000000000000000000
-7.281800797161626093 10.076692583580934226 0.000000000153220811 0.306519010846297846 0.000000000000000000
-6.269674729766345322 12.022539651228035140 0.000000000739969811 0.098480353951576796 0.000000000000000000
-7.370873673975065543 10.931720763815246045 0.000000000377880328 0.179793388133328763 877280.000000000000000000
-8.761349075027723643 12.995796030210437166 0.000000000161720248 0.426175972104733791 514499.611446342372801155
-5.623004532391933097 10.232461897762400227 0.000000000407856088 0.329301887383621039 0.000000000000000000
-7.133907547995729459 9.925740246223595520 0.000000000242836804 0.325180730171977628 0.000000000000000000
-6.339487732407696363 9.288535882517235720 0.000000000454953852 0.435938941911681532 877109.000000000000000000
-7.673955964843414357 12.200983271894935811 0.000000000914726035 0.188250606177351260 870075.000000000000000000
-9.002106080794062493 12.636018034607948479 0.000000000095167254 0.435731881909670382 869153.000000000000000000
-7.062418684905455102 11.534787786624027817 0.000000000101156211 0.067219087991704757 871318.000000000000000000
-8.563375414422138121 12.098664081822384730 0.000000000576920140 0.333169220703689928 0.000000000000000000
-7.388132547015038298 13.338546618951209410 0.000000000083835412 0.309445214626601794 868392.000000000000000000
-7.689938862478994608 11.455621480557905301 0.000000000414284109 0.176892362482967053 870996.000000000000000000
-15.273818797817375170 4.660554293468355702 0.000000000000000000 0.456451659209587801 545158.000000000000000000
-14.192399959002882426 5.806190088295141827 0.000000000000000000 0.328240148411205745 363404.885578020708635449
-12.371801381908502648 4.293747356395902770 0.000000000000000000 0.090477427113806005 206437.813045451039215550
-13.156432164545536878 3.480041242031346460 0.000000000000000000 0.222723546799541122 0.000000000000000000
-12.924560608377136717 6.314571289881357963 0.000000000000000000 0.286829993810675588 552096.000000000000000000
-14.137278610514643518 6.576235637874029649 0.000000000000000000 0.415544862605819632 548323.000000000000000000
-11.776978782366127163 2.825474849151023093 0.000000000000000000 0.363370517578335717 551660.000000000000000000
-15.025794278851154928 4.144435257900922487 0.000000000000000000 0.422472170897628119 548872.000000000000000000
-13.485067348052014680 5.065456747148656014 0.000000000000000000 0.153125821483263730 548947.000000000000000000
-14.080158610198283853 6.246730582647042951 0.000000000000000000 0.365117005222779067 549167.000000000000000000
-10.308148634350615680 5.505869373018201784 0.000000000000000000 0.452337507666488448 430306.413061680970713496
-13.980480032010596858 4.167729270244945994 0.000000000000000000 0.242675622144391895 546621.000000000000000000
-12.777111083097469901 5.128229990607687583 0.000000000000000000 0.079000046534513313 0.000000000000000000
-12.110850159055242869 2.884037362167772400 0.000000000000000000 0.330331446719273170 550221.000000000000000000
-13.796657467750742754 2.680971207778911403 0.000000000000000000 0.396766970830487176 546563.000000000000000000
-13.654790295856079396 -2.183615280696244554 0.000000000000000000 0.464381611977776720 386825.000000000000000000
-13.291957498351258948 -6.403647743590167529 0.000000000000000000 0.316872154336764744 0.000000000000000000
-11.708711746534438802 -3.661810278631738136 0.000000000000000000 0.251858534692527058 381546.000000000000000000
-12.227980896468865879 -3.600945912316509290 0.000000000000000000 0.206540870787144920 389243.000000000000000000
-11.370948447350183841 -2.520395678391175842 0.000000000000000000 0.445820294178504550 381576.000000000000000000
-11.626576240677790608 -3.475012992294467917 0.000000000000000000 0.285464334248328289 388846.000000000000000000
-15.067860041229980794 -4.164807791977635176 0.000000000000000000 0.429044786816443979 0.000000000000000000
-10.969300349587488341 -4.888276965466245905 0.000000000000000000 0.312969429280872902 386616.000000000000000000
-12.388082393299654882 -6.730261406365150023 0.000000000000000000 0.361627707101368434 382192.000000000000000000
-11.414905311236502428 -6.022717554418864694 0.000000000000000000 0.329291968523522771 0.000000000000000000
-13.102229756167250940 -2.842925493355631605 0.000000000000000000 0.326399413105410763 380857.000000000000000000
-11.690323018870307337 -6.485912424303452717 0.000000000000000000 0.363826505535686962 0.000000000000000000
-11.879367389258286281 -2.491119302773999511 0.000000000000000000 0.408914219840752935 384133.000000000000000000
-13.678539621377947100 -2.718807379837329563 0.000000000000000000 0.381163227261515469 0.000000000000000000
-10.505177328486588806 -5.565390928017168726 0.000000000000000000 0.422891197570039901 0.000000000000000000
-4.801077488685283612 -9.939636618054320749 0.000000000502896420 0.466865607141015271 0.000000000000000000
-7.227484047741800310 -11.283322544739268878 0.000000000617245038 0.117123958268670100 0.000000000000000000
-7.897696069252228668 -12.579235882391362367 0.000000000205363394 0.257455020379585953 0.000000000000000000
-5.622843794560130171 -11.984704787726789377 0.000000000675073197 0.203301472271300993 0.000000000000000000
-8.028382605008248518 -10.966316441105666613 0.000000000055127935 0.266529285169892161 0.000000000000000000
-4.520406480867025678 -12.276402192710332173 0.000000000482064863 0.406444829978639344 0.000000000000000000
-5.835636136510193417 -9.269827910652860936 0.000000000465654036 0.462298605963029741 0.000000000000000000
-5.235011366460480708 -10.676470576936257117 0.000000000278961802 0.324569575947146138 0.000000000000000000
-6.836742616503941328 -10.958181724305379845 0.000000000328207934 0.135870648133601057 0.000000000000000000
-4.104285456081051109 -12.095550613944055840 0.000000000301131117 0.473119360365423569 0.000000000000000000
-7.790191017564959353 -11.190907798723936040 0.000000000838313513 0.210360956144992478 0.000000000000000000
-6.254816499583610856 -9.140843422366211612 0.000000000189926595 0.464328354874362526 0.000000000000000000
-8.103566815047340555 -10.444135624745394253 0.000000000504735666 0.332355176194693513 0.000000000000000000
-5.659027019536562619 -12.622266939127182894 0.000000000854250944 0.249468884325354218 0.000000000000000000
-7.907023086820199609 -10.609972890012878466 0.000000000371649026 0.286776171842756000 0.000000000000000000
3.590021221817266017 -14.393846648507446773 0.000000000000000000 0.299357853420711140 650514.091906074550934136
3.651059099750238790 -11.603078180475778325 0.000000000000000000 0.379193169986723866 0.000000000000000000
0.361538699605172931 -13.052450150901666603 0.000000000000000000 0.353855701945618384 0.000000000000000000
2.739797271125432587 -11.608332697570387992 0.000000000000000000 0.305714662279478799 828828.000000000000000000
0.136099200179154833 -12.073713675876538431 0.000000000000000000 0.446552081485960817 0.000000000000000000
4.732015707761131118 -13.981368400699997423 0.000000000000000000 0.445301056310826893 0.000000000000000000
3.831718763743955591 -11.783402781142916282 0.000000000000000000 0.376608978057617727 0.000000000000000000
2.420420227357337861 -14.198684796617207837 0.000000000000000000 0.164894699762510949 0.000000000000000000
1.636253582334505463 -14.886474638457643849 0.000000000000000000 0.312550356539013585 833135.000000000000000000
1.896718949987855396 -12.419331143761315417 0.000000000000000000 0.171472132288593787 0.000000000000000000
1.298395912337351632 -11.325308020454098568 0.000000000000000000 0.393583291914663402 827506.000000000000000000
3.666075546146595254 -12.656048500873328777 0.000000000000000000 0.261794811371058256 835395.000000000000000000
2.291403605143510269 -13.610277782274337710 0.000000000000000000 0.059893437888469903 831341.000000000000000000
0.689323969496954736 -11.255657915252214707 0.000000000000000000 0.464296202267021896 0.000000000000000000
3.445906780362946620 -12.920442747362484326 0.000000000000000000 0.208012928638151573 256045.837757099710870534
11.440963380900992519 -8.854529674495731584 0.000000000000000000 0.197022123031184965 916658.000000000000000000
8.605260594077078551 -7.870792161695274736 0.000000000000000000 0.345610124545755959 0.000000000000000000
10.424925811163648248 -11.144315729575209772 0.000000000000000000 0.420380632808824095 652774.926275154342874885
8.853319814906667418 -9.899226318446309847 0.000000000000000000 0.333471438450276603 914687.000000000000000000
12.051607033111798373 -9.942808891138385619 0.000000000000000000 0.369659330178080003 439909.695762886840384454
12.535131856303012299 -9.612269029684680888 0.000000000000000000 0.419275653805667281 0.000000000000000000
11.044809721562446114 -6.617497676294518349 0.000000000000000000 0.393679325425759286 0.000000000000000000
8.776447892044233257 -7.234781748589038664 0.000000000000000000 0.385291762008281358 0.000000000000000000
10.345425222374505125 -9.886694173990168366 0.000000000000000000 0.199673441915722755 0.000000000000000000
10.163171786322292789 -7.502083258865514637 0.000000000000000000 0.220806032268342528 40012.974717487180896569
9.418428445267814197 -9.235859419360210154 0.000000000000000000 0.185357952305675838 909818.000000000000000000
12.331138437169830269 -10.252171836892131296 0.000000000000000000 0.441548631425546290 0.000000000000000000
12.690517116869868275 -9.824937516832576989 0.000000000000000000 0.459125741265443754 102984.004756341280881315
9.265920054738487011 -9.312869069779162956 0.000000000000000000 0.215723640195070038 0.000000000000000000
9.033862436019292730 -8.743814025991831329 0.000000000000000000 0.232916910217143114 0.000000000000000000
13.941484387719816240 -0.559623008647926357 0.000000000000000000 0.120353695468275290 0.000000000000000000
14.063171919542947208 -2.240964268963779649 0.000000000000000000 0.398921074894846461 0.000000000000000000
13.277716657655259880 1.743590619554552745 0.000000000000000000 0.305950650844022065 0.000000000000000000
13.904766742388453338 -0.341637104241951539 0.000000000000000000 0.087768470476257521 301729.000000000000000000
15.248911490870273866 -1.763598298888230387 0.000000000000000000 0.430557163768961915 304135.000000000000000000
12.917582681786386800 2.374068935503954147 0.000000000000000000 0.426660423338214079 309491.000000000000000000
12.372192993842178410 -2.336688152000650387 0.000000000000000000 0.456231386232834213 301723.000000000000000000
15.364845221311517420 -0.399205315984374143 0.000000000000000000 0.332321524305495775 303519.000000000000000000
14.482912529719818906 1.021268932497242821 0.000000000000000000 0.243692201965157285 302809.000000000000000000
13.843284245138095301 1.356981948822850947 0.000000000000000000 0.241113116979846054 0.000000000000000000
13.234413625640295109 2.556541097053385947 0.000000000000000000 0.446660045749677159 307424.000000000000000000
14.421001251040580726 2.470216284257606087 0.000000000000000000 0.455134527856277005 0.000000000000000000
14.416771992903465005 0.222735362226071820 0.000000000000000000 0.160787068487377643 303936.000000000000000000
14.371267017982786385 0.609132500441944780 0.000000000000000000 0.181674695644544637 0.000000000000000000
14.474778585675693421 0.676819205704649596 0.000000000000000000 0.203485108113392349 0.000000000000000000
