-1.206524832282148685 6.285603761764161135 0.000000000000000000 0.466037646900246627 0.000000000000000000
-4.667070398704943557 4.696460799724752277 0.000000000000000000 0.452614223233244739 422150.000000000000000000
-0.396134758168093348 2.435415449949740907 0.000000000000000000 0.421068904155363855 429549.000000000000000000
-1.377829914709175929 1.625271014828463256 0.000000000000000000 0.432867268644865466 0.000000000000000000
-4.243366462059666944 4.146060710210178080 0.000000000000000000 0.356711839998005709 424730.000000000000000000
-4.263919283138539740 2.969035543129216137 0.000000000000000000 0.393233836453649899 424713.000000000000000000
-1.403893493572979434 1.963992611915037045 0.000000000000000000 0.375369274257660535 425018.000000000000000000
-2.486488261076420958 2.502226034643225905 0.000000000000000000 0.250483427521598412 0.000000000000000000
-3.337821439053222594 4.947175079844311263 0.000000000000000000 0.269118290733689092 423739.000000000000000000
-1.331141333174065799 3.787122808981894906 0.000000000000000000 0.166247902410379816 423755.000000000000000000
-1.009654865688418557 2.421282395991903869 0.000000000000000000 0.343495292491102888 0.000000000000000000
-1.567459190871333563 5.983572029472800757 0.000000000000000000 0.392663000738894985 0.000000000000000000
-4.628892226474134119 4.540572030608534426 0.000000000000000000 0.438043965636403965 0.000000000000000000
-2.520033583575704839 3.210071708539411262 0.000000000000000000 0.129789523509602239 0.000000000000000000
-1.638512981944644675 2.403233119942343343 0.000000000000000000 0.286960689462467278 0.000000000000000000
-4.696437752545772781 -3.281201210287586711 0.000000000000000000 0.447824367230718556 0.000000000000000000
-1.239516310021999024 -2.189878232147163928 0.000000000000000000 0.353127603549498736 348423.000000000000000000
-2.407249399823166325 -1.861346573621258882 0.000000000000000000 0.362253316544664250 0.000000000000000000
-2.045925346586759730 -5.975841104802450232 0.000000000000000000 0.373361567230846070 0.000000000000000000
-0.482899049839859706 -5.190768772268115505 0.000000000000000000 0.392164541904074682 0.000000000000000000
-3.837029794435919516 -2.256183738014006845 0.000000000000000000 0.404631099748177903 345763.000000000000000000
-2.460524838827723659 -4.857611298408634148 0.000000000000000000 0.176009113905642472 345233.000000000000000000
-2.147028477951714809 -1.919574018528444670 0.000000000000000000 0.351501440903446816 0.000000000000000000
-3.942088259809782169 -5.458444989121813862 0.000000000000000000 0.409801340223503119 0.000000000000000000
-0.863444744575499912 -4.830579531283548000 0.000000000000000000 0.299765277171860134 343316.000000000000000000
-2.790677298121368999 -3.025893964091297850 0.000000000000000000 0.180799228831996589 0.000000000000000000
-0.499991303964538614 -4.888540390278417469 0.000000000000000000 0.360311408315427240 181739.331564450898440555
-2.387107545797047425 -6.260986789190744695 0.000000000000000000 0.422789485179581426 0.000000000000000000
-0.921939032721604601 -4.596021784772855057 0.000000000000000000 0.269315194370172428 0.000000000000000000
-2.168692875731273340 -2.697456952786833728 0.000000000000000000 0.213016011436839348 0.000000000000000000
5.189098048254268569 -1.126273318234040310 0.000000000000000000 0.233399242298818005 0.000000000000000000
2.806328723646811074 -1.677059443210494827 0.000000000000000000 0.426143402649172109 388230.000000000000000000
5.109475984120200209 1.364110083789108696 0.000000000000000000 0.264478010040224476 386617.000000000000000000
3.315913610953917789 2.216799958254923819 0.000000000000000000 0.448272234208774045 0.000000000000000000
3.606633689675216470 -2.251151999102973811 0.000000000000000000 0.431630381046741229 383847.000000000000000000
3.497756027852803040 1.433812368030214612 0.000000000000000000 0.312724476852060229 385097.000000000000000000
2.772904516557316068 0.224219662155106997 0.000000000000000000 0.312889934461781649 0.000000000000000000
1.920934421884910259 -0.157775678207640213 0.000000000000000000 0.463003359469914499 384198.000000000000000000
2.937108871492988715 -0.481763111003792655 0.000000000000000000 0.293843158144568517 0.000000000000000000
2.864464717175962960 -2.045037676835311569 0.000000000000000000 0.467657502777110379 389581.000000000000000000
5.565557885557209872 -2.208719798352938746 0.000000000000000000 0.434574631299682268 389660.000000000000000000
2.870716513996046881 -1.317888633924277686 0.000000000000000000 0.375131193356448067 381246.000000000000000000
4.718577618090530557 2.068542375145631329 0.000000000000000000 0.369263820485237038 309200.238890752312727273
3.608738490664970655 1.369208732589798361 0.000000000000000000 0.292046458553618049 0.000000000000000000
2.505776692915635540 0.179758387151464832 0.000000000000000000 0.359366190206292013 388785.000000000000000000
11.302272791524254458 6.625633884603614021 0.000000000005646485 0.409178344907959235 178790.681530281202867627
11.802840307797398012 8.732570393039598144 0.000000000642078969 0.260652598426117876 0.000000000000000000
9.868114133648880681 11.186455421901481344 0.000000000570531216 0.436077024214588438 428101.000000000000000000
7.940687567494405741 8.403594241150189603 0.000000000549273934 0.432004095732619220 49901.402264855736575555
10.130472439749201641 6.984659266290744739 0.000000000225165758 0.311552431921819972 0.000000000000000000
11.310885844610112372 8.303192094965396564 0.000000000907763045 0.189673934801544791 428984.000000000000000000
8.424791693175896157 7.865924743635591021 0.000000000718838490 0.375036263847448648 50266.692303996162081603
10.312289591633012620 11.159476644068675455 0.000000000268192878 0.422874976146268511 0.000000000000000000
8.800544321520108682 8.913353182029194244 0.000000000268594798 0.276033563250345837 423148.000000000000000000
10.014615524625035903 8.688549582888354550 0.000000000266445196 0.059034467294832603 0.000000000000000000
12.651112080376741176 7.614132080592459495 0.000000000866702066 0.456951656992072186 0.000000000000000000
9.029859936669875964 9.221384468961048242 0.000000000793694867 0.247992280009405514 423074.000000000000000000
10.398715727014860022 7.591347279339476728 0.000000000675913023 0.203062613652038981 425736.000000000000000000
11.747178285105954743 11.029950840713556914 0.000000000384611852 0.471370463009979257 426867.000000000000000000
8.799458661579343755 10.364157610377077390 0.000000000445121120 0.395128643277158409 424924.000000000000000000
2.994940380331975849 11.081569416432611064 0.000000000000000000 0.408134376318103120 0.000000000000000000
4.074620059865758925 11.307655880264901427 0.000000000000000000 0.467899379339033472 0.000000000000000000
0.689811478688832413 12.353372194785610105 0.000000000000000000 0.336096218948207126 0.000000000000000000
3.969594048244994955 11.482691276809591230 0.000000000000000000 0.432244662359430876 0.000000000000000000
3.272277016290997320 13.052338180263239664 0.000000000000000000 0.171871583014520046 0.000000000000000000
1.736506807410553632 11.152249600568737264 0.000000000000000000 0.393090192797890592 462728.000000000000000000
4.375366949397269778 12.900957579257202212 0.000000000000000000 0.369842054048825308 467136.000000000000000000
2.812775342497673137 11.452572701995254789 0.000000000000000000 0.335778502726056971 0.000000000000000000
0.781189999949586489 12.486137592098000226 0.000000000000000000 0.310577733233966258 463076.000000000000000000
3.159785606229712940 14.366827674068627374 0.000000000000000000 0.243520841056447057 184707.497355751926079392
0.771271027319099800 13.256569340839236659 0.000000000000000000 0.278600288549815278 463486.000000000000000000
1.055125818291569262 15.017926859306193421 0.000000000000000000 0.384942898867256633 0.000000000000000000
3.362025409103066131 15.185957176506249766 0.000000000000000000 0.386047833394260520 0.000000000000000000
0.965353763817573540 13.499474390530300738 0.000000000000000000 0.247195240509577474 464631.000000000000000000
3.429167822987119862 14.216778337443203739 0.000000000000000000 0.257045869270426663 280601.646717681782320142
-6.709424886146703848 11.145823777352701356 0.000000000220722705 0.101477550446359796 869806.000000000000000000
-8.038288297899592649 12.017044623686155447 0.000000000297066662 0.238656759285319930 871892.000000000000000000
-6.514462642971916573 12.760352341548648170 0.000000000866878161 0.188476631436194808 393951.181879608659073710
-8.091731723281080590 9.675408598960286710 0.000000000837901438 0.434838232254328161 0.000000000000000000
-5.844476347375374026 11.944090013602043143 0.000000000123623502 0.163220748711400021 876612.000000000000000000
-6.328387848572952556 11.351285201758498644 0.000000000686133558 0.097040744159197445 872540.000000000000000000
-7.914877637508572761 11.789958495720801679 0.000000000894082192 0.211137150561907960 874973.000000000000000000
-9.107236681597996153 10.636452493150340359 0.000000000078514250 0.464356509405110862 871789.000000000000000000
-6.429633038163186320 14.034584555638101477 0.000000000543475110 0.413568724918609798 0.000000000000000000
-8.137891278935200035 13.022941782927201615 0.000000000473623176 0.340416422509408401 876002.000000000000000000
-8.540374854819310357 13.435858327865011219 0.000000000241136105 0.442528770293069806 0.000000000000000000
-5.428745932776638305 9.408049686975076042 0.000000000471759948 0.470781847671901843 719113.403755085542798042
-7.377049175927105296 11.700575037936014056 0.000000000344162309 0.114945903963838331 872511.000000000000000000
-6.397600067484924935 13.713380707939368364 0.000000000356584750 0.358188926101213279 871254.000000000000000000
-8.186172959576143882 11.570311959770396726 0.000000000710243532 0.260434986934605206 875349.000000000000000000
-13.603396654809388977 4.058706632317663932 0.000000000000000000 0.191742281388480595 549063.000000000000000000
-13.186294917853768283 7.021032640574408568 0.000000000000000000 0.415550037850289766 0.000000000000000000
-12.303279825804136038 2.367342714562664874 0.000000000000000000 0.408768858541231739 257447.061381033388897777
-10.563308646622621367 6.188682347093118707 0.000000000000000000 0.465079743188475336 543818.000000000000000000
-13.545336566988805060 3.682180968831280321 0.000000000000000000 0.227880661407591278 552389.000000000000000000
-13.369930254673123571 5.143895038876489245 0.000000000000000000 0.142259736234536444 550825.000000000000000000
-12.198943360847394501 4.178400804289846171 0.000000000000000000 0.126414996436097549 0.000000000000000000
-14.260866856176798834 6.447594061939643240 0.000000000000000000 0.412458001825005582 31904.389865765071590431
-11.947550657852653799 2.863108978171991392 0.000000000000000000 0.344333129940949501 0.000000000000000000
-13.905806948540927692 3.194386493234858015 0.000000000000000000 0.333891835369123091 546633.000000000000000000
-13.657681143311965144 4.275196366184884411 0.000000000000000000 0.182358086420775389 544939.000000000000000000
-14.304094326084385358 4.186073147364541391 0.000000000000000000 0.296173500350593089 0.000000000000000000
-10.523336041289351073 5.338694990476765767 0.000000000000000000 0.406956783946087974 0.000000000000000000
-12.821896758733426935 2.707901830555401901 0.000000000000000000 0.343140547337315860 0.000000000000000000
-12.798997123200207326 6.693463190671322671 0.000000000000000000 0.350610922515097123 341550.317117593192961067
-13.659703665329747224 -3.130209073259597297 0.000000000000000000 0.317309931704634007 387770.000000000000000000
-10.848054505594362240 -5.771476706612694407 0.000000000000000000 0.383232595192635528 0.000000000000000000
-12.209156073910042650 -4.625305937027611947 0.000000000000000000 0.090308482208588864 386464.000000000000000000
-14.393419415241371695 -6.790779002936819353 0.000000000000000000 0.472908868875379695 383551.000000000000000000
-10.539177744029398553 -4.331452574985532600 0.000000000000000000 0.392191476417945051 390347.000000000000000000
-14.094306611464439527 -5.647829515611522133 0.000000000000000000 0.298094394690710918 390119.000000000000000000
-14.907250246761588386 -5.170578755059810128 0.000000000000000000 0.400270486284785509 4976.181636128866557556
-11.916615621936642810 -3.643466013599474973 0.000000000000000000 0.229465798273370464 0.000000000000000000
-14.776852867782039880 -4.503904155280582522 0.000000000000000000 0.369110764575877826 390060.000000000000000000
-11.173352061492572318 -3.140230939309415437 0.000000000000000000 0.383778141112674331 383904.000000000000000000
-13.647755929829415322 -6.943742423666218855 0.000000000000000000 0.426948905027239312 0.000000000000000000
-10.834727461364117573 -5.324389830549757896 0.000000000000000000 0.353258884900862824 383689.000000000000000000
-12.496900104910540819 -2.039679093323667036 0.000000000000000000 0.460639425189582619 382854.000000000000000000
-14.124219838982167374 -3.265061337264013819 0.000000000000000000 0.351191685401607889 386124.000000000000000000
-12.241743062751863746 -3.911072294791179793 0.000000000000000000 0.157814218475779144 390084.000000000000000000
-6.497372301871092937 -13.520479356454178088 0.000000000583571632 0.321740120900174731 0.000000000000000000
-8.580853075285848064 -12.466042786110444140 0.000000000531751916 0.354915743706586073 0.000000000000000000
-4.586942402106498839 -11.051791558918525382 0.000000000695309575 0.400236851263010451 0.000000000000000000
-7.031318753038979352 -13.733990496251362146 0.000000000183878442 0.360559420122864904 0.000000000000000000
-5.330282646568123894 -11.149656195462888775 0.000000000223971690 0.269479769904151456 0.000000000000000000
-6.406700920953533718 -9.333287786827911603 0.000000000217692261 0.426298463257339166 0.000000000000000000
-7.996848208690645166 -13.938913814718327799 0.000000000156691997 0.452530237955395764 0.000000000000000000
-4.991482576938940596 -12.567343204660385680 0.000000000104665483 0.344834080228832440 0.000000000000000000
-5.199009389037295037 -13.700223875231785087 0.000000000519082036 0.445022952724327570 0.000000000000000000
-5.741277483473744780 -12.696090486271703668 0.000000000613036187 0.247378334905186681 0.000000000000000000
-5.484120939885167800 -9.596896580448838421 0.000000000774891267 0.436868014103360069 0.000000000000000000
-7.678543256879931889 -11.820120680705045402 0.000000000359160972 0.169590241257093599 0.000000000000000000
-7.480971159558527539 -11.090586465114457226 0.000000000602481029 0.173610632918250629 0.000000000000000000
-4.995959842484478663 -12.764470109933533593 0.000000000296482197 0.360766470560802743 0.000000000000000000
-5.181419477945617302 -13.832283279275120691 0.000000000099632225 0.465574356310518300 0.000000000000000000
3.170929908484127591 -12.998028716804558513 0.000000000000000000 0.157140703873323323 0.000000000000000000
2.669092174522167848 -12.502122485105358507 0.000000000000000000 0.150274180808238539 827761.000000000000000000
4.498317761471044562 -13.493401655846144038 0.000000000000000000 0.387581858882809827 0.000000000000000000
1.512798086034908396 -11.005705556640821285 0.000000000000000000 0.430177145321211041 835762.000000000000000000
1.159294215270000983 -11.623584356406881923 0.000000000000000000 0.361347882778988050 321686.940506062877830118
2.001485667107638200 -15.262813245278721297 0.000000000000000000 0.358646994790993101 834566.000000000000000000
0.474130458831423574 -13.480339421720390902 0.000000000000000000 0.333507886183166402 266270.524392050050664693
4.891850980380307412 -13.986541705493110044 0.000000000000000000 0.472938495060840569 836621.000000000000000000
3.714808007619695207 -15.098573890979603007 0.000000000000000000 0.406999541037952606 830567.000000000000000000
1.917825211849004674 -14.952455281431218381 0.000000000000000000 0.307541370105320622 0.000000000000000000
1.397580986102421097 -15.178908676407607103 0.000000000000000000 0.377718836817751036 827344.000000000000000000
3.528148065456603533 -13.979516690765059650 0.000000000000000000 0.246814359521540738 833742.000000000000000000
0.407855703487153332 -12.230008753901868701 0.000000000000000000 0.390707189176510927 835613.000000000000000000
3.315957214964778910 -11.858639448574887609 0.000000000000000000 0.307121536459500688 829771.000000000000000000
3.005251665815158457 -11.309927837505540538 0.000000000000000000 0.369989444161566094 828566.000000000000000000
10.001026184824127085 -7.930704065609569753 0.000000000000000000 0.155639737233157160 910195.000000000000000000
7.729918523950010112 -9.201592499069779052 0.000000000000000000 0.472088223972927712 912117.000000000000000000
11.714689830672899262 -9.491165726595701457 0.000000000000000000 0.277295931951089814 910225.000000000000000000
11.648265044597390983 -10.969757415910233789 0.000000000000000000 0.453234196464428141 914411.000000000000000000
12.718612403297575142 -7.604895574203622388 0.000000000000000000 0.468495616607312815 806685.146328192437067628
7.826670578601973460 -8.940219011232244384 0.000000000000000000 0.449325685322032209 913846.000000000000000000
12.073151566839500859 -7.523899218149431078 0.000000000000000000 0.375719001466244595 0.000000000000000000
9.536167952073020260 -10.736638942018666754 0.000000000000000000 0.377419736459858379 0.000000000000000000
9.312490327455837047 -6.722664434747983364 0.000000000000000000 0.400105697373695057 0.000000000000000000
11.483498747206878576 -9.444767369786172040 0.000000000000000000 0.237429848847822811 0.000000000000000000
12.763608642007286065 -9.761578571084923439 0.000000000000000000 0.466722528098242995 0.000000000000000000
11.283222515054184498 -8.005608151755582824 0.000000000000000000 0.212424897746535835 0.000000000000000000
9.802619739558238621 -10.546853710117716219 0.000000000000000000 0.329926846610526403 0.000000000000000000
8.896175149731037735 -10.690870240704519745 0.000000000000000000 0.427588079105699737 0.000000000000000000
11.904566412809231224 -7.468574442536547231 0.000000000000000000 0.357454493013613261 908607.000000000000000000
14.195359175904629367 -2.291567653232818635 0.000000000000000000 0.413351955422855966 0.000000000000000000
14.576396054240829514 -0.411189195354663917 0.000000000000000000 0.197779654873092736 0.000000000000000000
13.565973512267314405 1.209737578499886057 0.000000000000000000 0.209687627067236815 306686.000000000000000000
11.407558437220302494 -0.049818714292686798 0.000000000000000000 0.380389473455476190 0.000000000000000000
12.854924596515866497 0.046126571553488961 0.000000000000000000 0.122576409057914879 0.000000000000000000
11.347521186518768843 0.183858204021895788 0.000000000000000000 0.392297213373130560 305628.000000000000000000
15.183941618077691160 1.554721625296581644 0.000000000000000000 0.397276520531458011 302276.000000000000000000
14.370182436238513546 -1.121925195133056441 0.000000000000000000 0.243953973989762152 0.000000000000000000
13.185123586670639995 -0.680410322114444299 0.000000000000000000 0.133984100749231394 301095.000000000000000000
12.620194020338256990 2.196567628921833215 0.000000000000000000 0.415187459871450670 306661.000000000000000000
11.160483670119552002 0.036819021269495045 0.000000000000000000 0.424370360967051496 0.000000000000000000
12.649130538571258242 -1.253267782459807300 0.000000000000000000 0.269487980535858984 305253.000000000000000000
12.364927892722549885 -1.386536935188596997 0.000000000000000000 0.319320824093993094 303175.000000000000000000
12.247483941045683054 0.546952879933404468 0.000000000000000000 0.249406224579656749 299898.000000000000000000
15.298653636813043022 -0.296828683108414426 0.000000000000000000 0.317464401700310150 141822.408878253685543314
