-3.157504195670896685 1.400431418739045863 0.000000000000000000 0.471288636883861078 421577.000000000000000000
-2.971618205984114525 2.905213342922236208 0.000000000000000000 0.216608504948762853 418890.892142617027275264
-1.691012556003321121 3.936176449762205376 0.000000000000000000 0.101424116362866440 57633.257462561719876248
-2.025338207089308895 4.093082962575105732 0.000000000000000000 0.055033258731548816 136661.082707141526043415
-2.461894613128555953 5.853750473418108946 0.000000000000000000 0.351528554376550284 428117.000000000000000000
-2.711101491845152367 5.389743695397405610 0.000000000000000000 0.278938714916255326 428479.000000000000000000
-2.178809680057689935 1.396959368513466027 0.000000000000000000 0.444218167177321044 0.000000000000000000
-0.238584944650013064 4.875176549621386357 0.000000000000000000 0.400433830748094910 430704.000000000000000000
-4.106034560555449353 3.955822897028684171 0.000000000000000000 0.329529206076228875 422187.000000000000000000
-2.915695584482000502 1.842608098805571304 0.000000000000000000 0.382910354152500187 0.000000000000000000
-4.262942246182903183 3.627770051883830948 0.000000000000000000 0.360320791601122015 193031.104439259128412232
-0.525647991812789761 4.470529904809560584 0.000000000000000000 0.325631312285425190 429177.000000000000000000
-1.663524974309844584 4.525753236350317010 0.000000000000000000 0.155082190136569459 353870.585281408042646945
-3.141132519796834721 2.533095322919232562 0.000000000000000000 0.288321468225613387 0.000000000000000000
-1.520566409503911531 4.321538149235517601 0.000000000000000000 0.152277410504956467 0.000000000000000000
-2.119731716729863713 -6.038549381105790204 0.000000000000000000 0.383392109223482824 0.000000000000000000
-2.302131862010438734 -3.443484135591534656 0.000000000000000000 0.079936768369976624 348481.000000000000000000
-0.712317007309481109 -2.612229949812786334 0.000000000000000000 0.357407262022555905 343368.000000000000000000
-1.225800742314421932 -4.175837277538275494 0.000000000000000000 0.190911583775401295 0.000000000000000000
-3.685326915072907106 -3.899068657203603738 0.000000000000000000 0.254352819288022614 348186.000000000000000000
-0.205116850358292913 -2.555019397949772841 0.000000000000000000 0.436418210169553566 0.000000000000000000
-0.194269705610095184 -5.015314191604161920 0.000000000000000000 0.418902348931914192 162166.630229542410233989
-1.317866079731755846 -3.295664631031456349 0.000000000000000000 0.198254095042024597 342991.000000000000000000
-4.570163280244585735 -3.817604673933267634 0.000000000000000000 0.412230613321319939 350028.000000000000000000
-2.242809214275003349 -2.193430482251997660 0.000000000000000000 0.302179480159980252 0.000000000000000000
-0.839991744452485256 -2.954795543057809670 0.000000000000000000 0.302749011061978046 343325.000000000000000000
-4.349510171391349544 -5.331020777859144744 0.000000000000000000 0.452339804797102507 0.000000000000000000
-2.633786991417204515 -5.115933147195583786 0.000000000000000000 0.228294506684108639 0.000000000000000000
-3.403899593974866633 -2.494431329691793486 0.000000000000000000 0.321586201728112808 0.000000000000000000
-2.277159030217968283 -4.231489097157856705 0.000000000000000000 0.060876722834839345 340324.000000000000000000
4.769058461524356751 -2.333110824720137533 0.000000000000000000 0.416920674890144727 385973.000000000000000000
6.467072485490042766 0.189629491998501848 0.000000000000000000 0.349674060244303087 383311.000000000000000000
6.288163406377663911 -1.237110453226360152 0.000000000000000000 0.384883349923447748 382538.000000000000000000
2.449910427762336695 -1.322707742580163659 0.000000000000000000 0.436687786630442443 387433.000000000000000000
5.117322386166750725 2.144367420874044861 0.000000000000000000 0.395698083933757883 0.000000000000000000
6.735369647306183261 -1.296543568241112387 0.000000000000000000 0.457789582751621571 362416.226808723586145788
5.162566435970947332 -2.493416391989428771 0.000000000000000000 0.457608579953159955 220219.622046781412791461
5.873944017137242568 -1.263398586715435368 0.000000000000000000 0.330171620472188565 377226.046676366648171097
5.871100821277147830 -0.312479125857583973 0.000000000000000000 0.248120117233575743 0.000000000000000000
3.644904340058548353 -0.728538748191578822 0.000000000000000000 0.201936856731486342 0.000000000000000000
6.721368720199694557 -0.693845978142190289 0.000000000000000000 0.412163794009379025 386430.000000000000000000
4.902243170896743329 0.640508839985668765 0.000000000000000000 0.133147172503420924 366985.010653982113581151
3.660589791651172487 2.059735963823872140 0.000000000000000000 0.396492433793208088 388211.000000000000000000
2.316318900216626009 0.381485231094548072 0.000000000000000000 0.397535531896899497 0.000000000000000000
5.340471713860474701 2.490709438137402643 0.000000000000000000 0.466109446242656655 390278.000000000000000000
9.511425830167919315 10.718254976374659293 0.000000000663036156 0.376158848586687133 425233.000000000000000000
9.241278379357201089 7.624598767427397839 0.000000000759584227 0.278076091240974377 1607.236290509217951694
11.685984090193572982 6.813049811370624376 0.000000000118684073 0.414843295134144752 0.000000000000000000
10.396094421103201810 10.469528566703406369 0.000000000286278481 0.302000962034591758 0.000000000000000000
11.292772942408564774 7.323722327487991457 0.000000000203971949 0.301629152887209429 279836.773843494127504528
10.773755488404001213 8.646360237524437053 0.000000000328283910 0.079236810968600746 426515.000000000000000000
8.331419759264111491 8.894284234487773944 0.000000000263444566 0.359028130722575722 427721.846660393872298300
10.327129668160690557 10.232664983651698520 0.000000000370335195 0.260352181114627323 217691.961284975375747308
9.353513333653598494 9.199681615968016146 0.000000000543615913 0.192997993625723008 430257.000000000000000000
7.959496036755948190 7.926478537350424958 0.000000000597314454 0.448317625966718203 429293.000000000000000000
9.148338330954596032 8.614559843563265318 0.000000000694585884 0.213801078879052947 0.000000000000000000
9.802044251382756812 9.365200200765723793 0.000000000864926660 0.144735986704887770 62583.584893694831407629
9.747205966995768023 7.895872462631548849 0.000000000450262101 0.183178460028908197 0.000000000000000000
8.220050064746036611 7.949905122622740627 0.000000000031555016 0.403173952027019944 0.000000000000000000
10.730216896437910989 9.658173968080964400 0.000000000632719896 0.173966392135919495 32979.593978154654905666
1.795104900103716483 11.705140176930973084 0.000000000000000000 0.295947266251534502 470018.000000000000000000
2.800686515991840597 14.367525880301082353 0.000000000000000000 0.211253029123102953 0.000000000000000000
0.436757920631651864 13.653987949539880375 0.000000000000000000 0.344802865896117527 469460.000000000000000000
4.465268029197001276 13.053233685729495051 0.000000000000000000 0.381846262406463188 0.000000000000000000
3.739713661721169036 13.557297136663123638 0.000000000000000000 0.255401687050690218 468350.000000000000000000
2.550676580509106284 11.094314243280630095 0.000000000000000000 0.390496417847647326 0.000000000000000000
0.491281553016901074 11.523785900288910256 0.000000000000000000 0.453217228905675784 464538.000000000000000000
3.651904199637661996 10.966812003128085351 0.000000000000000000 0.473413767059794488 470264.000000000000000000
2.689025624775977619 15.520997827538899116 0.000000000000000000 0.404551560480736316 301041.806792648625560105
2.683626699619570122 14.741848839280663697 0.000000000000000000 0.268196221223165276 231174.757579172932310030
-0.165405223113701705 14.140099320834030650 0.000000000000000000 0.471292416103448075 469643.000000000000000000
4.163427151018455064 12.432210814641715402 0.000000000000000000 0.358943809644488188 0.000000000000000000
2.206866982026757906 11.879995338323166010 0.000000000000000000 0.249771180772808549 0.000000000000000000
0.281598337384191155 12.368567965032484679 0.000000000000000000 0.400014822850358054 0.000000000000000000
4.551403224236219458 12.484407243276361754 0.000000000000000000 0.419500370575627168 0.000000000000000000
-6.408688473479186243 14.055631425817324498 0.000000000131700188 0.417770241042126067 872959.000000000000000000
-9.173451356758091535 11.912978010102797555 0.000000000148518578 0.436406304307324744 0.000000000000000000
-5.327580207475781648 10.884945942550622533 0.000000000312797111 0.290728959677999776 0.000000000000000000
-8.553359887501585490 10.700891360313136147 0.000000000224179799 0.371010582022582247 0.000000000000000000
-8.016316649525224491 11.332127576665591562 0.000000000897515117 0.238819547649876618 0.000000000000000000
-5.842499689906431648 9.732108810398090171 0.000000000842215269 0.386001485630161290 0.000000000000000000
-5.159507673003179917 10.342890740515898074 0.000000000886645562 0.371554580196373885 0.000000000000000000
-6.268885680150690476 11.349794415257672853 0.000000000200149520 0.105316998873215120 868687.000000000000000000
-5.790783142209949830 11.107554985633537825 0.000000000149023365 0.199717608989534418 0.000000000000000000
-5.354885459481440790 10.888410156239059390 0.000000000047431009 0.286230949551689484 82287.037118092150194570
-6.455018764969977063 9.194116522804749891 0.000000000190930032 0.449667944301829992 874186.000000000000000000
-5.718216237358282328 13.133844255315789695 0.000000000748479659 0.309100258208049206 0.000000000000000000
-6.543225950895197762 12.447832907414204229 0.000000000586313732 0.133428391200197338 869966.000000000000000000
-6.633401993555632536 10.767702087849785997 0.000000000880455504 0.169260757492602498 0.000000000000000000
-5.433258370952920302 11.507205884345244939 0.000000000037358674 0.234560111936963855 0.000000000000000000
-12.538416757500149501 2.727768861268240030 0.000000000000000000 0.340751934642852528 0.000000000000000000
-13.277874968428621472 3.760511288633222815 0.000000000000000000 0.188588399169455995 546584.000000000000000000
-11.320444474258735568 6.378665895289332255 0.000000000000000000 0.386592271299071477 549547.000000000000000000
-10.751664207113753591 5.274366071963772384 0.000000000000000000 0.364741179516947733 157921.586762311286292970
-14.403973273301303948 6.401453192684492421 0.000000000000000000 0.424206425407441690 544134.000000000000000000
-10.605158212301436294 5.707320192568127837 0.000000000000000000 0.416418599009775958 544633.000000000000000000
-10.177409390661456001 5.192564849539579086 0.000000000000000000 0.460776973226907638 283441.122417104779742658
-13.593778832141920176 5.342601879151587241 0.000000000000000000 0.194752887987575146 337006.600159792695194483
-12.455410616753761488 4.798642241562382615 0.000000000000000000 0.050457050616743201 549555.000000000000000000
-13.169191568439632789 6.049818724493936983 0.000000000000000000 0.251704187704509141 0.000000000000000000
-13.187949476728006104 6.655148001524055168 0.000000000000000000 0.353628786150722352 0.000000000000000000
-14.368716305087119167 5.028098406510064677 0.000000000000000000 0.301272683943339614 0.000000000000000000
-11.434995520777571087 6.890484802633284112 0.000000000000000000 0.447784601737288845 544200.000000000000000000
-11.713799052764652942 6.256871672567189790 0.000000000000000000 0.327601674201087267 548468.000000000000000000
-14.060927003434645854 6.109705754580895487 0.000000000000000000 0.345401462095599854 0.000000000000000000
-13.482324056306996596 -6.204849038772719538 0.000000000000000000 0.298349260123997095 0.000000000000000000
-12.297408211004292156 -5.602848264062924244 0.000000000000000000 0.177086558696779472 43798.265426501275214832
-12.662750219058203527 -7.066847083556192288 0.000000000000000000 0.415385593326268732 0.000000000000000000
-12.229745107544717442 -3.810073683782943643 0.000000000000000000 0.173998986706288827 0.000000000000000000
-11.119082709748832727 -2.924610646970611239 0.000000000000000000 0.417478953055267665 0.000000000000000000
-11.382828366157598410 -4.375195529720958376 0.000000000000000000 0.242948639222407448 252207.051426299294689670
-13.653665789086108617 -3.645434433995655699 0.000000000000000000 0.245488893702727362 20788.152084929355623899
-11.849388174906104965 -6.718816605734500236 0.000000000000000000 0.387241715986866131 0.000000000000000000
-12.539861894407659193 -2.716053092807484415 0.000000000000000000 0.342756723504622440 219789.403090718144085258
-14.468340844160493930 -6.577013459835010067 0.000000000000000000 0.453927830471619220 384149.000000000000000000
-10.648137943092210733 -3.126922439238286167 0.000000000000000000 0.456953340680581299 125030.325586135237244889
-12.479812414533988374 -6.408484518351013293 0.000000000000000000 0.303784628491750419 385502.000000000000000000
-12.903060296941117002 -6.335573988190680517 0.000000000000000000 0.289988543002876631 0.000000000000000000
-13.437254198767920599 -4.378782968907247941 0.000000000000000000 0.139191793364135702 0.000000000000000000
-14.418289652338017959 -4.301117329172742920 0.000000000000000000 0.310917663366622021 384895.000000000000000000
-4.685454245346227786 -10.822863668741190324 0.000000000915854279 0.397892393459260807 0.000000000000000000
-5.446489344075496675 -13.931209959652006702 0.000000000563617059 0.454150195432288017 0.000000000000000000
-6.223864357339925490 -10.523896142707735990 0.000000000168379010 0.230177887561962613 0.000000000000000000
-7.424231800158742622 -12.548928784180432672 0.000000000816241198 0.191762450276309837 0.000000000000000000
-5.257865606049652030 -11.558689373640966380 0.000000000187211990 0.264330946657486354 0.000000000000000000
-7.233249138469586725 -12.751677539086413660 0.000000000892511568 0.203394822833699390 0.000000000000000000
-6.601420199163633207 -13.025660810780570031 0.000000000363498752 0.232554303471226409 0.000000000000000000
-5.358934328893292687 -11.723953879879402962 0.000000000000313067 0.244795839358465772 0.000000000000000000
-6.294341402123279750 -11.683378462370667350 0.000000000095165600 0.078327014652014679 0.000000000000000000
-8.697653100939291448 -13.162322890351250138 0.000000000557646640 0.433223572872918739 0.000000000000000000
-7.350526528597997711 -11.216010446418561486 0.000000000388550060 0.141574515005954776 0.000000000000000000
-8.868270107408619651 -11.621305821590828700 0.000000000131076014 0.381060712083641839 0.000000000000000000
-6.712643865758665562 -13.211595142997053287 0.000000000486609245 0.264286731325848290 0.000000000000000000
-7.035560714775287217 -11.903828858056536788 0.000000000221189207 0.063195839253722408 0.000000000000000000
-6.733182698463560101 -11.554856892264918855 0.000000000633515925 0.028990776716266195 0.000000000000000000
3.927682196815482030 -12.058227305110239769 0.000000000000000000 0.357282270915434907 0.000000000000000000
2.862467908498785185 -10.665441280843928951 0.000000000000000000 0.474309589203490423 0.000000000000000000
0.430358391577287669 -13.049560058006269614 0.000000000000000000 0.341733889921576439 830276.000000000000000000
-0.020525049229219980 -13.458997298044694801 0.000000000000000000 0.420927525596283936 0.000000000000000000
4.522767478420555598 -14.185269479552928829 0.000000000000000000 0.422173331029076115 835288.000000000000000000
2.275829034799984107 -15.440121890862220866 0.000000000000000000 0.385386045982945735 829736.000000000000000000
2.762266383588939611 -11.083402541520122497 0.000000000000000000 0.397875571043213139 836888.000000000000000000
2.631359567334728755 -12.672995677959281835 0.000000000000000000 0.119826925428314024 834525.000000000000000000
0.319097232387902829 -13.820419800672057775 0.000000000000000000 0.371987752542030592 0.000000000000000000
2.602261472119986596 -13.572910926620050276 0.000000000000000000 0.071146319091504581 757426.059068043017759919
1.109216474243492456 -13.422276671684036486 0.000000000000000000 0.219884929854376854 832101.000000000000000000
1.403583494651812202 -11.092313997129991776 0.000000000000000000 0.422964526352876680 0.000000000000000000
4.263343434083499695 -12.133070704086835079 0.000000000000000000 0.399482188739477051 827970.000000000000000000
1.935513071636580484 -13.076102425755157910 0.000000000000000000 0.079559315895578908 0.000000000000000000
3.210241996668866449 -15.730082713115823623 0.000000000000000000 0.463762459158016171 0.000000000000000000
12.738602055619500319 -7.818941222601411667 0.000000000000000000 0.457161470851027540 866186.013103509554639459
9.354234189624184737 -7.520001965479629291 0.000000000000000000 0.278233079514705550 0.000000000000000000
8.449529164896857125 -9.133091996485608988 0.000000000000000000 0.343790895291110898 0.000000000000000000
11.875096495347587933 -9.506262161211207484 0.000000000000000000 0.303972021866265152 0.000000000000000000
9.677702525909651854 -9.434104549312467114 0.000000000000000000 0.168719127211101189 0.000000000000000000
11.330844331649078782 -8.593473013285221285 0.000000000000000000 0.178570122886458488 915762.000000000000000000
11.990338355914431645 -7.412494305633366309 0.000000000000000000 0.375497032030039868 0.000000000000000000
9.311071597471270778 -10.888697239827600072 0.000000000000000000 0.418331268564604730 910971.000000000000000000
8.113437605830810639 -8.370184004596374905 0.000000000000000000 0.402474757967733854 102869.166556339841918088
12.376988940301780318 -10.111809228471475564 0.000000000000000000 0.434200114307538354 0.000000000000000000
11.245261906122891560 -6.677591335168016506 0.000000000000000000 0.396733075650763489 908762.000000000000000000
9.480794162604885500 -10.903540715519730142 0.000000000000000000 0.408302317382236157 0.000000000000000000
8.026280014684465058 -7.503797525698329807 0.000000000000000000 0.466952975275036875 911767.000000000000000000
9.207629137278500409 -8.859738090274303701 0.000000000000000000 0.202896558116008374 917714.000000000000000000
11.229318431972981074 -8.031193710671004737 0.000000000000000000 0.202105250146537158 917976.000000000000000000
12.966055876061215457 1.569007696167715959 0.000000000000000000 0.290888108966429582 0.000000000000000000
13.357163759367793432 2.408470133527460089 0.000000000000000000 0.418811894748198688 0.000000000000000000
15.565537475695421676 -1.672319368700803333 0.000000000000000000 0.462009934145915735 294591.827518887992482632
12.955009542912556242 1.851113792872787434 0.000000000000000000 0.337742351928942308 0.000000000000000000
12.453358543425427030 0.775766879418461119 0.000000000000000000 0.236112576667824370 205181.627016652520978823
14.591891205781267971 -2.523365826266979806 0.000000000000000000 0.474787660711213033 0.000000000000000000
12.192510156747280448 1.405033020321960313 0.000000000000000000 0.342626839775587166 182500.106956784788053483
16.009816173799269023 -0.879235963465590409 0.000000000000000000 0.465408975348693688 0.000000000000000000
10.927830937482317708 0.021256457664468990 0.000000000000000000 0.465795157280212258 302887.000000000000000000
14.432049486295689178 1.098391382396825433 0.000000000000000000 0.247631728843396265 309427.000000000000000000
12.593601690562579165 0.653670341063241067 0.000000000000000000 0.203490567285032092 0.000000000000000000
11.018291600978447065 0.476117527301495813 0.000000000000000000 0.457239565535710824 0.000000000000000000
13.071889919687711412 -2.433379821378403474 0.000000000000000000 0.430295643274277162 300283.000000000000000000
15.446553048205453607 -1.266593690461105703 0.000000000000000000 0.403908089690299676 0.000000000000000000
11.100242298637342131 0.288709457666983860 0.000000000000000000 0.437951282481122472 0.000000000000000000
