-3.882358946407093114 1.917115524980132379 0.000000000000000000 0.455034410034041104 421643.000000000000000000
-1.170067662041347933 3.823465792270697161 0.000000000000000000 0.194301732754560030 0.000000000000000000
-3.776456114860785807 5.638100931356520462 0.000000000000000000 0.412278144048676354 0.000000000000000000
-0.556398197962907792 3.889188731716106240 0.000000000000000000 0.303302023405098431 0.000000000000000000
-1.785848830422557265 3.882663771743091630 0.000000000000000000 0.084200882634644439 0.000000000000000000
-0.953169142592742213 5.482916720561376245 0.000000000000000000 0.366880853061433365 428297.000000000000000000
-2.247285200691307328 3.078141684843235026 0.000000000000000000 0.144631037366585002 426732.000000000000000000
-3.355078476172514979 4.418107009768042381 0.000000000000000000 0.216905451764908330 0.000000000000000000
-1.551001269429106877 5.547431253865886092 0.000000000000000000 0.320974243638679824 0.000000000000000000
-2.170244685061831103 6.292025774958214690 0.000000000000000000 0.428010198713120960 426507.000000000000000000
-2.058398806921832414 4.514108059743642265 0.000000000000000000 0.116689946037821748 0.000000000000000000
-3.710197896870263801 3.949330645573028598 0.000000000000000000 0.258994238466109916 0.000000000000000000
-1.292928710733041164 2.278631009328470736 0.000000000000000000 0.334672203799393331 0.000000000000000000
0.060467503105885306 3.604090495123342119 0.000000000000000000 0.416356280435226822 425909.000000000000000000
-2.134194878802828210 6.505240554316495505 0.000000000000000000 0.466214385593609837 0.000000000000000000
-3.982131853546239331 -3.612785500041237885 0.000000000000000000 0.311181962777642152 0.000000000000000000
-3.691473636263169933 -2.145423362069997175 0.000000000000000000 0.402078712604625854 343147.000000000000000000
-3.004841382420878393 -5.328751393267854297 0.000000000000000000 0.288619462579242370 340728.000000000000000000
-0.140878539454511814 -3.889525115039810466 0.000000000000000000 0.377347279937204849 344753.000000000000000000
-0.963806960554979497 -1.905843927227171219 0.000000000000000000 0.422102641544562285 344392.000000000000000000
-0.447636695129113138 -5.729205691992348193 0.000000000000000000 0.459842064953887408 346096.000000000000000000
-2.258954340615301426 -3.604398390752310721 0.000000000000000000 0.050896661893137601 0.000000000000000000
-3.124280980310883304 -2.164870000618235313 0.000000000000000000 0.343747138650039974 343075.000000000000000000
-3.182888343257383124 -5.313223704105042522 0.000000000000000000 0.302215612665042876 349234.000000000000000000
-2.173294799817786505 -5.178732212625151377 0.000000000000000000 0.229979551432503510 0.000000000000000000
-0.883971108563978536 -4.256011460800918300 0.000000000000000000 0.253447538714217102 342928.000000000000000000
-4.033162862059509024 -4.852463340831545402 0.000000000000000000 0.359702704241036342 9156.823820353980408981
-3.557126816028441052 -5.963523187373139578 0.000000000000000000 0.435611638905254672 347573.000000000000000000
-2.014286231483875866 -3.336284919719582298 0.000000000000000000 0.107807841593240694 0.000000000000000000
-2.692533586115367417 -3.346002630571546455 0.000000000000000000 0.124021757588640189 0.000000000000000000
3.865852555816716496 -0.235352747785734950 0.000000000000000000 0.122893882486788231 385821.000000000000000000
4.044847211604967185 0.852321878960808021 0.000000000000000000 0.173047523763991906 0.000000000000000000
3.308019005408765256 0.731957897282251135 0.000000000000000000 0.251300017819866273 136711.993756899493746459
4.122563508342570238 0.224907449156494493 0.000000000000000000 0.080435421961069745 389587.000000000000000000
6.825379982127143919 0.498980664414315322 0.000000000000000000 0.421298444203367428 0.000000000000000000
5.710875289666438981 1.111321323924102211 0.000000000000000000 0.290529078699845011 0.000000000000000000
4.970993397487463383 1.628376402926559940 0.000000000000000000 0.300464852398684978 0.000000000000000000
3.435679013646881774 2.221077557571704109 0.000000000000000000 0.439167375541903104 388829.000000000000000000
6.690017833085796894 1.487156233397064486 0.000000000000000000 0.468966781128848265 382059.000000000000000000
6.288128237257765818 -1.143898272727790433 0.000000000000000000 0.375693707922090281 389332.000000000000000000
3.162635831977140821 -0.411235248585846092 0.000000000000000000 0.251738592694552787 388461.000000000000000000
6.727500807942159433 -1.331278302466467167 0.000000000000000000 0.459711038418648965 0.000000000000000000
4.530621620944746297 1.468437242319279301 0.000000000000000000 0.260917613217770350 0.000000000000000000
5.694682430985753996 1.128300301157099117 0.000000000000000000 0.290488680131337440 386692.000000000000000000
6.252743870619166699 -1.580594309862834779 0.000000000000000000 0.417911673622121727 390058.000000000000000000
9.249714260624518403 8.301467446068606648 0.000000000576936963 0.209663999125314249 0.000000000000000000
11.251840077091010528 6.423559303833730638 0.000000000507614270 0.438164946590865356 0.000000000000000000
10.211548325158736006 9.992730740707331805 0.000000000918155128 0.219518615288946006 425950.000000000000000000
10.775269096422142923 6.554624525992443829 0.000000000511395660 0.392047352618105527 0.000000000000000000
8.828772457689298747 8.933662442218739841 0.000000000703286162 0.271436923053072987 427228.000000000000000000
8.889721852284568016 7.954883858871864000 0.000000000792308336 0.293768715662615532 0.000000000000000000
12.414493737672076534 10.242909489700643633 0.000000000513894205 0.452611853362973771 202842.498682092613307759
9.993778892631137722 8.314812723437421838 0.000000000810371552 0.097967572688964347 430711.000000000000000000
11.992798996882200413 7.592971607323327987 0.000000000744168905 0.357091505803130482 331156.717976480198558420
8.600252455855574851 9.455700632400379391 0.000000000407845122 0.334214208254760337 425076.000000000000000000
9.675424222433500532 10.328412191327355885 0.000000000086418790 0.301680479005665747 0.000000000000000000
10.162235780732014945 11.351929739752339543 0.000000000364786060 0.457796214476330121 0.000000000000000000
9.908087496419495821 9.516616355668359617 0.000000000570339857 0.155350771500144674 431224.000000000000000000
10.554912638253956203 9.295950751450719807 0.000000000157063859 0.103372116304599707 423991.000000000000000000
9.842285867805317778 8.021748278350282035 0.000000000260935092 0.155344442685624529 428602.000000000000000000
3.866176574666538635 13.994086453304904083 0.000000000000000000 0.301381570903448137 40190.840712696182890795
4.134657839451223893 14.390551675445253821 0.000000000000000000 0.377121878051355719 462261.000000000000000000
3.786754204079789687 12.004501250984972671 0.000000000000000000 0.343893766603222850 0.000000000000000000
1.014977850140165838 15.135288817472382306 0.000000000000000000 0.406078800364968295 89067.346848022891208529
3.130180330502221775 12.759278515626650830 0.000000000000000000 0.169127703884339287 470738.000000000000000000
0.603896943040284850 14.829868408623312348 0.000000000000000000 0.414325145779151971 466602.000000000000000000
3.231596626519862792 13.937257458365213125 0.000000000000000000 0.198492725209261006 119194.214506529096979648
3.380542165540416200 11.938849708275681039 0.000000000000000000 0.302450375628714185 0.000000000000000000
1.652408676181881697 12.914155221875155632 0.000000000000000000 0.137632944826106357 0.000000000000000000
1.070664255040310042 13.279851714396764706 0.000000000000000000 0.225222043503961911 469733.000000000000000000
0.299587154704631098 13.808657762234242128 0.000000000000000000 0.374810291833723108 192936.039722289162455127
0.413350316602963785 14.951905746301296318 0.000000000000000000 0.454165057941919637 0.000000000000000000
2.879748596375604652 12.423208877373436820 0.000000000000000000 0.180391797772898571 0.000000000000000000
2.837409982468773073 14.397570138584047328 0.000000000000000000 0.218777974881123938 462505.000000000000000000
3.110227642467086717 13.096895547023455819 0.000000000000000000 0.141941813438631104 0.000000000000000000
-8.084609610069112051 13.910481738985113864 0.000000000350902764 0.456210182496835870 876485.000000000000000000
-5.250174994348423496 10.450395406771496809 0.000000000219664332 0.346867957662309490 105575.262456329961423762
-8.094106275348144308 11.928980312287370324 0.000000000226817713 0.245534491433038821 0.000000000000000000
-5.643856082762823689 10.895471051162331833 0.000000000675441431 0.242724347429438242 0.000000000000000000
-8.081048336579325309 12.126347675530910308 0.000000000277173851 0.250944787550738346 0.000000000000000000
-7.246763278868246339 10.600079225938689120 0.000000000120965910 0.218088592499188716 877321.000000000000000000
-7.098538648602283452 13.700688003787112379 0.000000000171092927 0.356704533507236465 875354.000000000000000000
-8.878522023861391332 12.565341785485040660 0.000000000878399164 0.410673166601420891 0.000000000000000000
-8.527919742194347563 10.547601600780422970 0.000000000397852086 0.381046164323484760 868995.000000000000000000
-6.987545752850855330 9.702653028084560205 0.000000000043020591 0.359616492751420547 877424.000000000000000000
-4.288810441946061758 12.726009366960056468 0.000000000833109935 0.470719489330461038 0.000000000000000000
-7.737342383097272069 13.970462913788935566 0.000000000735145726 0.436556553167614547 0.000000000000000000
-4.951893138049660692 12.093020017975799618 0.000000000276983347 0.324201179053210831 876634.000000000000000000
-4.573966179465974058 10.860635813904639946 0.000000000102807650 0.413677686952236612 872723.000000000000000000
-7.250505758774762555 13.398542878459641869 0.000000000075797897 0.311198565135754834 0.000000000000000000
-15.196297917802914057 4.813807195642856307 0.000000000000000000 0.443242512996900373 546532.000000000000000000
-11.684898802268623541 2.544776842692903163 0.000000000000000000 0.414464525403874851 547089.000000000000000000
-13.032613439906207020 2.020500885608008446 0.000000000000000000 0.465371878002636630 552311.000000000000000000
-12.653965355216746147 4.733684130996360651 0.000000000000000000 0.014240111996362870 0.000000000000000000
-11.868001215159255324 4.450849366120694484 0.000000000000000000 0.155777850371880217 548776.000000000000000000
-14.423454263479950299 3.991709907677735369 0.000000000000000000 0.327287145137496405 0.000000000000000000
-14.013028803024077718 3.756975923484357160 0.000000000000000000 0.281499081222786607 266753.566207561700139195
-12.210810403469425367 2.436711349418634764 0.000000000000000000 0.400327979483427798 0.000000000000000000
-10.819250483354929671 5.719745842162946126 0.000000000000000000 0.383340063040895573 0.000000000000000000
-13.580093020038363605 4.883942038933754226 0.000000000000000000 0.158606614059766199 550371.000000000000000000
-14.151850363498823526 4.749194581422985451 0.000000000000000000 0.256759698359015021 0.000000000000000000
-13.183338250103487255 6.586760768597461180 0.000000000000000000 0.341908162837717355 549431.000000000000000000
-14.391900598922852339 2.945596213985791412 0.000000000000000000 0.423935467595858650 0.000000000000000000
-10.195441540283221471 5.232585141057779943 0.000000000000000000 0.459047384139476822 549070.000000000000000000
-11.866661954623767272 2.149738280660165923 0.000000000000000000 0.465530543078811310 0.000000000000000000
-14.072195427579785587 -4.739856805207626422 0.000000000000000000 0.242502099289525486 0.000000000000000000
-11.401728650361736328 -6.729024823542293809 0.000000000000000000 0.427037940429980278 0.000000000000000000
-12.676106478276226497 -4.209825503189117413 0.000000000000000000 0.081790421612782882 0.000000000000000000
-14.000468481756051631 -6.320728737389931240 0.000000000000000000 0.365729898607799309 0.000000000000000000
-11.356121126059271376 -6.692891993792228433 0.000000000000000000 0.426363729746331799 381820.000000000000000000
-13.776701548037076250 -2.757644622925602640 0.000000000000000000 0.383444271231657141 388754.000000000000000000
-13.210362011678194349 -6.493404758929883336 0.000000000000000000 0.327465815792664983 385800.000000000000000000
-12.885339315326955756 -2.969691160621263482 0.000000000000000000 0.298632147471382170 381749.000000000000000000
-13.626728145580369045 -6.213094010400990186 0.000000000000000000 0.312172569195828864 0.000000000000000000
-12.562693754564998372 -4.856542066355060250 0.000000000000000000 0.040944975229190848 385174.000000000000000000
-11.748437803040493677 -3.283852084543593008 0.000000000000000000 0.297658745518151080 383313.000000000000000000
-13.895996035693144677 -5.600984358847977518 0.000000000000000000 0.264691168903571861 0.000000000000000000
-14.382201318165337867 -3.075423058854949154 0.000000000000000000 0.407051024770043790 390352.000000000000000000
-13.186977131616508530 -3.761257185906499600 0.000000000000000000 0.180370836192064565 390450.000000000000000000
-13.955786432653756179 -2.782058679676752799 0.000000000000000000 0.396565916099761773 0.000000000000000000
-7.376253831691590435 -10.389104251013018043 0.000000000291128171 0.261676425285586434 0.000000000000000000
-4.554565366521064362 -10.647485082121558975 0.000000000321030286 0.432124888138584184 0.000000000000000000
-9.304084428439113097 -12.269910813998631482 0.000000000033988993 0.468542121561513591 0.000000000000000000
-5.462629864489962017 -11.107910026593076580 0.000000000078419886 0.250861259268714221 0.000000000000000000
-4.800586220586235520 -10.198403920652847177 0.000000000413697593 0.437252578695003280 0.000000000000000000
-7.952249954568882728 -13.454717668058865598 0.000000000271658306 0.376083534493735494 0.000000000000000000
-7.561497343015776806 -11.941356368053487103 0.000000000756061880 0.152935711310603545 0.000000000000000000
-7.299172716521665549 -12.444300730103284636 0.000000000917060406 0.163352804111117023 0.000000000000000000
-6.983125742805285086 -14.039111796872562721 0.000000000405405515 0.413027473507428744 0.000000000000000000
-6.440298486959542323 -13.155667399515388993 0.000000000632658694 0.259705417191281762 0.000000000000000000
-5.490306824801083785 -10.118887644885209198 0.000000000247977972 0.359682842358798049 0.000000000000000000
-6.671155403504906545 -13.900047045889182940 0.000000000786135701 0.386278725983695392 0.000000000000000000
-6.985790877728966564 -9.980824884384384532 0.000000000425385311 0.310811403608085512 0.000000000000000000
-6.090081667089855877 -10.769810480465080715 0.000000000655706847 0.203343121795139331 0.000000000000000000
-8.276493991300940323 -11.516026517967837606 0.000000000110791074 0.277528658692604902 0.000000000000000000
4.420339680252920012 -12.319173610785453477 0.000000000000000000 0.408928776892523271 828189.000000000000000000
1.365910437514373799 -12.854995891325174284 0.000000000000000000 0.188241440127208087 0.000000000000000000
4.200175161581936933 -13.138405128976783587 0.000000000000000000 0.333441047759083398 827842.000000000000000000
2.069532665850691622 -14.509855004404430545 0.000000000000000000 0.224629481622748289 831329.000000000000000000
1.191175498544091216 -14.815768306168946467 0.000000000000000000 0.341569650621015131 0.000000000000000000
3.325064934537316219 -12.132794147633838122 0.000000000000000000 0.269518216521561493 306767.686301009962335229
1.632382783121408831 -10.858548018885244346 0.000000000000000000 0.448488068528794859 0.000000000000000000
3.589434177136155757 -14.550322783807070337 0.000000000000000000 0.318461160953966094 831547.000000000000000000
3.182045810379844131 -11.118982781545311056 0.000000000000000000 0.412736515040589391 477375.217850374698173255
3.466969536594988188 -11.191044262741380422 0.000000000000000000 0.422546845582679964 827784.000000000000000000
2.094181853934981685 -15.262713897616722036 0.000000000000000000 0.356259409865810950 0.000000000000000000
0.484769159820468254 -13.773985248947628435 0.000000000000000000 0.341329628463078849 0.000000000000000000
1.207157421061391345 -15.320798559203103295 0.000000000000000000 0.415845218915579240 835809.000000000000000000
0.098680828672331106 -11.994594918060952793 0.000000000000000000 0.459257102506149817 831381.000000000000000000
-0.022156780585810970 -12.926453402436850482 0.000000000000000000 0.424574243124436534 828067.000000000000000000
12.066150252100491969 -8.856349934588566342 0.000000000000000000 0.308152486770681966 913845.000000000000000000
11.831816267891658967 -8.127690950049265339 0.000000000000000000 0.287092793344774944 911144.000000000000000000
11.349954440904097552 -11.197098711610820487 0.000000000000000000 0.464922185918189734 756561.924326919601298869
7.902205506571173821 -8.016513910771964291 0.000000000000000000 0.453246411498011481 0.000000000000000000
8.049447213178144267 -9.195064213059485070 0.000000000000000000 0.415858079513730050 911458.000000000000000000
10.395473881437229835 -9.635943180938298269 0.000000000000000000 0.155998429500342289 0.000000000000000000
9.176580314676021644 -7.602166243638707854 0.000000000000000000 0.289060423489632623 0.000000000000000000
9.154645323348663766 -10.889326420766822778 0.000000000000000000 0.431457760359806597 912682.000000000000000000
8.257128566364572819 -8.595466140973007541 0.000000000000000000 0.372311857565772897 0.000000000000000000
9.654501188173510329 -7.369618165910046592 0.000000000000000000 0.271099260282437582 909279.000000000000000000
11.791823507221774747 -6.811843775838715587 0.000000000000000000 0.426142483537022221 0.000000000000000000
10.420210742124396575 -8.920894126055953777 0.000000000000000000 0.033473199463763370 913636.000000000000000000
11.083690652551075218 -8.908685960905140533 0.000000000000000000 0.135412496728513188 0.000000000000000000
9.400527423068878008 -10.211613649050443442 0.000000000000000000 0.306806460475475717 350979.679563480545766652
8.987100726878088253 -10.629235097953648292 0.000000000000000000 0.409202263351097939 914602.000000000000000000
14.275275923740995410 2.353725188364025556 0.000000000000000000 0.427752898454706376 0.000000000000000000
14.039390681275813577 -1.795466401335662487 0.000000000000000000 0.323265726598856495 302183.000000000000000000
11.330416853720333137 0.551923639802831545 0.000000000000000000 0.405576952858258954 0.000000000000000000
11.889651807588480281 1.905884548878602036 0.000000000000000000 0.443221442624015971 299660.000000000000000000
16.025242025580595850 0.252625091171419236 0.000000000000000000 0.444940272976247664 284664.235425166145432740
14.566101731113720419 -0.341637070389199493 0.000000000000000000 0.192034815936063918 123130.841007068156613968
14.916360847115425869 1.660723387440493193 0.000000000000000000 0.377401151053085970 0.000000000000000000
14.892954338044042117 1.370998152207330900 0.000000000000000000 0.337921376327973033 0.000000000000000000
15.820824692761622288 1.364024130958543024 0.000000000000000000 0.469509173088792475 304432.000000000000000000
12.144991995039864818 -1.554464003726555132 0.000000000000000000 0.367289623137127819 301504.000000000000000000
15.096844261158274492 -0.585664335354579957 0.000000000000000000 0.295199758214171104 283337.342007299419492483
15.387678238895334815 0.703346859051841355 0.000000000000000000 0.350839240735780822 0.000000000000000000
10.982493672739392920 -0.274912321600072174 0.000000000000000000 0.458545615073255419 302733.000000000000000000
12.335815917738818470 2.295366896610148810 0.000000000000000000 0.452922994088924558 0.000000000000000000
15.578396385805232782 -1.268386987582579506 0.000000000000000000 0.423984306176081294 0.000000000000000000
