-1.848579900361498440 6.209500952039721966 0.000000000000000000 0.419471975503960703 0.000000000000000000
-2.101760067050707281 5.094042010436051093 0.000000000000000000 0.216209584357241524 0.000000000000000000
-4.361302819924949503 5.501196062936676512 0.000000000000000000 0.471821041397828156 0.000000000000000000
-1.009763599339945417 2.726121571499156460 0.000000000000000000 0.304156297285833876 0.000000000000000000
-2.645035739696232291 2.774062830774401522 0.000000000000000000 0.210358945285161414 422284.000000000000000000
-3.978775015421180949 2.908632129214355544 0.000000000000000000 0.352896960109917057 0.000000000000000000
-1.213762927174410811 2.388878792226040826 0.000000000000000000 0.325841316927870051 0.000000000000000000
-2.657337412271477017 4.519368777202674714 0.000000000000000000 0.132710858210825983 0.000000000000000000
-4.700729781133259344 3.386487186280279005 0.000000000000000000 0.444416561359621598 0.000000000000000000
-4.807981884262423122 3.935133440701849672 0.000000000000000000 0.454474231350650570 429630.000000000000000000
-1.210403728166028037 6.148448805299200792 0.000000000000000000 0.443490858344403660 0.000000000000000000
-1.389484129209342722 5.655709048501746494 0.000000000000000000 0.350533704951004998 0.000000000000000000
-0.737904133411343643 2.124824948898878407 0.000000000000000000 0.415112487111889528 431022.000000000000000000
-2.087391642118971991 5.924176452106271640 0.000000000000000000 0.363512199776074851 0.000000000000000000
-1.273904258153290003 4.843115697958706001 0.000000000000000000 0.244114181627570592 0.000000000000000000
-3.682999045976244723 -1.908910528960707120 0.000000000000000000 0.434519244871473365 0.000000000000000000
0.019668056366918301 -2.653121443748660546 0.000000000000000000 0.461918258648071345 346720.000000000000000000
-2.844972389762778775 -3.223896291166668426 0.000000000000000000 0.158146377035107505 319433.662932635575998574
-0.020410769864630193 -4.391548043864168527 0.000000000000000000 0.408693322858454167 0.000000000000000000
-0.995911228693681205 -4.744073026137874294 0.000000000000000000 0.271575025501383016 0.000000000000000000
-2.411071663074113580 -6.491218826284657517 0.000000000000000000 0.463950062838501820 344770.000000000000000000
-2.711641866279221880 -6.374098253984842088 0.000000000000000000 0.449569787611302119 343552.000000000000000000
-4.157470182165630135 -3.891342247610426686 0.000000000000000000 0.338488238846726630 40600.314934603440633509
-2.551925251500312797 -3.092519228882568694 0.000000000000000000 0.151380714264685107 346749.000000000000000000
-4.301791964453217432 -4.444120367085833578 0.000000000000000000 0.377303746895326031 341802.000000000000000000
-1.771502130821540844 -3.134875599234100640 0.000000000000000000 0.160076123657564157 0.000000000000000000
-4.738225302956849738 -4.596668993894626354 0.000000000000000000 0.459487818936908099 0.000000000000000000
-4.174581104057821790 -3.187098245621290182 0.000000000000000000 0.363725573074727804 0.000000000000000000
-3.274606140281729250 -3.447162443105387553 0.000000000000000000 0.197572133022517027 262717.618041437643114477
-4.361292560312607591 -2.578201809525401345 0.000000000000000000 0.441537412725642175 350021.000000000000000000
7.064580243902337742 0.317515983485038511 0.000000000000000000 0.457997458455077500 386729.000000000000000000
5.928214341190125580 0.802730791142287292 0.000000000000000000 0.289501867247358602 157160.830299344204831868
6.878504938036596350 -0.888369559142823895 0.000000000000000000 0.449848009853929587 390459.000000000000000000
6.581203430854134950 -0.639536624410023569 0.000000000000000000 0.385459050876771236 382979.000000000000000000
2.732271544678580799 1.621434815787955674 0.000000000000000000 0.428962980736628585 0.000000000000000000
3.776178461256570973 -2.334039236020591268 0.000000000000000000 0.435221732673598816 381417.000000000000000000
3.922940789311701870 1.066256578573669955 0.000000000000000000 0.216847997005803178 389866.000000000000000000
3.424956574332503223 1.544140604314723442 0.000000000000000000 0.336236795362341745 0.000000000000000000
5.020180127465990516 2.204311772747742371 0.000000000000000000 0.401742971534678972 0.000000000000000000
5.332276021441329839 0.844070165277910789 0.000000000000000000 0.209104891837153306 386518.000000000000000000
3.707944666438812487 -2.126436574056900231 0.000000000000000000 0.404380962931565335 0.000000000000000000
5.473523849465764535 -1.064172623400812867 0.000000000000000000 0.254822134538409850 384855.000000000000000000
4.862668448500667040 0.612584971038019788 0.000000000000000000 0.125295091480695342 388273.000000000000000000
7.121886152128515945 0.005169020119888996 0.000000000000000000 0.464737336631159959 388145.000000000000000000
5.594800035994955678 0.350169759890612442 0.000000000000000000 0.202383225807535039 94042.948653055966133252
11.304469849956829464 8.257824115644984531 0.000000000506414273 0.192047207292317140 0.000000000000000000
11.031724654603081603 6.805453765770193897 0.000000000448458743 0.361841320068083061 426222.000000000000000000
11.461786522643469866 8.148205518713970363 0.000000000626400340 0.225742293117054182 429847.000000000000000000
11.826494535207906722 10.810706614726026231 0.000000000104346438 0.447548567392442531 427503.000000000000000000
8.602704106119681171 9.450470029501977010 0.000000000620711213 0.333467080421986806 425679.000000000000000000
11.233413257307777400 9.842784103948911678 0.000000000183921598 0.249141511909035773 404250.085120222822297364
9.972649468284959795 9.221533549853660361 0.000000000167536836 0.105852817467547863 0.000000000000000000
12.135730417220994326 10.669344911546691179 0.000000000817653695 0.463872126124527162 367860.128601531498134136
9.480634494575635784 8.265581464464538897 0.000000000243739292 0.175130159485271331 76956.089694675363716669
10.683862252904583912 8.748959699050143257 0.000000000244024547 0.061186661787814393 0.000000000000000000
12.841168966505057014 9.101189472554178650 0.000000000054655948 0.449938040326784250 423648.000000000000000000
10.587557359346531527 11.334123633059073555 0.000000000764409168 0.455395052073022666 427268.277922260982450098
9.963736436602141922 10.633205953541414956 0.000000000639468161 0.337508307471953095 0.000000000000000000
10.401699308179367165 9.402266479995649462 0.000000000218542758 0.115234799440978447 0.000000000000000000
11.906669203840385407 6.665337894744947533 0.000000000892583537 0.458868934897327219 0.000000000000000000
3.124074428631937739 11.894842192409162962 0.000000000000000000 0.283420387738751500 0.000000000000000000
0.573844888948229603 11.781588493223640768 0.000000000000000000 0.411564146736681513 469278.000000000000000000
4.092934082222959624 11.451790743103710923 0.000000000000000000 0.451280443410694065 0.000000000000000000
3.933196954184637661 12.308100850089155998 0.000000000000000000 0.333025686211549654 0.000000000000000000
0.729290725339974411 11.943549652932279770 0.000000000000000000 0.371795607704682951 0.000000000000000000
4.279786087014677776 13.001698389246152843 0.000000000000000000 0.350153869975486531 0.000000000000000000
1.857752902135318074 11.866964941566346070 0.000000000000000000 0.265062017816005302 463047.000000000000000000
0.901741074982751911 13.118261426974608952 0.000000000000000000 0.256881594301009208 0.000000000000000000
1.814253758920770565 11.738614885124640352 0.000000000000000000 0.289202113172584652 305608.048103970242664218
4.137396335345195020 13.699196342391763537 0.000000000000000000 0.330018833709070258 462430.000000000000000000
1.781829022540861063 13.906485578454836016 0.000000000000000000 0.149262796754306787 36484.200275988987414166
1.250062691118615676 12.115248248968695677 0.000000000000000000 0.283107417138682593 470412.000000000000000000
0.469284896397819729 11.840111807329794402 0.000000000000000000 0.419500877649550907 468209.000000000000000000
3.873474668882046057 14.809974042876307365 0.000000000000000000 0.386892179495647914 468203.000000000000000000
4.935490755949698105 12.984161991531196989 0.000000000000000000 0.466468637700702404 0.000000000000000000
-8.507564515189795173 12.050099725872607692 0.000000000333472910 0.321763070425534536 872452.000000000000000000
-5.710327818845351011 11.921218041267989562 0.000000000710531055 0.185669925588811985 869111.000000000000000000
-7.974901517691617592 11.109880336844804916 0.000000000476271981 0.246216308553340257 0.000000000000000000
-4.905884058674228498 11.878567918089357747 0.000000000584079178 0.326765998107554301 670120.060395547654479742
-5.379932218476061401 13.836339659926403911 0.000000000764108122 0.446034895617532789 873104.000000000000000000
-5.458725781183581205 11.634623440146471651 0.000000000176493246 0.227496904355924234 870976.000000000000000000
-8.078891496573668007 11.573145428756026476 0.000000000364489641 0.241365977054824099 0.000000000000000000
-4.558138621317608496 10.595303305015891127 0.000000000789399823 0.435704914158333956 877430.000000000000000000
-6.951589621903028871 13.554336883120488011 0.000000000338390701 0.327185088683453251 0.000000000000000000
-5.600594047584627866 11.989298552229870509 0.000000000441868981 0.207347790102885010 172644.366888580028899014
-6.865023079068510725 12.769936873061320526 0.000000000403196213 0.187556625289173967 0.000000000000000000
-4.400145521723582753 10.545618500075207180 0.000000000472720814 0.464807951001138808 876266.000000000000000000
-4.948551429426363946 10.614272560709677506 0.000000000314586699 0.373377633011870880 869601.000000000000000000
-8.042531774356854513 12.424417894863125866 0.000000000444153349 0.264742920134935833 0.000000000000000000
-5.346375370317399067 11.743599214327968383 0.000000000818630590 0.247071962083048713 875359.000000000000000000
-12.342235833615063711 5.280828635219022793 0.000000000000000000 0.123900773815483561 546268.000000000000000000
-14.290185532711133121 5.835824071311815686 0.000000000000000000 0.345332916861914974 551721.000000000000000000
-13.800328457791836811 2.646049491947201293 0.000000000000000000 0.402381657814867955 551418.000000000000000000
-13.715565750219267827 3.748617903182299038 0.000000000000000000 0.240787026408015276 549127.000000000000000000
-12.658525886739868227 3.429863512438864781 0.000000000000000000 0.217380720387653353 0.000000000000000000
-12.974421324868668393 3.504760433794510632 0.000000000000000000 0.209262581993118313 549824.000000000000000000
-14.140631310502575602 6.533092300108577000 0.000000000000000000 0.410018308524536967 552878.000000000000000000
-15.103962792236970358 4.004767859987755863 0.000000000000000000 0.441824673778876742 552435.000000000000000000
-11.717704401078957943 5.531190793102685355 0.000000000000000000 0.231391916593209152 543317.000000000000000000
-11.488302575403874783 3.506815675578028646 0.000000000000000000 0.298949733906246518 0.000000000000000000
-13.699937733650724425 3.796879933506523752 0.000000000000000000 0.233150433692630443 0.000000000000000000
-13.123856739863091647 5.231288791440169561 0.000000000000000000 0.120755986417558109 547994.000000000000000000
-13.469966513609048064 2.777714347041866372 0.000000000000000000 0.356536308327795759 0.000000000000000000
-11.950918766910840318 4.817108226703047613 0.000000000000000000 0.137985607069995658 542677.611765559180639684
-10.812487887560237709 6.032127227807442260 0.000000000000000000 0.412960855230780077 539585.843426636769436300
-11.840172064953108588 -3.044204569751817413 0.000000000000000000 0.324414323168686958 0.000000000000000000
-13.228524304829361924 -3.771059176428787296 0.000000000000000000 0.182471077848833818 0.000000000000000000
-14.424704314728318266 -6.400981261829098656 0.000000000000000000 0.426772948653269535 388639.000000000000000000
-13.498296472628327436 -2.328267251160441198 0.000000000000000000 0.431356549384772692 0.000000000000000000
-13.402420104033993198 -2.251400661563931038 0.000000000000000000 0.438989959573698185 389885.000000000000000000
-10.448517484616317574 -4.993233554598010215 0.000000000000000000 0.407357460540764549 269756.782685537589713931
-14.359644734808833633 -6.602026399872840123 0.000000000000000000 0.444100236566191631 0.000000000000000000
-12.399787748404014209 -2.194656907342179775 0.000000000000000000 0.435746734695253823 383913.000000000000000000
-14.216967843742141397 -6.363363647914590970 0.000000000000000000 0.396413649497460552 382100.000000000000000000
-13.717948363415924717 -5.947067258782195331 0.000000000000000000 0.283784921174399407 120423.785769127614912577
-12.668033781052983500 -4.956113779988754686 0.000000000000000000 0.048920489573935050 388038.000000000000000000
-13.918555666797642445 -2.849928624712978475 0.000000000000000000 0.383119259645524346 0.000000000000000000
-12.086529500133613269 -3.475189520681677191 0.000000000000000000 0.237419826158565106 388676.000000000000000000
-11.784957087392507802 -7.136278289134692088 0.000000000000000000 0.458922056339341189 207827.371832841425202787
-13.496038554238605656 -6.543724774657125209 0.000000000000000000 0.352587886859583033 0.000000000000000000
-9.070830114932553201 -12.030276941335189989 0.000000000132157357 0.420383969189892515 0.000000000000000000
-5.817009945105569457 -10.942655177179569037 0.000000000315997822 0.213349837687227067 0.000000000000000000
-5.507359441403177236 -10.759638722978259295 0.000000000146780750 0.276681950755861883 0.000000000000000000
-4.578743941145487995 -11.629827868005831348 0.000000000684230867 0.384153004038271406 0.000000000000000000
-5.118404025631543952 -11.931418591292150211 0.000000000825755275 0.290122690386187043 0.000000000000000000
-6.139103600671601768 -12.477804659205498083 0.000000000242466574 0.171057768077151423 0.000000000000000000
-7.215608620146864105 -12.204131596434951490 0.000000000099907069 0.121636177106586002 0.000000000000000000
-4.626615640248641803 -11.397185326456398258 0.000000000364395626 0.379603629749032889 0.000000000000000000
-6.699872370242451858 -9.906265135396704835 0.000000000922104421 0.320852582722066126 0.000000000000000000
-7.694022977856915801 -11.616655133968979641 0.000000000177311921 0.172343148108131283 0.000000000000000000
-7.637904777608797602 -9.322362039549783930 0.000000000229504268 0.453400281856482346 0.000000000000000000
-5.048785109832151008 -9.674226948307456553 0.000000000860799095 0.470499364044395241 0.000000000000000000
-7.994931481366088555 -11.626554441835567744 0.000000000497270766 0.225616239334968577 0.000000000000000000
-8.120827930423960339 -13.475199347325897747 0.000000000575914754 0.396989809045542263 0.000000000000000000
-7.062086737582398577 -13.532532306406256595 0.000000000266752254 0.326283289330530135 0.000000000000000000
3.049837810643686531 -11.030751505899610621 0.000000000000000000 0.419662311565880131 831920.000000000000000000
4.469641065806182034 -13.955002232840730159 0.000000000000000000 0.399219236548414069 0.000000000000000000
2.916877652642300145 -12.564065090017818349 0.000000000000000000 0.163945699155354258 302116.843943170388229191
4.416062817468569435 -12.454716239439584058 0.000000000000000000 0.398778723063825113 836896.000000000000000000
2.933242534485746678 -15.028255711392731087 0.000000000000000000 0.329592079676167382 835763.000000000000000000
0.535651653295944663 -14.112468322018836275 0.000000000000000000 0.353454028274211296 832940.000000000000000000
2.596704063956447595 -13.380707332424210065 0.000000000000000000 0.050292958930477139 833086.000000000000000000
1.808226716117658173 -15.046117862122175168 0.000000000000000000 0.328791129682240169 829777.000000000000000000
0.803376175225925859 -12.807468075501583726 0.000000000000000000 0.285373812452904607 0.000000000000000000
1.704875387966926947 -11.747914812406543561 0.000000000000000000 0.294502048356649115 0.000000000000000000
1.678483861933147914 -13.497927757266763749 0.000000000000000000 0.123356303881943866 837064.000000000000000000
1.749621471984953658 -11.989616688451276261 0.000000000000000000 0.251822300826676393 832769.000000000000000000
2.740011112509947555 -15.524688383714977391 0.000000000000000000 0.406708832662112940 828773.000000000000000000
3.635937557605245285 -12.168418443705853349 0.000000000000000000 0.304500083056702897 631895.637965843663550913
3.912096668112604370 -11.717496650299157324 0.000000000000000000 0.395028637469232724 0.000000000000000000
9.919578393631283575 -7.401841433934942316 0.000000000000000000 0.247834227724507333 81766.864944048924371600
8.222955352379962335 -9.328565047338759797 0.000000000000000000 0.391002507433777013 912478.000000000000000000
10.970346954527066430 -11.009113341841931799 0.000000000000000000 0.411658067117390669 99373.626442174980184063
8.287374653458181584 -8.630140100788938895 0.000000000000000000 0.366540647333825076 0.000000000000000000
9.144445465379313021 -6.454533057937898555 0.000000000000000000 0.455786756634260048 721596.776484000263735652
10.535645220941743716 -8.567708992179344563 0.000000000000000000 0.046983357859167414 0.000000000000000000
10.745429995862728845 -9.811309251886907390 0.000000000000000000 0.199817749688429719 0.000000000000000000
8.069925354802066408 -9.464088181369781694 0.000000000000000000 0.423855472829898050 918065.000000000000000000
11.771471829275759191 -7.058299448148947164 0.000000000000000000 0.390389825472825469 532575.722538658650591969
11.247137098006488642 -10.796451889476790242 0.000000000000000000 0.393365129410668535 68162.808693656799732707
9.142625690515687964 -9.004923691685386089 0.000000000000000000 0.218248765042350579 0.000000000000000000
11.362276797928339889 -10.692482247296059228 0.000000000000000000 0.386030395115476654 879540.009265333181247115
11.071584775249876387 -8.360515796263731758 0.000000000000000000 0.146910802009791203 911942.000000000000000000
11.750831792390547648 -9.962730132319267184 0.000000000000000000 0.329151029655632477 911160.000000000000000000
8.934178254138437580 -10.619831374182364669 0.000000000000000000 0.413536803172279588 909541.000000000000000000
11.267735679694718343 -0.347435281665355589 0.000000000000000000 0.409696461934102030 302728.000000000000000000
15.398368442194202643 -1.895285690426746106 0.000000000000000000 0.465393870877885363 300094.000000000000000000
12.110505331450173827 1.322481722020925288 0.000000000000000000 0.343295934374278355 0.000000000000000000
15.101145595646018549 0.300802820140032789 0.000000000000000000 0.282907209424114070 0.000000000000000000
12.496356470181529730 0.717356795933707714 0.000000000000000000 0.224058894397705793 0.000000000000000000
13.503831127329613437 2.433759289669365167 0.000000000000000000 0.421834121411202856 0.000000000000000000
13.449257140289518020 1.347662590044747866 0.000000000000000000 0.234170647754188860 78838.905401573923882097
13.194828537931499568 1.271934541642907757 0.000000000000000000 0.229060223586125322 0.000000000000000000
14.410382815155472258 -0.617454561707531768 0.000000000000000000 0.188206326108234429 0.000000000000000000
14.785007264825233975 -1.413319846167308880 0.000000000000000000 0.329900879986442852 304433.000000000000000000
15.523902302665341324 -1.173728002870960241 0.000000000000000000 0.407350337599062695 303267.000000000000000000
13.381716626930085567 -1.156495983686915752 0.000000000000000000 0.202494050702625356 299760.000000000000000000
15.224328783028262535 0.521213882433248843 0.000000000000000000 0.313257952347964608 307811.000000000000000000
14.420362523204584448 -0.279075466964065655 0.000000000000000000 0.164008097161558425 0.000000000000000000
11.660773473652261245 1.686357235994565773 0.000000000000000000 0.445378774563238766 299860.000000000000000000
