-1.514717321152455609 5.391087158509792587 0.000000000000000000 0.298384656349581723 0.000000000000000000
-2.925583623590366500 4.486309756077980104 0.000000000000000000 0.159413935928467532 423021.000000000000000000
-3.973415593511269606 2.236391475759162528 0.000000000000000000 0.424312792892421131 0.000000000000000000
-4.446046632800957354 4.447432724449744690 0.000000000000000000 0.402315408810941466 423774.000000000000000000
-2.323323955629631232 5.113430118352514597 0.000000000000000000 0.218149380849319396 0.000000000000000000
0.206741215356079838 4.835816323510145232 0.000000000000000000 0.470483322792951797 422602.000000000000000000
0.044932060568651837 4.491375658883963951 0.000000000000000000 0.424200448784622652 417292.460091090470086783
-0.760247048014888738 4.284287497900995056 0.000000000000000000 0.276051951906086057 0.000000000000000000
-0.656781146573264807 4.594989288170229891 0.000000000000000000 0.311811266965943468 425485.000000000000000000
-2.063830351348903580 2.402274502109800647 0.000000000000000000 0.267248417254311754 425889.000000000000000000
-1.475751284167043931 5.387879024772123771 0.000000000000000000 0.301028506254939821 427073.000000000000000000
-3.485504504096760048 4.972922310728637108 0.000000000000000000 0.291523616646641781 428303.000000000000000000
-2.488849397853930334 4.909196385801481988 0.000000000000000000 0.186057617934922814 173119.467983722628559917
-3.214778433156800563 1.917003619510573520 0.000000000000000000 0.390434739902241645 0.000000000000000000
-2.420680414788397794 6.335313026120789281 0.000000000000000000 0.436354001884393772 422372.000000000000000000
-4.133873083746191668 -4.116065528408837437 0.000000000000000000 0.336690390130969297 269780.347158755466807634
-0.899833124849057975 -2.716319811982061960 0.000000000000000000 0.319908899064337615 344976.000000000000000000
-2.494327127441495318 -2.869484425075721212 0.000000000000000000 0.186568610473819091 0.000000000000000000
-4.279405881197102524 -4.597309673099064575 0.000000000000000000 0.381553316652070929 343692.000000000000000000
-2.899389891586130474 -6.452495669274207479 0.000000000000000000 0.470261142660066134 340409.000000000000000000
-2.570578514215518418 -1.660939921460196533 0.000000000000000000 0.400820102747962537 83001.526290906651411206
-2.670491867873784120 -2.741826481017166639 0.000000000000000000 0.217279996975655004 0.000000000000000000
0.044738592878370585 -2.796763250452450666 0.000000000000000000 0.454303214500540009 0.000000000000000000
-1.304043218419525418 -3.047240006499047027 0.000000000000000000 0.226865827500289524 0.000000000000000000
-0.424299329095087940 -2.475425265522759766 0.000000000000000000 0.412734072118572881 344588.000000000000000000
-0.042008440384933912 -2.416494264379788870 0.000000000000000000 0.474260614297967842 106436.310875455892528407
-3.249755482143550367 -4.763560524840924515 0.000000000000000000 0.235377141166060289 347021.000000000000000000
-2.690351024387632073 -5.556041216352135770 0.000000000000000000 0.306451225844555919 176454.848093832522863522
-2.039775130407341486 -1.335707200141206696 0.000000000000000000 0.456581284872522197 0.000000000000000000
-1.873848309476469964 -2.532195524417629517 0.000000000000000000 0.251384069704882140 345823.000000000000000000
6.901406924303925550 0.174754959039795210 0.000000000000000000 0.426576783010110205 381543.000000000000000000
4.879974948851019789 2.087360878374838968 0.000000000000000000 0.376449614734383542 383324.000000000000000000
3.457728823232702808 2.372916451818518624 0.000000000000000000 0.461964754155773039 0.000000000000000000
5.623586297251669919 1.244679892067067417 0.000000000000000000 0.296513366568840753 0.000000000000000000
6.883110375249225754 0.329363613701620539 0.000000000000000000 0.426209636659417357 380805.000000000000000000
6.410805624048599327 -0.271785050316580512 0.000000000000000000 0.341446428389133250 293478.179558997217100114
5.741775154300926332 -0.152997529340773653 0.000000000000000000 0.220472579766686827 388393.000000000000000000
4.983761410893234434 1.975700042757726482 0.000000000000000000 0.360745742017889726 0.000000000000000000
4.700421399612123352 -2.583752768570281688 0.000000000000000000 0.460173310828086546 0.000000000000000000
6.366225538699231912 -0.118932358351618847 0.000000000000000000 0.330754416597385359 0.000000000000000000
5.965816846406631235 -0.766522291388406551 0.000000000000000000 0.292306475123159104 148396.826062763284426183
3.114628696889984560 0.277201542703826631 0.000000000000000000 0.254263352926102026 382176.000000000000000000
3.576458297587119972 -2.263159991077007049 0.000000000000000000 0.435650608263457084 389063.000000000000000000
5.317631017737449284 1.213176463252261028 0.000000000000000000 0.258675916191356992 385989.000000000000000000
2.899685950171742910 -1.856285970396541751 0.000000000000000000 0.437909105810442623 381875.000000000000000000
8.885804345854905861 8.543927937566152764 0.000000000785494637 0.261771466107853346 152813.388292769290274009
11.389126787564187282 9.840256217045837417 0.000000000343759468 0.267369583228239949 425024.000000000000000000
10.203542630936158986 7.748223630054552835 0.000000000169405380 0.177040988847672831 0.000000000000000000
8.953496257512588485 8.639412552318280092 0.000000000680103913 0.247974211336299821 427198.000000000000000000
11.144045233247501514 9.345109240009771057 0.000000000400949028 0.177326539785438941 0.000000000000000000
9.758667857029196924 9.138087278119991552 0.000000000276373356 0.124286634558156139 422454.000000000000000000
8.411877374172325617 10.306311192182247893 0.000000000036738138 0.439602241009392547 7055.154628015659000084
10.928340915219632024 10.806492750220728638 0.000000000398349501 0.375507857833189518 0.000000000000000000
11.316492847645125863 8.477719573526401931 0.000000000650354602 0.180271532419213509 425023.000000000000000000
11.184400693155806650 6.685421439664443355 0.000000000877560964 0.391218360334410264 428142.000000000000000000
10.385446061022841846 6.541949394993902267 0.000000000605985108 0.386862661864753099 0.000000000000000000
9.004934373898343836 10.146607756944550971 0.000000000111560703 0.342141037047354102 427503.000000000000000000
8.998779027918187623 10.291542516400690843 0.000000000019980031 0.361589708033561830 261963.502118365373462439
10.819126848461994683 9.685494371681253156 0.000000000806798751 0.185091763492859412 0.000000000000000000
9.603910682007217758 10.835120822470488022 0.000000000173044848 0.389193611220225388 0.000000000000000000
3.881060595679574732 12.055634136370633414 0.000000000000000000 0.351004050995164130 469875.000000000000000000
3.315344142949628203 14.839467696253215934 0.000000000000000000 0.328554733003095456 260283.007938871975056827
0.769233271995720225 15.237090521898032591 0.000000000000000000 0.446940548178240527 468792.000000000000000000
0.694065355181962218 15.042453262112955414 0.000000000000000000 0.429416686416790871 462340.000000000000000000
0.051003868140879267 13.849756055035397750 0.000000000000000000 0.419537671494948694 207467.304173095733858645
0.116745627781685554 12.160259141612588252 0.000000000000000000 0.442438976777946469 468215.000000000000000000
1.614722257744502842 14.603926410784120904 0.000000000000000000 0.268949295734615901 0.000000000000000000
3.900112860966244099 14.814174910446249456 0.000000000000000000 0.390792192013702300 0.000000000000000000
0.361164506038803346 13.606693477907885637 0.000000000000000000 0.356539186919351880 0.000000000000000000
4.451765077988206976 12.617566455914353440 0.000000000000000000 0.395161135215423454 465313.000000000000000000
3.174880911317066179 11.947867452488942774 0.000000000000000000 0.280000936064989048 0.000000000000000000
0.155490187753940662 13.757892797813305208 0.000000000000000000 0.397658649961708244 0.000000000000000000
3.355426282584671238 13.625231040269659033 0.000000000000000000 0.192268485728793515 0.000000000000000000
4.385542908412798369 13.028420676564159919 0.000000000000000000 0.368223294762129394 0.000000000000000000
3.795750727158234028 14.730710321153162923 0.000000000000000000 0.367134107674286614 469902.000000000000000000
-6.770641533448055860 9.737109523842107706 0.000000000373667966 0.350779014294733238 186729.763360559823922813
-8.193998426009262204 12.101868764604866158 0.000000000290160532 0.269165952132022823 870407.000000000000000000
-6.673310841133152316 10.781192152632364412 0.000000000310833669 0.166277789117909469 0.000000000000000000
-4.789390617333809885 11.592448314872420667 0.000000000025741690 0.347015236807188654 0.000000000000000000
-6.743960464668197652 10.351658100354670822 0.000000000662255735 0.241966382197447427 0.000000000000000000
-8.116279247783884543 12.715859003174859509 0.000000000216559760 0.303147567669125761 869038.000000000000000000
-8.016528575239382448 11.607978619640110907 0.000000000409044619 0.229711789016410234 0.000000000000000000
-6.706573220103085653 9.183904014897620982 0.000000000237533795 0.448660429429934893 876886.000000000000000000
-8.428845651200846945 11.915187818309378898 0.000000000135055272 0.304349301453831766 876373.000000000000000000
-6.439592971798068000 11.936828635784555885 0.000000000819800966 0.064932066967978902 871284.000000000000000000
-5.681216557821633373 13.266441428569862637 0.000000000024923797 0.332124930508338911 0.000000000000000000
-5.253984948565106450 12.795000144050964863 0.000000000524474977 0.325310353109785289 0.000000000000000000
-6.725406756787223550 11.407837017692852299 0.000000000426395542 0.055028834253776304 0.000000000000000000
-6.995211944259922099 11.869927901615538346 0.000000000377034132 0.053954690027248890 0.000000000000000000
-5.507625922859169521 13.110898812953490022 0.000000000568868028 0.329423754093890797 873559.000000000000000000
-12.540602835684968142 3.245132024462819675 0.000000000000000000 0.251232036767941203 549004.000000000000000000
-14.423439954473245450 2.747112962927749091 0.000000000000000000 0.452698011547097767 252969.014679002226330340
-15.153966961447641992 4.967821306363017442 0.000000000000000000 0.437947428362959912 0.000000000000000000
-12.716958045829766633 3.081767706124037165 0.000000000000000000 0.277662803814856141 0.000000000000000000
-11.603724096750280381 3.454414890037888597 0.000000000000000000 0.290871109701238251 552964.000000000000000000
-11.463688612822352297 6.518128488088233752 0.000000000000000000 0.390356591082136606 0.000000000000000000
-12.554593783186462019 7.208748548600048878 0.000000000000000000 0.440957330750630649 0.000000000000000000
-11.059955418317748865 6.490887189266001833 0.000000000000000000 0.432116626192102948 0.000000000000000000
-11.558661292907251195 5.293058582832916414 0.000000000000000000 0.231969972123313078 546633.000000000000000000
-15.175509217449798527 5.404676778354888356 0.000000000000000000 0.456531736710709235 543409.000000000000000000
-12.170443336446911786 3.811129826383802488 0.000000000000000000 0.179327894010199773 551019.000000000000000000
-11.938849109338805832 2.096919136904278780 0.000000000000000000 0.470248053025746515 0.000000000000000000
-12.541802407357639737 4.853930232940769862 0.000000000000000000 0.043153307705709305 551054.000000000000000000
-12.738514209137331790 5.046346511830762438 0.000000000000000000 0.064099940587915238 0.000000000000000000
-12.261476270958159063 3.779803138936028262 0.000000000000000000 0.175927985633453160 0.000000000000000000
-11.396294472198636782 -6.028877382508485816 0.000000000000000000 0.332396179439011452 0.000000000000000000
-10.857547089558220677 -4.137819677773211247 0.000000000000000000 0.343937700810422631 380919.000000000000000000
-15.066050281786981913 -5.476663430865118087 0.000000000000000000 0.441552814762451840 389847.000000000000000000
-10.465564986934928982 -3.353918176509741667 0.000000000000000000 0.462559223510082496 0.000000000000000000
-11.865249179559645754 -2.321004810998488210 0.000000000000000000 0.437514488016879310 204431.844912067725090310
-12.717665870541216222 -7.215996900039971074 0.000000000000000000 0.441172585479905177 388612.000000000000000000
-14.701185655373802064 -3.665968458683786846 0.000000000000000000 0.395388809761381410 0.000000000000000000
-12.863631185953295244 -2.270365758145883373 0.000000000000000000 0.419465613532620629 63329.543264360596367624
-10.758843494315666334 -5.436317418268166612 0.000000000000000000 0.372581413407919171 344488.271472737425938249
-11.200976784029613498 -2.658332787220396565 0.000000000000000000 0.443544502019234399 0.000000000000000000
-12.024481999668420684 -2.876329843459123126 0.000000000000000000 0.336946264878933810 383359.000000000000000000
-13.357631899740280090 -3.258237538577961168 0.000000000000000000 0.272107696011003097 389157.000000000000000000
-10.884985130181906499 -3.988628939797823847 0.000000000000000000 0.347376362679288064 0.000000000000000000
-13.184600357874735721 -6.882498849452440837 0.000000000000000000 0.391957009930590683 0.000000000000000000
-12.315224923138844204 -2.137971874235493619 0.000000000000000000 0.447736458454123964 385066.000000000000000000
-6.620417996909037761 -9.453490537007263939 0.000000000800978772 0.401460869776215867 0.000000000000000000
-6.426568483470975757 -12.598733028073596074 0.000000000782194368 0.165089587437661223 0.000000000000000000
-8.438071596667361618 -12.353189315166718032 0.000000000635434384 0.324015049743411387 0.000000000000000000
-5.128034221437089535 -12.826333525930236235 0.000000000266286827 0.346867306003300790 0.000000000000000000
-9.173905282915635340 -12.275238681020763210 0.000000000510433644 0.446086710293814581 0.000000000000000000
-7.243717090099110578 -10.029609317314834627 0.000000000321258605 0.312386682001646931 0.000000000000000000
-6.921425125679934176 -10.341776759200602243 0.000000000611548737 0.245979941852252915 0.000000000000000000
-5.544721330038457907 -13.253734777511716914 0.000000000126843411 0.344676094500281249 0.000000000000000000
-5.535898389449686263 -12.566273773581457363 0.000000000740457410 0.260842830193975472 0.000000000000000000
-7.702988991647243822 -9.494225738218135646 0.000000000907141574 0.429654602611571679 0.000000000000000000
-8.446980051003125212 -10.583954878122161958 0.000000000880510818 0.365465894098673416 0.000000000000000000
-7.879199151189006933 -10.689358717474434002 0.000000000927220426 0.273655872934771116 0.000000000000000000
-7.947642834022560443 -12.352150447608174488 0.000000000301226705 0.243836081655946418 0.000000000000000000
-9.204888514513537956 -11.946557571186978919 0.000000000092203181 0.442490199983957000 0.000000000000000000
-6.507224380890392013 -9.499252844597387835 0.000000000158849599 0.394953826635903782 0.000000000000000000
1.098012009383451337 -12.474673711841708368 0.000000000000000000 0.262613373273644701 836080.000000000000000000
2.982538813668326405 -12.197837110499946789 0.000000000000000000 0.224142175364540092 833115.000000000000000000
1.620364961016328431 -11.609220128051561005 0.000000000000000000 0.323115379669531022 0.000000000000000000
3.867460962239791744 -14.016470084471748692 0.000000000000000000 0.303296360089916339 831504.000000000000000000
3.152181919860839177 -12.818041838167731683 0.000000000000000000 0.167074685280524937 0.000000000000000000
2.608118774505762794 -15.598502966901975242 0.000000000000000000 0.416262432106534408 829041.000000000000000000
2.926270965077174768 -13.721048637902095280 0.000000000000000000 0.131864146530272119 586240.715914086205884814
3.328834197293847108 -15.233756035955353880 0.000000000000000000 0.390844242939332731 832624.000000000000000000
2.520881510582626550 -11.376206041269650626 0.000000000000000000 0.340035163189266854 832995.000000000000000000
3.475677078612741777 -14.909725447777557150 0.000000000000000000 0.354761834332151305 0.000000000000000000
3.322068470474229152 -14.003784728671732296 0.000000000000000000 0.218495100646866836 0.000000000000000000
0.927916093200681136 -14.649928502796122132 0.000000000000000000 0.350242843909075285 0.000000000000000000
4.045374365067880618 -14.247993532055899024 0.000000000000000000 0.350511211431647984 0.000000000000000000
1.235691874211180874 -15.071571623893561309 0.000000000000000000 0.374907578346893366 0.000000000000000000
1.702294166692016608 -12.995560688649829828 0.000000000000000000 0.123280353582325877 0.000000000000000000
11.619070881026845043 -7.976651219525560776 0.000000000000000000 0.264851187084794881 635322.909584920736961067
9.043041328807053247 -8.091536775881538190 0.000000000000000000 0.258440362152748460 138538.447765336139127612
11.729138732383647792 -10.662364027557622137 0.000000000000000000 0.416418313466080825 914530.000000000000000000
8.829903376961736328 -9.296310528249392746 0.000000000000000000 0.285990072989342814 505943.587897535355295986
11.960937120955447810 -10.414013584147928881 0.000000000000000000 0.410222078018394054 0.000000000000000000
10.436737950019310261 -7.439769839057807310 0.000000000000000000 0.229998888956935071 912388.000000000000000000
8.620136517061638415 -10.734824862189563888 0.000000000000000000 0.464762871768132135 0.000000000000000000
10.784116152424790158 -8.528754975177212927 0.000000000000000000 0.087895865746981508 0.000000000000000000
9.659401763477205805 -6.189309203753197153 0.000000000000000000 0.465218776998362948 908563.000000000000000000
11.618867584800071313 -9.452098842219944785 0.000000000000000000 0.259023556608138528 912795.000000000000000000
9.780042271428758482 -8.708153712397384894 0.000000000000000000 0.100162199319582035 0.000000000000000000
12.095648684950463192 -7.031930641037984486 0.000000000000000000 0.433422390888503595 785698.712689808337017894
10.137086975329895111 -9.610714133740643206 0.000000000000000000 0.155616624880350773 0.000000000000000000
10.445979579038640495 -10.898366349790126861 0.000000000000000000 0.377454963999175663 0.000000000000000000
12.051013464780520934 -7.642992680855999588 0.000000000000000000 0.360927908036580369 916179.000000000000000000
14.538602616182689786 1.673993047609363849 0.000000000000000000 0.339728043756455211 0.000000000000000000
13.602672179041936928 -1.126752240875054989 0.000000000000000000 0.195553855609047783 306500.000000000000000000
11.850080646402782136 -0.352609906094074332 0.000000000000000000 0.307595216032614915 305417.000000000000000000
14.257426196672223995 -2.559659522152482936 0.000000000000000000 0.460921602313031198 0.000000000000000000
12.080856848184312824 1.118747765919967163 0.000000000000000000 0.324896984404334677 308843.000000000000000000
13.701597530461040009 0.340407483391167220 0.000000000000000000 0.065550098481687205 306069.000000000000000000
15.198678125548571671 -0.460037300279956096 0.000000000000000000 0.305972135769954079 107376.769037945341551676
11.965816631633227729 -1.309015934679821136 0.000000000000000000 0.361423583163152817 116649.245566996658453718
14.956781862915342174 0.283456892354811363 0.000000000000000000 0.257071026740274489 0.000000000000000000
14.898197079279050570 -1.817083730589252655 0.000000000000000000 0.396350838129169936 0.000000000000000000
12.869579224402178497 2.655043112997682808 0.000000000000000000 0.476011663143261210 309237.000000000000000000
11.335841827543651661 -0.642396045364471258 0.000000000000000000 0.408661451013502486 301859.000000000000000000
11.379476346189607128 1.380801823414052221 0.000000000000000000 0.454079238313672529 0.000000000000000000
11.923191611735214579 0.607886127827716449 0.000000000000000000 0.307146535600336001 307502.000000000000000000
14.319351458991398829 2.346467758758609801 0.000000000000000000 0.428996105761991375 0.000000000000000000
