-4.024265200708902590 2.874523882045033840 0.000000000000000000 0.362944504232668386 0.000000000000000000
-0.645059822233617464 2.050870868872831210 0.000000000000000000 0.435911801026226675 133661.960507076728390530
-0.217598002530721119 5.105723838085777011 0.000000000000000000 0.423266315033983764 0.000000000000000000
-2.408702023439352136 4.687940641258651731 0.000000000000000000 0.144574805849152332 0.000000000000000000
-4.078505525107088303 3.476077057453317298 0.000000000000000000 0.332678914504473788 0.000000000000000000
-2.770872165588131431 2.034980860249020029 0.000000000000000000 0.342719277999642635 430582.000000000000000000
-2.719414100945229507 5.969393926877970991 0.000000000000000000 0.379217011426021211 0.000000000000000000
-3.459490660739697354 5.177777480096525942 0.000000000000000000 0.313629670280420048 427902.000000000000000000
-3.257450539290402514 2.457419814444643968 0.000000000000000000 0.311072933978026600 34711.313310874065791722
-0.498063351715280711 1.914482525991944240 0.000000000000000000 0.471466524780063900 0.000000000000000000
-1.805974437481840944 1.275909718384616864 0.000000000000000000 0.472521765824712892 429193.000000000000000000
-3.170437967921092781 2.914395586460961862 0.000000000000000000 0.237927564292234467 0.000000000000000000
-1.252314390381560560 3.875288650734242779 0.000000000000000000 0.179299337518918106 0.000000000000000000
-3.232452183643552246 1.845376158724616467 0.000000000000000000 0.403285627110449352 430462.000000000000000000
-2.464464469674521485 4.483160025916393288 0.000000000000000000 0.111811203889655195 0.000000000000000000
-3.799893505872601107 -2.470457227314368343 0.000000000000000000 0.373268085115177894 344688.000000000000000000
-0.962822876129140637 -5.753325365614731624 0.000000000000000000 0.404296666289095497 349995.000000000000000000
-3.427719276352067190 -5.809551366333336020 0.000000000000000000 0.400196075264484419 0.000000000000000000
-3.672665582950440655 -2.880368117352896995 0.000000000000000000 0.309596357404999356 342849.000000000000000000
-4.596793879591297483 -2.609927205103729886 0.000000000000000000 0.474925056241766452 0.000000000000000000
0.080274417550829133 -4.481211363021961880 0.000000000000000000 0.429849650253166182 285121.955499906151089817
-3.413094245182541897 -3.789184535423393729 0.000000000000000000 0.206614739914387835 69085.457415909826522693
-2.097397009448402461 -4.109417490597844669 0.000000000000000000 0.048436907842526779 348538.000000000000000000
-0.202877191127829176 -4.629959371001083568 0.000000000000000000 0.389287718185552412 0.000000000000000000
0.144394225167149420 -4.155272323747255747 0.000000000000000000 0.430775616109767889 343003.000000000000000000
-2.259837251523242774 -5.490831942390493658 0.000000000000000000 0.285051451109635756 341789.000000000000000000
-1.121184753174052640 -3.734500575353120855 0.000000000000000000 0.204538735357074508 297782.897562723606824875
-4.479277290552613700 -3.428292517391859029 0.000000000000000000 0.404270938699034299 0.000000000000000000
-1.459154134408154890 -4.484692590943795132 0.000000000000000000 0.177474384019834924 340185.000000000000000000
-1.781201670425812233 -1.873189533271536922 0.000000000000000000 0.369163618877843047 0.000000000000000000
6.478250054021102322 1.337222275611016142 0.000000000000000000 0.422839692488244323 383617.000000000000000000
5.117240625831777301 -2.288438362290319272 0.000000000000000000 0.420371047774493245 383918.000000000000000000
3.959782122251313652 0.988838973404676747 0.000000000000000000 0.201629826962700015 0.000000000000000000
4.820831861654775174 -2.575083269873022385 0.000000000000000000 0.460648714675851001 381792.000000000000000000
3.502298754750603038 1.938857331698716324 0.000000000000000000 0.389017453535692725 389059.000000000000000000
6.773113628174948886 -0.755919991994996932 0.000000000000000000 0.424318932160576978 390593.000000000000000000
4.251711814273090084 -1.027546106905869117 0.000000000000000000 0.188501302668338505 381383.000000000000000000
4.826886208899397346 -0.974912999615305198 0.000000000000000000 0.181929274111787442 0.000000000000000000
5.167533994211338744 -1.206607373616159107 0.000000000000000000 0.243879202261137823 327903.679187266097869724
5.049743462411264261 -1.174150954015980908 0.000000000000000000 0.229345864182060599 390645.000000000000000000
5.699962252614482416 -0.963100163100050866 0.000000000000000000 0.271833679175581211 388848.000000000000000000
2.700565923024649262 -0.676435412019815052 0.000000000000000000 0.344892355539765605 388032.000000000000000000
2.283834571619277831 -1.151967861971226137 0.000000000000000000 0.447196636723074359 390561.000000000000000000
3.858508180100129970 0.007242632970605095 0.000000000000000000 0.116870254066934118 384362.000000000000000000
5.249408573931093613 -1.671090223423221000 0.000000000000000000 0.324390259499212907 382733.000000000000000000
12.217306649504687144 10.112332186859354977 0.000000000686769147 0.410802002878057126 0.000000000000000000
12.392936013986034283 10.444741738175698842 0.000000000520830010 0.470850310544968786 7562.860823340708520846
11.245914718620030115 6.975257581746303615 0.000000000846722689 0.349817338276958822 0.000000000000000000
8.548737656051658362 7.193521242470081845 0.000000000897305626 0.420331176980330568 421325.000000000000000000
10.103457575787627931 10.074097128193777451 0.000000000021639217 0.236428148484429113 422732.000000000000000000
8.971001220304515300 9.820115151198695713 0.000000000474667780 0.308350697454441158 0.000000000000000000
10.527377824195621514 6.355039274574894037 0.000000000307885815 0.420768883794783000 0.000000000000000000
11.318452331417491408 6.865760428958023631 0.000000000270645046 0.372761676275269405 422341.000000000000000000
11.312493914747802748 6.390575200686847701 0.000000000822747126 0.447564471310997303 0.000000000000000000
12.086477114075281136 9.520861689215497137 0.000000000165652981 0.339259947083267177 422778.000000000000000000
12.894302314977144519 7.984094501270921462 0.000000000022579761 0.474289805034902312 422664.000000000000000000
9.319766226391339003 8.147446529026462159 0.000000000857599842 0.210314187324903701 423688.000000000000000000
10.018630508800011825 9.604190322942500302 0.000000000373523664 0.160802547141779717 423241.000000000000000000
12.071596235991789214 9.251536475308958174 0.000000000346302192 0.320853969516607385 0.000000000000000000
10.277021738615754742 9.028448765287885536 0.000000000820942281 0.050473930183585092 0.000000000000000000
2.457186645814779524 11.461828676766442570 0.000000000000000000 0.323910206850790416 0.000000000000000000
2.182206416328852150 11.543132175709445164 0.000000000000000000 0.309911889370499349 0.000000000000000000
1.940590539998084507 12.598074392328037163 0.000000000000000000 0.139765937314390049 462124.000000000000000000
0.633763198052850418 14.234481793424908602 0.000000000000000000 0.347807912061548929 463555.000000000000000000
4.422102672388768418 11.739553663113383664 0.000000000000000000 0.461744958788621707 0.000000000000000000
-0.134330526564687525 13.993538937578547277 0.000000000000000000 0.458109435796509257 211703.410837710835039616
3.978424022988283237 13.810603984538191824 0.000000000000000000 0.308029510033745235 462882.000000000000000000
1.566738860159912150 12.369066236069194531 0.000000000000000000 0.211788992861352054 0.000000000000000000
4.556459169901277306 13.858891903999156270 0.000000000000000000 0.409335395177550687 0.000000000000000000
1.515230927676477712 14.535058760680440670 0.000000000000000000 0.267488676362042377 470966.000000000000000000
0.681848701168645488 13.774037489589648686 0.000000000000000000 0.307550135264273716 470803.000000000000000000
0.461397218617499882 12.455504051264608023 0.000000000000000000 0.364450396277890720 0.000000000000000000
0.440247813530270315 11.775482401497352924 0.000000000000000000 0.430665733131182393 0.000000000000000000
3.071687881027329592 12.567193886290699112 0.000000000000000000 0.182278630091044003 464104.000000000000000000
3.351769013766382255 13.720726885351510305 0.000000000000000000 0.197809011304489885 465146.000000000000000000
-5.363376678015019827 13.818496334462686548 0.000000000233142680 0.444993174926121671 781129.659054298652336001
-5.254195434267657561 10.801219344341552286 0.000000000711395550 0.309599568919115387 876646.000000000000000000
-7.742395609758299990 12.979314963447601272 0.000000000552764601 0.286512834490390556 0.000000000000000000
-7.372103039160389670 11.729766952253115164 0.000000000312040575 0.114036897841248111 0.000000000000000000
-8.020973182124933487 10.485067315572507596 0.000000000636843135 0.316678378091464985 876721.000000000000000000
-6.696187925467456559 12.828318743884986830 0.000000000780931417 0.196533283413489801 0.000000000000000000
-8.207849989386181377 13.065238996115711601 0.000000000818944780 0.354650747345129969 869706.000000000000000000
-4.610199979369868473 12.830244609227698049 0.000000000855974033 0.426507038987505971 0.000000000000000000
-5.571593445461936689 13.174176463892736777 0.000000000772306312 0.330641488292047148 0.000000000000000000
-6.440980963315763752 10.018478752322767633 0.000000000688713226 0.305465737323033948 877137.000000000000000000
-5.855757039271702880 9.360051095128113730 0.000000000787477141 0.446062877129380531 876366.000000000000000000
-8.027097742393385360 10.479405602610334824 0.000000000625537636 0.318157767081405030 470701.139991749776527286
-8.460779055532789528 13.618434060490692161 0.000000000493094502 0.455536668644212162 876501.000000000000000000
-6.626872767520638696 11.645906609170051382 0.000000000472386760 0.022793167434875004 848761.420453602564521134
-6.584248818685102478 11.486050392561962141 0.000000000928257130 0.048915457349080600 0.000000000000000000
-11.755808206218604894 2.881287868139882580 0.000000000000000000 0.356564360268978475 550572.000000000000000000
-14.609169364933528357 5.658526154853175782 0.000000000000000000 0.378196547808013650 549526.000000000000000000
-14.449020837029140196 4.453606501127294948 0.000000000000000000 0.311883327261127219 549266.000000000000000000
-10.946943818149899030 6.545165020723406890 0.000000000000000000 0.452894409734769687 549175.000000000000000000
-10.564769625340579395 5.639365623897113267 0.000000000000000000 0.418031435255890038 0.000000000000000000
-12.974944753277046772 3.429141481160679739 0.000000000000000000 0.222113011579643083 0.000000000000000000
-14.159063747770424868 6.884025014447604285 0.000000000000000000 0.461085846639804342 551531.000000000000000000
-13.073210916412882909 3.080174661225358879 0.000000000000000000 0.285064270679108389 550172.000000000000000000
-13.204050004261439710 7.058503877918171909 0.000000000000000000 0.422554095486755377 0.000000000000000000
-14.209417758024212475 5.719773039848078611 0.000000000000000000 0.322050383750216440 549538.000000000000000000
-12.813371643930540955 5.127178636776990039 0.000000000000000000 0.080005598381535994 552794.000000000000000000
-11.729650906914081077 4.314685450576150494 0.000000000000000000 0.186415393003018209 0.000000000000000000
-12.892374104469823237 3.844414075703385780 0.000000000000000000 0.148486697785257776 545925.000000000000000000
-12.493820339007550402 5.007819781092515576 0.000000000000000000 0.069335472967292949 0.000000000000000000
-15.306922075647669601 4.036210798611271855 0.000000000000000000 0.475496523633173740 544676.000000000000000000
-10.890899392499493459 -5.186120457028183139 0.000000000000000000 0.336649445479543452 44339.004885634029051289
-12.883898908512936288 -4.050764328085562305 0.000000000000000000 0.113307761473932914 0.000000000000000000
-12.559721260545812171 -3.194330249864677285 0.000000000000000000 0.259613395863940777 385811.000000000000000000
-12.981751048143109983 -4.021463991282744566 0.000000000000000000 0.123845484464083513 0.000000000000000000
-12.526330961421265897 -3.604117476548555743 0.000000000000000000 0.189850514178090929 0.000000000000000000
-14.370058802592200919 -4.325937508866605441 0.000000000000000000 0.301619391447949470 389936.000000000000000000
-10.718879602702912734 -3.780749313311618565 0.000000000000000000 0.388457190988865053 384383.000000000000000000
-10.709254973477223771 -3.534062785653403260 0.000000000000000000 0.409225114529811085 0.000000000000000000
-13.582882703484585818 -2.320664680887214448 0.000000000000000000 0.437648132755382946 0.000000000000000000
-13.487613773355599633 -2.102575032591173176 0.000000000000000000 0.468025477643265408 0.000000000000000000
-12.220597354545594371 -6.216483105286576993 0.000000000000000000 0.281688488372765999 388451.000000000000000000
-11.936298730434325321 -7.061705134067841172 0.000000000000000000 0.437455459366902499 382128.000000000000000000
-14.246966116199889285 -3.716186724490831761 0.000000000000000000 0.320294050891427762 381087.000000000000000000
-12.540976113732750008 -5.326352150759758430 0.000000000000000000 0.116772375984551910 0.000000000000000000
-11.895327400045040633 -6.300936301648372151 0.000000000000000000 0.317914925947542670 237542.625392793415812775
-7.212323438126354347 -13.226671743687974825 0.000000000807276882 0.280168338368831593 0.000000000000000000
-5.572161676148369658 -12.877604867326951421 0.000000000474893425 0.291440449145148606 0.000000000000000000
-6.905501442759634401 -13.683752362222730170 0.000000000660531717 0.349125633978465355 0.000000000000000000
-8.465916885582920770 -9.761054460055635928 0.000000000099838081 0.463714516702792512 0.000000000000000000
-7.923675701915394498 -11.757191329669256064 0.000000000660869769 0.212437805830892723 0.000000000000000000
-4.485730259747429116 -10.294036961901008809 0.000000000314827277 0.473442197975046664 0.000000000000000000
-6.827098904406696533 -11.704484379361590030 0.000000000764192905 0.017064411971110690 0.000000000000000000
-8.478797310384948105 -12.866590241661493010 0.000000000240016823 0.371490303869027372 0.000000000000000000
-4.277928565958752039 -12.158350117338670771 0.000000000698744455 0.444330087246606886 0.000000000000000000
-4.185595378144499890 -11.478480857173726903 0.000000000414307227 0.455878521110252621 0.000000000000000000
-6.962271525136170425 -10.194579694584609442 0.000000000158545348 0.272791917050030197 0.000000000000000000
-4.401082712978094946 -11.837014919328325391 0.000000000059220094 0.416017920924192319 0.000000000000000000
-4.928687543867847687 -10.931652647767728936 0.000000000572310354 0.350441326776032902 0.000000000000000000
-8.217599107276303272 -9.932012582679591972 0.000000000127937075 0.411990535523425072 0.000000000000000000
-5.734569598373298938 -12.465705265266112889 0.000000000719767737 0.221695586576564740 0.000000000000000000
2.511884373354321021 -13.229530581762359631 0.000000000000000000 0.032739137343815894 0.000000000000000000
1.242368961899898983 -15.181619926291567424 0.000000000000000000 0.391161902199847977 0.000000000000000000
3.273923985594120012 -13.089440120208919893 0.000000000000000000 0.170745684302562040 835810.000000000000000000
0.928301957155622248 -14.086119003823942109 0.000000000000000000 0.289113409718528835 833939.000000000000000000
4.164581022299974400 -13.916712384444030803 0.000000000000000000 0.345491897725811736 0.000000000000000000
3.260426416616991840 -13.496881613362969432 0.000000000000000000 0.169643283207563667 109442.715829333596047945
1.142335373588543090 -15.148217073409039557 0.000000000000000000 0.395305897583080046 0.000000000000000000
1.496770491498142563 -10.862038542891498949 0.000000000000000000 0.455246995219151740 0.000000000000000000
1.499631923296748992 -14.169327706974694792 0.000000000000000000 0.217742701049477627 627378.089536481187678874
4.253670849634076490 -12.662651972392600541 0.000000000000000000 0.359086635686411249 539206.969100917689502239
3.331379159935864198 -15.356875277045395123 0.000000000000000000 0.410689219920521542 0.000000000000000000
2.943041885327362994 -11.763559542163028127 0.000000000000000000 0.290415991035902599 827761.000000000000000000
1.120059674563558039 -14.161188566058442007 0.000000000000000000 0.267695155159354714 8442.481127792771076201
3.466372072250569758 -11.307311760945008672 0.000000000000000000 0.404437652674241199 829683.000000000000000000
2.975592955188249622 -12.349859741916828781 0.000000000000000000 0.200726336421667984 827564.000000000000000000
9.940491326398172234 -9.290913348000612970 0.000000000000000000 0.119001730158199648 909644.000000000000000000
10.004039972781507473 -10.654610604140938079 0.000000000000000000 0.339827326408623676 0.000000000000000000
9.567706176604950485 -11.232961359287440217 0.000000000000000000 0.457456454982615834 917772.000000000000000000
10.230241307852988797 -7.541561536184063108 0.000000000000000000 0.212495639093596145 187810.167803366581210867
9.158922251043785323 -7.839355517797470974 0.000000000000000000 0.264269630545452494 908912.000000000000000000
11.891767144840667214 -7.110917900987411500 0.000000000000000000 0.398006596676727331 57153.030442542753007729
12.720476940848865155 -9.631327155900880399 0.000000000000000000 0.451356226844603692 917265.000000000000000000
7.922761848094134862 -9.884686859279909754 0.000000000000000000 0.475072273824563962 348496.252131437708158046
10.788270425848201839 -9.755500333745937169 0.000000000000000000 0.193737688230341903 915634.000000000000000000
9.860161189148412220 -7.972834069558752290 0.000000000000000000 0.160737698408781965 911778.000000000000000000
9.779660999279657929 -7.938156763178791486 0.000000000000000000 0.173774041626775733 0.000000000000000000
10.098311932599655094 -6.959074302494606457 0.000000000000000000 0.316753644986878247 0.000000000000000000
10.454747959577190386 -10.500500338516649990 0.000000000000000000 0.307912910381555160 917880.000000000000000000
10.436274291060126274 -8.924066398399514100 0.000000000000000000 0.035269050399423595 0.000000000000000000
12.852896746361466285 -9.381921320527446539 0.000000000000000000 0.461254665343029391 917936.000000000000000000
11.547353113064088959 -1.820116305075837104 0.000000000000000000 0.475970307635045053 306081.000000000000000000
14.239707326046708857 1.123087653230778526 0.000000000000000000 0.230823113950451686 0.000000000000000000
15.525511270380983220 -0.085427421615521415 0.000000000000000000 0.354044521330321160 300136.000000000000000000
11.104273444195909448 0.774697555533528592 0.000000000000000000 0.454798354334344013 300602.000000000000000000
14.756596294194714858 1.934483391930149843 0.000000000000000000 0.398419700229934892 0.000000000000000000
15.508433999915570922 0.609993368807612124 0.000000000000000000 0.366146175447545963 0.000000000000000000
13.985136413236517683 -2.235572410103673580 0.000000000000000000 0.395056737456256968 305020.000000000000000000
15.124063143119299113 -0.067567728044902936 0.000000000000000000 0.282422693112528822 0.000000000000000000
13.400885591406664687 0.071918325092194604 0.000000000000000000 0.027929321294170893 0.000000000000000000
13.839831332469827885 0.730769273486855608 0.000000000000000000 0.137314557966480788 0.000000000000000000
14.975948112733206585 -1.352418594411198161 0.000000000000000000 0.346422185744763689 177411.458926679508294910
12.789468993252908646 1.626606969511900758 0.000000000000000000 0.312499669935759727 0.000000000000000000
15.139065337371103936 0.006308571315429708 0.000000000000000000 0.284857680139937564 0.000000000000000000
12.153502452858361949 0.990176548938446088 0.000000000000000000 0.301308560046040064 301190.000000000000000000
12.542736950569318921 0.836560734199163436 0.000000000000000000 0.229726788565941836 307887.000000000000000000
