-1.676520375062620305 5.493028572400701748 0.000000000000000000 0.303733430663332526 0.000000000000000000
-2.739934553706912634 3.432165575295074600 0.000000000000000000 0.118416811073087741 0.000000000000000000
-4.091979485383063775 3.781822229729197460 0.000000000000000000 0.327385743470638535 429963.000000000000000000
-4.334514867081242784 3.601833571100974130 0.000000000000000000 0.373576412540771396 421802.000000000000000000
-2.505555010823993900 4.412465596723017747 0.000000000000000000 0.102923882432135669 427564.000000000000000000
-1.132334056951300294 5.095303505753668638 0.000000000000000000 0.293857119833362879 0.000000000000000000
-1.950172604419376121 3.306445231477900926 0.000000000000000000 0.117575362519063614 425674.000000000000000000
-1.667601866951773593 5.006369950214781817 0.000000000000000000 0.224962133066919201 118399.919150415589683689
-0.084093786934520048 2.929172921960163212 0.000000000000000000 0.423605546260127808 423846.000000000000000000
-4.120727743343025828 2.652665407352895688 0.000000000000000000 0.398328675728491455 0.000000000000000000
-1.103881170240832876 5.779998094537645237 0.000000000000000000 0.394527062836766695 427043.000000000000000000
-1.797167568859905806 3.761017455762849959 0.000000000000000000 0.085332994822940655 429595.000000000000000000
-0.847721657813233720 5.862692322193323591 0.000000000000000000 0.432043506848457382 0.000000000000000000
-2.446731561950416189 3.910335905704812376 0.000000000000000000 0.033790170050150087 429759.000000000000000000
-0.283589869584226550 4.188565655222823203 0.000000000000000000 0.355909032897233080 0.000000000000000000
-3.457897165621871771 -5.759996075919064928 0.000000000000000000 0.395570750329775511 0.000000000000000000
-0.360542767486662141 -2.057126160823723460 0.000000000000000000 0.470125503775058462 0.000000000000000000
-0.720392606978265237 -4.367982762047545542 0.000000000000000000 0.286990480362347755 345902.000000000000000000
-3.668021598224351365 -2.845404900520104974 0.000000000000000000 0.312584053053291899 0.000000000000000000
-4.676766797374939166 -4.123603551924146515 0.000000000000000000 0.433018503090006224 0.000000000000000000
-4.471260711383349573 -5.244415097500442435 0.000000000000000000 0.462151454236857384 340386.000000000000000000
-2.732216538413433593 -4.965321521991362452 0.000000000000000000 0.209247750714000758 0.000000000000000000
-3.906103289420129077 -1.796932441710114237 0.000000000000000000 0.474333317557814715 340328.000000000000000000
-2.603901550596852577 -5.568177391593226666 0.000000000000000000 0.305072211420092887 0.000000000000000000
0.336283679235019783 -4.092836792930068412 0.000000000000000000 0.463776834584913700 342645.000000000000000000
-0.795095964171878888 -5.845347548169827157 0.000000000000000000 0.435091602406810496 0.000000000000000000
-2.947190736766753361 -4.617720377188851977 0.000000000000000000 0.178486040561404602 347410.000000000000000000
-0.457458139262152230 -5.415744564476768552 0.000000000000000000 0.420547407807259355 344755.000000000000000000
-0.445575896286226458 -4.928623139514418661 0.000000000000000000 0.372272283810905491 341696.000000000000000000
-1.953380161616538713 -1.322419153920926016 0.000000000000000000 0.460512304125352989 347291.000000000000000000
2.870829182503290333 -1.124015181411486708 0.000000000000000000 0.354598317979443745 383702.000000000000000000
3.653414585378635948 2.348484112153291115 0.000000000000000000 0.444761651122522639 382435.000000000000000000
4.169167186515469581 -0.807015615193257485 0.000000000000000000 0.156049434588887731 387796.000000000000000000
3.182053920429887661 1.989538470927291192 0.000000000000000000 0.426039439927382690 0.000000000000000000
4.034038738433478599 0.726279498405469237 0.000000000000000000 0.154875859526804938 206879.138652798923430964
3.790222877114499234 -1.276933659242464714 0.000000000000000000 0.261095859495147964 0.000000000000000000
2.297625415226574486 -0.775420358991751213 0.000000000000000000 0.418419605901620362 383583.000000000000000000
4.750869300042456445 -0.969679321702802466 0.000000000000000000 0.177352058926984357 389481.000000000000000000
1.974178172367299533 0.822276386845936513 0.000000000000000000 0.475712947392113950 387164.000000000000000000
3.408048639388624679 0.018955310558738551 0.000000000000000000 0.197175458752316624 0.000000000000000000
6.945488422859259714 0.677471401325702827 0.000000000000000000 0.449644832293122854 0.000000000000000000
7.053254878152983132 0.502696576912558313 0.000000000000000000 0.461199208565911734 387447.000000000000000000
4.730958549954909387 -0.626396342395280636 0.000000000000000000 0.117797099226760002 381021.000000000000000000
2.143591260551978905 0.456052199891728405 0.000000000000000000 0.430197525106393419 0.000000000000000000
5.593647775972636182 -1.926819365019717401 0.000000000000000000 0.392447823138721674 383538.000000000000000000
10.886153617725314646 9.900031157592515285 0.000000000228219440 0.224037557945499094 146785.769310582982143387
10.071166342414267447 8.383169067648218231 0.000000000551959010 0.080014671437221824 0.000000000000000000
8.383610502247782037 8.012216989275641410 0.000000000584044155 0.372025330502269991 0.000000000000000000
9.430981588377482794 9.478908561094721463 0.000000000412509343 0.206785429401514648 0.000000000000000000
10.624659781943217141 6.718082571019842852 0.000000000712802763 0.359351275584973207 0.000000000000000000
10.643794039467818990 9.075583747416594349 0.000000000171642769 0.078851544224573702 0.000000000000000000
9.188048216838675231 8.377817992837258032 0.000000000003192993 0.215479102137617590 422225.000000000000000000
9.081838907456754484 8.281947738767144074 0.000000000589120940 0.238836331903182125 426319.000000000000000000
8.032831383210881526 9.942463687350011625 0.000000000853332583 0.461878246555790073 0.000000000000000000
11.067533841323921706 8.061746572272660671 0.000000000905277447 0.176735546678168792 423580.000000000000000000
9.549225172601435219 10.481381478427723053 0.000000000517227965 0.335412092986321297 426342.000000000000000000
11.132872248369027446 9.984802619230945808 0.000000000575591426 0.258565121268613862 171716.622048631630605087
9.242577022853700086 10.748829802085669627 0.000000000576682040 0.402234292547631322 0.000000000000000000
9.123308491360468508 6.408074526837494567 0.000000000263568221 0.464771212224880215 426542.000000000000000000
10.212638292400770368 6.110396236058766917 0.000000000078171595 0.463116075775758751 0.000000000000000000
1.407765434056863052 12.179395644185881054 0.000000000000000000 0.255885074182476968 465440.000000000000000000
0.871060580204177093 12.759067346422357403 0.000000000000000000 0.276617134135753784 0.000000000000000000
1.443961565162423799 14.057051568691262489 0.000000000000000000 0.210958637962578827 469214.000000000000000000
3.066182623801966933 12.877277814673437462 0.000000000000000000 0.148560009164928619 471657.000000000000000000
0.407583206357463812 12.466101813845082091 0.000000000000000000 0.372517613082358923 53512.807077005098108202
3.666388391812539727 14.342029571661615961 0.000000000000000000 0.303820595721234266 467476.000000000000000000
1.610450747953212636 12.484751313017996566 0.000000000000000000 0.191167956383639259 470072.000000000000000000
4.071875687696508095 15.186175424438642878 0.000000000000000000 0.459684992305259721 383635.488825220614671707
3.162697537441609974 11.269493183476972931 0.000000000000000000 0.386604747772140767 0.000000000000000000
2.339751616827279168 13.504965074701441807 0.000000000000000000 0.040658381975935708 469072.000000000000000000
2.881649806140337944 15.810619868891517825 0.000000000000000000 0.461526754448954302 0.000000000000000000
3.605318767445484518 11.658874122883283064 0.000000000000000000 0.366355056368940446 0.000000000000000000
2.078720030852219125 11.057171315281888013 0.000000000000000000 0.397883206963672076 0.000000000000000000
3.909537055412898532 11.712004190098342704 0.000000000000000000 0.395391855430616113 469571.000000000000000000
0.066395360183912955 11.905319438931085685 0.000000000000000000 0.472283768466885578 467511.000000000000000000
-5.447142042659969263 11.261479327644892123 0.000000000764714596 0.242978094255869664 877465.000000000000000000
-7.063552213731629337 9.594016487645463442 0.000000000377452243 0.380525003043212406 652540.779741557547822595
-8.601658321590621270 11.707472816451213404 0.000000000864286558 0.333166011730101685 0.000000000000000000
-7.224938577916448779 12.721752279132084951 0.000000000661598546 0.197991777248040651 0.000000000000000000
-6.060844104318070968 12.532870299476718046 0.000000000217803548 0.187419270904908064 876492.000000000000000000
-7.038934697232837934 13.088758417816558577 0.000000000865879608 0.248519171987794801 0.000000000000000000
-8.650266602579561592 11.894365665447390157 0.000000000820864694 0.343228777074748359 873554.000000000000000000
-7.538209044149925653 11.778278741017102149 0.000000000664989599 0.144012710040273578 877496.000000000000000000
-7.290192544178987433 13.265431487226592822 0.000000000791449534 0.291125453608227058 868558.000000000000000000
-8.724427474561126772 10.966790935241089500 0.000000000268718866 0.379051362937153746 528913.424454796477220953
-7.642909994970679577 11.901261810576832190 0.000000000158323315 0.165469152119944618 870299.000000000000000000
-8.303552257733006314 10.897303992580519960 0.000000000125722860 0.315400397087944984 871785.000000000000000000
-7.007076867677611176 9.447471380994958423 0.000000000262819931 0.404839767771631276 0.000000000000000000
-5.092245338341266248 12.441940873563575920 0.000000000061436095 0.319204992044243241 871741.000000000000000000
-5.144002408009519911 12.631361251697219572 0.000000000731550279 0.326067331427179308 161184.911889226641505957
-14.253380247007822135 5.423505414711271122 0.000000000000000000 0.303406341842038629 0.000000000000000000
-11.373589007167774767 3.659435967793207567 0.000000000000000000 0.297612517871137461 505329.864982667320873588
-14.747746376513024558 5.320556878591407468 0.000000000000000000 0.379328655310703200 0.000000000000000000
-14.461186374444531921 5.977114997853102629 0.000000000000000000 0.384322366613690680 0.000000000000000000
-12.264397110346203945 7.316198336797883783 0.000000000000000000 0.465905728393530560 551319.000000000000000000
-13.904367219731366134 6.898152473613841984 0.000000000000000000 0.439659472212177993 546249.000000000000000000
-11.996299567370153127 4.674524166481085707 0.000000000000000000 0.127774654565634554 0.000000000000000000
-11.758543563768471429 2.538297925628262508 0.000000000000000000 0.409811034557694354 546173.000000000000000000
-11.758107590903724926 3.965259773970824853 0.000000000000000000 0.210762099155087368 0.000000000000000000
-12.384181091178451339 2.726564391684877187 0.000000000000000000 0.344659494870428906 552201.000000000000000000
-14.905672097844549384 4.782312369987547385 0.000000000000000000 0.391240571194448550 548642.000000000000000000
-13.782324656127316942 5.295298008813598578 0.000000000000000000 0.218578668568213313 0.000000000000000000
-13.233104270102803213 3.415325776869957863 0.000000000000000000 0.238214763726956991 544567.000000000000000000
-12.042258348919610000 4.238489006913006563 0.000000000000000000 0.142027816051025074 285396.478598153044003993
-11.638415904525450273 5.046841161193168723 0.000000000000000000 0.202022853865699292 0.000000000000000000
-13.715521965724908782 -6.533484206874855538 0.000000000000000000 0.368138439810738682 385493.000000000000000000
-14.991884691598679424 -5.311082673967831624 0.000000000000000000 0.420678693602703491 382750.000000000000000000
-12.637307172226083907 -2.709944814305885963 0.000000000000000000 0.342627059745920615 0.000000000000000000
-11.576272308705240377 -3.822645627969925464 0.000000000000000000 0.251618159711325118 387940.000000000000000000
-12.739500603862458306 -4.207848037392921015 0.000000000000000000 0.081993235975233059 385616.000000000000000000
-13.897080840478972519 -6.479873536514599408 0.000000000000000000 0.377044054017434016 382173.000000000000000000
-12.407875208168981374 -4.418857609082693649 0.000000000000000000 0.070731452521305152 388961.000000000000000000
-12.830387865840775063 -3.871071158821841607 0.000000000000000000 0.141938891077414447 0.000000000000000000
-12.701736387823467922 -4.307885160656878654 0.000000000000000000 0.064500300813853800 0.000000000000000000
-12.374545435799841897 -6.397351976629519044 0.000000000000000000 0.305077093552482081 383943.000000000000000000
-12.126131201022614547 -6.821560112440904433 0.000000000000000000 0.387418621107737060 0.000000000000000000
-14.113008002333103263 -6.868242174401141042 0.000000000000000000 0.454291311988293312 386907.000000000000000000
-15.009735188187839583 -3.295907468367933024 0.000000000000000000 0.474158672035264683 0.000000000000000000
-14.807125105390834818 -3.490439927799378506 0.000000000000000000 0.426183778184400786 0.000000000000000000
-10.799073331670950182 -5.846842378434379484 0.000000000000000000 0.397417751168367861 0.000000000000000000
-7.719340457351229645 -12.912035777405165504 0.000000000432622615 0.274714955893818003 0.000000000000000000
-8.999798376644205788 -13.129080598297511173 0.000000000724031513 0.474648780489192512 0.000000000000000000
-5.385530706940794943 -13.128869059505005268 0.000000000213063039 0.346536214113930430 0.000000000000000000
-6.389282033424773743 -12.424108208657155927 0.000000000485051813 0.139083317478831403 0.000000000000000000
-6.005860229594128796 -12.045952511793011297 0.000000000040248898 0.141881656357815078 0.000000000000000000
-7.625672460719171042 -12.241156499350289266 0.000000000283068780 0.184084438412673163 0.000000000000000000
-6.203613592131524967 -9.242018987018754572 0.000000000431468620 0.448580987324865232 0.000000000000000000
-6.952903908110209308 -12.348940139001719274 0.000000000380732028 0.118264923415901904 0.000000000000000000
-4.809265583671483490 -11.137694008221128428 0.000000000103242823 0.357893860718334067 0.000000000000000000
-6.704704538158138050 -12.598470076276164775 0.000000000147935077 0.155819203583355159 0.000000000000000000
-4.913820055539587450 -12.878790930261819980 0.000000000196236690 0.383871634550323360 0.000000000000000000
-5.536369133677587762 -12.971483147226706478 0.000000000514329164 0.307779465413499154 0.000000000000000000
-7.056249862211472212 -10.026711382098781655 0.000000000644769591 0.304884896294783714 0.000000000000000000
-6.504541075005778161 -11.292967563526575603 0.000000000773581324 0.085610528403890315 0.000000000000000000
-8.464995281024311424 -13.615235585076867153 0.000000000084093781 0.455628229379244076 0.000000000000000000
1.040430777041279065 -14.005888118047158386 0.000000000000000000 0.264675311591586138 791885.564221393899060786
0.746523572981758976 -12.656988417619018605 0.000000000000000000 0.303760386873460853 0.000000000000000000
1.583116696982985294 -11.353828779537382232 0.000000000000000000 0.367729982416209633 0.000000000000000000
2.753588813374285849 -13.811767502029789867 0.000000000000000000 0.121075155871863141 836201.000000000000000000
1.580768965038159557 -14.668901201737016393 0.000000000000000000 0.282008506305925000 827353.000000000000000000
1.059683707328484825 -13.430903409262111126 0.000000000000000000 0.228832581799987861 761729.874299026327207685
1.706322862920821803 -11.379353161751829759 0.000000000000000000 0.355988189194081595 837262.000000000000000000
3.072507032913244007 -12.642651916822575942 0.000000000000000000 0.173351268852322410 835823.000000000000000000
2.860873650206897878 -13.907464787614873813 0.000000000000000000 0.146349121446299885 833771.000000000000000000
0.971897936692921682 -13.037600663404912638 0.000000000000000000 0.246530865598413557 0.000000000000000000
1.152022808811800081 -15.325519321321657173 0.000000000000000000 0.421410849003430232 77686.765323508981964551
4.463374882531462085 -13.807033467230136026 0.000000000000000000 0.390984614239612394 177788.419756407849490643
4.542032492086283568 -12.792206460027133019 0.000000000000000000 0.402778105845749523 830152.000000000000000000
1.042975948808578801 -13.713235393193796696 0.000000000000000000 0.242937230948198746 319515.323487980640493333
1.679949068698957770 -12.538767217031320911 0.000000000000000000 0.175727133464085972 832815.000000000000000000
9.587445875446046983 -7.830233294964379809 0.000000000000000000 0.209713666428853446 917263.000000000000000000
10.155988235844251477 -7.832591190304365902 0.000000000000000000 0.163899802385033294 0.000000000000000000
8.381468920721204086 -9.722520195281951771 0.000000000000000000 0.388967107179225002 908767.000000000000000000
11.309140112185895433 -9.002046137103132395 0.000000000000000000 0.178278527136892517 0.000000000000000000
9.794955295919123728 -8.858402428678724405 0.000000000000000000 0.099171467134890556 915714.000000000000000000
11.350171599243441989 -6.401262715949347815 0.000000000000000000 0.448467813890410794 911450.000000000000000000
11.704304202158317239 -7.899837626650888289 0.000000000000000000 0.284785281904747833 911454.000000000000000000
8.555533313018971242 -8.309928429194313182 0.000000000000000000 0.327352914622720759 908693.000000000000000000
9.723041881578401657 -9.404900210339551592 0.000000000000000000 0.159409523620500759 915170.000000000000000000
11.916732890148082902 -8.813440512275265704 0.000000000000000000 0.281171531868427638 915427.000000000000000000
11.229817586932773210 -6.453822852009079902 0.000000000000000000 0.431807284011760384 909229.000000000000000000
10.907639697174102977 -10.547246157652775622 0.000000000000000000 0.331009331362917658 0.000000000000000000
9.761053550576136217 -8.580679978798677610 0.000000000000000000 0.107394841127146173 913627.000000000000000000
10.795945490973204883 -9.129810520264996399 0.000000000000000000 0.105185883568618826 397038.673858572088647634
10.375880040952312200 -6.119341438262695831 0.000000000000000000 0.460910181457419299 909711.000000000000000000
11.865752566395318723 1.044973037910264635 0.000000000000000000 0.349557724525193403 0.000000000000000000
12.153956626813828379 -0.105605795449387696 0.000000000000000000 0.247941418034469840 23178.933088886537007056
15.763488853702966708 0.321752216736989782 0.000000000000000000 0.400019848194009597 301015.000000000000000000
14.611916484128832039 -0.104793733686502161 0.000000000000000000 0.191747126761328296 301770.000000000000000000
10.908687849915358115 -0.276099664964651492 0.000000000000000000 0.471649196485476541 0.000000000000000000
14.666040726461631039 -1.662336747178574603 0.000000000000000000 0.350427717631301205 308112.000000000000000000
12.807924453235392193 2.262797635334640844 0.000000000000000000 0.413886541828654753 0.000000000000000000
14.171375267842009293 -1.690669784426755307 0.000000000000000000 0.313428209099910982 304197.000000000000000000
16.129491801955083474 0.186225210877679459 0.000000000000000000 0.462499214705843265 0.000000000000000000
11.720300223226113090 1.573420712740033922 0.000000000000000000 0.424513123468216513 309275.000000000000000000
12.927448232934672490 -0.858404698413957057 0.000000000000000000 0.184803160398326755 302205.000000000000000000
14.653719574776438606 1.826410045810633820 0.000000000000000000 0.372872738919846902 302687.000000000000000000
11.747994582620199466 0.137770052079458610 0.000000000000000000 0.320514410804149774 0.000000000000000000
12.464712531309132260 1.910613746655492884 0.000000000000000000 0.383296865126606490 304478.000000000000000000
14.264060958226053799 -1.701799889174166136 0.000000000000000000 0.321431769439159409 0.000000000000000000
