-0.278595755355840358 3.788223717809419799 0.000000000000000000 0.353274109336261077 46587.787105444484041072
-2.449115939129958619 1.674311376855156075 0.000000000000000000 0.396036954141122999 428274.000000000000000000
-4.616780777626914301 3.430273085343165551 0.000000000000000000 0.428221228379385421 0.000000000000000000
-1.845899312562055083 5.562334615631001178 0.000000000000000000 0.306754250243114757 429515.000000000000000000
-2.064422353635348095 4.119328476591185506 0.000000000000000000 0.053465689507014497 0.000000000000000000
-4.387538144019226038 5.459940680239004251 0.000000000000000000 0.471154251551230252 422694.000000000000000000
-2.106983786452900187 2.462527559586264569 0.000000000000000000 0.255684276067302485 78141.264196958509273827
-2.399659564328430861 5.824805209704215336 0.000000000000000000 0.345424505279688987 426341.000000000000000000
-3.893514347556622734 4.999553094220143379 0.000000000000000000 0.352014780149644935 0.000000000000000000
-1.359387988029677308 5.575471894278797080 0.000000000000000000 0.340265107063446703 0.000000000000000000
-2.419149259869295854 3.283580487643131818 0.000000000000000000 0.111768093755077264 0.000000000000000000
-0.918886880738175149 3.294751648497410645 0.000000000000000000 0.261210242764712663 0.000000000000000000
-4.124256807757427978 2.591788895212402188 0.000000000000000000 0.404932476416163867 0.000000000000000000
-3.711645588239654625 2.976917599055698638 0.000000000000000000 0.305807787191493541 427475.000000000000000000
-2.518091402438730420 3.420092566694164837 0.000000000000000000 0.095671245018776746 0.000000000000000000
-4.246386669563849026 -3.432406016157984130 0.000000000000000000 0.363572961852980991 340608.000000000000000000
-2.514014138984410174 -6.118798994107943479 0.000000000000000000 0.399441328002975160 0.000000000000000000
-3.021223112675911260 -5.325334587458584679 0.000000000000000000 0.289438414699403568 0.000000000000000000
-3.798640004194199005 -1.888283302911501815 0.000000000000000000 0.449758659020213447 343886.000000000000000000
-1.230138931376493439 -2.755385153193749215 0.000000000000000000 0.272833287291131821 119259.509970992818125524
-3.383097475352808470 -2.182056890509089797 0.000000000000000000 0.364192121603593155 0.000000000000000000
-2.147336702584158541 -3.404570798976826573 0.000000000000000000 0.088716371575301947 0.000000000000000000
-4.073681389464786307 -5.710377618521637721 0.000000000000000000 0.457790253214645393 342370.000000000000000000
-4.125606902316029334 -2.629458511943266963 0.000000000000000000 0.401346078101870285 278099.529226115788333118
-1.180977368161910457 -3.585962793940514537 0.000000000000000000 0.199495682506509397 0.000000000000000000
-0.539250174032502971 -3.564969673335140588 0.000000000000000000 0.311788346685835216 344426.000000000000000000
-0.898577355085281582 -2.518415337098019791 0.000000000000000000 0.344147078886329727 349936.000000000000000000
-0.999679157924296069 -5.229424727321442035 0.000000000000000000 0.327459148935278777 120330.543467478986713104
-0.247415482933159792 -5.548099494278549315 0.000000000000000000 0.464389846427348485 0.000000000000000000
-1.449486679528588784 -4.680130258083323724 0.000000000000000000 0.201435454809935882 0.000000000000000000
2.639010139370147723 1.509565756522643243 0.000000000000000000 0.428683031726542374 386931.000000000000000000
4.664391688204196029 -2.481884644874190027 0.000000000000000000 0.441705765003737538 389159.000000000000000000
4.167440514622100523 0.784766075509119365 0.000000000000000000 0.152547849560809051 0.000000000000000000
2.496869097303679119 1.210087658338424799 0.000000000000000000 0.419027658759339783 388475.000000000000000000
5.563349299307929208 -0.915219896643170161 0.000000000000000000 0.247724396281056441 384399.000000000000000000
3.173067657161116717 0.924321784584727690 0.000000000000000000 0.290080209932158217 384679.000000000000000000
3.527330738284615741 0.184206746369506680 0.000000000000000000 0.178910798696118256 0.000000000000000000
6.850631866324996544 0.806382452658757742 0.000000000000000000 0.440267221147431942 0.000000000000000000
2.769196393737497264 0.764150540205281059 0.000000000000000000 0.339396286621131471 388905.000000000000000000
5.050837560696385786 0.096906166853081954 0.000000000000000000 0.097184968200214938 134812.426388389983912930
3.947266302569539587 -2.410366531238791410 0.000000000000000000 0.440146206802892237 386364.000000000000000000
5.434144512562963492 -1.022756306434774665 0.000000000000000000 0.244665376833027887 0.000000000000000000
5.733771462533330698 0.333268617083587959 0.000000000000000000 0.225273447260151166 389579.000000000000000000
6.154731131271661937 -1.557058481208474898 0.000000000000000000 0.402269516846888553 296253.073321568255778402
4.516555041084721722 0.769179721019041640 0.000000000000000000 0.136667611713724962 383947.000000000000000000
12.478079496593831976 7.307840705131201986 0.000000000665730063 0.456553454691951299 430365.000000000000000000
11.347231240494361160 7.078722689152165515 0.000000000473903855 0.342900810754579732 0.000000000000000000
8.625170999405964878 10.327424722679831248 0.000000000529548181 0.412996956326962428 427314.000000000000000000
11.860402609254958151 7.680408085620667791 0.000000000758318197 0.329011008255709336 427593.000000000000000000
7.735607355231269189 9.301185665648306511 0.000000000809502944 0.474373355695581977 0.000000000000000000
11.006777223823146272 6.648238402343411124 0.000000000537815888 0.386466936213463397 430800.000000000000000000
11.782904367043789406 10.371287879012225375 0.000000000001731448 0.383035203890858655 0.000000000000000000
11.062078098147646088 11.233456337143314485 0.000000000372662032 0.453878964434961119 0.000000000000000000
9.282748059178945965 10.985027678246893856 0.000000000567101936 0.435769234358134527 421724.000000000000000000
8.605712132643031254 8.689013545324279164 0.000000000454625868 0.309396336306299868 422411.000000000000000000
10.900776252899023078 6.207740174062355010 0.000000000739225815 0.456055716708426651 425224.000000000000000000
10.352195518958836828 9.405987075636604189 0.000000000272186017 0.115398922382185118 107219.963820754201151431
8.702998613636900416 6.887224015223891271 0.000000000622228109 0.438355752829478751 297797.490437016705982387
8.499700799877105695 9.581184547657478845 0.000000000594689897 0.359330497190746057 0.000000000000000000
12.420815615211283856 10.080971224229347882 0.000000000468844379 0.437850488890296208 426555.000000000000000000
4.087006181432116136 13.430822380490008428 0.000000000000000000 0.313565645008679394 468771.000000000000000000
1.156970720025211508 13.060209598051562452 0.000000000000000000 0.213354844210134287 464112.000000000000000000
1.013122471365622390 11.507048449517357724 0.000000000000000000 0.393473767668355900 0.000000000000000000
2.106770867804148128 12.628880120907201245 0.000000000000000000 0.122298839888159691 465885.000000000000000000
1.666631930099424563 11.520328813692243486 0.000000000000000000 0.334701521702890636 0.000000000000000000
0.037198184717298161 11.952580499922820678 0.000000000000000000 0.472484648565763499 293480.597264935960993171
0.513703732467150620 15.065120207282591380 0.000000000000000000 0.454733605137491503 261295.990027908381307498
3.817369747193570362 15.044471377308665794 0.000000000000000000 0.410871009278972299 50817.962621836857579183
2.188842029109072662 12.282539144602903747 0.000000000000000000 0.178941491237566919 0.000000000000000000
2.593581606733683653 12.532581799077163964 0.000000000000000000 0.140328283022980893 147965.548660541855497286
0.002735481916700006 12.218665136851907249 0.000000000000000000 0.456280459712218978 471106.000000000000000000
2.246530362160100491 12.909540828715647010 0.000000000000000000 0.067236784809204780 0.000000000000000000
3.306461424446346609 14.369151929678764645 0.000000000000000000 0.260447003197732785 471276.000000000000000000
3.656870473051987869 14.470059054629619055 0.000000000000000000 0.317275258460281984 0.000000000000000000
3.962153718143376580 13.959003351560294703 0.000000000000000000 0.314493233909719616 0.000000000000000000
-9.270149342141385418 12.223526704400191178 0.000000000634002165 0.460978210462975657 0.000000000000000000
-4.381455077266491749 11.171860967602583514 0.000000000881662455 0.430060701467414319 877424.000000000000000000
-8.199815516024610673 10.277732098568275632 0.000000000813435064 0.365013500181112838 871858.000000000000000000
-8.275489939085005631 12.932894389474050456 0.000000000062582008 0.348816362432792459 0.000000000000000000
-4.549994822053960775 10.783907670749867336 0.000000000603574902 0.422800261061731297 0.000000000000000000
-6.487629346627191929 9.698580072174769029 0.000000000548418434 0.360284234591274344 874684.000000000000000000
-8.215052835857772351 12.811395314522977529 0.000000000257164354 0.327290729157542315 874323.000000000000000000
-8.612234822212270657 13.428775554044911189 0.000000000310227619 0.451081517559927425 874371.000000000000000000
-6.254928745260555090 12.607361393274572947 0.000000000239923047 0.178919684480192881 0.000000000000000000
-5.972937117174170751 11.482117295782332533 0.000000000550173303 0.141698361608880136 0.000000000000000000
-7.731621609126880124 13.071775408299707522 0.000000000793773158 0.298258036386677639 0.000000000000000000
-5.899588728176058616 9.213024867213178482 0.000000000293069849 0.467988538476719396 0.000000000000000000
-7.802657399003729566 11.307178201042100696 0.000000000819209489 0.204159241291717752 876917.000000000000000000
-5.443679164774448687 13.878599857395821360 0.000000000143455507 0.446386015719268892 452056.627078841440379620
-9.072999337851690882 12.273445119271300996 0.000000000498548324 0.428495991222293482 870362.000000000000000000
-13.213962770727885498 5.554199129600861262 0.000000000000000000 0.176368143975904446 551641.000000000000000000
-13.524756945350231874 2.317679912674448506 0.000000000000000000 0.434621094693751320 143984.014617523498600349
-12.432904971350282608 2.537677853325277066 0.000000000000000000 0.375794756239922145 0.000000000000000000
-14.383552106131551440 5.032873840855179637 0.000000000000000000 0.304029171420078681 547114.000000000000000000
-12.044172845123387816 5.750677669324725905 0.000000000000000000 0.221487785073843535 546323.000000000000000000
-11.605084233246264702 3.403778871062719258 0.000000000000000000 0.297240186372645543 0.000000000000000000
-15.058758420390482513 4.483552358275967542 0.000000000000000000 0.419472750078716095 550118.000000000000000000
-13.407868275559362559 6.833439305602943215 0.000000000000000000 0.394112039897525801 155893.053936733573209494
-13.714424820551604611 5.889816089200900606 0.000000000000000000 0.275745202299105929 548901.000000000000000000
-14.271139864800231223 6.202237616686112176 0.000000000000000000 0.383231529565439044 0.000000000000000000
-13.911676608720021875 2.400230383623183972 0.000000000000000000 0.449237857628912274 545954.000000000000000000
-13.403812348381942243 2.147064869322480529 0.000000000000000000 0.456472062375255894 0.000000000000000000
-13.176472434135112266 5.370069209193518489 0.000000000000000000 0.145782268021614952 0.000000000000000000
-12.583235135849276887 2.166187454512825461 0.000000000000000000 0.437563880805816319 0.000000000000000000
-11.700416495566912545 2.218845017610901582 0.000000000000000000 0.464967689489332370 170885.212440716422861442
-13.000841299485154323 -2.598775184646106240 0.000000000000000000 0.365053022608642697 0.000000000000000000
-10.586642459376500724 -5.853497244925424781 0.000000000000000000 0.430940386398033393 107681.283833007779321633
-12.507369873472566013 -4.588902453537651027 0.000000000000000000 0.039854994984508521 0.000000000000000000
-14.505569343533158744 -5.756378958750737240 0.000000000000000000 0.370063576708873965 389973.000000000000000000
-12.685572862519217452 -5.627609574340022291 0.000000000000000000 0.165097411637472435 134654.548535660374909639
-12.515667804280793618 -3.613264943619404868 0.000000000000000000 0.188633370830911057 0.000000000000000000
-12.675009563824302106 -3.913382637714140522 0.000000000000000000 0.133248476260273557 0.000000000000000000
-15.203070034733617177 -5.655413661232541855 0.000000000000000000 0.474895731215038919 0.000000000000000000
-12.971177244983154608 -4.313860064610612000 0.000000000000000000 0.078329868428682753 381267.000000000000000000
-13.686740659778299900 -6.891177845572372007 0.000000000000000000 0.421351782272908648 390205.000000000000000000
-14.705002718358207048 -4.281610759095531904 0.000000000000000000 0.361656586071331165 386312.000000000000000000
-14.762132258526662554 -3.810729265397438503 0.000000000000000000 0.394944870422245076 381293.000000000000000000
-12.749389586560152310 -3.275021920699510147 0.000000000000000000 0.244131221183983838 380768.000000000000000000
-12.036848116097992545 -7.306835019270433662 0.000000000000000000 0.473166202237898292 0.000000000000000000
-14.691524052354340668 -5.985099244105916760 0.000000000000000000 0.418981618839955661 381946.000000000000000000
-4.345506980673468078 -12.712008886506467320 0.000000000420131386 0.460430801217421359 0.000000000000000000
-7.066997571982439830 -9.838464933472309326 0.000000000810474406 0.337975357849653102 0.000000000000000000
-9.072536065606167099 -11.727883404003170753 0.000000000597479426 0.417076830658656694 0.000000000000000000
-7.599827249853673194 -13.908776241411429098 0.000000000044420082 0.416997853138546926 0.000000000000000000
-5.328216786979369957 -10.367486656941904855 0.000000000812851781 0.346377206922307279 0.000000000000000000
-6.992004048234647051 -12.649973326782543381 0.000000000140765175 0.171180648990208989 0.000000000000000000
-7.597936703184116070 -12.339350744448543296 0.000000000070215760 0.189337059047931688 0.000000000000000000
-4.284456637490811737 -11.610253387304211969 0.000000000090168150 0.436692183860153349 0.000000000000000000
-4.862920444181458635 -11.074111495971125763 0.000000000719903609 0.352240566799518429 0.000000000000000000
-4.678872856689828552 -10.830418547855014566 0.000000000352148198 0.398436838090134193 0.000000000000000000
-9.038221304705796655 -11.076002736872849752 0.000000000489052987 0.426326352843485801 0.000000000000000000
-6.177716243556156783 -13.566040281412213631 0.000000000158847395 0.341778198686275847 0.000000000000000000
-6.659281482057556545 -10.112798860669224510 0.000000000707915976 0.284556056005461910 0.000000000000000000
-6.386351722923423679 -11.052903278793488440 0.000000000269943599 0.133041467264927049 0.000000000000000000
-5.098269010431900838 -12.237883163425067323 0.000000000556225343 0.305447173518928583 0.000000000000000000
3.449150893502199278 -13.316426958060255004 0.000000000000000000 0.198814751524800742 0.000000000000000000
2.196707817576709854 -14.387036484594403873 0.000000000000000000 0.199250403986036023 0.000000000000000000
0.562279606946408439 -13.804463786997843044 0.000000000000000000 0.329517768423516488 836367.000000000000000000
1.914394067135079869 -15.826254287494938566 0.000000000000000000 0.460171177389646857 835785.000000000000000000
1.629817114705275571 -12.517496110891036309 0.000000000000000000 0.184539503804452720 834531.000000000000000000
2.216732142256953697 -12.367881631591769676 0.000000000000000000 0.163204494601789263 0.000000000000000000
1.620718151449531685 -11.207622395250446345 0.000000000000000000 0.389854445800701110 0.000000000000000000
3.805071349688462945 -12.651140698376206473 0.000000000000000000 0.284781839758382282 828668.000000000000000000
4.045762042572876638 -11.959424964899980637 0.000000000000000000 0.384667396932797279 830539.000000000000000000
2.964430923686321773 -11.293868758101185179 0.000000000000000000 0.370431913129653401 545466.599861553637310863
4.106636833058537661 -11.313677744764923716 0.000000000000000000 0.470900472380940294 0.000000000000000000
2.085621886076387099 -14.756969908100916911 0.000000000000000000 0.267321891045281812 0.000000000000000000
0.835855978940916899 -12.949867881706669692 0.000000000000000000 0.273341011521978983 0.000000000000000000
2.532994064249517230 -11.268493196016098779 0.000000000000000000 0.359329895496582896 828571.000000000000000000
2.296264942533399189 -12.205456042694741825 0.000000000000000000 0.190893135573049683 827693.000000000000000000
12.181737289367092103 -10.447119514830816911 0.000000000000000000 0.442600993087253314 265045.135497718350961804
9.417592750717798111 -7.462611038745534664 0.000000000000000000 0.279301147301220354 0.000000000000000000
8.806622568394875117 -10.727891254920983499 0.000000000000000000 0.442511890045795719 0.000000000000000000
8.741133377641011393 -8.676294350597435923 0.000000000000000000 0.285366060250039966 0.000000000000000000
8.001984081121539916 -7.769611954362835249 0.000000000000000000 0.450949555528487200 0.000000000000000000
10.272590674741879369 -7.908216583621889839 0.000000000000000000 0.147769065370532693 0.000000000000000000
12.633220194670119696 -8.447054062436921029 0.000000000000000000 0.412000238545543629 0.000000000000000000
11.220623512958690426 -8.923695831378566368 0.000000000000000000 0.159851978753688950 0.000000000000000000
8.482435438319587462 -7.748255601392830982 0.000000000000000000 0.374944072559637631 909811.000000000000000000
9.478809176497266620 -10.126946106669796777 0.000000000000000000 0.286731991253612817 910362.000000000000000000
8.852024771573772099 -8.205090241228296222 0.000000000000000000 0.281955852072568902 0.000000000000000000
10.036301509583726244 -7.261145902999139423 0.000000000000000000 0.266417672310462927 910806.000000000000000000
9.390308920113367819 -10.622448585225241047 0.000000000000000000 0.370173133937158616 0.000000000000000000
8.056092698281844378 -7.494681037812902069 0.000000000000000000 0.463024623688597980 911433.000000000000000000
11.429802224488883056 -7.646921601099497146 0.000000000000000000 0.273559367261837716 911550.000000000000000000
13.358299229372029515 -0.000574716798730922 0.000000000000000000 0.032583784036203933 0.000000000000000000
12.459298915774102312 -2.201202267143366864 0.000000000000000000 0.428162709315920431 304076.000000000000000000
11.389284779664123448 1.390897393426732798 0.000000000000000000 0.453529839612829888 303094.000000000000000000
12.232578338065733803 1.139794983777233650 0.000000000000000000 0.305982199281503164 0.000000000000000000
15.210791998650284640 -1.539046439792678411 0.000000000000000000 0.398998787428338331 300973.000000000000000000
14.924643412315125701 -0.372047696817747131 0.000000000000000000 0.254874007015727932 0.000000000000000000
13.166097647306825635 -2.503117615380062944 0.000000000000000000 0.439216967907161304 0.000000000000000000
14.694082681489073039 1.229503607048080260 0.000000000000000000 0.295665734970975258 0.000000000000000000
11.273626297750553249 0.954804804399807416 0.000000000000000000 0.436991691639340762 308057.000000000000000000
13.845933275658772743 -2.702049691560903355 0.000000000000000000 0.471074560754040084 0.000000000000000000
14.204147583485340789 -2.076985349321165852 0.000000000000000000 0.378357510618131443 0.000000000000000000
13.092190206980479417 1.947936933904875989 0.000000000000000000 0.347228638832747127 307826.000000000000000000
13.822915328763178522 -1.377396123605880041 0.000000000000000000 0.243796500812842321 0.000000000000000000
15.442284080663112533 1.538942397316901189 0.000000000000000000 0.430554644754173821 305825.000000000000000000
14.601859627353411142 -1.797360909484596148 0.000000000000000000 0.363771219882676300 0.000000000000000000
