-3.409786277160234746 2.946451631352016598 0.000000000000000000 0.265222666027479848 0.000000000000000000
0.254408732319603315 4.183460209666969298 0.000000000000000000 0.450819237854027000 424738.000000000000000000
-0.238080622096321443 4.402351984470474378 0.000000000000000000 0.371408998902086673 425638.755059564020484686
-0.055240431556848518 4.955049306961663014 0.000000000000000000 0.436038386641077691 0.000000000000000000
-3.552948005698957079 3.080394307530432751 0.000000000000000000 0.272070586978617135 0.000000000000000000
-1.447064703187952883 5.225963377499870610 0.000000000000000000 0.278415731682803758 424109.000000000000000000
-3.654112807372079885 3.596971843760035981 0.000000000000000000 0.254199471339245364 422513.000000000000000000
-0.616381927039080679 4.642896425725030696 0.000000000000000000 0.321875595789020974 425123.000000000000000000
-2.220007914948851635 2.647888386232113866 0.000000000000000000 0.221346035177495543 0.000000000000000000
-3.788829771050242545 5.728798737698804544 0.000000000000000000 0.425993399616395096 430794.000000000000000000
-0.126254535942690510 3.003074148831546442 0.000000000000000000 0.411511449203118551 351378.125172919069882482
-3.218300069210591641 5.372873285963795986 0.000000000000000000 0.314554061294853804 0.000000000000000000
-3.316179966703395987 5.855817760575986242 0.000000000000000000 0.397458448676905607 429306.000000000000000000
-2.773951955000763192 4.011435916214891151 0.000000000000000000 0.094420992666812573 428979.000000000000000000
-0.542400660285615732 2.307302529109149347 0.000000000000000000 0.415965446331794941 425052.000000000000000000
-1.394636616873752732 -3.694757251742602833 0.000000000000000000 0.157802553778612686 0.000000000000000000
-0.979765659667598765 -5.994154311468784968 0.000000000000000000 0.438615028764753778 0.000000000000000000
-4.457193406878372066 -3.031857029320412789 0.000000000000000000 0.420590995793236555 0.000000000000000000
-3.424207332125337899 -3.234346935810203050 0.000000000000000000 0.238356470760845984 0.000000000000000000
-2.075552102353057649 -5.586248966971939289 0.000000000000000000 0.303809700178674869 284492.685616634087637067
-2.861256307760267958 -3.965533031731656166 0.000000000000000000 0.108313795495323772 341995.000000000000000000
-2.225238080710214561 -4.621995575898202091 0.000000000000000000 0.130462668383075103 0.000000000000000000
-2.492366338755878097 -5.230097719808390444 0.000000000000000000 0.242223400807981659 0.000000000000000000
-2.599327216185793432 -2.929667447189657992 0.000000000000000000 0.181520824731034508 342130.000000000000000000
-0.280880618319486297 -2.131827125377073529 0.000000000000000000 0.471496104449688314 342288.000000000000000000
-4.672408843973742343 -4.770127922279291610 0.000000000000000000 0.457827927826331471 0.000000000000000000
-4.219490325815632659 -2.838730450089772539 0.000000000000000000 0.396450424607677487 344359.000000000000000000
-4.442587389375055373 -4.220572303088879096 0.000000000000000000 0.393707049229501116 347074.000000000000000000
-2.562285007144750715 -5.751895373134206402 0.000000000000000000 0.335901872917777566 342249.000000000000000000
-1.026200967210538328 -2.481644312125802276 0.000000000000000000 0.333427191235025733 0.000000000000000000
3.090795042487480160 -2.074369977330877468 0.000000000000000000 0.447667190752294275 213936.811335130681982264
2.180345024142523513 -0.854255988890626039 0.000000000000000000 0.442819270824331424 0.000000000000000000
6.068398027218826485 0.606654835917444180 0.000000000000000000 0.297187934711116153 388416.000000000000000000
2.774989371153202544 -1.300515882479643670 0.000000000000000000 0.386747501258660031 386877.000000000000000000
5.518801752170784169 -0.523111865551827981 0.000000000000000000 0.201707855848078321 382346.000000000000000000
2.496957878652264817 0.202277834847981397 0.000000000000000000 0.361308301273535970 0.000000000000000000
4.505657697761430214 -1.574956500414511629 0.000000000000000000 0.279834212044661357 0.000000000000000000
6.588408133611853401 0.196890512320293004 0.000000000000000000 0.371320540621336570 389212.000000000000000000
2.772989203690059856 -0.828184677835476446 0.000000000000000000 0.343503687912209921 381563.000000000000000000
3.508290913729073424 1.880976344351244389 0.000000000000000000 0.379424405703103540 0.000000000000000000
3.562867850391410407 1.042931387165594082 0.000000000000000000 0.251249783399554505 382248.000000000000000000
3.844451600511337386 -2.509090510918613681 0.000000000000000000 0.461659449734138916 0.000000000000000000
2.016452506549651691 -0.156030402678278196 0.000000000000000000 0.445997267410209619 390674.000000000000000000
5.274783032043185216 1.170807999797045307 0.000000000000000000 0.248198949911463934 381455.000000000000000000
5.525669095182309754 -1.768030959956242043 0.000000000000000000 0.361972749634980107 385265.000000000000000000
9.442802499111810022 10.338967667528395467 0.000000000412558040 0.321941449867262086 0.000000000000000000
11.089626937008192797 9.605785200956306724 0.000000000552416273 0.200986054384973939 0.000000000000000000
10.208613215040147182 10.459684892422911773 0.000000000331266603 0.301122205350537353 421967.000000000000000000
10.294147410340988458 10.285537730129435730 0.000000000671776413 0.269752868088551201 0.000000000000000000
10.290720404597580639 7.258687157647835342 0.000000000290002765 0.261317215252858726 423159.000000000000000000
10.232331992014792377 7.590549653229087035 0.000000000738759698 0.203906684038925007 426024.000000000000000000
11.209722946430083823 9.704667639186755679 0.000000000075046945 0.228169608826774728 422941.000000000000000000
10.579446454585198722 10.717881412630841709 0.000000000037440200 0.347890879276190945 0.000000000000000000
11.248272294076755884 6.942370052011210824 0.000000000349401645 0.355125601789177237 0.000000000000000000
10.923863999920905954 7.985816150412897940 0.000000000109226862 0.169224504220343575 0.000000000000000000
9.226899035989571729 7.198630930968257680 0.000000000135078022 0.336836430375001439 427060.000000000000000000
9.466334468575118066 6.685807871146170811 0.000000000147227098 0.394175730494360721 0.000000000000000000
9.247294366090940798 10.428132007863927910 0.000000000441540396 0.353628261345561801 427758.000000000000000000
11.353833537810540832 7.644060677772669621 0.000000000606557490 0.264505954957760858 0.000000000000000000
11.500391203610877966 10.668969033650840927 0.000000000759127739 0.394654558646136744 429534.000000000000000000
1.844598022676492644 14.179800222114836927 0.000000000000000000 0.183004810004843227 468401.000000000000000000
2.571449054256846001 11.377000771484416575 0.000000000000000000 0.340887343264267395 0.000000000000000000
1.504161344691459234 15.429189974104364325 0.000000000000000000 0.410943315163287692 466293.000000000000000000
3.825063591920399464 14.688304789796028160 0.000000000000000000 0.365630886340251482 0.000000000000000000
2.625515745589261929 13.740625247323738023 0.000000000000000000 0.097553390711838786 234517.562010016175918281
2.048739673540305173 13.393240000389681654 0.000000000000000000 0.054971886695681510 0.000000000000000000
4.334940538772454666 13.489353472426911296 0.000000000000000000 0.358548224662950665 0.000000000000000000
3.407282006392943430 11.997088862360202555 0.000000000000000000 0.297397472155239428 467490.000000000000000000
2.858119135221165230 13.239277007174258927 0.000000000000000000 0.093589674093841807 0.000000000000000000
2.097785682280679076 14.120990003018743408 0.000000000000000000 0.156160425137846115 464466.000000000000000000
2.296320219960222619 13.842913502623021671 0.000000000000000000 0.101058408239071085 469094.000000000000000000
4.136954002200578628 11.421151987786062776 0.000000000000000000 0.460647301506908469 0.000000000000000000
1.358944142217704876 13.624934140271346195 0.000000000000000000 0.184578601685104648 462110.000000000000000000
1.545098245328473174 11.304539300842623817 0.000000000000000000 0.378388161264078426 463972.000000000000000000
2.111218053890789648 15.405392700878053347 0.000000000000000000 0.381162365826517524 0.000000000000000000
-8.482476955193760659 13.109034909772550037 0.000000000278196432 0.397007225030613031 549733.679129419382661581
-7.544795291839876406 10.539355320834522090 0.000000000530644919 0.253893226951801221 121920.502586880815215409
-4.721838242864246915 11.378314857126412107 0.000000000862791177 0.363376615596322838 868872.000000000000000000
-4.593023815707326207 10.872611308861445778 0.000000000429907440 0.409738661125860937 872857.000000000000000000
-6.247205879010770069 10.188118503684739480 0.000000000476703758 0.284496896477599792 0.000000000000000000
-8.874536826735148765 10.344167085482279589 0.000000000690766165 0.452380049835923670 869080.000000000000000000
-8.689137580839934927 12.364371726628075265 0.000000000852266045 0.366920476136456730 871285.000000000000000000
-8.430545097532791132 13.348469989917635559 0.000000000519534501 0.417732014570128429 0.000000000000000000
-6.260997000285360770 13.856508583562497705 0.000000000757639874 0.387782735158777148 868589.000000000000000000
-8.525967799711473560 10.901255984926706333 0.000000000587844609 0.350762881975420604 873446.000000000000000000
-5.275150067594487346 10.002006296979496724 0.000000000814483879 0.400028032573898518 0.000000000000000000
-6.697149018836101142 10.624568267247889608 0.000000000292209910 0.193765226005228275 871337.000000000000000000
-8.137242161175818111 11.463211206394484876 0.000000000317878994 0.254428231014702189 0.000000000000000000
-4.239136160035235967 10.893608054684582598 0.000000000878469916 0.467819601944380437 519145.112655131728388369
-7.770383838316337055 10.959407897169544555 0.000000000541407340 0.228575017954927268 871063.000000000000000000
-10.775448035068688313 6.029403332806492877 0.000000000000000000 0.418133244583615615 0.000000000000000000
-10.355999477257066488 4.869250516093270420 0.000000000000000000 0.421441073957018131 549575.000000000000000000
-14.555386329212320007 3.454320286509709792 0.000000000000000000 0.390913094659371907 543522.000000000000000000
-15.026210972908685903 5.969120182991531465 0.000000000000000000 0.468887483547225259 0.000000000000000000
-14.298165263511991796 5.899564101563150587 0.000000000000000000 0.352998354864766217 0.000000000000000000
-13.806638121231152638 6.547528629684868484 0.000000000000000000 0.378322487994562362 547960.000000000000000000
-10.456188560151277400 4.998690589409264362 0.000000000000000000 0.406132815628621024 500831.482198562065605074
-10.640231429292599685 4.332424675152813265 0.000000000000000000 0.374380073874257646 498001.149650419945828617
-12.222888901849954024 2.997538918984103073 0.000000000000000000 0.305353030775823431 545244.000000000000000000
-14.163982348457476945 6.471867151368030591 0.000000000000000000 0.404387377755336785 325387.653228919254615903
-14.664329231570494727 6.325486547497198409 0.000000000000000000 0.449775996669998734 392317.907326926593668759
-12.756771241570648456 2.177334705206439569 0.000000000000000000 0.434935471856213340 0.000000000000000000
-11.077622586111196767 5.655484723390144630 0.000000000000000000 0.337651716847237049 549835.000000000000000000
-10.415520169784590720 5.682719243635637518 0.000000000000000000 0.445462497113799816 0.000000000000000000
-11.932369939625855793 2.934382948864354912 0.000000000000000000 0.334101541007065961 549228.000000000000000000
-11.751780424799864733 -4.926009628375140892 0.000000000000000000 0.176694006644514068 382691.000000000000000000
-11.495291350907432815 -4.685667556739028683 0.000000000000000000 0.217079284643147324 54513.886414142383728176
-11.962449153269897550 -4.564259443345191514 0.000000000000000000 0.135280495796190448 53922.665852948593965266
-12.992606151910203849 -5.250479481289556993 0.000000000000000000 0.111174419997415203 0.000000000000000000
-15.194932395823666837 -5.044001269585169034 0.000000000000000000 0.446872769189337993 386345.000000000000000000
-11.778561539929107482 -3.603941384191589492 0.000000000000000000 0.250587393599593977 381479.000000000000000000
-13.076286515700209279 -6.179942865477008773 0.000000000000000000 0.268778868151037853 390666.000000000000000000
-13.369125581274428072 -3.492671102173700248 0.000000000000000000 0.236833368918419440 0.000000000000000000
-12.572659637756901319 -6.055156346339158446 0.000000000000000000 0.240726948330826251 272542.186163486039731652
-11.780718338594789785 -4.104304830188027609 0.000000000000000000 0.193986622015485416 387368.000000000000000000
-12.087507707749402641 -5.679965104304598889 0.000000000000000000 0.206942694020984308 311425.065520396863576025
-10.648502879478431993 -3.611880323447233199 0.000000000000000000 0.412411444993102561 0.000000000000000000
-10.861745448636053624 -2.993012626917452401 0.000000000000000000 0.442012258841144923 383665.000000000000000000
-12.340664938631864089 -5.137190323917097956 0.000000000000000000 0.103802095655904050 208424.388441391347441822
-12.170996702621406982 -5.729503239827150374 0.000000000000000000 0.206877647037813750 50993.945761297909484711
-7.305450933015742443 -12.820820546256239680 0.000000000563461857 0.220107045425513015 0.000000000000000000
-5.703295861126138178 -9.935942983051663902 0.000000000595499645 0.365238548279100572 0.000000000000000000
-7.821390704011270678 -10.489696287652835238 0.000000000793190900 0.291338399816187421 0.000000000000000000
-5.041872656790983065 -11.801964999210463603 0.000000000220680753 0.301661069052333808 0.000000000000000000
-8.517017947471082095 -13.307899232542586887 0.000000000063927500 0.424232391188786362 0.000000000000000000
-9.005720996849575499 -10.769693259214532688 0.000000000611443605 0.438427851540694080 0.000000000000000000
-8.550905059384557916 -13.098428875146026940 0.000000000768354790 0.405516672940366141 0.000000000000000000
-6.951612561834505044 -10.566797893953985721 0.000000000164878605 0.207546216021817970 0.000000000000000000
-8.797482005352993184 -11.841477060987024572 0.000000000468305486 0.368696596882636451 0.000000000000000000
-4.213279208419811184 -12.057632639509549222 0.000000000758315371 0.452959936784497363 0.000000000000000000
-7.190396921081931403 -10.101305467619877021 0.000000000428666299 0.297548496645496152 0.000000000000000000
-6.855170975096984698 -11.090198815533323540 0.000000000467858338 0.113356714584205903 0.000000000000000000
-8.384527856690732861 -9.604983973231727035 0.000000000402752544 0.475532091166493809 0.000000000000000000
-5.467395659901445271 -11.258953338046890025 0.000000000373957446 0.239729309321010775 0.000000000000000000
-7.163549403010803118 -9.135949425513798516 0.000000000338564095 0.463319615493807957 0.000000000000000000
4.416010101417802147 -12.177944657560143327 0.000000000000000000 0.419331756980002746 836728.000000000000000000
1.786746205260709486 -15.114394170738867373 0.000000000000000000 0.341538824012419528 0.000000000000000000
1.765210502035355677 -15.297117149376093792 0.000000000000000000 0.373862505522876643 830142.000000000000000000
0.570764694003173645 -13.773432514725419296 0.000000000000000000 0.326527584888660460 827319.000000000000000000
0.605263118124235056 -13.613615011008116440 0.000000000000000000 0.313951057872616068 0.000000000000000000
4.530797317065943908 -14.578726087818742130 0.000000000000000000 0.454823657942266091 0.000000000000000000
3.092668413307800179 -15.053731386742455811 0.000000000000000000 0.344003208008756889 833056.000000000000000000
2.575348014517095940 -12.281798376119773764 0.000000000000000000 0.182292226797053980 0.000000000000000000
4.611309679093955616 -14.219988111900766725 0.000000000000000000 0.439109001666664722 831592.000000000000000000
1.408227961577152021 -11.300279521348537415 0.000000000000000000 0.388813769029225376 828776.000000000000000000
1.169863334489758655 -12.614446866015979865 0.000000000000000000 0.238729146227616124 0.000000000000000000
0.730103662538215792 -11.844072744446274115 0.000000000000000000 0.383248912583364021 419507.782964582147542387
2.959286469203668890 -14.998883104857458903 0.000000000000000000 0.326201800819152010 0.000000000000000000
4.677680549807800681 -12.800760920748388116 0.000000000000000000 0.426114354330983436 308327.559794433298520744
2.447372994797023082 -12.802862326609600885 0.000000000000000000 0.086752972723796506 207509.158898880734341219
12.567668831404672503 -7.851323073972922728 0.000000000000000000 0.426730018915535692 911585.000000000000000000
8.355843770886931310 -7.341135738174306979 0.000000000000000000 0.431670130032544674 0.000000000000000000
10.095926763270480109 -8.935803617636571161 0.000000000000000000 0.054658860013263921 0.000000000000000000
11.470853600472468159 -9.907099276728567716 0.000000000000000000 0.285907073537605527 0.000000000000000000
9.471517214188565958 -6.987864302820772089 0.000000000000000000 0.345686689003040837 0.000000000000000000
12.092795988530882667 -7.329619405584530512 0.000000000000000000 0.398779015912742396 0.000000000000000000
10.530506686541064809 -8.412808231042543383 0.000000000000000000 0.067810207734097364 0.000000000000000000
11.551388215511840585 -9.139593824994841853 0.000000000000000000 0.226438992851358017 911342.000000000000000000
12.053881321692768935 -8.847333005686541796 0.000000000000000000 0.305876348690768352 0.000000000000000000
9.139620309385040997 -9.329859009118042223 0.000000000000000000 0.237217793771310914 915748.000000000000000000
9.890431885190377415 -6.198539569421015472 0.000000000000000000 0.454460538109001277 914899.000000000000000000
11.853464653497670866 -6.815133382157537945 0.000000000000000000 0.432419849173974524 85659.594786884554196149
8.100154659714258187 -7.815664728101371139 0.000000000000000000 0.431681454077062488 913885.000000000000000000
12.170422577158724664 -8.936767850112605771 0.000000000000000000 0.327819076054041536 0.000000000000000000
12.300274462583031365 -9.220764197118032968 0.000000000000000000 0.358935170650326041 914238.000000000000000000
13.101128204026224466 2.283727761831024772 0.000000000000000000 0.403800868117605349 301033.000000000000000000
14.772910774785460220 0.878625637063389919 0.000000000000000000 0.266982953918055876 303626.000000000000000000
11.206504769917980724 0.236051406478984760 0.000000000000000000 0.418144458220125859 306872.000000000000000000
12.059869895198916723 -0.177824354031951098 0.000000000000000000 0.265834100884015656 300689.000000000000000000
15.475122596124819552 0.515653522337204406 0.000000000000000000 0.356053047331578998 302747.000000000000000000
11.802923385137010115 -1.730668164864016534 0.000000000000000000 0.431920775921412980 304610.000000000000000000
13.724693227218381253 2.522972645825594995 0.000000000000000000 0.438261032342405432 204317.842434508726000786
12.065371461816448928 -1.046000324374360524 0.000000000000000000 0.319761678691579010 0.000000000000000000
13.092311920741584785 2.671232712388881048 0.000000000000000000 0.470174012061158331 0.000000000000000000
15.634066208109274498 0.411947001138200652 0.000000000000000000 0.379792250322618485 0.000000000000000000
12.614192009732985156 -0.463907941507424315 0.000000000000000000 0.183814275446519931 0.000000000000000000
15.509820632710843213 -0.150560958066148720 0.000000000000000000 0.351901035836296894 0.000000000000000000
13.423929218475418423 -0.597444658861548183 0.000000000000000000 0.105650900342163609 307566.000000000000000000
12.185475531940291205 -1.182375815990821533 0.000000000000000000 0.317182278087845659 305230.000000000000000000
12.299772819635718335 -1.090315613220039559 0.000000000000000000 0.291275167790276290 302419.000000000000000000
