-2.604734558337628680 4.923607389265934664 0.000000000000000000 0.194105371591690418 425268.000000000000000000
-2.255779472249290318 2.351646337113355578 0.000000000000000000 0.273992514066693560 425707.000000000000000000
-1.941572884927926568 3.760503277225988317 0.000000000000000000 0.060979386858120994 0.000000000000000000
-0.812352784449243526 3.241658193261718335 0.000000000000000000 0.282403151976095446 427625.000000000000000000
-3.594290944390547082 5.348364870123817560 0.000000000000000000 0.352216311821420769 312619.951162369048688561
-0.958108006932655409 5.323021426258485178 0.000000000000000000 0.344734476176305871 0.000000000000000000
-4.223052412703504288 4.989694063498533616 0.000000000000000000 0.401109071661319316 0.000000000000000000
-1.238818189248455770 2.729772018599182726 0.000000000000000000 0.275206879119489933 0.000000000000000000
-3.547662241927708404 3.960667727203356581 0.000000000000000000 0.230155825210330373 421380.000000000000000000
-2.963407398349371391 2.813056286436108611 0.000000000000000000 0.229288143233452757 421852.000000000000000000
-1.282196640873362048 3.849253827012243612 0.000000000000000000 0.174106831150661528 0.000000000000000000
-2.148109258305770375 5.553750297301912831 0.000000000000000000 0.296915342002519067 428950.000000000000000000
-4.349271162958933346 3.697042159296890063 0.000000000000000000 0.374247741960957281 424573.000000000000000000
-2.398664317699051196 4.254078803527231223 0.000000000000000000 0.069469915076089961 423993.000000000000000000
-2.245721644528956062 3.240501550488139149 0.000000000000000000 0.115724955192265222 215513.352954721456626430
-1.452389010869351349 -4.218445440343824515 0.000000000000000000 0.155068882832538973 0.000000000000000000
-0.774147139273953067 -4.246550356127902326 0.000000000000000000 0.272009750864680488 349114.000000000000000000
-1.462768287884291807 -3.747591773367710211 0.000000000000000000 0.144029422651126365 262903.500245103379711509
-3.151270184224661097 -2.880004447122316069 0.000000000000000000 0.240157112102261761 343560.000000000000000000
-2.773307727347077645 -4.634114410157898156 0.000000000000000000 0.161164395405537175 349680.000000000000000000
0.227784270954985768 -4.408449245280580797 0.000000000000000000 0.452556203755267117 0.000000000000000000
-1.872879371688944250 -3.640658006655920875 0.000000000000000000 0.081805161512376712 341443.000000000000000000
-3.321301815585524064 -2.673049296759341775 0.000000000000000000 0.287820329736901082 341707.000000000000000000
-1.411321114387961817 -5.022358950434916203 0.000000000000000000 0.251903909649535629 346882.000000000000000000
-3.060750500788061323 -5.604262671214958580 0.000000000000000000 0.337009729169592043 53191.596744009126268793
-2.575746111448643738 -5.671147750364235129 0.000000000000000000 0.322133127010280129 0.000000000000000000
-1.589413516426190665 -1.469574343063704713 0.000000000000000000 0.447310077770574577 347090.000000000000000000
-1.999208925693661376 -3.397681229953446458 0.000000000000000000 0.099123824803866112 347827.000000000000000000
-3.084970326619645320 -4.143161270431691356 0.000000000000000000 0.154080862987731160 0.000000000000000000
-1.923448450342661209 -1.398343005782705983 0.000000000000000000 0.447774319134850995 0.000000000000000000
4.551271917455989247 -0.717238422586906954 0.000000000000000000 0.127606446331128026 381375.000000000000000000
6.238265865367785601 0.034179261196166454 0.000000000000000000 0.307336780222990213 384946.000000000000000000
4.615974555585933281 -1.457986996426491544 0.000000000000000000 0.259663718344315564 382796.000000000000000000
2.704582249208834277 -0.360089770770671891 0.000000000000000000 0.328810975299758945 27097.331995375585393049
2.664080181197733932 -1.097149392151449021 0.000000000000000000 0.383143206682187876 387853.000000000000000000
2.102860019028698346 1.124613851357004091 0.000000000000000000 0.474019526204976338 0.000000000000000000
4.380690627376975677 -0.338857599406749088 0.000000000000000000 0.064744427470118479 388014.000000000000000000
2.343630252318507523 -0.977114395740467767 0.000000000000000000 0.424085181766675978 0.000000000000000000
6.835563712016148763 0.191092645985975501 0.000000000000000000 0.415102533505794735 0.000000000000000000
5.943711068361624328 -0.561864187213971356 0.000000000000000000 0.273601483660992406 385790.000000000000000000
5.712196348224563458 -1.015187051863482015 0.000000000000000000 0.279403146065263785 0.000000000000000000
3.767289103137196449 -2.566272246991070816 0.000000000000000000 0.475169732592437832 386542.000000000000000000
5.724228064043970221 -1.406872686116502402 0.000000000000000000 0.329964423818628949 380882.000000000000000000
2.701505053302442949 1.857492190982020119 0.000000000000000000 0.462055647731523356 0.000000000000000000
4.352420867414614314 -0.948275358653245526 0.000000000000000000 0.170955015582492098 388542.000000000000000000
12.289524115698721829 7.618179954407857224 0.000000000373276556 0.399569142545043721 0.000000000000000000
10.002258329410437909 6.420737532739045683 0.000000000165133783 0.412702231468365210 0.000000000000000000
11.891594027556712021 8.667778291670016344 0.000000000850870729 0.276813497652954987 424670.000000000000000000
11.493523714952022630 9.103503747141095559 0.000000000006684334 0.214718928527742076 427253.000000000000000000
10.821506904843408492 7.989010860371840828 0.000000000034679114 0.158218118348112280 426255.000000000000000000
11.012816653564788894 6.877643205851828867 0.000000000796175701 0.348818645021542639 422755.000000000000000000
11.085042439679289927 8.484480360621020623 0.000000000497174742 0.140492449043817469 423730.000000000000000000
12.601742459879039515 9.140882884688995347 0.000000000705764977 0.408824702583857336 228492.870557937189005315
11.063023466803443284 7.269405221104825010 0.000000000229890079 0.289208518317289165 423775.000000000000000000
10.877159680185306101 8.128303734247172230 0.000000000661294749 0.144687150655959412 426176.000000000000000000
10.941695893424165931 11.104801687087000772 0.000000000555953622 0.426512967137040455 0.000000000000000000
10.564061916098282268 6.884000433385090822 0.000000000459680805 0.329141594651392533 102873.944349271230748855
8.900575124881905609 10.236925990038411527 0.000000000834526346 0.366512731183496310 427573.000000000000000000
12.833053102523846789 8.868786689676353419 0.000000000496443323 0.444747135558761053 0.000000000000000000
10.932018501357591234 8.919271800370959014 0.000000000395485386 0.109607497416070371 424367.000000000000000000
4.450127375538774466 14.128165872021437366 0.000000000000000000 0.406354155227591163 469989.000000000000000000
4.660933631218518336 14.226595737725148183 0.000000000000000000 0.447733109780004523 0.000000000000000000
1.679649436916962113 12.438506677048275506 0.000000000000000000 0.189488359400462131 0.000000000000000000
4.327565722147962646 12.371757101066620521 0.000000000000000000 0.390010483473262837 465905.000000000000000000
0.220072374061798637 13.793891593928538697 0.000000000000000000 0.387902204479803725 0.000000000000000000
1.431694893700855564 15.240848094554419134 0.000000000000000000 0.385062907790112707 0.000000000000000000
2.385782203960706838 11.234126524933213176 0.000000000000000000 0.363835425967743153 218236.416320463933516294
0.547673147381067538 13.813077683299699316 0.000000000000000000 0.332451165032258633 471212.000000000000000000
3.306406751142040523 14.719221938021322060 0.000000000000000000 0.309750596752447482 76909.277950933799729683
0.387876213189060182 14.050531062034750107 0.000000000000000000 0.373286744606846743 0.000000000000000000
2.955735920776727088 11.217013558365673376 0.000000000000000000 0.383041421042849162 202111.934496124973520637
3.475760249106582211 14.124498462250254960 0.000000000000000000 0.253286804881015681 463477.000000000000000000
2.879959603853427641 12.559355745611789246 0.000000000000000000 0.160527841353058309 0.000000000000000000
0.171148713495375387 12.914196389132335696 0.000000000000000000 0.390891430083258773 0.000000000000000000
0.635705426610790325 12.017577075070823511 0.000000000000000000 0.376779491744348938 463033.000000000000000000
-5.930096693786040873 11.577727343534744975 0.000000000909460894 0.145160566066612456 872609.000000000000000000
-8.626114683069175726 10.106667143688355281 0.000000000783667551 0.441546982608549632 871099.000000000000000000
-9.310581695466883190 12.239737954834204459 0.000000000302580404 0.468600962810366395 0.000000000000000000
-8.241686921926367759 10.054620680655512288 0.000000000425653723 0.398514580601686041 874821.000000000000000000
-8.527307110777080368 13.149677491872756363 0.000000000432569410 0.407716769826022341 877179.000000000000000000
-5.065377898239188603 12.149097200595782908 0.000000000404645991 0.306753066698041699 0.000000000000000000
-7.454688478905918458 13.324560585556723069 0.000000000345208391 0.311843609400886845 872565.000000000000000000
-4.337561184444997942 11.407796156589597558 0.000000000744651636 0.430352336026822213 0.000000000000000000
-8.122286998305721539 9.787300437462834068 0.000000000343236223 0.421730085686538636 0.000000000000000000
-5.262288647484667514 10.404599998312477283 0.000000000030775362 0.350564035972299348 0.000000000000000000
-6.952583690408069117 12.576461115922112910 0.000000000011005006 0.156797083312104374 0.000000000000000000
-4.739894576309405139 13.360996692947580300 0.000000000490801121 0.459240216331611273 0.000000000000000000
-7.752504347431964149 12.735548061038764800 0.000000000644484173 0.255705669431138927 872717.000000000000000000
-7.085768841692795306 9.128455199656844599 0.000000000592710019 0.462574409797983643 871224.000000000000000000
-7.619355831591896333 11.045484854215933623 0.000000000498458336 0.197893976010963701 872174.000000000000000000
-12.618474117463739148 5.197456345192035698 0.000000000000000000 0.091798234612190596 546239.000000000000000000
-14.821647792234932339 5.866750492807128126 0.000000000000000000 0.428444671504482288 359653.887935323407873511
-11.917735550303470760 3.354735325125915324 0.000000000000000000 0.270653600839486141 543981.000000000000000000
-11.933528820306346319 5.684285512484938074 0.000000000000000000 0.223562616607646286 80703.882252806783071719
-13.198790572346728922 6.265276969063837242 0.000000000000000000 0.288901330219045349 545037.000000000000000000
-11.019359506701963625 3.454123584242331457 0.000000000000000000 0.369811099079262073 461526.028006438864395022
-13.389190481066714611 3.325615798348108054 0.000000000000000000 0.264054474940813577 550613.000000000000000000
-10.565299620010483395 4.229055295851606111 0.000000000000000000 0.390785878358663241 552786.000000000000000000
-12.029333064211483517 4.111527077033960254 0.000000000000000000 0.156860513221536130 543587.000000000000000000
-11.718694437133837738 6.961991802956436715 0.000000000000000000 0.435466918334100450 552003.000000000000000000
-14.695845751101765941 5.618926776114032684 0.000000000000000000 0.389131060829106867 547075.000000000000000000
-13.968309111477102746 4.994612104930069130 0.000000000000000000 0.230365723637951075 0.000000000000000000
-14.692460473714657354 4.380508161196726924 0.000000000000000000 0.356583822641873049 0.000000000000000000
-13.300832295548003614 5.311872824545283756 0.000000000000000000 0.151899170947462830 371248.023242986062541604
-13.866345218083786506 2.502273125128919862 0.000000000000000000 0.429862538999520982 549081.000000000000000000
-12.610070680832086154 -4.465268526536237736 0.000000000000000000 0.041403140330624907 385313.000000000000000000
-11.791327841838779023 -4.483777828161785273 0.000000000000000000 0.167777610672649957 206822.823211537965107709
-10.788887844071993527 -5.188989070009570881 0.000000000000000000 0.354351539009562400 382423.000000000000000000
-14.415911106923601892 -3.486655512094118947 0.000000000000000000 0.367132271348042216 383291.497218652046285570
-13.150845811095981830 -3.148163639391465818 0.000000000000000000 0.277101957338403537 380907.000000000000000000
-15.209894707816086878 -4.406545623977105919 0.000000000000000000 0.447529247012791898 0.000000000000000000
-11.268414424833496312 -5.213752504124461673 0.000000000000000000 0.273894487665600816 0.000000000000000000
-11.597609007303661954 -3.982547310800532259 0.000000000000000000 0.232912158945356468 381318.000000000000000000
-12.177983372450167820 -2.145770169972279096 0.000000000000000000 0.451042111270385404 0.000000000000000000
-14.276906776210980254 -3.383143706852096866 0.000000000000000000 0.357937510076539067 382630.000000000000000000
-14.926399227962260596 -4.675816402462665167 0.000000000000000000 0.394523283965523663 39129.793499798957782332
-13.302269662813337447 -4.176667117290016051 0.000000000000000000 0.136495631669541595 0.000000000000000000
-14.046109097357073026 -5.875807209327131631 0.000000000000000000 0.315531412987272553 388014.000000000000000000
-14.255751118623001261 -3.242429263714301069 0.000000000000000000 0.370921336798544721 380811.000000000000000000
-11.413758069657857774 -4.986508393467354416 0.000000000000000000 0.237744571598331733 383298.000000000000000000
-5.148422433476388171 -13.437113209915384715 0.000000000461681265 0.415309057024955131 0.000000000000000000
-9.183562976539436207 -12.077157631558810280 0.000000000480474032 0.441416262605936194 0.000000000000000000
-4.850539333422812405 -12.834444704527557590 0.000000000573401369 0.389391968570168390 0.000000000000000000
-7.114861090347450734 -14.304364368339637537 0.000000000854095376 0.462515466126844188 0.000000000000000000
-4.499848111718520727 -11.267846025611778060 0.000000000864002393 0.405840425831609453 0.000000000000000000
-8.099518295903360254 -10.153597439170246375 0.000000000284549359 0.368610476043876367 0.000000000000000000
-7.598734503885514968 -9.704386532433041168 0.000000000689463392 0.388210526048432258 0.000000000000000000
-6.716485335347395669 -12.347766366810546401 0.000000000792943305 0.111398912044325213 0.000000000000000000
-8.116372614345637615 -10.399125570844448774 0.000000000446892427 0.339448731620393518 0.000000000000000000
-6.338276505469194966 -12.374619173030852792 0.000000000847147580 0.135748509018439434 0.000000000000000000
-5.749349714052932825 -9.562900952043390745 0.000000000640308012 0.420184238276445465 0.000000000000000000
-8.049136367822921301 -13.016979705470646422 0.000000000462087154 0.328230661021805203 0.000000000000000000
-7.057015288225669813 -14.230676506212844856 0.000000000340654339 0.448208031781646754 0.000000000000000000
-6.913865630595356748 -9.201622901217454853 0.000000000365224169 0.446578535381410457 0.000000000000000000
-6.667892212441889122 -11.796064438028654564 0.000000000303545483 0.017889903348116843 0.000000000000000000
0.179508491934410347 -12.982465350669187387 0.000000000000000000 0.387590929500925496 831454.000000000000000000
1.828063602555320744 -15.368164255288784048 0.000000000000000000 0.383258090339915869 829548.000000000000000000
3.290789513962042889 -12.051480163418659686 0.000000000000000000 0.276813075657500962 828699.000000000000000000
0.953134448944177093 -14.606743180517478109 0.000000000000000000 0.341661359241213936 0.000000000000000000
2.197901239711638866 -13.003872287379486750 0.000000000000000000 0.054337100767874874 815438.185280068311840296
2.681023435267119837 -12.225083516980374654 0.000000000000000000 0.197180952598755288 831619.000000000000000000
4.652118116586642316 -12.676368540062297186 0.000000000000000000 0.426644056179411424 652896.233748239115811884
3.364971837183291736 -14.780743621880652938 0.000000000000000000 0.324668997719946617 242590.726215312839485705
1.676859126467553640 -15.203752187193749990 0.000000000000000000 0.362673015580930402 837173.000000000000000000
3.446902386051448719 -11.792484124403221912 0.000000000000000000 0.330314368000924896 97004.520751312695210800
2.640709147231790066 -14.163624288470945345 0.000000000000000000 0.167096150002721017 0.000000000000000000
2.868364147779762341 -14.080570588297467438 0.000000000000000000 0.171879013806152753 0.000000000000000000
1.854065612551602626 -12.013697475265342263 0.000000000000000000 0.240686997153822246 0.000000000000000000
1.703918739071199617 -13.503927892927567456 0.000000000000000000 0.119427196293578994 830382.000000000000000000
1.312127735140972140 -11.156071931056175117 0.000000000000000000 0.419369535410860361 0.000000000000000000
10.884013858963269783 -9.153700219533229543 0.000000000000000000 0.120145535914899709 908631.000000000000000000
7.903161619900120449 -8.540544065860258272 0.000000000000000000 0.435951349959686596 916995.000000000000000000
12.654697542242105968 -7.801183588859704088 0.000000000000000000 0.444367678669605359 913637.000000000000000000
10.507628215365091506 -9.624930011618721082 0.000000000000000000 0.156589434344931083 0.000000000000000000
10.254044926628436585 -10.978627546473294530 0.000000000000000000 0.391478796660114425 908673.000000000000000000
11.323180156108918482 -10.268280221100136274 0.000000000000000000 0.318603226556071206 909520.000000000000000000
10.492574415144490629 -9.967344649590172523 0.000000000000000000 0.215472374836943537 0.000000000000000000
11.547110683895349226 -8.421488940447598992 0.000000000000000000 0.222518152844885603 916023.000000000000000000
10.823913781582341187 -7.161941318212282859 0.000000000000000000 0.290937854274624097 437959.401086871221195906
12.782664970786369096 -8.167390518249129983 0.000000000000000000 0.446914447544565052 225546.817096748593030497
10.954118196557628195 -10.683729127126804670 0.000000000000000000 0.356279297788147542 917438.000000000000000000
9.232737575379918127 -9.974173293504565052 0.000000000000000000 0.292193594460524619 909932.000000000000000000
12.294976617047431944 -10.047944933238833087 0.000000000000000000 0.415879476110371682 918478.000000000000000000
11.296027784136525085 -10.359504051244440959 0.000000000000000000 0.329542894024523636 844941.336729611153714359
10.527131543238548161 -6.423383800946232292 0.000000000000000000 0.408826333737270731 913508.000000000000000000
14.900435641820166666 -1.857452857296330473 0.000000000000000000 0.402136754613519887 0.000000000000000000
13.388301047989749293 2.369445261190236351 0.000000000000000000 0.411638186075595380 303201.000000000000000000
13.000055866845952934 -2.425657776448075342 0.000000000000000000 0.431720422870464082 302042.000000000000000000
12.104368071655475347 0.416333764856610944 0.000000000000000000 0.266125508418048162 308515.000000000000000000
11.658327775363511947 -1.346009300993419089 0.000000000000000000 0.409189320312077942 305389.000000000000000000
11.782557137457352781 0.822082460181473351 0.000000000000000000 0.344517840588251301 303674.000000000000000000
14.224387236087409292 1.173743562357192571 0.000000000000000000 0.236839943815194770 166745.188351536402478814
11.861103284488130782 0.261442064688110265 0.000000000000000000 0.302888924765853829 301842.000000000000000000
13.972250948770534862 -1.018311995470967624 0.000000000000000000 0.192341241886105074 0.000000000000000000
15.123663252367734344 -2.009005162441951597 0.000000000000000000 0.447153107335265809 0.000000000000000000
13.703796908104981966 -2.190806774009607327 0.000000000000000000 0.380631164607325267 305026.000000000000000000
14.149542371928875539 0.238539242929159068 0.000000000000000000 0.116057926744704262 0.000000000000000000
13.942069953006729577 -2.311658276687094560 0.000000000000000000 0.406585668636898045 0.000000000000000000
14.577669090241178296 -1.590419764929422497 0.000000000000000000 0.331314845381233347 0.000000000000000000
13.890268661815909468 1.976240860402040278 0.000000000000000000 0.347837716262629160 306763.000000000000000000
