-1.631346426097093349 3.070129549909967448 0.000000000000000000 0.183901071450868675 0.000000000000000000
-2.619590863257693858 5.830354096970483901 0.000000000000000000 0.351415047130391289 10848.000000000000000000
-1.046358125250034465 4.088725728069508847 0.000000000000000000 0.218862014147112011 0.000000000000000000
-3.466395062212530132 1.860103139217996526 0.000000000000000000 0.420622932285851348 0.000000000000000000
-2.563628086067883505 3.875467051643159522 0.000000000000000000 0.054496647032739216 10040.000000000000000000
-2.042421297438344219 3.418400687146490036 0.000000000000000000 0.092411091538546000 10562.000000000000000000
-2.344251597297473122 4.395984007791868819 0.000000000000000000 0.091371663258309796 0.000000000000000000
-0.170800612512350791 3.296603666313845604 0.000000000000000000 0.386753605000919043 0.000000000000000000
-0.649705059759685399 5.025213126623256699 0.000000000000000000 0.350811114659028422 0.000000000000000000
-3.000326896537785171 4.546088900038298242 0.000000000000000000 0.176439361328111444 0.000000000000000000
-1.047483873036611168 4.456269968100602163 0.000000000000000000 0.238185988548557659 10646.000000000000000000
-0.202140214459400891 4.435547530738768174 0.000000000000000000 0.379092806512567992 10492.000000000000000000
-1.536218436164621615 2.566017586762017189 0.000000000000000000 0.268684858220592182 10738.000000000000000000
0.112745790998551240 5.041693948991455621 0.000000000000000000 0.469705576113190360 0.000000000000000000
-2.546138414059877508 5.201095334500045908 0.000000000000000000 0.239006201135844448 8046.845890917205906590
-4.689741435128643054 -3.334851777987431376 0.000000000000000000 0.444449410238155207 0.000000000000000000
-4.494094903162226373 -2.699524760623662090 0.000000000000000000 0.451262700365681668 0.000000000000000000
-1.169780665204377623 -2.812131988704099861 0.000000000000000000 0.272968866861465542 8258.000000000000000000
0.366352889285590233 -4.330928304894484882 0.000000000000000000 0.474271761172027684 8692.000000000000000000
-3.050293927712962816 -4.130573024572445462 0.000000000000000000 0.147516073353960303 0.000000000000000000
-0.277448517894100521 -5.273107554822041187 0.000000000000000000 0.430481163324322846 8038.000000000000000000
-3.079466025526594652 -3.163038687287130557 0.000000000000000000 0.195404420388914285 8963.000000000000000000
-1.692940219982963956 -2.115010542492781642 0.000000000000000000 0.331845776417289962 8591.000000000000000000
-1.737664517250060658 -5.772198938124209810 0.000000000000000000 0.347808324752421405 2776.204748441713036300
-4.174517267022525679 -3.012209479134289491 0.000000000000000000 0.375554774760207155 8419.000000000000000000
-3.880179933174090934 -2.316904213497080978 0.000000000000000000 0.402420611894081515 0.000000000000000000
-1.023951619812689451 -4.868413408243895901 0.000000000000000000 0.280639418067849977 8868.000000000000000000
-2.459182844777555665 -3.423965091582835907 0.000000000000000000 0.090420995243266300 0.000000000000000000
-0.593793852105532927 -1.977131646249517427 0.000000000000000000 0.451814690363638027 8153.000000000000000000
-0.231563209577917872 -2.583344291800396153 0.000000000000000000 0.429720147170062294 8063.000000000000000000
6.435942453965521004 1.620256486575475829 0.000000000000000000 0.447117593383357381 9323.000000000000000000
5.069431622773266533 -0.777429349542754111 0.000000000000000000 0.169878905418369502 9114.000000000000000000
4.249988071633378439 2.485710460599457772 0.000000000000000000 0.444199801221451085 0.000000000000000000
3.165100406631037977 1.906401952964850599 0.000000000000000000 0.415591817311935618 0.000000000000000000
4.058196161135477098 -1.697153216181058966 0.000000000000000000 0.312384130888396894 0.000000000000000000
5.099464824518237904 2.453085660121573586 0.000000000000000000 0.447952969691640446 9830.000000000000000000
2.564258388762854945 -0.837155887290509271 0.000000000000000000 0.378074289276818076 9183.000000000000000000
4.713287028471269124 0.602119986580829991 0.000000000000000000 0.112702061568180051 9478.000000000000000000
3.135214734397238967 -1.925315606472250751 0.000000000000000000 0.421426602157613572 9520.000000000000000000
6.370619583405052744 -1.532922948482444925 0.000000000000000000 0.428276461144065146 9537.000000000000000000
2.576221677629591422 -1.417068356221758085 0.000000000000000000 0.427567317542368264 9111.000000000000000000
5.291247507531750216 2.334137057937894610 0.000000000000000000 0.436982537941271953 8094.867432557280153560
3.730497711823145934 0.541712039570618864 0.000000000000000000 0.169656605182910813 0.000000000000000000
5.678044622021151788 -0.244647332157390152 0.000000000000000000 0.211932653123494547 0.000000000000000000
3.791929024902358059 0.257133907079029889 0.000000000000000000 0.136603601572448441 9209.000000000000000000
11.641446613544108146 6.772680536050912359 0.000000000159883138 0.416173499384626666 10307.000000000000000000
8.950510147814558337 10.710465039981794888 0.000000000816102751 0.424598740588342460 0.000000000000000000
12.581931400528997500 9.907370686949201755 0.000000000153076169 0.447882553037639020 10059.000000000000000000
10.286527913509319276 7.560359174926278847 0.000000000200679085 0.208491142173293120 0.000000000000000000
10.400519705008639093 10.728631001784131982 0.000000000573273540 0.347423887255852937 0.000000000000000000
9.940512613724667546 9.391410005986520204 0.000000000441808119 0.133534112163042784 6852.803983417351446406
10.015996724189314193 6.416615966563879780 0.000000000016401949 0.413058827692440511 10680.000000000000000000
10.615485006835220005 9.474113672296772037 0.000000000834054614 0.136378379436141589 5203.636044749173379387
8.199870120856017408 7.952414899039212060 0.000000000791722320 0.406395997528558595 0.000000000000000000
11.892647230501992794 10.503956353843861393 0.000000000018911266 0.413319697135226372 10906.000000000000000000
10.341072862074234706 6.977726974138518834 0.000000000567488737 0.310406437621272513 115.845419409194761329
11.128750241107004726 8.997015905995610296 0.000000000158921200 0.147100661251528791 10678.000000000000000000
10.538617414418139262 11.313603017479460178 0.000000000156474263 0.451085305464086150 10482.000000000000000000
8.759513372815439070 9.835145213322684654 0.000000000404089490 0.340479579187398795 0.000000000000000000
12.055697465667440937 10.503639658743011864 0.000000000100686815 0.433204067055286302 0.000000000000000000
2.321046561115276852 10.970221402828766344 0.000000000000000000 0.410721694286857342 241.266822365150744645
3.035979549204535388 14.087394118476520788 0.000000000000000000 0.190964767190336504 11519.000000000000000000
3.381334771239464576 12.027099016842557333 0.000000000000000000 0.290335572527422314 0.000000000000000000
3.078589775040811105 11.482810010176574878 0.000000000000000000 0.345802058694452852 0.000000000000000000
-0.041955732133058865 12.671472672419465511 0.000000000000000000 0.437002342721415804 11660.000000000000000000
3.024096201201088352 13.892771457440609595 0.000000000000000000 0.164747630443551701 0.000000000000000000
-0.269500766424333460 12.761229940188133725 0.000000000000000000 0.473034658062872648 11914.000000000000000000
0.366857231067717504 11.735595078596505303 0.000000000000000000 0.445336622359718437 0.000000000000000000
2.921089752369022907 14.791322382947067027 0.000000000000000000 0.289220066516443552 11666.000000000000000000
4.226289844511831539 14.335342553808992250 0.000000000000000000 0.386219414609214939 0.000000000000000000
1.347136000621814933 12.315947213978089891 0.000000000000000000 0.245452481446824855 0.000000000000000000
3.033341579035442770 11.682556553902257335 0.000000000000000000 0.309940285313394626 11051.000000000000000000
3.543029291451610163 12.890156070116505660 0.000000000000000000 0.226140610764587940 0.000000000000000000
0.078570244956214827 13.827475950903705737 0.000000000000000000 0.413816000792569583 11728.000000000000000000
3.479744369263849446 14.153550643334734005 0.000000000000000000 0.256964488252428569 0.000000000000000000
-5.671711128067935093 12.627038850885027088 0.000000000436430323 0.248285649725007690 17698.937227770435129059
-8.775930647637158799 13.168897538033601080 0.000000000068109992 0.445229027485576745 0.000000000000000000
-5.180060614051963164 11.122448597370690138 0.000000000004152651 0.296167515929144864 21096.000000000000000000
-8.944254985540258218 12.176994491400831677 0.000000000104295542 0.402432702786167884 21730.000000000000000000
-7.335980200471023949 10.037817520724253484 0.000000000746301229 0.316179612203437710 0.000000000000000000
-7.603132167582628220 9.295082505521305549 0.000000000090177130 0.455779044328841143 0.000000000000000000
-5.404054765729345178 12.610283236235705573 0.000000000654860889 0.284643390628050330 0.000000000000000000
-8.877122676521871369 11.789599422467384571 0.000000000477386450 0.382455866883707973 0.000000000000000000
-8.598305419410108286 11.108734186821694223 0.000000000213259093 0.349573359842502651 0.000000000000000000
-6.137518594266921035 11.622541249214146220 0.000000000683825978 0.107386350202738692 0.000000000000000000
-7.473005944855082738 14.275472383326883730 0.000000000399862697 0.471047156988585902 21287.000000000000000000
-8.018624330826208180 12.770045522597035514 0.000000000252199268 0.295111469219048406 0.000000000000000000
-9.208434682502238289 12.523384811384973503 0.000000000703766101 0.463578296396688516 0.000000000000000000
-6.416718671683319108 14.064856495272211490 0.000000000044852483 0.419189981636214515 0.000000000000000000
-5.303925985721383185 11.611616669604464036 0.000000000752194672 0.255303207039863644 21748.000000000000000000
-11.073847752151577239 6.006770282414995776 0.000000000000000000 0.372866568387268782 13039.412297654373105615
-14.236657422251239424 4.496800214419878650 0.000000000000000000 0.273407270291242788 13324.000000000000000000
-15.241647025988692477 5.553801818879367858 0.000000000000000000 0.475440017559755124 0.000000000000000000
-14.553330507724458798 5.628631544388538188 0.000000000000000000 0.366988514390203857 0.000000000000000000
-12.121467380464515884 2.093072339920719838 0.000000000000000000 0.462248963321882200 13252.000000000000000000
-12.655731550947558972 3.083195665231071469 0.000000000000000000 0.277635177461515947 0.000000000000000000
-11.488508376043192527 3.679233404585522393 0.000000000000000000 0.279257858148819649 0.000000000000000000
-11.258624756282729962 6.131587227278836316 0.000000000000000000 0.362471939509936891 13144.000000000000000000
-12.272780441129691908 5.276533879016404249 0.000000000000000000 0.130339591198591703 13818.000000000000000000
-11.294079902938298332 5.651378203227161556 0.000000000000000000 0.304530698530757427 13415.000000000000000000
-10.913878605394115695 5.938702123094773633 0.000000000000000000 0.388807096679011643 13149.000000000000000000
-10.841599486854279988 3.634512094110533553 0.000000000000000000 0.380083709420192761 0.000000000000000000
-11.516235508735483961 4.825717089709835150 0.000000000000000000 0.214877239633921968 935.198338609207553418
-10.214296763473020846 5.354771116660920427 0.000000000000000000 0.460764754794455833 13540.000000000000000000
-14.055328560611052069 3.170096799877920368 0.000000000000000000 0.354499371920282857 13867.000000000000000000
-12.187939288661915782 -3.094219223228647841 0.000000000000000000 0.291230992240308961 9983.000000000000000000
-12.433540698925757084 -3.933271596787895064 0.000000000000000000 0.138922434045980175 9378.000000000000000000
-13.245834812010221171 -2.000372809320711820 0.000000000000000000 0.474763409318894991 9125.000000000000000000
-12.625089561037196262 -5.038054018786188415 0.000000000000000000 0.064449844701759976 0.000000000000000000
-14.913088700876128812 -6.120677705976333982 0.000000000000000000 0.464829035105006561 0.000000000000000000
-14.520071997376295059 -5.376613404203379964 0.000000000000000000 0.344047039843294156 9307.000000000000000000
-12.830175449051944625 -4.075965288481746107 0.000000000000000000 0.106829311386075973 9327.000000000000000000
-12.754466609226041030 -2.862417041795306094 0.000000000000000000 0.315861838505691273 9837.000000000000000000
-10.985140393775553846 -2.962895453428241233 0.000000000000000000 0.429447484302624694 0.000000000000000000
-11.606829273629774235 -3.807134624376983023 0.000000000000000000 0.248887644094380883 9446.000000000000000000
-11.494379918004527852 -2.611901739225477748 0.000000000000000000 0.420610046216390032 2456.063516051688111475
-11.256075118606323926 -3.357507482471247418 0.000000000000000000 0.347138292235750490 0.000000000000000000
-11.895322711343519373 -3.617578071439257137 0.000000000000000000 0.235361523384560761 0.000000000000000000
-13.556582816784295886 -2.167087233415645020 0.000000000000000000 0.461139527305977515 9828.000000000000000000
-15.193590007519116369 -4.693085545930171243 0.000000000000000000 0.442149925831880064 0.000000000000000000
-4.948436118989080867 -11.696852935773181414 0.000000000705666322 0.317973871423593568 0.000000000000000000
-5.697680815502550011 -12.011233111453197608 0.000000000911632842 0.191569729890142093 0.000000000000000000
-5.484402964715259010 -12.702629459963375780 0.000000000559408662 0.282634635945017476 0.000000000000000000
-7.858784174897974317 -14.047206588984836984 0.000000000064818873 0.457974092314065329 0.000000000000000000
-7.478686541170561419 -10.182959657304348156 0.000000000360792411 0.302422335702515976 0.000000000000000000
-5.825637903940692475 -13.958972757439061851 0.000000000789605115 0.428514802151079122 0.000000000000000000
-6.037001029120587781 -13.699250513018014885 0.000000000032267910 0.372052553863712665 0.000000000000000000
-8.018242728948022702 -13.032747668640801919 0.000000000263222563 0.326300567349016024 0.000000000000000000
-7.772113870458601248 -11.439141808269454259 0.000000000633414464 0.191791052300940262 0.000000000000000000
-6.219316825059003406 -11.767265202598592211 0.000000000427931494 0.091854349086337259 0.000000000000000000
-4.272130452584034899 -10.816627727333438358 0.000000000524929801 0.466740366139353158 0.000000000000000000
-7.904091870507750528 -10.213058030944239363 0.000000000159542980 0.338296942958594804 0.000000000000000000
-8.893805732086880411 -12.598809642415927712 0.000000000855993447 0.415384009529717657 0.000000000000000000
-8.836042445544483925 -10.474636241948163118 0.000000000832430752 0.434527109459043381 0.000000000000000000
-6.374786651100424528 -9.748356958914433434 0.000000000776034512 0.354634956492835940 0.000000000000000000
1.227841967896317277 -13.690809396311362178 0.000000000000000000 0.210553242081102765 20487.000000000000000000
2.151859283565543901 -15.631031245306347799 0.000000000000000000 0.420512118154818426 20325.000000000000000000
3.129568499862767084 -14.945953860378486056 0.000000000000000000 0.329220866042614080 4320.253112914781922882
3.907608438111096039 -14.153973222703667645 0.000000000000000000 0.320919359241475244 337.453663227157903748
1.540859912392291253 -12.253857465383356740 0.000000000000000000 0.230639275934636817 0.000000000000000000
2.564439021962992005 -13.613916542480465566 0.000000000000000000 0.072712303985327478 20257.000000000000000000
1.487284319783384046 -12.933592042126687005 0.000000000000000000 0.162873557127109936 17172.795608030035509728
2.069079429136838399 -15.241456978490031560 0.000000000000000000 0.353075942822624500 0.000000000000000000
0.040826962150592762 -13.428754339745276880 0.000000000000000000 0.409637511188661541 0.000000000000000000
0.884535097114749314 -14.751130135676678634 0.000000000000000000 0.368443431054980064 2496.864141708124407160
2.669729988250114872 -11.022421257579383180 0.000000000000000000 0.405794805429855854 20391.000000000000000000
4.060999698824445225 -15.091799924351452233 0.000000000000000000 0.446082220771241378 0.000000000000000000
4.299237240117044223 -12.596090727473514548 0.000000000000000000 0.370527863664220081 20044.000000000000000000
1.486423576241701072 -15.010044792414038994 0.000000000000000000 0.343738768457950095 0.000000000000000000
3.123318435108797697 -14.276764868143722254 0.000000000000000000 0.226865719234377622 0.000000000000000000
11.811232624063832120 -9.824130297427140945 0.000000000000000000 0.322715038155372502 22088.000000000000000000
10.996698369965921316 -11.238687120428938471 0.000000000000000000 0.451646891572286713 22095.000000000000000000
11.290969086765114682 -11.116018610284037038 0.000000000000000000 0.447828483771141539 0.000000000000000000
12.772257998198865536 -7.625861899789703635 0.000000000000000000 0.475633976696608229 0.000000000000000000
10.916546611290206314 -10.625059749064057257 0.000000000000000000 0.344478708056433380 22410.000000000000000000
9.614975003919102647 -11.339884180953204051 0.000000000000000000 0.472981492671861403 22934.000000000000000000
12.198136100498809142 -8.640466817290658241 0.000000000000000000 0.331626231377154579 0.000000000000000000
10.610978764330235791 -11.122928704273229883 0.000000000000000000 0.419019094015403826 22786.000000000000000000
7.952121279466419779 -8.272141834484850520 0.000000000000000000 0.433850198828207523 13276.092535094177947030
10.417363878829426938 -9.289416161666881777 0.000000000000000000 0.095911139968848438 22816.000000000000000000
8.639644474170260935 -8.727640802786021723 0.000000000000000000 0.303196322339813307 0.000000000000000000
9.834157194312162176 -9.206081296171992889 0.000000000000000000 0.120879403787849407 0.000000000000000000
9.545674525790635911 -10.229440304254660887 0.000000000000000000 0.296175539562097856 22228.000000000000000000
10.104335609604385482 -9.165361441775072393 0.000000000000000000 0.084463420953908797 22359.000000000000000000
9.528964688886221168 -6.879618122682035875 0.000000000000000000 0.358497441610099277 0.000000000000000000
14.982809698959892231 -1.990037736957574577 0.000000000000000000 0.429216520620418263 7006.000000000000000000
13.842552846716996484 -1.019569525155933798 0.000000000000000000 0.184579991550727213 7559.000000000000000000
12.171321290307078655 -0.557954878200739413 0.000000000000000000 0.262712951609767431 0.000000000000000000
13.981799451914556087 -0.958302881795884298 0.000000000000000000 0.183582838886998528 7710.000000000000000000
13.011494299704274624 -2.289483651328272362 0.000000000000000000 0.408246382392833729 0.000000000000000000
15.267720156519752450 0.849837960258502223 0.000000000000000000 0.340966737901243488 0.000000000000000000
14.166642350730164424 2.220664058267121099 0.000000000000000000 0.400164030019116657 7810.000000000000000000
15.040127833553116332 -1.796998706361093934 0.000000000000000000 0.409565993543712870 7654.000000000000000000
14.459289611910380202 0.656505045985784741 0.000000000000000000 0.199211910441078804 0.000000000000000000
13.575266865087712631 -1.931035304979130229 0.000000000000000000 0.334674599208105050 7078.000000000000000000
13.846253811362162267 2.029561613151861010 0.000000000000000000 0.355673244275248213 0.000000000000000000
12.012794197251890793 -1.472612778641158027 0.000000000000000000 0.373810662467957522 0.000000000000000000
14.447846673568317755 1.944827305696124276 0.000000000000000000 0.373194039413772882 0.000000000000000000
12.721034059141793193 1.419613719895290727 0.000000000000000000 0.286524440353274679 0.000000000000000000
11.941080952834756346 0.210780618882572129 0.000000000000000000 0.287548097033860139 7123.000000000000000000
