-4.241604542221767637 2.649067843345359829 0.000000000000000000 0.416778786928250544 333548.422052325040567666
0.066323854057058901 2.629661401742652505 0.000000000000000000 0.471218277580141565 424348.000000000000000000
-0.536659655515059564 2.248726469985350196 0.000000000000000000 0.423848551677923124 422010.000000000000000000
-1.669451401499143284 6.025672200281179336 0.000000000000000000 0.394562131997231225 426866.000000000000000000
-0.304405824271755665 2.082523961843740778 0.000000000000000000 0.474289625299026463 431044.000000000000000000
-3.260530878665588439 4.016311627615007929 0.000000000000000000 0.180046375209153064 0.000000000000000000
-1.747514453899931430 4.776257050653041958 0.000000000000000000 0.182191653739325027 428777.000000000000000000
-3.844007460075199667 3.905523745917415024 0.000000000000000000 0.282640064214343456 0.000000000000000000
-0.251188131559504813 5.232829940589541096 0.000000000000000000 0.430297493388236807 423265.000000000000000000
-1.662613802546175412 6.380658923381354874 0.000000000000000000 0.456093617876302815 0.000000000000000000
-2.526475449758046832 3.896121624312026466 0.000000000000000000 0.047823535801733680 429775.000000000000000000
-3.440430743953078352 4.856397489109510524 0.000000000000000000 0.271981503348905140 0.000000000000000000
0.146173437383366328 4.793521163173262600 0.000000000000000000 0.457720135717697485 427696.000000000000000000
-4.142406157873311123 5.352561122616840805 0.000000000000000000 0.424806537888581359 422627.000000000000000000
-1.140687766640707146 1.908232619297058674 0.000000000000000000 0.405355115276679445 391716.447265358059667051
-2.397579664375427466 -6.367682421514965441 0.000000000000000000 0.441857365671468161 344847.000000000000000000
-4.793023400657699717 -4.507776281935167439 0.000000000000000000 0.464899366214944376 0.000000000000000000
-3.148266769372745078 -1.890102789405746053 0.000000000000000000 0.389785458438497379 0.000000000000000000
-3.519996088660846567 -4.896494034351996483 0.000000000000000000 0.287495470221357519 0.000000000000000000
-3.945513910232882893 -2.564824586018070285 0.000000000000000000 0.382165231132570116 349846.000000000000000000
-2.821634283617465488 -1.951974280432096753 0.000000000000000000 0.359398424321607735 346342.000000000000000000
-1.104873901304377792 -6.227925232460652438 0.000000000000000000 0.464387730897750650 345923.000000000000000000
-4.243868608155623612 -4.166770319271837053 0.000000000000000000 0.357289342561522005 346565.000000000000000000
-0.223849336107421054 -2.839016283369777849 0.000000000000000000 0.408069842784573422 343905.000000000000000000
-3.359349752386143972 -4.350059522688072278 0.000000000000000000 0.212641244432407478 261076.916165447619277984
-0.699316031237208757 -1.944139106117263927 0.000000000000000000 0.444265461507341142 343247.000000000000000000
-0.734861887343635001 -5.862502489300003283 0.000000000000000000 0.444024079333838473 348121.000000000000000000
-0.834081632257870464 -2.908496088983845596 0.000000000000000000 0.308232632901747183 341003.000000000000000000
-3.236211547271510280 -4.457588774901585005 0.000000000000000000 0.201458206533656953 343482.000000000000000000
-1.360003931251256404 -3.854935546516594425 0.000000000000000000 0.160210110923321186 346101.000000000000000000
5.296997583140281129 0.827220359055696686 0.000000000000000000 0.202593436121914161 0.000000000000000000
5.547198313937405700 -1.237838010905529140 0.000000000000000000 0.286692745105794233 0.000000000000000000
5.570774971614835813 0.479034757058111826 0.000000000000000000 0.206630132609082279 383084.000000000000000000
5.953062214646817729 0.325358766804309085 0.000000000000000000 0.262869757241722235 0.000000000000000000
3.796928895989520658 2.059726525498998928 0.000000000000000000 0.387790620702353372 386647.000000000000000000
3.803664626505849355 0.342918499745742733 0.000000000000000000 0.140545051141844429 0.000000000000000000
4.522179927468176430 1.943038051567064439 0.000000000000000000 0.345220791682412209 0.000000000000000000
6.176468998797248311 1.616322933399990891 0.000000000000000000 0.412332707860044057 0.000000000000000000
5.174550255041508784 0.627880480847850309 0.000000000000000000 0.162131817499928305 320627.470307153940666467
5.966168449179118483 0.233184355434596757 0.000000000000000000 0.262073166705877658 384367.000000000000000000
5.349859589724718312 1.258350710979641240 0.000000000000000000 0.268531017707616226 383812.000000000000000000
4.475066018421488323 -1.422931797921606512 0.000000000000000000 0.252922363345445655 302984.339416856586467475
5.781059447389370831 1.126987332201127234 0.000000000000000000 0.301660713341324327 284472.327069542196113616
6.773185499112287289 -0.862145341562760681 0.000000000000000000 0.430652538756283343 389742.000000000000000000
5.045743540618955691 -1.413852652420044986 0.000000000000000000 0.268387067242313482 0.000000000000000000
8.531253245992141743 7.367099155814242017 0.000000000173545655 0.403652791592266358 426102.000000000000000000
10.668516431916803100 7.419960566327051588 0.000000000900212745 0.239972596927688353 424491.000000000000000000
8.508808502059256540 9.387530574861381538 0.000000000889315950 0.345311446337965733 424292.000000000000000000
10.816912128158326922 6.915674917288501256 0.000000000231496048 0.332074904160792495 0.000000000000000000
11.381670397521826743 6.790737413897456776 0.000000000785766021 0.389623807568449831 0.000000000000000000
9.030216515869605942 9.994940134354349581 0.000000000503737696 0.320229283826639510 0.000000000000000000
10.062812644945918095 9.783870525599436263 0.000000000137029582 0.188347317666901659 0.000000000000000000
11.940266144916186875 9.147842790227576515 0.000000000772903051 0.293581552975869520 429688.000000000000000000
11.431755721065105291 9.695186391427586869 0.000000000879753444 0.255568318915411319 423934.000000000000000000
12.419497385860736927 9.668539651639500576 0.000000000421702466 0.403943802932235141 0.000000000000000000
8.862047757622717015 7.513427795683461419 0.000000000238434243 0.341347322435211042 429055.000000000000000000
12.076230280720603005 8.332449564363306749 0.000000000115371122 0.317781384011594170 421915.000000000000000000
10.705662760990076521 7.088787585091194998 0.000000000575923909 0.297955733980992066 0.000000000000000000
12.848594341466627711 9.359511610094457978 0.000000000034400688 0.459586339405665956 421455.000000000000000000
11.471108266734793446 7.463183148630423425 0.000000000073019794 0.301943239361708471 0.000000000000000000
1.265266370553564279 14.730557952814354650 0.000000000000000000 0.321512591341870768 467311.000000000000000000
2.139060177772354354 13.654614739702390480 0.000000000000000000 0.075769154648061290 468615.000000000000000000
0.515922925181654057 11.424916769050973642 0.000000000000000000 0.462437818802010070 468635.000000000000000000
3.336576489400306045 12.431318067022118612 0.000000000000000000 0.233564784161276101 0.000000000000000000
3.769879765236028746 13.428234723586037092 0.000000000000000000 0.257265968761666464 469909.000000000000000000
1.336549646816547199 11.958851802211245996 0.000000000000000000 0.294501850441273694 461935.000000000000000000
3.667162226937817682 13.658935089431862409 0.000000000000000000 0.247091098184908792 462481.000000000000000000
1.009071595255245368 11.454593916349748994 0.000000000000000000 0.401422310183286113 0.000000000000000000
1.810486303659273988 14.421826819166030376 0.000000000000000000 0.224309170733397317 471104.000000000000000000
0.563566265022246937 12.533640158715705581 0.000000000000000000 0.342230428530330144 470309.000000000000000000
1.532330154967122882 15.299637118100646305 0.000000000000000000 0.387626094196341586 215932.912406245362944901
1.399670439499868246 11.636595592756739492 0.000000000000000000 0.336299118724563972 465270.000000000000000000
4.399009074654169460 12.331593275363188056 0.000000000000000000 0.404554160100914995 192121.290679244179045781
3.094198734088720926 15.254070872392723857 0.000000000000000000 0.377153428293687809 465836.000000000000000000
2.190162455599859115 14.183907099196995105 0.000000000000000000 0.163592075610835136 0.000000000000000000
-7.113033937629600345 11.557349395962628336 0.000000000713307416 0.073601824287833378 871831.000000000000000000
-8.139486679859929907 12.009537096461274430 0.000000000134462306 0.256006922723884367 0.000000000000000000
-4.580052022997071148 13.069264792449637014 0.000000000225330927 0.452225294697753466 0.000000000000000000
-8.316475537620593883 12.342134524080172753 0.000000000478179297 0.303066103950008547 0.000000000000000000
-5.857578822833493071 10.523709698706932514 0.000000000442529579 0.262911039433010973 876076.000000000000000000
-8.803737450007339760 13.232478328395361089 0.000000000802966514 0.455777389134342126 0.000000000000000000
-5.975749921654951891 12.190846950842471941 0.000000000766417221 0.158695490646744958 0.000000000000000000
-5.140954851327390607 12.721341004110040984 0.000000000773494939 0.334728196843270043 722214.038072428666055202
-5.774577676939643744 11.154305959988171537 0.000000000068405351 0.197839334514675086 873110.000000000000000000
-7.169283477670542304 11.051193201895813445 0.000000000394075453 0.141451442048300513 877523.000000000000000000
-6.437010649771924164 14.070959128314862951 0.000000000542931647 0.419783481871298714 871219.000000000000000000
-7.250237474967748952 11.671728294707078177 0.000000000176537837 0.092671301258474059 874859.000000000000000000
-6.148847134852069019 12.580663946026701794 0.000000000910680953 0.184734193595186502 730902.127532402286306024
-5.975993960846101238 9.805336663557973509 0.000000000715975287 0.364729720524143652 876770.000000000000000000
-5.201858357251962772 12.627347332557370407 0.000000000127220243 0.316790601414675910 0.000000000000000000
-10.958610659640886098 6.072475268309091234 0.000000000000000000 0.396126053147710822 0.000000000000000000
-13.286457442048305921 3.874611829277121888 0.000000000000000000 0.173053543561977441 0.000000000000000000
-12.413032652541298617 4.740843294269169839 0.000000000000000000 0.054572717928381725 548987.000000000000000000
-13.921031890740289683 6.410851334107549704 0.000000000000000000 0.369643028790965722 0.000000000000000000
-14.241285328525302489 4.904597677487324781 0.000000000000000000 0.275211108308377972 543343.000000000000000000
-14.232541460350088158 6.827980869416507836 0.000000000000000000 0.460592086648219434 0.000000000000000000
-11.581025058579454523 4.286754733967236497 0.000000000000000000 0.213034730206826672 546715.000000000000000000
-12.332510334490669024 5.627989936414694583 0.000000000000000000 0.178590142569327870 121499.295266068249475211
-15.197158228512812173 4.136618099365121815 0.000000000000000000 0.452592954339301135 551500.000000000000000000
-14.403852335062969914 3.580301890578191149 0.000000000000000000 0.356440002604837713 223969.179285454534692690
-11.586146995438072693 6.851604135626036651 0.000000000000000000 0.428610997708718244 0.000000000000000000
-14.226251666922632211 5.731887063210790778 0.000000000000000000 0.325708436733235351 549638.000000000000000000
-12.579919437249346359 4.301975203729140773 0.000000000000000000 0.069680202497144586 0.000000000000000000
-10.184299589723593726 3.837073759642054327 0.000000000000000000 0.474080886516946576 543666.000000000000000000
-13.959156498310827388 5.248420232435320187 0.000000000000000000 0.243113275836995907 543325.000000000000000000
-10.531559979305534114 -4.666971239776538383 0.000000000000000000 0.388843993410958266 386635.000000000000000000
-12.993524629451959740 -6.185592492457542058 0.000000000000000000 0.266618419925152894 382788.000000000000000000
-11.721524734958016722 -2.734190882770457520 0.000000000000000000 0.382065341807795722 384925.000000000000000000
-12.404578790569139812 -5.818734744328721398 0.000000000000000000 0.205848817816337293 385460.000000000000000000
-15.243757309615567408 -5.137598949274029714 0.000000000000000000 0.458013408032819258 389551.000000000000000000
-10.926338064265362249 -3.065055253095597898 0.000000000000000000 0.425040271943106784 0.000000000000000000
-14.397935621769940795 -4.454260673450444408 0.000000000000000000 0.302837393982221870 388574.000000000000000000
-10.406965778179628757 -3.969121226977769368 0.000000000000000000 0.429302586331396785 0.000000000000000000
-14.901854747211961794 -4.704452671494707694 0.000000000000000000 0.390174089121862577 389700.000000000000000000
-10.569930315694520573 -6.044531540947363446 0.000000000000000000 0.450294603583999031 382053.000000000000000000
-14.798252401645235921 -3.570719566470920814 0.000000000000000000 0.418249462134677008 387473.000000000000000000
-13.385620654145800046 -4.560870844766975019 0.000000000000000000 0.121615665369572398 0.000000000000000000
-10.461001233868481464 -4.666226947975334660 0.000000000000000000 0.401418663431303835 0.000000000000000000
-11.261399149429495381 -3.659632264030117099 0.000000000000000000 0.313882215224848937 382975.000000000000000000
-13.813776592671247911 -5.151214489986625900 0.000000000000000000 0.212648869260572221 0.000000000000000000
-8.194461247849256225 -10.901571429500286570 0.000000000222980230 0.297915969079154463 0.000000000000000000
-9.103514730039229619 -12.361048240535422948 0.000000000553521984 0.437540185293549100 0.000000000000000000
-4.111156516479642420 -11.975732662911649840 0.000000000029201435 0.469368080542827137 0.000000000000000000
-5.847476546097887251 -11.649121542479916158 0.000000000731462595 0.158203748303084563 0.000000000000000000
-6.154762062967926717 -10.925469398825546463 0.000000000231077522 0.174164404824368069 0.000000000000000000
-6.224132819467926403 -9.815497378578944776 0.000000000608990250 0.348984810351008756 0.000000000000000000
-7.990304339809847001 -13.662592399128939746 0.000000000663044027 0.410269310135979171 0.000000000000000000
-6.921596903362917885 -11.031407259246343244 0.000000000248647927 0.126209793346650528 0.000000000000000000
-6.469830999438761054 -9.687514367459437281 0.000000000393133441 0.362630668390852229 0.000000000000000000
-6.270976907935950528 -12.122673219612073225 0.000000000931002863 0.109010237295189161 0.000000000000000000
-7.852844663997038843 -13.860007585841019662 0.000000000453935270 0.427989285544769282 0.000000000000000000
-4.679203300202134486 -11.400997033448444284 0.000000000361109100 0.370237859114092016 0.000000000000000000
-6.653499574910047620 -10.842148684690652516 0.000000000445477831 0.155792857012505670 0.000000000000000000
-7.786414020910672917 -11.443447326403484610 0.000000000443912958 0.194062303811360276 0.000000000000000000
-4.794420510731889351 -10.606949475249079384 0.000000000475075796 0.397679549613636552 0.000000000000000000
3.064626242044209636 -14.872500727091646056 0.000000000000000000 0.312482091783410743 0.000000000000000000
-0.115430212108929689 -13.428026245354452328 0.000000000000000000 0.437414727295718730 831311.000000000000000000
4.459940963578248763 -13.815438217160009415 0.000000000000000000 0.390754776798667380 0.000000000000000000
3.012573024111606212 -15.662507003404069650 0.000000000000000000 0.441579592592480308 836229.000000000000000000
1.043117241711945198 -14.619422791083071189 0.000000000000000000 0.331916258809534903 207945.715985398535849527
3.351993052834134623 -11.465925849145216731 0.000000000000000000 0.369838763784834768 0.000000000000000000
1.727509162163989753 -13.662719848691208924 0.000000000000000000 0.128159444145991314 837023.000000000000000000
0.519107940755636266 -15.015943048008216110 0.000000000000000000 0.447944060790988419 830917.000000000000000000
1.393891655229160031 -11.104287072557379901 0.000000000000000000 0.421688265357621550 835373.000000000000000000
3.047311236337677975 -11.388217457203484884 0.000000000000000000 0.359405247480667212 831245.000000000000000000
3.978314942511034680 -14.765537256334077654 0.000000000000000000 0.394998644208005789 0.000000000000000000
0.476113910784303929 -13.001428678455022592 0.000000000000000000 0.334787314566323324 0.000000000000000000
0.171894113463194498 -13.975563651074791593 0.000000000000000000 0.404997192669831030 833086.000000000000000000
3.473856403262299608 -15.450883961556041157 0.000000000000000000 0.437014096086137782 0.000000000000000000
0.213374696321786517 -13.979275896100265442 0.000000000000000000 0.398177517221609434 0.000000000000000000
11.676668980635419359 -7.483914576229108384 0.000000000000000000 0.324998588059732418 0.000000000000000000
9.808132456757961748 -8.331316951152279771 0.000000000000000000 0.119813388268455473 0.000000000000000000
8.675669147984944374 -8.800570811818436923 0.000000000000000000 0.296898763240017516 911785.000000000000000000
9.300403487477662878 -7.408619688088402100 0.000000000000000000 0.299509337270127740 0.000000000000000000
11.462649001694350304 -8.138940172844911558 0.000000000000000000 0.226636509543671372 912818.000000000000000000
9.734030681649954886 -10.990210064637080833 0.000000000000000000 0.408099843687988850 915857.000000000000000000
9.691394671043424225 -6.733811462075999010 0.000000000000000000 0.371978594130359219 916512.000000000000000000
8.926855435179250620 -9.185133489896099235 0.000000000000000000 0.263435188513881757 0.000000000000000000
12.328977834470119745 -7.409140643789520198 0.000000000000000000 0.424665246854481315 913704.000000000000000000
8.335693645658688311 -7.018700144864074453 0.000000000000000000 0.469213028601163096 912304.000000000000000000
9.040652580045218656 -9.563216140741092275 0.000000000000000000 0.272399046097057063 909387.000000000000000000
8.152630225341050973 -10.027733812775446509 0.000000000000000000 0.450265957378309822 0.000000000000000000
9.816170434690773661 -10.369541138998686236 0.000000000000000000 0.299524354128766601 0.000000000000000000
11.286182794585998934 -8.408160382588610204 0.000000000000000000 0.178741413669657512 918389.000000000000000000
7.863879839738676658 -9.346910516016420090 0.000000000000000000 0.453825047922799985 0.000000000000000000
12.621422825126835221 1.710375921979997882 0.000000000000000000 0.339201799892892120 301330.000000000000000000
11.943120167357674788 -1.276983477178129878 0.000000000000000000 0.361131750435993049 78975.049477839216706343
12.486286489419478940 2.346354433078068791 0.000000000000000000 0.448753229315892233 306439.000000000000000000
13.191727119828204451 1.463339897646709797 0.000000000000000000 0.261311025610430903 82261.313840015616733581
15.402600974112047538 0.634867339888345872 0.000000000000000000 0.349450821736245698 304361.000000000000000000
15.512585104010160109 1.528538875027915411 0.000000000000000000 0.439378756836091955 300918.000000000000000000
13.972537512042602970 0.576925359814253635 0.000000000000000000 0.126072057018552675 73479.227613274590112269
11.139724808618053586 0.511469459105459712 0.000000000000000000 0.437185038349112820 306514.000000000000000000
13.504673160913490904 -0.909424113550814761 0.000000000000000000 0.157753387985560878 306142.000000000000000000
11.251195535085551924 -1.028800814130830243 0.000000000000000000 0.445710269678010196 93795.715124657843261957
12.844007718042981026 -2.448561346137990480 0.000000000000000000 0.442710541640821575 32088.286147914175671758
12.187831405048806133 -2.108649213571799130 0.000000000000000000 0.438673150859792249 0.000000000000000000
13.905113391219968477 2.079968759546527490 0.000000000000000000 0.365970656511143466 0.000000000000000000
13.315844451286901418 -0.346261317701432259 0.000000000000000000 0.072226456603349656 308085.000000000000000000
13.401540595575621495 -2.149535999494426974 0.000000000000000000 0.373440646821360744 34989.820793011334899347
