-1.981873326411063507 3.039010962840375640 0.000000000000000000 0.159399655349690333 0.000000000000000000
-4.475758906782401958 3.560867018496368885 0.000000000000000000 0.399524539512564891 344619.876412491139490157
-1.170570091508900124 5.885024608610716079 0.000000000000000000 0.404776865486461745 0.000000000000000000
-0.552115747997045436 2.130324625985588582 0.000000000000000000 0.436742896752001342 423749.000000000000000000
-0.833816433547602598 2.536373849124004209 0.000000000000000000 0.350159186842319503 153503.052850423322524875
-2.219937562849056079 5.289775521339319830 0.000000000000000000 0.249345266536842081 74592.013001487546716817
-2.762736018049808617 1.948188238435963893 0.000000000000000000 0.357268634648020500 0.000000000000000000
-1.400874373047848120 1.949649293030521591 0.000000000000000000 0.377923102865919625 125237.600806825867039151
-3.381926473690762602 2.321490870480946711 0.000000000000000000 0.343623979461186890 429928.000000000000000000
0.068311997070833894 4.827462091906908448 0.000000000000000000 0.446982666939483519 422979.000000000000000000
-0.852968822991180264 6.146511678325233596 0.000000000000000000 0.473574700562730322 429999.000000000000000000
-2.515721543403648397 3.004854927728822567 0.000000000000000000 0.164198535593663597 0.000000000000000000
0.081430443055277579 3.547018708491852745 0.000000000000000000 0.421418339076107318 428956.000000000000000000
-2.938572622816940427 6.273886921502320746 0.000000000000000000 0.441350628202898776 430118.000000000000000000
-1.422767755646867194 4.897700891724162453 0.000000000000000000 0.233196433575685730 0.000000000000000000
-4.260178739030569872 -3.675219510968847025 0.000000000000000000 0.358834874049217822 341467.000000000000000000
-1.450836864263828963 -4.538852973467640162 0.000000000000000000 0.184548188870525876 0.000000000000000000
-2.767475748706966332 -5.943103566473660671 0.000000000000000000 0.376614218762751807 347991.000000000000000000
-2.994114104764139750 -4.325526518018598665 0.000000000000000000 0.152348502246695966 344191.000000000000000000
-3.365606886854811908 -5.751537598098454218 0.000000000000000000 0.385647672369655192 0.000000000000000000
-1.007996712043659260 -4.390014640418302250 0.000000000000000000 0.239954282888501264 0.000000000000000000
-2.483059838726279001 -1.774405683013196677 0.000000000000000000 0.378872340490797210 8293.812051598768448457
-4.511515822391424457 -3.491097993347300754 0.000000000000000000 0.407804467297649464 0.000000000000000000
-2.236900750364490875 -1.266987081555255967 0.000000000000000000 0.467139617325237677 347054.000000000000000000
-1.885940766058735063 -2.429813247006223698 0.000000000000000000 0.268432145212687989 0.000000000000000000
0.372026244182747601 -4.019467503482281323 0.000000000000000000 0.469303271803400091 345213.000000000000000000
-1.637629342200913163 -2.551242790838936347 0.000000000000000000 0.262892160071069081 0.000000000000000000
0.048491768642905268 -3.689014469868444834 0.000000000000000000 0.412650259486915916 0.000000000000000000
-3.220659256765785461 -4.250078202736205846 0.000000000000000000 0.183109067229985212 333499.281287615944165736
-1.318159860319155774 -2.142592069226904705 0.000000000000000000 0.353519632025897812 0.000000000000000000
4.989702365621861091 -2.444765161924863595 0.000000000000000000 0.442391255057272781 0.000000000000000000
5.618068423043786730 0.158963733078701958 0.000000000000000000 0.198759454075942088 385817.000000000000000000
5.894856850660270098 -0.954661764104844490 0.000000000000000000 0.298767077360673261 43287.321771137183532119
2.147536737567978804 0.438900862420604387 0.000000000000000000 0.428941331338219878 0.000000000000000000
6.830412023170834068 -0.871040320517816880 0.000000000000000000 0.440747730456543585 0.000000000000000000
6.057261806694534734 -0.716182424007475671 0.000000000000000000 0.302965312009864540 0.000000000000000000
4.276696503167078944 2.329323372495375466 0.000000000000000000 0.416064363171625151 0.000000000000000000
3.048001509400788400 0.703650642289212480 0.000000000000000000 0.289726814375145969 386863.000000000000000000
3.824262084109689930 2.214261484933964574 0.000000000000000000 0.412333859771148448 0.000000000000000000
2.417463314510277961 -1.141524092555283643 0.000000000000000000 0.425277158978093928 0.000000000000000000
6.075745816334816141 -1.618249162678774722 0.000000000000000000 0.399895426964111900 0.000000000000000000
5.215498487970055663 0.680321166069718264 0.000000000000000000 0.173840939337227413 0.000000000000000000
5.749995934591316527 -0.713575803290084520 0.000000000000000000 0.254082061081262633 385162.000000000000000000
4.713902187292283941 -0.008248127871247596 0.000000000000000000 0.035625845642202905 389268.000000000000000000
5.353773702991550643 1.872333623176433148 0.000000000000000000 0.364574573292561099 0.000000000000000000
10.143854502418603758 10.818121077355682402 0.000000000756086068 0.364783550440859250 425937.000000000000000000
10.809557924835921483 10.700426796036033750 0.000000000725451224 0.352152681386422917 115353.543284919214784168
11.541937101047432535 8.931667470837698630 0.000000000909999180 0.216534566835516779 0.000000000000000000
9.275398115873993987 10.515311583392064065 0.000000000598314877 0.363851882070933996 428122.000000000000000000
12.775637156109056036 9.540007039450138393 0.000000000708642157 0.455510747385996895 421546.000000000000000000
10.067170551942883350 10.522516947480808014 0.000000000894269428 0.315080849648985084 0.000000000000000000
10.941406319206208764 9.226500369899808263 0.000000000407856485 0.135999820455983828 426414.000000000000000000
10.042961052148051238 10.738135861038765384 0.000000000113949428 0.353128902665372058 0.000000000000000000
9.636353781042480193 9.539187900692995825 0.000000000332663096 0.187209914502969393 424972.000000000000000000
9.938504745174807198 6.475649233777298619 0.000000000477715603 0.405070228605506844 427533.000000000000000000
11.426448335339719264 8.793282803053166674 0.000000000746652834 0.193712766602478409 175570.375586804322665557
10.168559677523335338 7.977795448629948716 0.000000000359394274 0.138528050626175986 425552.000000000000000000
8.192910137937662540 8.314525269092213122 0.000000000132877882 0.390306530657164585 247535.017530936049297452
11.118916495231792041 7.797707712018072002 0.000000000225914902 0.216662123275952662 0.000000000000000000
9.572856075221691796 7.127962105535170956 0.000000000341966480 0.315608658539955067 428874.000000000000000000
2.641485540479962868 13.441450970244751772 0.000000000000000000 0.062105022516664714 465478.000000000000000000
0.467756963072084919 13.028157269670963103 0.000000000000000000 0.335599093591642139 30671.806097927255905233
1.065125785320220508 11.224813453718539336 0.000000000000000000 0.429837978945252108 468026.000000000000000000
4.358885647081122805 12.268724580245120137 0.000000000000000000 0.402915198906539762 224027.471555041556712240
3.035140978932247879 13.933495308932746681 0.000000000000000000 0.171091778256174942 463513.000000000000000000
4.258869335345112361 14.516235360485509887 0.000000000000000000 0.407761782798834904 0.000000000000000000
4.131609401055602149 14.360009139553046253 0.000000000000000000 0.373829636740858451 0.000000000000000000
3.075464051679772215 12.194451858875490657 0.000000000000000000 0.233600783884693186 466672.000000000000000000
3.284253307208445882 11.413378971329176892 0.000000000000000000 0.372385159097270324 155359.695554097532294691
4.211199247052951122 11.533316876697501385 0.000000000000000000 0.456165022724845437 464671.000000000000000000
3.686445434996446391 14.378929672825858432 0.000000000000000000 0.310723755558139914 465050.000000000000000000
3.251262668077449014 10.823148533074549604 0.000000000000000000 0.466299665100421534 466732.000000000000000000
3.154118827351185761 11.905858701515617426 0.000000000000000000 0.284430070254806044 469136.000000000000000000
1.068039960583520243 11.264278101601643556 0.000000000000000000 0.423600312891572794 0.000000000000000000
3.277470596702903194 12.539405727644032496 0.000000000000000000 0.213262506982565520 468566.000000000000000000
-6.456120480662998595 14.091582251154500582 0.000000000604556460 0.422987676242324306 202932.100070124055491760
-4.974912452007702157 12.342204231339614751 0.000000000657920177 0.332167121119022524 0.000000000000000000
-7.805865596175562970 10.332916238633753636 0.000000000024212704 0.310845924035338839 870120.000000000000000000
-7.769465506638233876 12.457424824532623120 0.000000000839538376 0.226337966769353000 0.000000000000000000
-6.306374309515900833 13.653847843627477943 0.000000000713733662 0.350985969831701494 877370.000000000000000000
-5.525901090296721385 12.428666494965410649 0.000000000410956538 0.249142139840615423 867976.000000000000000000
-7.111618235471145688 14.103129021813508359 0.000000000680492584 0.427250389097921346 0.000000000000000000
-4.354440202227074508 11.766065789803768382 0.000000000394706609 0.423882364580925763 871715.000000000000000000
-5.500813792906289912 10.396206150972567173 0.000000000857379890 0.321091479895006249 0.000000000000000000
-8.556272352048919672 10.307057834803512009 0.000000000497201461 0.409672756354385437 873258.000000000000000000
-5.393352936514279605 12.339502167607163230 0.000000000777484349 0.262803638138525419 0.000000000000000000
-5.326212685431785054 9.580601217180369389 0.000000000640592735 0.454294846696101873 870402.000000000000000000
-7.168810806686659376 10.714757396791275923 0.000000000332366148 0.193897383746068935 285787.772517942881677300
-5.254669753635769602 10.300622374968218864 0.000000000585141255 0.364050082491661930 876241.000000000000000000
-9.177427066851196358 11.264373292653377945 0.000000000225215970 0.443077727234127861 867903.000000000000000000
-13.685444145621513456 3.234236639363647026 0.000000000000000000 0.304749146781403468 549378.000000000000000000
-11.565679421954660810 5.286590280124569219 0.000000000000000000 0.230339748210207501 0.000000000000000000
-10.797275748991971511 5.694857806736104422 0.000000000000000000 0.384776000086018588 550633.000000000000000000
-14.272639825989569928 6.655509499190020328 0.000000000000000000 0.441214420435743715 0.000000000000000000
-13.101942205141686060 5.008551149802636715 0.000000000000000000 0.089950138017236753 0.000000000000000000
-13.829094101466575140 5.653725696516481491 0.000000000000000000 0.261139295179244668 545287.000000000000000000
-14.564342022099944884 5.288977549134076916 0.000000000000000000 0.346512819943713191 0.000000000000000000
-12.603106556766300983 3.974770862097600777 0.000000000000000000 0.123977301173788274 549144.000000000000000000
-10.593128034728060527 3.564297816756944570 0.000000000000000000 0.424984077614013911 0.000000000000000000
-14.147662089017988052 2.490276519286383383 0.000000000000000000 0.457506571137059004 0.000000000000000000
-14.767591219564005556 4.878914287261056693 0.000000000000000000 0.367856546614769908 192765.571582997421501204
-12.455000578821776358 7.381799661020292724 0.000000000000000000 0.472477581147757675 225947.794985327695030719
-11.302841343017881570 3.585806591476953908 0.000000000000000000 0.315416722053031395 0.000000000000000000
-13.809838682552724620 4.118500857358087686 0.000000000000000000 0.218324682599182779 551718.000000000000000000
-11.306211194014187171 5.690670154979508233 0.000000000000000000 0.306624756908535134 0.000000000000000000
-14.468617998622214316 -2.702798086593551030 0.000000000000000000 0.463770817772915234 376658.862881846434902400
-12.183879085360766581 -4.576474591833282091 0.000000000000000000 0.095997094581654244 385765.000000000000000000
-12.476273818377832114 -5.680534408864255091 0.000000000000000000 0.179337513647718605 0.000000000000000000
-10.322771319378801991 -4.883991307957930239 0.000000000000000000 0.427552549642868207 301476.019488413410726935
-12.834552908203379573 -4.664914605403382097 0.000000000000000000 0.021782179551031747 207511.123046687192982063
-14.188150121323340969 -6.460766317347759191 0.000000000000000000 0.405676173090400827 0.000000000000000000
-13.456091537583786177 -2.078903410511546479 0.000000000000000000 0.470368065809433133 0.000000000000000000
-12.016500116914286878 -5.963749614031093493 0.000000000000000000 0.255903360696044802 386888.000000000000000000
-10.174827482910441034 -5.234457050527486999 0.000000000000000000 0.462708019435755624 383392.000000000000000000
-14.532079060788779756 -5.143757957217493626 0.000000000000000000 0.334102195721449891 40643.696315868772217073
-13.154386007921837987 -6.761564773072019641 0.000000000000000000 0.370308418222915936 387733.000000000000000000
-11.607248268529627211 -4.998392456882147172 0.000000000000000000 0.204843800186844560 0.000000000000000000
-12.019657849971514096 -2.350062423084923857 0.000000000000000000 0.423834153446242590 384400.000000000000000000
-13.884252601347077061 -3.900548963573083672 0.000000000000000000 0.248599263911237600 387975.000000000000000000
-12.008581963936824977 -3.574906310132349052 0.000000000000000000 0.229571467563198073 100866.517399976219167002
-6.307510230919761263 -12.190751517747344224 0.000000000650576737 0.112803657147794736 0.000000000000000000
-5.729874689464302229 -13.712782574757589771 0.000000000446930744 0.395908377134437106 0.000000000000000000
-7.861602450431584899 -11.091406098955655324 0.000000000200672464 0.229789289030531418 0.000000000000000000
-5.042536954998658949 -12.424209773890929398 0.000000000637889291 0.326120380521071229 0.000000000000000000
-6.954397296567653264 -10.322896134769210974 0.000000000703247012 0.250143428186072880 0.000000000000000000
-6.767382371262491425 -12.183067740890049180 0.000000000526045197 0.082441508491728585 0.000000000000000000
-6.830499651983291898 -9.981151223019875118 0.000000000163641918 0.308001626784065674 0.000000000000000000
-7.022203387642369066 -12.490318771411999421 0.000000000169942396 0.145995450707520513 0.000000000000000000
-5.428140475878231008 -9.617277567440257968 0.000000000143442769 0.438979427546624446 0.000000000000000000
-5.752924561214633137 -12.885723414707502599 0.000000000266856171 0.270612198799451198 0.000000000000000000
-5.413533047010715471 -12.311741338963026138 0.000000000317816318 0.257493982984668524 0.000000000000000000
-8.462379331289390905 -9.673311389310438102 0.000000000165595169 0.474974406997239362 0.000000000000000000
-6.719961066335343958 -9.460293798579503033 0.000000000185601483 0.399726124600346844 0.000000000000000000
-5.915817943692658787 -14.031229882813400778 0.000000000751178940 0.434722316659896080 0.000000000000000000
-8.448570082361172240 -10.488925339512775281 0.000000000249374202 0.375166173821754934 0.000000000000000000
1.920366965708089291 -13.403698662245247419 0.000000000000000000 0.077172354607953325 831313.000000000000000000
4.321903267512325897 -14.354776215940368900 0.000000000000000000 0.402809469690626865 832049.000000000000000000
3.311794747464215760 -13.947324853317745408 0.000000000000000000 0.211183721023145532 828332.000000000000000000
4.885948650618173517 -12.493798218090049090 0.000000000000000000 0.475566584578114071 0.000000000000000000
2.683972002132094747 -15.039272403901078334 0.000000000000000000 0.319950522738080889 0.000000000000000000
1.576723384677674478 -14.407479848904760189 0.000000000000000000 0.242485642328765932 835526.000000000000000000
2.215283320634375830 -13.895919181960952216 0.000000000000000000 0.112296542451729264 833560.000000000000000000
0.109534081995503518 -11.863824041122946085 0.000000000000000000 0.469642076958049715 832529.000000000000000000
-0.032878668943538913 -13.551502502557227103 0.000000000000000000 0.424704910023439686 830696.000000000000000000
0.785947971349401309 -12.905434083579919502 0.000000000000000000 0.283777388721563550 833650.000000000000000000
1.670875638599914614 -15.319753367866244531 0.000000000000000000 0.382610021080355800 834753.000000000000000000
2.881724981069101243 -12.322090772594890495 0.000000000000000000 0.195972671663151660 829751.000000000000000000
1.238210542423284100 -12.203652021212079148 0.000000000000000000 0.273318595194674052 828525.000000000000000000
0.288267408583430085 -14.872079788302402292 0.000000000000000000 0.462321033556699956 835881.000000000000000000
1.904338569330989550 -15.123463244387322035 0.000000000000000000 0.337712703126876901 828145.000000000000000000
7.873100116607211874 -8.347860324062894577 0.000000000000000000 0.445376929118000420 916443.000000000000000000
10.982071913914881023 -8.996518674332847354 0.000000000000000000 0.122349674219791663 916129.000000000000000000
9.728224291777141985 -6.883477601265461487 0.000000000000000000 0.344962409563786931 0.000000000000000000
10.876431195960455156 -10.235419030904086668 0.000000000000000000 0.277543182003891276 0.000000000000000000
11.580985503037867446 -7.469711201125053712 0.000000000000000000 0.314506350890622510 52410.831085571269795764
10.601021325217892866 -10.323048781071058499 0.000000000000000000 0.279943056009661351 917500.000000000000000000
10.743754908303584372 -10.749180269649716735 0.000000000000000000 0.357954557715850497 914607.000000000000000000
12.183070892741191926 -8.377290739467984082 0.000000000000000000 0.334739248546457147 734511.437035814276896417
10.288435690038518544 -9.267724076933376409 0.000000000000000000 0.091618407245292327 0.000000000000000000
11.010690044333992788 -8.821008032567782209 0.000000000000000000 0.120126070684637959 915221.000000000000000000
11.850311457745030808 -10.317986167485646121 0.000000000000000000 0.384463140989352414 912703.000000000000000000
9.659836302593630464 -9.052846368454570580 0.000000000000000000 0.132620111665206764 913709.000000000000000000
12.391585232085466473 -10.119056969301063020 0.000000000000000000 0.437066093086684537 854516.465638572699390352
10.835796831181273348 -8.674404918190880664 0.000000000000000000 0.089205210349725353 515324.846876786148641258
11.410729152902090888 -11.173121629689772405 0.000000000000000000 0.465348469955813859 916456.000000000000000000
14.390978995232408977 0.920955010915695205 0.000000000000000000 0.219850811762273834 0.000000000000000000
13.430422280034838067 -2.165192183216662514 0.000000000000000000 0.375820525643645653 0.000000000000000000
11.393457909839080244 -1.285598865124404133 0.000000000000000000 0.443379134549766407 216772.362813222745899111
12.145496228726365473 -1.458918751330064101 0.000000000000000000 0.355193954709419668 0.000000000000000000
15.907330238410791523 0.870763876287138028 0.000000000000000000 0.447699311584406956 0.000000000000000000
14.440323684102212454 -1.927228497355011116 0.000000000000000000 0.369875107392714952 302296.000000000000000000
11.815714550988024811 -0.569531952553681053 0.000000000000000000 0.323099927794217423 0.000000000000000000
13.073837333333905519 0.848380770645392079 0.000000000000000000 0.169104840121048094 0.000000000000000000
11.959392686633698588 -0.916549486590065965 0.000000000000000000 0.323847756638537820 0.000000000000000000
11.728135770509096503 1.881797923628678371 0.000000000000000000 0.459920310332841697 0.000000000000000000
13.749678950584367954 -0.316451015496580723 0.000000000000000000 0.066240858175902126 308994.000000000000000000
12.149869639957431744 1.109345476575446465 0.000000000000000000 0.314107544654418980 305656.000000000000000000
11.872497808333058344 1.761323439942968250 0.000000000000000000 0.426893745639254252 91250.344271030393429101
14.081344543586180151 -0.443267393720172154 0.000000000000000000 0.123139266447060025 300304.000000000000000000
14.572830892086674481 1.982718990940142811 0.000000000000000000 0.389047220730990406 303670.000000000000000000
