-1.128493654938603541 5.524293744384946692 0.000000000000000000 0.353942259621154831 0.000000000000000000
-1.206633555294212234 4.025676448980319400 0.000000000000000000 0.188968778249367336 0.000000000000000000
-2.390626113508467654 6.310630028038439754 0.000000000000000000 0.431648223815664034 0.000000000000000000
-2.864631339980587388 5.847555605249686650 0.000000000000000000 0.364864419824258601 423892.000000000000000000
-3.261897784834730363 3.515412943217211872 0.000000000000000000 0.190920514605579961 0.000000000000000000
-2.907207580963896199 4.717132994198853346 0.000000000000000000 0.187235719793716032 421927.000000000000000000
-3.205392261953931676 2.504577817483216950 0.000000000000000000 0.298897352631586399 0.000000000000000000
-3.065279945731943734 2.732770024073712278 0.000000000000000000 0.251294912772416557 0.000000000000000000
-2.508389925744798354 3.255072300832549725 0.000000000000000000 0.121570071700958057 61456.025772206201509107
-2.055679487816783446 1.251040895488743976 0.000000000000000000 0.471374882036142917 422251.000000000000000000
-2.519003971969727917 6.317182625388904960 0.000000000000000000 0.434640815961025939 425637.000000000000000000
-4.162331231655383768 3.408354899673991412 0.000000000000000000 0.350015553141081515 0.000000000000000000
-1.925616204499783768 4.940850576994732180 0.000000000000000000 0.196296658102739829 427756.000000000000000000
0.114147941917988799 2.948229506158845936 0.000000000000000000 0.454875680883260525 27181.079781590851780493
-2.527389912895282809 2.113632968263492895 0.000000000000000000 0.319960873565987292 423930.000000000000000000
-3.274566037676947872 -5.200919466492784693 0.000000000000000000 0.295385955484777862 0.000000000000000000
-4.857522316644716120 -3.769077205946553821 0.000000000000000000 0.463731361054539326 344268.000000000000000000
0.002152901455018478 -3.361278925034469456 0.000000000000000000 0.413707504952310623 0.000000000000000000
-3.642550276624049843 -2.839635904509336672 0.000000000000000000 0.309567541009111102 0.000000000000000000
-2.048290615284763305 -2.037250518183241876 0.000000000000000000 0.332112573535122135 346763.000000000000000000
-1.099335737219975906 -3.986740650316810353 0.000000000000000000 0.207258581796576774 347925.000000000000000000
-3.710273988488905772 -2.073091698748264822 0.000000000000000000 0.414182212921477944 340666.000000000000000000
-3.647384339522663055 -4.108983696668419228 0.000000000000000000 0.250629648833848806 347271.000000000000000000
-0.639560943079756972 -5.440408554045808920 0.000000000000000000 0.399361088053518498 349820.000000000000000000
-3.094853298385206841 -4.904950633314673958 0.000000000000000000 0.234246935513900328 74955.551251843746285886
-2.411040605314339391 -1.791626716501133476 0.000000000000000000 0.374682491386364613 341480.000000000000000000
-2.242287401721228424 -2.285741857188803294 0.000000000000000000 0.285743242657283625 0.000000000000000000
-3.049670364274019274 -5.932289336983203043 0.000000000000000000 0.389949764928399667 0.000000000000000000
-1.316075748993395633 -4.305416750061824338 0.000000000000000000 0.183485749948207516 348232.000000000000000000
-0.531435492026055334 -5.027300327643472677 0.000000000000000000 0.368439880619621574 0.000000000000000000
4.990697013298045270 1.281739003519929865 0.000000000000000000 0.242982048133594530 382373.000000000000000000
2.672852718158971186 -0.687352247894848389 0.000000000000000000 0.350198366704429942 0.000000000000000000
4.490907120954324760 -1.140468677938649922 0.000000000000000000 0.202680824896532719 383666.000000000000000000
5.460795467459695018 -0.607287443955148776 0.000000000000000000 0.200227686512700842 0.000000000000000000
2.641569510946846222 -1.264656921813470669 0.000000000000000000 0.402460488844273878 0.000000000000000000
3.392042284849592360 1.945522137984434297 0.000000000000000000 0.399549863391989946 384715.000000000000000000
2.657479581719423223 -0.419523241816420756 0.000000000000000000 0.339215549991191967 387522.000000000000000000
5.898569663695216292 2.112803959954307587 0.000000000000000000 0.448861530244779317 0.000000000000000000
5.132125288549230113 1.042923511842790862 0.000000000000000000 0.215491517835014079 389565.000000000000000000
3.464808515476567763 2.077191513259248890 0.000000000000000000 0.413945119560170882 0.000000000000000000
6.976321512214370024 0.076122261077396447 0.000000000000000000 0.439006490152656637 380914.000000000000000000
5.540544757035222645 -1.408747603462789044 0.000000000000000000 0.309861311479230239 0.000000000000000000
5.242467208665201106 -2.513352467428921599 0.000000000000000000 0.464780930394637803 114988.958896696523879655
3.549412020682934266 -0.396679181607928921 0.000000000000000000 0.185852510699689027 385856.000000000000000000
5.099812666719695464 0.886874094866846097 0.000000000000000000 0.188956004931404992 0.000000000000000000
10.304257905515072480 9.904714160137471524 0.000000000308632132 0.202947823075620926 427668.000000000000000000
8.670402797661271421 7.730771388894441820 0.000000000147972580 0.347261694657208242 398417.054935252643190324
8.673540383086272954 6.645385847814420544 0.000000000338323047 0.474197945406098109 425948.000000000000000000
10.296875794443968388 9.116885624067078808 0.000000000888882964 0.065160288379347273 391036.145820849924348295
11.814741848156163684 10.518951180641021637 0.000000000545756436 0.406187125733075194 307460.403722400893457234
9.354338868424777687 8.714069089834941551 0.000000000024492243 0.175896706372546369 423971.000000000000000000
11.021235253178023328 9.531754946140003071 0.000000000166256765 0.183209456324303549 0.000000000000000000
11.854142833130643098 9.463650785893950257 0.000000000531499218 0.297405590279992971 0.000000000000000000
8.362749903490183101 10.010276383470060324 0.000000000491474343 0.416580172355749845 0.000000000000000000
8.446962175746383750 7.987112695930766115 0.000000000019185630 0.363060869743393411 422455.000000000000000000
9.641486571529091165 7.081657571422661057 0.000000000265343723 0.317934876658301890 0.000000000000000000
8.372391352627849059 9.975029994844145875 0.000000000504565974 0.411845431915103866 430210.000000000000000000
8.840992801644787846 10.374912674724960482 0.000000000387168755 0.391385701946251885 0.000000000000000000
8.607520416006726904 8.233583903787927483 0.000000000752161595 0.321863974248989271 422636.000000000000000000
7.784118564943681484 8.485385048910401906 0.000000000739814040 0.457970179767300534 179333.676406224869424477
1.149206875464659383 15.254642373778109388 0.000000000000000000 0.410785447661383529 470066.000000000000000000
0.688767746291801264 15.136378343661904822 0.000000000000000000 0.442443355153745055 0.000000000000000000
1.829930853899247367 11.173579922250542751 0.000000000000000000 0.385203636822820716 0.000000000000000000
3.302654340269087996 14.202350282966648365 0.000000000000000000 0.238605259829543309 467347.000000000000000000
2.377863345228386827 12.178918966456327766 0.000000000000000000 0.195646186412976403 0.000000000000000000
4.165271661209279053 12.495601896892409854 0.000000000000000000 0.354673190813480976 0.000000000000000000
0.850230201685998277 11.278936762876664801 0.000000000000000000 0.443403982873467384 466988.000000000000000000
1.163026825768019190 15.082017321262821241 0.000000000000000000 0.383393507090998398 382057.504548052442260087
1.048534725438618365 14.906853214574081079 0.000000000000000000 0.369914974682523656 0.000000000000000000
0.776078935709367479 12.574916579234470149 0.000000000000000000 0.304563616059777165 0.000000000000000000
1.961380390862708101 14.609656718996435032 0.000000000000000000 0.246527091329420939 278450.710856904217507690
3.167067503445114340 11.520241408753040702 0.000000000000000000 0.346109304376015947 0.000000000000000000
2.238345634206950763 12.542520409321220143 0.000000000000000000 0.131865971180138319 0.000000000000000000
1.112032842813990507 12.647573632783359443 0.000000000000000000 0.244986935769526598 0.000000000000000000
1.450186426457240385 15.397283896001363601 0.000000000000000000 0.409258341798870939 234437.710849870025413111
-4.489808476711088403 13.074251891735674036 0.000000000181218772 0.466406083345003719 868263.000000000000000000
-5.853506452524559478 10.617272323002195478 0.000000000864137057 0.250214114526670195 422158.610549861041363329
-6.155552985568306212 9.296076941458368381 0.000000000823902549 0.441164441631770599 0.000000000000000000
-6.219404328756809264 9.593916315246495685 0.000000000503775455 0.387207526320030138 0.000000000000000000
-7.942292765820549327 12.526691131522452949 0.000000000405872912 0.258661758088891636 877220.000000000000000000
-7.834682569801163510 13.833282251599159807 0.000000000828619944 0.422308649868235131 872685.000000000000000000
-7.742316857859622203 13.457637212929160597 0.000000000267720545 0.356277231977275455 595334.584841916454024613
-7.232931196888995551 13.908898254540590145 0.000000000402546432 0.397598471286805422 874335.000000000000000000
-7.519655707472131745 13.162349518182214325 0.000000000679848724 0.291340339298624629 871070.000000000000000000
-4.894205234624627643 11.259445645990902918 0.000000000411923494 0.337578403383824333 870457.000000000000000000
-8.070317636212728019 12.416262505901974222 0.000000000575846956 0.268454001071424087 0.000000000000000000
-5.137424553777458769 11.150393832190676591 0.000000000880946616 0.301588650392788149 34954.125433935725595802
-5.882830968188026866 14.046650996532399347 0.000000000366408588 0.439299846734139687 871808.000000000000000000
-8.746093955435382483 13.055328699579485274 0.000000000194707985 0.429559024578781201 869820.000000000000000000
-5.093753538428918759 9.768857772858732247 0.000000000816219006 0.452483656360543496 98064.936334731581155211
-12.457316299211994348 4.736589174160223514 0.000000000000000000 0.046696217671213715 0.000000000000000000
-11.033635385332813073 5.798260786960612201 0.000000000000000000 0.357422501676724180 552851.000000000000000000
-10.657073478576201353 4.475307587777072271 0.000000000000000000 0.368184409951499592 549448.000000000000000000
-13.319968610847002566 6.893738727472486616 0.000000000000000000 0.399606638385406887 548138.000000000000000000
-10.228634938777206642 4.342189607957198660 0.000000000000000000 0.446701934480566665 547457.000000000000000000
-15.268458670198562288 4.062583159679852507 0.000000000000000000 0.467776988025013163 0.000000000000000000
-14.085614963137787825 5.797812366975193754 0.000000000000000000 0.312277814057990433 0.000000000000000000
-13.533603762154596595 4.732975209923107940 0.000000000000000000 0.146567461947398198 551490.000000000000000000
-10.662211863228943542 3.930693488943352687 0.000000000000000000 0.388160673711232806 547292.000000000000000000
-10.160132766084659650 5.355972665445520420 0.000000000000000000 0.470155919901791286 481019.818596583034377545
-12.876949125599232104 4.617247099748874817 0.000000000000000000 0.031096494976687813 0.000000000000000000
-11.293994934859217238 3.535525726192144891 0.000000000000000000 0.322026172006242950 0.000000000000000000
-12.364856604573020604 3.622117248286853108 0.000000000000000000 0.194032330903625538 0.000000000000000000
-12.507929276202903068 2.812706647909751556 0.000000000000000000 0.326627074304871923 550802.000000000000000000
-14.315993606364362023 5.139209714925672579 0.000000000000000000 0.296666333789950887 0.000000000000000000
-10.771912034812151759 -3.405473896484796370 0.000000000000000000 0.411181449874331306 385755.000000000000000000
-13.216524381428312651 -4.641265895246267981 0.000000000000000000 0.089975765131384583 381569.000000000000000000
-14.770058900864263762 -3.852346468246788724 0.000000000000000000 0.393575232363181371 0.000000000000000000
-11.893952998799351306 -2.963186145209339983 0.000000000000000000 0.332517290177863856 0.000000000000000000
-12.642601220497526882 -3.394737701582444700 0.000000000000000000 0.223631445544965057 388749.000000000000000000
-10.735401337603816430 -5.947720179971210719 0.000000000000000000 0.416302149535712818 0.000000000000000000
-11.481536789114793251 -2.668948016033862114 0.000000000000000000 0.413348215946795883 0.000000000000000000
-14.467126843252115620 -3.488693989258742523 0.000000000000000000 0.374507268177835528 0.000000000000000000
-12.879214730897409424 -5.781855721926334013 0.000000000000000000 0.194046089558472468 0.000000000000000000
-13.458271523982785922 -2.544497368036866991 0.000000000000000000 0.393607551671215472 386591.000000000000000000
-11.410258189520282812 -3.631316159153593848 0.000000000000000000 0.295391596314835359 384437.000000000000000000
-13.059355345035475793 -5.466675588356930682 0.000000000000000000 0.150206222665531103 386150.000000000000000000
-11.662053977923902082 -5.635620573513939746 0.000000000000000000 0.250801130361438918 0.000000000000000000
-11.630280725360334415 -3.513405508638616670 0.000000000000000000 0.280130546282865600 385959.000000000000000000
-11.256641866492918425 -3.932852247491622766 0.000000000000000000 0.290353922165161649 0.000000000000000000
-7.426380880176250976 -11.230165863388844372 0.000000000767251740 0.150880615768395954 0.000000000000000000
-7.924627072028454400 -12.390980493351868574 0.000000000060527210 0.243476856462371466 0.000000000000000000
-7.697426411359931997 -12.470442844677350536 0.000000000160421639 0.217385994177383163 0.000000000000000000
-7.171887681307487661 -13.681178526698424491 0.000000000915143686 0.355931759083234378 0.000000000000000000
-8.189664967273055041 -13.950930025917145372 0.000000000885102798 0.472281934154620275 0.000000000000000000
-8.462335216626613033 -12.533096548210391319 0.000000000638104762 0.340246363414408060 0.000000000000000000
-6.326377950480817525 -9.918456197913949168 0.000000000160474238 0.326871558174009147 0.000000000000000000
-7.708006615871334510 -11.749053169910940397 0.000000000480017274 0.173972657158172617 0.000000000000000000
-8.715705566861874587 -13.191896516779539894 0.000000000815412983 0.438900114445056833 0.000000000000000000
-4.776008528597694536 -12.183513678073929043 0.000000000592566632 0.358288055844049103 0.000000000000000000
-5.589592304372822618 -12.459354603369682479 0.000000000069255309 0.242311613817725285 0.000000000000000000
-8.490312119415204251 -13.490657862817460710 0.000000000408457310 0.442875468328243205 0.000000000000000000
-4.362585915237749745 -11.218862285640561538 0.000000000245824072 0.431548396358228448 0.000000000000000000
-6.355774910533786404 -13.278300717689067056 0.000000000630981662 0.284208578077362217 0.000000000000000000
-5.833979402143351756 -11.394600830833338634 0.000000000490110844 0.170108365813089385 0.000000000000000000
0.530315348101110695 -14.066328521650696359 0.000000000000000000 0.350942153502976417 829899.000000000000000000
1.405490360749495737 -11.308994240695408706 0.000000000000000000 0.387617344463944635 0.000000000000000000
1.588548561447537200 -12.732858651659679339 0.000000000000000000 0.164477556185933071 226737.744567940564593300
3.848103390180413808 -13.691268075814910787 0.000000000000000000 0.279693667937655543 836101.000000000000000000
3.097975985055303916 -15.385239554797541572 0.000000000000000000 0.399259699878327545 831287.000000000000000000
4.828360611788967915 -13.365262100198028961 0.000000000000000000 0.444749100772761530 0.000000000000000000
2.460162821747122752 -15.129784276175655577 0.000000000000000000 0.330727744835500326 0.000000000000000000
0.205765679305440402 -12.289832503453686385 0.000000000000000000 0.418110856756522598 832262.000000000000000000
2.179046244331092286 -10.719937515589204935 0.000000000000000000 0.456136422067699387 0.000000000000000000
2.566172190122292918 -14.259292891577294071 0.000000000000000000 0.179774837812251259 0.000000000000000000
0.281860203446242352 -12.196834459480827562 0.000000000000000000 0.413294853498272108 829007.000000000000000000
3.291062802035895185 -12.708092071515213917 0.000000000000000000 0.198294188619126621 832478.000000000000000000
1.332959460917393146 -13.259069335152487312 0.000000000000000000 0.178502899778444607 828132.000000000000000000
2.202651864252396230 -14.392685294991920841 0.000000000000000000 0.200121322637748872 0.000000000000000000
1.904396630064026930 -12.400117624328661492 0.000000000000000000 0.173919041856973683 592577.117987152305431664
10.632229848520577065 -8.503802663110061388 0.000000000000000000 0.067334407034454771 808294.127144581056199968
11.439593640074962266 -9.334833429155592555 0.000000000000000000 0.221189755042947356 918337.000000000000000000
8.772036140542272875 -7.851848671266719926 0.000000000000000000 0.320889977569006168 914070.000000000000000000
10.639219201839079432 -8.053478424074702602 0.000000000000000000 0.132854563934748204 914122.000000000000000000
11.535753212736109319 -8.779624604489191242 0.000000000000000000 0.213105098132095161 0.000000000000000000
12.187104260358754715 -7.161479019411515878 0.000000000000000000 0.430370271666541959 0.000000000000000000
9.231602793898144199 -10.335428359476885873 0.000000000000000000 0.341776303486699295 912636.000000000000000000
10.887667214440412522 -8.900039860337326303 0.000000000000000000 0.101087756026175951 0.000000000000000000
8.916150168817440047 -10.828752076587932152 0.000000000000000000 0.445118972802177382 0.000000000000000000
10.635096498371007456 -6.229230053837505388 0.000000000000000000 0.444531090528244466 0.000000000000000000
8.563436114025119394 -8.564107733835758296 0.000000000000000000 0.318402137986701805 911345.000000000000000000
10.585732426023101382 -7.827533357043595430 0.000000000000000000 0.167151639777757682 0.000000000000000000
8.659164702166117777 -8.322925537834176879 0.000000000000000000 0.308869563338910913 911850.000000000000000000
11.818454979022337881 -7.955501388899774540 0.000000000000000000 0.297665546730722708 914192.000000000000000000
9.428595205461375528 -8.876844187258516428 0.000000000000000000 0.164127770994012517 0.000000000000000000
14.383278683983879986 -0.781238486265985022 0.000000000000000000 0.202000790416045684 103984.725366021768422797
12.152393322948878307 -0.269116483391205918 0.000000000000000000 0.251919113520457427 304005.000000000000000000
13.606607030388369495 -0.055524299381281575 0.000000000000000000 0.015132818785329433 0.000000000000000000
11.353020914610764791 1.177268122722501920 0.000000000000000000 0.440546829165657128 0.000000000000000000
15.163571676256408338 -1.861636799578698653 0.000000000000000000 0.432414634346898030 0.000000000000000000
14.096646398849918214 -1.757015773360164124 0.000000000000000000 0.319846767452732939 0.000000000000000000
12.765750526388432107 -1.520234598682088434 0.000000000000000000 0.297876289408039785 0.000000000000000000
12.511273691701109811 -1.854313489936242343 0.000000000000000000 0.370661057998862453 46841.895833633687288966
12.923765976929315613 0.375808805452487460 0.000000000000000000 0.127914581615084649 0.000000000000000000
11.057982992732384275 -0.262119390480069159 0.000000000000000000 0.444934646912752918 0.000000000000000000
15.983102029663479371 -0.715802569806197275 0.000000000000000000 0.452436835587166963 309434.000000000000000000
11.332332427613392767 -0.238808214202593738 0.000000000000000000 0.395884692879445499 302445.000000000000000000
14.690827224158928388 -1.161511772030483725 0.000000000000000000 0.286919447368523872 308750.000000000000000000
14.559572294068642506 -0.052632283437599348 0.000000000000000000 0.181786196296875813 302123.000000000000000000
12.474184678437264751 -1.249075171159722553 0.000000000000000000 0.288492681920162308 0.000000000000000000
