-2.651320834043379371 2.527614757598835915 0.000000000000000000 0.252534444435597305 0.000000000000000000
-2.954121258984381715 4.623270109423695651 0.000000000000000000 0.180052727993329165 423716.000000000000000000
-4.661950081341648122 3.083125061043416437 0.000000000000000000 0.451793484734258899 427443.000000000000000000
-1.420628168312627837 3.858259202166885338 0.000000000000000000 0.149390664050003674 0.000000000000000000
-0.709980913723997742 4.439365360402462990 0.000000000000000000 0.292763928383622141 0.000000000000000000
-0.152786056961808608 2.418949368330646443 0.000000000000000000 0.457701509038321241 191154.139158713922370225
-3.907906867361350844 1.865441682679206625 0.000000000000000000 0.465025999699978487 429689.000000000000000000
-1.174347833248633899 4.372902925971541954 0.000000000000000000 0.211450050018327479 425705.000000000000000000
-4.011056870040833111 3.796506469792741090 0.000000000000000000 0.312840997570921930 0.000000000000000000
-3.916364569382162930 3.890458679949849952 0.000000000000000000 0.295521629755858439 0.000000000000000000
-3.426772353881780475 6.118450904868539375 0.000000000000000000 0.447961710374904065 430734.000000000000000000
-2.940346194654668732 6.190420492774271644 0.000000000000000000 0.427174635299313155 0.000000000000000000
-2.222088701632097596 3.278866938472188686 0.000000000000000000 0.109062229295762703 0.000000000000000000
0.389824525838345093 4.232816537870909279 0.000000000000000000 0.475840285159558174 421789.000000000000000000
-1.537046379192632317 4.314379473329552184 0.000000000000000000 0.149098521656368527 431236.000000000000000000
-2.123057970370201719 -2.243659189351483896 0.000000000000000000 0.294222188571293952 340641.000000000000000000
-1.379552259198961961 -5.555486905640148798 0.000000000000000000 0.335435060846911326 341733.000000000000000000
-1.810872080720723920 -6.501785104742778820 0.000000000000000000 0.471903349416137430 186619.499130109412362799
-1.465664842193576289 -3.419277461235519677 0.000000000000000000 0.164285077359152543 0.000000000000000000
-4.779729390793531429 -4.494813358085504085 0.000000000000000000 0.462056327033896652 0.000000000000000000
-3.348153699648812154 -6.325238962560552736 0.000000000000000000 0.474961806121144414 346047.000000000000000000
-3.158232055991615272 -1.834811175792956162 0.000000000000000000 0.399503343794944621 0.000000000000000000
-1.010866798424925550 -6.154088622754252391 0.000000000000000000 0.460488659850314341 341733.000000000000000000
-4.237717259241053469 -5.079632438096846059 0.000000000000000000 0.411388604764603039 253081.469898532028310001
-2.155010359573449552 -3.866773799901950692 0.000000000000000000 0.018861344645819244 349019.000000000000000000
-2.119084521123039355 -5.637444688171830087 0.000000000000000000 0.312159325783133934 343597.000000000000000000
-4.605110935934161098 -4.819563529493046339 0.000000000000000000 0.449737306970342532 0.000000000000000000
-1.135164510944273175 -4.917908637689254014 0.000000000000000000 0.271257936466960337 345677.000000000000000000
-4.125944779108565719 -2.272850001427901834 0.000000000000000000 0.440007525579859449 0.000000000000000000
-4.148233750792281960 -5.534376256757855828 0.000000000000000000 0.446135213272370545 345982.000000000000000000
5.370400806880945233 1.716916468999335699 0.000000000000000000 0.340914381172949532 101281.106417419781791978
2.985113922361052996 -1.759142686050240822 0.000000000000000000 0.414876270792310820 0.000000000000000000
4.909783164737574701 0.889623515884665261 0.000000000000000000 0.173038726867625003 0.000000000000000000
4.921869375036012073 -1.589460304770556665 0.000000000000000000 0.291523287415392518 386848.000000000000000000
2.971699364689567524 0.852448853358031999 0.000000000000000000 0.313937116532816474 0.000000000000000000
2.431658306744566289 1.011041294390606859 0.000000000000000000 0.412420475655064067 389073.000000000000000000
5.951599252949978158 0.081023408637755950 0.000000000000000000 0.256591747610013854 0.000000000000000000
4.249875015242492005 2.490113260765963954 0.000000000000000000 0.444979814962805309 386652.000000000000000000
3.920967463599130731 -1.259887978230508576 0.000000000000000000 0.247642202461751448 385371.000000000000000000
4.695609018607845186 -0.698464532950788475 0.000000000000000000 0.128230881612115100 0.000000000000000000
6.643682512983936306 -1.368463573083176676 0.000000000000000000 0.450489625608368804 383092.000000000000000000
6.133933798822289951 0.546883533472622418 0.000000000000000000 0.304557505746849533 388261.000000000000000000
4.033137401593563709 1.675353179949411908 0.000000000000000000 0.309855542526080496 388161.000000000000000000
6.107076111374638572 1.675092679700707965 0.000000000000000000 0.411028342039565453 0.000000000000000000
4.437843029925775618 1.000038350683163602 0.000000000000000000 0.178214183500062406 386771.000000000000000000
10.121887915228606758 9.517530038966798500 0.000000000800530404 0.140504461432173516 214561.266591951192822307
10.421428843988012503 7.416628349569196033 0.000000000110352699 0.233866563289673063 0.000000000000000000
11.261705552086970883 7.093976329423296256 0.000000000262460132 0.332888105201202988 427664.000000000000000000
11.779517915936944306 9.185394885568623380 0.000000000487105345 0.267651288988896729 422904.000000000000000000
10.177409629968472871 6.872807718614288852 0.000000000289729213 0.330169735170288581 0.000000000000000000
10.001014775218163066 7.913919103518693987 0.000000000812090342 0.158357585973702836 429390.000000000000000000
11.169487657195229957 10.310643304509580886 0.000000000206452244 0.310973437015371945 423195.000000000000000000
10.458848886166943970 11.061747611038518002 0.000000000001284788 0.406164147405130294 425870.000000000000000000
10.651956309082740049 9.561871899632505389 0.000000000308950409 0.153061565262078314 427205.000000000000000000
10.530620653039761692 8.989948472351056097 0.000000000236386758 0.054280727796188234 427346.000000000000000000
12.726538511890849392 9.077265429588237566 0.000000000449743170 0.429134094075670713 422301.000000000000000000
11.399902668108262915 8.544333931347482647 0.000000000102402904 0.192154359872020120 428827.000000000000000000
8.936529575874766707 7.461048140855364608 0.000000000766560072 0.337291480906097507 0.000000000000000000
11.088792010014678624 11.141061501809247147 0.000000000054828928 0.439790155294981666 0.000000000000000000
10.849880798955153338 10.177450531721863314 0.000000000184861088 0.266391740049192083 0.000000000000000000
4.059726497896319231 11.809847035461851661 0.000000000000000000 0.403330191148920436 0.000000000000000000
1.783923871800913830 10.988301918229158360 0.000000000000000000 0.419203588500889845 467183.000000000000000000
4.252288167303152733 14.741327273080022664 0.000000000000000000 0.429802494606300489 0.000000000000000000
4.339723060456413428 13.744966163583983487 0.000000000000000000 0.366978618720655458 0.000000000000000000
3.438011208005700592 15.350538801787052989 0.000000000000000000 0.418248431867365655 10629.570680156479284051
0.663492772164478772 15.286953472837573997 0.000000000000000000 0.465733429778806496 462769.000000000000000000
1.598136856588317167 11.425087437123353951 0.000000000000000000 0.354941125150782688 0.000000000000000000
3.512156235020248207 11.989131202287977018 0.000000000000000000 0.310780124891784360 129648.588402767578372732
1.349249538778258817 12.997356344844485321 0.000000000000000000 0.182487927479440565 465608.000000000000000000
4.261759451948394783 11.469437669253279566 0.000000000000000000 0.470495833943475605 462013.000000000000000000
1.958837781904568809 11.667354192026664350 0.000000000000000000 0.294333311902477301 461179.540079221653286368
2.063943396210958792 12.229573445867433890 0.000000000000000000 0.192618620108262723 0.000000000000000000
0.651096913603657623 14.388505107817204376 0.000000000000000000 0.359476075064407929 237057.606215235544368625
1.803361237747244328 13.863711284496472942 0.000000000000000000 0.141021547407280706 5006.606861178399412893
2.454493633441526601 15.198351929737958343 0.000000000000000000 0.342844893518093052 229023.091682053753174841
-5.018537891123195926 11.133198780281084339 0.000000000830830050 0.322607416880071884 870995.000000000000000000
-6.282065515471966677 11.111251623701887681 0.000000000721649141 0.134207661695753933 457066.817438497324474156
-7.032282686867107557 13.192223577409624369 0.000000000372805489 0.266169463433077458 16807.142484097745182225
-8.091295244346079940 12.806593021738278182 0.000000000809727910 0.309245681779059312 73306.623698954485007562
-4.541249009077327869 12.609120192773191960 0.000000000872778984 0.421231114269574825 872923.000000000000000000
-6.510993455986075595 9.779912305467322042 0.000000000036923410 0.345488861695413874 868170.000000000000000000
-7.036701176438057814 12.533684770489248450 0.000000000235206967 0.154085053061119609 0.000000000000000000
-5.574095611567630115 10.463361643865326300 0.000000000855545577 0.303471523166478463 237945.188004827301483601
-6.783208543257389422 9.733005559518916883 0.000000000040515316 0.351551176802909982 871754.000000000000000000
-7.346318882899451452 12.139302260351756857 0.000000000424832272 0.132328613238422266 877092.000000000000000000
-5.522185882259305956 12.234824698190804426 0.000000000322947857 0.234292982079879253 450314.547953175671864301
-6.792930100244495506 12.876771167884717428 0.000000000811251245 0.205267007945964808 870219.000000000000000000
-8.156315974149578096 11.965342330211566235 0.000000000392667585 0.257508971043883261 0.000000000000000000
-5.986755536504786868 13.111382576372704989 0.000000000246035003 0.280218236827280365 0.000000000000000000
-5.376519865334098647 9.683838217628192524 0.000000000839939262 0.434086798960447329 875887.000000000000000000
-14.040508628306449523 6.808194032191098977 0.000000000000000000 0.438573376630591039 0.000000000000000000
-12.283391430421811918 4.402565347193345247 0.000000000000000000 0.090417402920651188 0.000000000000000000
-11.622431730467091882 4.727818352457483719 0.000000000000000000 0.194602863886008753 0.000000000000000000
-14.736474119024963514 4.172447478347654837 0.000000000000000000 0.371167298223948727 0.000000000000000000
-11.214850168090805482 4.075029214128318422 0.000000000000000000 0.287050737613408491 546104.000000000000000000
-10.398995289205139159 4.992140589501948611 0.000000000000000000 0.416079112882859592 548388.000000000000000000
-10.626607717955840471 3.395354787837074895 0.000000000000000000 0.434133472442696289 0.000000000000000000
-14.002769753753307569 2.648906677976028412 0.000000000000000000 0.420407903414769413 551056.000000000000000000
-12.242938057736095558 5.510456176222641389 0.000000000000000000 0.167283246813913100 550697.000000000000000000
-11.446939628772966557 6.895830704378863807 0.000000000000000000 0.447502426171006218 548573.000000000000000000
-11.833818608586820886 4.484094005570015362 0.000000000000000000 0.160355387378889241 205503.948037011519772932
-11.237135719685797497 3.805985321715569469 0.000000000000000000 0.303917003015152121 0.000000000000000000
-14.416156609504337638 4.905010516299513235 0.000000000000000000 0.306103044642419053 0.000000000000000000
-11.940805890817376422 3.614187187883184826 0.000000000000000000 0.230889641082188152 552168.000000000000000000
-11.676193396918849388 3.644406812050724476 0.000000000000000000 0.258125717055367798 0.000000000000000000
-11.441566949931049280 -2.831265794547399128 0.000000000000000000 0.393747832304424616 0.000000000000000000
-10.068192696373557737 -5.017706239778861210 0.000000000000000000 0.475117403669766680 11845.881400252519597416
-14.282318780106882272 -6.829704535725109160 0.000000000000000000 0.466070829335160752 381432.000000000000000000
-13.405525637039920284 -5.817021168005400256 0.000000000000000000 0.233046663034581075 384452.000000000000000000
-12.276041320431275494 -2.392430963455585591 0.000000000000000000 0.405400122231038773 344270.376493674237281084
-15.147161165024463969 -5.435710382360646520 0.000000000000000000 0.453200721771633452 386412.000000000000000000
-13.645737356608799828 -7.159088874915433109 0.000000000000000000 0.461453859658133125 389229.000000000000000000
-13.876339276087323427 -2.883764700472635667 0.000000000000000000 0.374075413872166085 0.000000000000000000
-13.886374117913835136 -6.297688761300472393 0.000000000000000000 0.350167479815514437 147386.677974139893194661
-11.912395332033618445 -4.757261657099945751 0.000000000000000000 0.143384228424016769 0.000000000000000000
-12.324665143809051315 -6.864818309538270213 0.000000000000000000 0.386660039879866635 388422.000000000000000000
-13.626660810429740422 -2.156867332453690000 0.000000000000000000 0.466963800959910469 0.000000000000000000
-13.175101390639600396 -3.364467000134729435 0.000000000000000000 0.242700848427113619 386189.000000000000000000
-10.354741273327151774 -5.045660708019741314 0.000000000000000000 0.425206359979554860 381638.000000000000000000
-12.050913704738032806 -4.862187351679831515 0.000000000000000000 0.122287779470082278 115481.075416827996377833
-4.848744186052847738 -11.061327059580777998 0.000000000435886259 0.355368484379477323 0.000000000000000000
-6.138540442939901531 -11.161925071718851399 0.000000000152532896 0.144656215521172499 0.000000000000000000
-5.366244674303723983 -10.735524582627892443 0.000000000169215458 0.299408254170718924 0.000000000000000000
-8.503597613928031151 -11.944749974029413409 0.000000000522869980 0.318200952911239121 0.000000000000000000
-5.625065239859416977 -12.694512301573990243 0.000000000911751172 0.262396212320635203 0.000000000000000000
-6.464689921427340558 -11.947956745577897664 0.000000000682089808 0.062652532350643927 0.000000000000000000
-5.865550966679734302 -11.018932885442749736 0.000000000122704593 0.198080371170979763 0.000000000000000000
-4.759052324389431377 -12.370425631836161173 0.000000000157973390 0.370200465602357032 0.000000000000000000
-9.004168450399557599 -10.773242622705115679 0.000000000031975350 0.437933206023516597 0.000000000000000000
-8.236417730654441272 -13.830644436647174800 0.000000000440329930 0.459475924899112986 0.000000000000000000
-4.566589374250994204 -11.049531606592502442 0.000000000141668797 0.403821168698350663 0.000000000000000000
-6.584048168055915973 -12.902626028727855356 0.000000000122446966 0.211264913593183862 0.000000000000000000
-4.120138841613051106 -11.951188316484319785 0.000000000761177724 0.467370818850430969 0.000000000000000000
-5.868194887749661248 -10.493159401319879009 0.000000000675361044 0.266186633700568887 0.000000000000000000
-8.246519744781904748 -13.611100532343639813 0.000000000550341533 0.429697341224682117 0.000000000000000000
0.410766798139897082 -14.458106749655520673 0.000000000000000000 0.402267712677678024 832436.000000000000000000
4.285661106563663836 -12.931254030927913590 0.000000000000000000 0.353154611329542123 827922.000000000000000000
1.537716428377227773 -11.718739049861577328 0.000000000000000000 0.311715652287943290 0.000000000000000000
3.153892876964385472 -13.412307002517692922 0.000000000000000000 0.148048048361716783 835715.000000000000000000
3.306511546804888013 -12.500212892238376838 0.000000000000000000 0.221646413620177340 829390.000000000000000000
2.135512240143413010 -11.358278932748602230 0.000000000000000000 0.343477218731353950 827835.000000000000000000
2.297872181384056134 -13.644127012717104819 0.000000000000000000 0.065752409288004438 832262.000000000000000000
0.238084477970379071 -14.778411039960200668 0.000000000000000000 0.459496336217607992 831567.000000000000000000
2.584593314413410781 -15.766676145206991677 0.000000000000000000 0.445572156003140707 0.000000000000000000
3.044292716949091204 -13.666789567839199293 0.000000000000000000 0.144337427493051201 832739.000000000000000000
2.386126921674483814 -14.531582710976779893 0.000000000000000000 0.223651070104831151 419967.050272705091629177
-0.064448503394877218 -12.476839222065443380 0.000000000000000000 0.450622949856877675 828257.000000000000000000
4.174199345677221729 -13.705320903816017974 0.000000000000000000 0.336652983027846131 829187.000000000000000000
4.581749893947188568 -11.993839144431523991 0.000000000000000000 0.460963023112802905 836649.000000000000000000
1.473132715173844698 -12.467761560514341923 0.000000000000000000 0.210531363271286437 272631.161709122767206281
9.917956617751634951 -11.261885736835608895 0.000000000000000000 0.447454249541545168 0.000000000000000000
11.072542350487445617 -9.450746817724313686 0.000000000000000000 0.179363735146312459 0.000000000000000000
11.777501072414180427 -9.635876153919610942 0.000000000000000000 0.299534056389861802 911908.000000000000000000
9.990746879761189803 -6.363158319672156615 0.000000000000000000 0.423000712439818849 0.000000000000000000
10.843206175601052266 -10.760616683972246577 0.000000000000000000 0.363815573952048110 917804.000000000000000000
8.415330065334520881 -8.784891009853001975 0.000000000000000000 0.343212857641068791 914940.000000000000000000
11.913764083272434746 -9.210448263740287800 0.000000000000000000 0.291839476641770623 911526.000000000000000000
8.837498692467391948 -9.732612954117373150 0.000000000000000000 0.318932840855925437 918429.000000000000000000
10.219137976362397069 -8.372002252978939296 0.000000000000000000 0.069405890534360359 913072.000000000000000000
11.044327760971594188 -7.582108755200455796 0.000000000000000000 0.239651638211098000 875465.202356713358312845
8.302360039187480112 -10.150155296541012007 0.000000000000000000 0.439061486478037721 0.000000000000000000
9.915863799609729412 -11.085745213445166613 0.000000000000000000 0.417098027993222875 0.000000000000000000
10.111315274958970534 -10.805740954449820634 0.000000000000000000 0.363247447505290533 911228.000000000000000000
8.858970714828590332 -9.583680575962471693 0.000000000000000000 0.302173383403878504 911380.000000000000000000
12.706762526838687677 -9.265834258438868432 0.000000000000000000 0.431325581398282309 915125.000000000000000000
14.859141780097282037 1.438286490266677653 0.000000000000000000 0.342016315460190901 0.000000000000000000
13.201858192104349854 1.515924939170887553 0.000000000000000000 0.269760128703103452 83331.560144549992401153
13.193710622458958426 0.452287463543476098 0.000000000000000000 0.099937069785760432 301697.000000000000000000
15.545148267285666677 -0.147294553305956338 0.000000000000000000 0.358140365857117726 305683.000000000000000000
14.953317235613246439 0.199296821438246896 0.000000000000000000 0.254089575788661814 0.000000000000000000
14.776780688575165357 -0.449243578038641678 0.000000000000000000 0.233561576859390635 0.000000000000000000
11.509799177160141781 0.548939246868802133 0.000000000000000000 0.374453896759786131 215761.988339840929256752
12.711142307392208295 0.398305315240947533 0.000000000000000000 0.163305116299002601 300079.000000000000000000
13.597456564199022822 0.204932270703094360 0.000000000000000000 0.036906506595342559 304780.000000000000000000
11.737010134713868226 -1.982903245144789661 0.000000000000000000 0.471507133921148680 36984.839929301422671415
11.703010377132734732 1.488317052751006342 0.000000000000000000 0.417546245829678586 306636.000000000000000000
13.663487027588072209 0.146477788519138147 0.000000000000000000 0.033469542009674079 306811.000000000000000000
11.636042873055862046 -1.427237771819169998 0.000000000000000000 0.420638430904228977 0.000000000000000000
12.111659038647076159 -1.722832239977639013 0.000000000000000000 0.393149964718067235 307378.000000000000000000
12.670707106702009170 -1.344836912104036442 0.000000000000000000 0.280323924407448188 0.000000000000000000
