-3.188904360238533187 5.215813987811282360 0.000000000000000000 0.288450957050876367 429467.000000000000000000
-3.726543537145701190 3.222303046344105582 0.000000000000000000 0.287422733529179464 0.000000000000000000
-3.500792995774329786 4.336821702834021686 0.000000000000000000 0.235297404329720961 0.000000000000000000
-4.490556158187901659 4.915427547393617758 0.000000000000000000 0.437650882584201761 430585.000000000000000000
-1.878916037962359509 4.993323803199612776 0.000000000000000000 0.207784792471707142 426046.000000000000000000
-0.758489603098427279 2.512863930393126832 0.000000000000000000 0.362830539245173112 0.000000000000000000
-2.111301786802596059 3.834871034370786802 0.000000000000000000 0.027976813198825497 421584.000000000000000000
-2.005282561704465394 2.763157055406888496 0.000000000000000000 0.205727484247436337 423785.000000000000000000
-1.874549047166939930 5.731514976789856775 0.000000000000000000 0.335001515691479401 421506.000000000000000000
-2.680607205865031872 5.476467272830908506 0.000000000000000000 0.292309223668260676 428699.000000000000000000
-0.695889613872069157 4.332970887085239475 0.000000000000000000 0.289401644121215940 424164.000000000000000000
-0.303355925332243315 3.833801753132686674 0.000000000000000000 0.348539347232694141 422515.000000000000000000
-2.924253233517764006 6.282628538028163234 0.000000000000000000 0.442157630198114548 425314.000000000000000000
-1.412802801324136937 2.090093272421848614 0.000000000000000000 0.354279057572689238 0.000000000000000000
-1.972456914430521513 4.931868255180126503 0.000000000000000000 0.192393332769217718 430577.000000000000000000
-3.572730256739208077 -3.789061167955681153 0.000000000000000000 0.234971671319879061 349301.000000000000000000
-0.550334246398744842 -2.442980108441364262 0.000000000000000000 0.398896194427322937 0.000000000000000000
-0.449930615156912850 -3.040243430340635378 0.000000000000000000 0.356074411598368334 0.000000000000000000
-3.360603659690240441 -4.833678125047791596 0.000000000000000000 0.258474169544371357 341158.000000000000000000
-2.079832182424706133 -4.199910149722223096 0.000000000000000000 0.063669212316815271 0.000000000000000000
-0.770338746510863315 -2.576453319268450670 0.000000000000000000 0.353682163682661643 348144.000000000000000000
-0.201563487975396555 -2.639372982230999476 0.000000000000000000 0.428954295582682943 142744.522242032893700525
-4.438441223895697618 -4.440746779661058241 0.000000000000000000 0.400709817495854881 0.000000000000000000
-3.257172371365842256 -5.725351015622439199 0.000000000000000000 0.372040979896842816 341704.000000000000000000
-1.585575983721067894 -1.786707106143494483 0.000000000000000000 0.393372667800391262 345363.000000000000000000
-0.462798203548845599 -2.041496615485964394 0.000000000000000000 0.459183638746127276 342204.000000000000000000
-4.007181743458285261 -5.613679884605328851 0.000000000000000000 0.437269793540144447 164197.353752220777096227
-1.528578400536033888 -3.461957794957427392 0.000000000000000000 0.150763787604255600 340677.000000000000000000
-2.892571224967299681 -2.974749467150687110 0.000000000000000000 0.198364117545302227 0.000000000000000000
-4.106029642521797918 -2.430538236243512173 0.000000000000000000 0.419404220547548390 61049.694335793137724977
5.503864941208364669 1.995877150823108570 0.000000000000000000 0.395814680835571031 0.000000000000000000
3.346685492227539527 1.084142793458509058 0.000000000000000000 0.283645665256987201 381551.000000000000000000
4.147990470914777461 2.394528399378048622 0.000000000000000000 0.430501241255300315 0.000000000000000000
4.122371733264711402 -1.516378811423884088 0.000000000000000000 0.278391677565247408 0.000000000000000000
4.503540887419905658 -0.083429315160472722 0.000000000000000000 0.014944897540613700 385669.000000000000000000
6.906517714025593335 -0.820427678165748575 0.000000000000000000 0.450492558709661484 389001.000000000000000000
4.668831517854932223 -0.904745727140101597 0.000000000000000000 0.163082504751140445 0.000000000000000000
2.589806164887937801 -0.696596798077626089 0.000000000000000000 0.364659650381519929 389179.000000000000000000
3.840972527349252097 -2.036864285670996644 0.000000000000000000 0.381406419792326923 388288.000000000000000000
6.017920061137910004 1.380300982079155192 0.000000000000000000 0.363080633646768347 390231.000000000000000000
5.802119060564529640 0.253453868030924845 0.000000000000000000 0.233915074504038922 383715.000000000000000000
5.555840849383422153 -1.346567031194859876 0.000000000000000000 0.302684075486073290 388931.000000000000000000
5.174976494548434225 -1.299067628696590759 0.000000000000000000 0.259024016121165768 41695.155841142688586842
2.162837079882697022 -0.941482376602875370 0.000000000000000000 0.451276175900448828 227689.954362556658452377
5.761203776155174872 -1.432945571346624369 0.000000000000000000 0.337773493339838637 383760.000000000000000000
11.533142648363778449 8.774606393848522146 0.000000000819350297 0.212618914271656828 103798.884498787912889384
11.501347195716801863 7.750851366212646809 0.000000000794972589 0.270667560442725941 426011.000000000000000000
11.007217866458363531 11.061656880535920777 0.000000000358644574 0.422296402062190712 423727.000000000000000000
11.715439024169105764 9.295443616655138186 0.000000000582203571 0.263111014387241160 123462.187198896426707506
8.883189560402341201 9.775882588990837618 0.000000000637981776 0.316395861371453035 0.000000000000000000
9.338289088529007742 7.414787417806831371 0.000000000496430692 0.294505128889438417 430096.000000000000000000
8.417376555777549285 8.456148416437869741 0.000000000253358252 0.346606404212330188 430657.000000000000000000
11.460128076861851198 9.993808155199770837 0.000000000684774731 0.295576198211020491 422046.000000000000000000
12.134494933118022075 8.838634230850882290 0.000000000410347393 0.320142987690986980 191547.168126506381668150
11.605439491031098953 10.367052120330045639 0.000000000184797601 0.362055334940017737 430200.000000000000000000
10.308026698395810428 8.917668283522891315 0.000000000056904491 0.030317306022330619 425049.000000000000000000
10.623169548612775515 11.061875257578149601 0.000000000453700564 0.408647477839075346 431180.000000000000000000
10.665927901603522443 6.773024709736617410 0.000000000899957180 0.350939017381051765 428480.000000000000000000
8.192327474811465393 9.046941980016825369 0.000000000190406708 0.386485707865887818 0.000000000000000000
9.660367668507763739 11.257333828875530912 0.000000000416260218 0.456821897727166581 421301.000000000000000000
1.238919136988737790 12.983029064288981402 0.000000000000000000 0.202123086066645585 0.000000000000000000
4.517527323875704326 14.342986816282374818 0.000000000000000000 0.432847563024563231 427438.741115789976902306
3.275780294363414669 12.712225833488137283 0.000000000000000000 0.195578350804816226 466793.000000000000000000
3.562578804537241073 12.311019600965282805 0.000000000000000000 0.278317066244820777 463091.000000000000000000
0.390040811127731646 14.996672672179430563 0.000000000000000000 0.462547636054211508 0.000000000000000000
1.690222506974449423 11.815024222587769742 0.000000000000000000 0.284532287632392911 467301.000000000000000000
4.465824515522038851 13.230489033453801895 0.000000000000000000 0.379959432145855869 463489.000000000000000000
1.148811848211035880 13.457458624898304578 0.000000000000000000 0.213733042291159941 0.000000000000000000
3.857975900381130252 12.742063592119141191 0.000000000000000000 0.287734235035206398 0.000000000000000000
1.404975269459568299 13.194102364234913338 0.000000000000000000 0.166292874644999228 0.000000000000000000
1.320188675828306124 14.159825068324499497 0.000000000000000000 0.239617927236265182 471664.000000000000000000
0.960379769813210049 13.918256954845519502 0.000000000000000000 0.270231483551263418 304831.048673229117412120
3.515293027578078267 14.634552035880414422 0.000000000000000000 0.320477387650843604 463296.000000000000000000
3.849617361984408959 13.630593701757405256 0.000000000000000000 0.277304336354325498 0.000000000000000000
2.731856362999185883 14.590738770018194970 0.000000000000000000 0.244454518899087064 462708.000000000000000000
-5.628951944314482425 13.106375696410339060 0.000000000390563489 0.314865288783412467 873225.000000000000000000
-5.875045714987418677 12.382317362244691594 0.000000000323312740 0.192806259362146681 581806.021907521178945899
-5.534760779848836521 10.446381477563940976 0.000000000802070992 0.310466488520527772 0.000000000000000000
-8.691206518586316321 10.549148357158758316 0.000000000674321292 0.405630976403654975 0.000000000000000000
-5.215949700080350304 13.005115291518942300 0.000000000188347207 0.353615080201712284 0.000000000000000000
-8.777345039372281832 10.829553929363903819 0.000000000433609562 0.396842389939889573 621888.965362089220434427
-7.432375463737983523 11.006410557096861780 0.000000000342898958 0.177299684272756719 0.000000000000000000
-8.858395081100439938 12.538468823193444024 0.000000000020214307 0.405618971675614337 877411.000000000000000000
-6.148978684716949417 13.121070418989207340 0.000000000354857033 0.269266279803616448 874941.000000000000000000
-5.575694161688727668 11.569408111331508593 0.000000000260948714 0.207851623854251238 872469.000000000000000000
-4.983385274425385703 11.857955408772340888 0.000000000341562996 0.312699129506139428 21633.373727747995872051
-5.175953779090893825 10.691444370067420877 0.000000000672156571 0.331818546065440867 869602.000000000000000000
-6.054739263730063215 11.829128612267266973 0.000000000516963600 0.122358310201496095 876974.000000000000000000
-6.075262565613555488 11.684340737230662910 0.000000000452270121 0.117282495060285513 875669.000000000000000000
-5.496479937837888130 11.915473558290671008 0.000000000026429704 0.223025169031403597 0.000000000000000000
-12.456051035362069257 2.408484354317238729 0.000000000000000000 0.397564918746965978 0.000000000000000000
-12.309188593526648958 6.484145690900405157 0.000000000000000000 0.322331605516419317 547262.857435281272046268
-11.644210721958950572 3.454222893486434298 0.000000000000000000 0.286027505995430698 548999.000000000000000000
-10.795241008868428523 5.821048287687180078 0.000000000000000000 0.395718938508436591 547135.000000000000000000
-10.672179692790191297 3.400886008363537716 0.000000000000000000 0.426682778485646730 183407.724590912461280823
-14.358154492465187602 5.102999965968696650 0.000000000000000000 0.302321610731406565 546431.000000000000000000
-13.069043091134528112 5.641737559270318947 0.000000000000000000 0.178978796229240872 547011.000000000000000000
-12.702041609258433397 5.669482309462413383 0.000000000000000000 0.172311450104568720 0.000000000000000000
-10.837523272578096112 3.465732716354167131 0.000000000000000000 0.395657268502253689 550468.000000000000000000
-13.520488633609263118 4.180634774979691493 0.000000000000000000 0.167894736194114352 1848.512346266009672036
-14.270510019571410965 4.813195678709945469 0.000000000000000000 0.278596792551925543 551478.000000000000000000
-13.193138573340725372 4.952987647583342756 0.000000000000000000 0.097951338063819421 0.000000000000000000
-13.880608837068049155 7.036765164027027453 0.000000000000000000 0.458936837452685376 547057.000000000000000000
-12.304200853179263930 6.257083395075443200 0.000000000000000000 0.284187421755172809 150199.090624815667979419
-11.953237478523215387 6.064071828690435595 0.000000000000000000 0.276675444850520980 547213.000000000000000000
-10.970125434449665036 -3.862390317650337135 0.000000000000000000 0.341749902016987461 0.000000000000000000
-12.264263613635693062 -2.672683486393046426 0.000000000000000000 0.358139527377489830 389686.000000000000000000
-15.208383025328398475 -4.017979421543552476 0.000000000000000000 0.459220104108773675 258087.706177069339901209
-14.939238343403594911 -3.336458870119008324 0.000000000000000000 0.459790246940679825 387529.000000000000000000
-12.587491088760108582 -6.960568504612639984 0.000000000000000000 0.397499915144872928 387316.000000000000000000
-12.550842821749538913 -2.129766538934100506 0.000000000000000000 0.444254133903541459 390198.000000000000000000
-12.713881060638204445 -3.069817563859534193 0.000000000000000000 0.279741303221935023 0.000000000000000000
-13.039500051542079362 -3.881305206506919792 0.000000000000000000 0.150275056139909324 383136.000000000000000000
-11.841936698119223337 -3.920372644380822891 0.000000000000000000 0.203852585232441014 386314.000000000000000000
-13.419162974034980707 -3.034579193196644820 0.000000000000000000 0.311977589508566577 252497.522093556734034792
-11.097886905248444123 -5.386488610869106353 0.000000000000000000 0.313258388842709123 390036.000000000000000000
-11.896592551492021883 -5.412058584094929792 0.000000000000000000 0.193646244103245962 381792.000000000000000000
-14.456100309524373415 -2.668602391614747216 0.000000000000000000 0.466678445727494173 387948.000000000000000000
-12.509085534155891750 -4.544728360971481251 0.000000000000000000 0.043185697086147473 384679.000000000000000000
-11.332993241937122875 -4.454813577631632882 0.000000000000000000 0.249078596451304118 0.000000000000000000
-6.166270108077097412 -10.145119604180102613 0.000000000373023991 0.296375885533958883 0.000000000000000000
-6.533750335925561536 -12.381968856266180268 0.000000000028460571 0.122659744521332395 0.000000000000000000
-8.408236746175010268 -11.203231242971185111 0.000000000395821768 0.312259458807406964 0.000000000000000000
-7.217508214192243088 -10.631502264701271798 0.000000000885598918 0.210872011168386220 0.000000000000000000
-7.622303342872942977 -10.601346330189739930 0.000000000480646119 0.253365053162557530 0.000000000000000000
-5.825257555141218013 -12.526407617621073243 0.000000000255724343 0.215917826980875305 0.000000000000000000
-6.098050159341649845 -14.128287118995199734 0.000000000240576306 0.441476923510900288 0.000000000000000000
-7.554944107445392021 -9.380521439349726265 0.000000000886744245 0.438683824210522710 0.000000000000000000
-4.574289667776020529 -10.449666375518003036 0.000000000086158131 0.445612983000347684 0.000000000000000000
-9.061956228055199958 -11.431966562869753545 0.000000000151954221 0.418260254075826399 0.000000000000000000
-4.779564961011234736 -11.747636021337566348 0.000000000143750239 0.348082136425579614 0.000000000000000000
-5.801381511355986120 -9.964021354985604262 0.000000000401454944 0.352360848335827981 0.000000000000000000
-6.288015465641946022 -12.009386126674792550 0.000000000136793156 0.094469373416195782 0.000000000000000000
-9.061997586936273663 -12.896243615511719938 0.000000000422326771 0.464316692074213389 0.000000000000000000
-6.778119243067926014 -10.187807299227069180 0.000000000461936975 0.271070494027111697 0.000000000000000000
2.764421243411887108 -14.809093276065643963 0.000000000000000000 0.283397595202286467 0.000000000000000000
3.952811667079664026 -14.521908353583460993 0.000000000000000000 0.363724300799267819 827301.000000000000000000
2.140264138063982191 -15.013611429897661509 0.000000000000000000 0.311245028122830170 835105.000000000000000000
1.620052873570612118 -12.517977842866816474 0.000000000000000000 0.185665764259710736 0.000000000000000000
4.170988549838871684 -13.027986186137711755 0.000000000000000000 0.330308523914322527 835393.000000000000000000
0.212184442947931456 -13.821611375082671458 0.000000000000000000 0.390466074835652766 489508.234523261955473572
4.366298643791449052 -12.562073764986694258 0.000000000000000000 0.383802058643556265 0.000000000000000000
1.411771081080156476 -12.593829095654553996 0.000000000000000000 0.204532392875521107 0.000000000000000000
2.641492940104173570 -12.798888562207853425 0.000000000000000000 0.101172403803387212 0.000000000000000000
1.180896919764306219 -13.628953518260164657 0.000000000000000000 0.214938408575708090 833378.000000000000000000
1.178444448127990984 -13.377989317196728791 0.000000000000000000 0.206801359800028228 0.000000000000000000
2.512806537496803827 -13.558409195737599617 0.000000000000000000 0.059395479630245621 0.000000000000000000
1.258965616335932181 -13.982143725416323221 0.000000000000000000 0.229182934991676857 834126.000000000000000000
1.009964751007543349 -13.192003009173966177 0.000000000000000000 0.236520826214470431 832787.000000000000000000
1.801139204152163220 -10.781665553304346616 0.000000000000000000 0.454404369749082826 0.000000000000000000
11.906363617292159418 -9.398048556946690724 0.000000000000000000 0.301356270327661213 0.000000000000000000
11.406592404830359300 -10.455046111727799740 0.000000000000000000 0.354092649538520987 0.000000000000000000
12.025687488079087828 -8.040009379119442912 0.000000000000000000 0.324865458324964662 175247.985523661394836381
10.705057847549252159 -9.726606020604886993 0.000000000000000000 0.183393619011225806 909386.000000000000000000
11.840259128629726959 -10.265310851850015794 0.000000000000000000 0.376668643182189122 917957.000000000000000000
9.727010888248750931 -6.298084688936032016 0.000000000000000000 0.443655072851198873 0.000000000000000000
11.957416864335840501 -8.861050932028980753 0.000000000000000000 0.288867181134580486 917056.000000000000000000
10.386779436961401046 -10.725334978479983405 0.000000000000000000 0.346787150889786122 0.000000000000000000
9.598788307524417363 -9.792270100634453911 0.000000000000000000 0.226032801665464606 0.000000000000000000
12.534184652200298871 -8.794328265581539128 0.000000000000000000 0.391068640364846398 0.000000000000000000
9.742070444497379356 -7.715715900405836436 0.000000000000000000 0.210253515042075401 0.000000000000000000
12.119976668650350504 -6.922068691492146542 0.000000000000000000 0.449964144982865799 909675.737227494129911065
8.105629632903729842 -10.213529957215035537 0.000000000000000000 0.474476452413167327 0.000000000000000000
11.931680383271149992 -6.955423594915623120 0.000000000000000000 0.422714178027691123 912703.000000000000000000
10.864681789689237590 -9.340708862741061935 0.000000000000000000 0.139682066097564089 913981.000000000000000000
12.383933839666479315 1.058951476704327099 0.000000000000000000 0.276373469628064083 306038.000000000000000000
13.966082281590178837 -2.543703953200712409 0.000000000000000000 0.446868928042610802 62169.005302086523442995
11.936472441476512429 -1.835435644194906013 0.000000000000000000 0.428507781654205222 0.000000000000000000
13.073621992341770692 -0.792306962452195340 0.000000000000000000 0.160731058921311731 308412.000000000000000000
12.832215920084868443 -0.822220799458268981 0.000000000000000000 0.190606678584920392 0.000000000000000000
14.341567884095139718 -0.531080837630604763 0.000000000000000000 0.169718784526035893 307416.000000000000000000
13.733889444285960479 2.091841600191736816 0.000000000000000000 0.363985824039754546 307645.000000000000000000
15.909301942512994898 -0.079167970237053562 0.000000000000000000 0.422362652260295346 34897.084467732856865041
14.426639464919819744 0.511560828334357343 0.000000000000000000 0.180970339621760651 308905.000000000000000000
12.317685693759887755 -0.430849624695994471 0.000000000000000000 0.230565682679359618 0.000000000000000000
12.643474350920046234 -2.260440801419633328 0.000000000000000000 0.423793792029969640 307341.000000000000000000
13.840425595068193587 -2.022652197861335210 0.000000000000000000 0.354337261268148462 0.000000000000000000
13.078885064219591072 -1.789451055625921327 0.000000000000000000 0.321152006179112270 305114.000000000000000000
13.403838419947724958 -2.723193069792064325 0.000000000000000000 0.472662461695854574 0.000000000000000000
13.435887605722031779 1.107751115384449481 0.000000000000000000 0.192933273307282466 139031.449784677126444876
