-3.083503273492985031 5.575901847398959887 0.000000000000000000 0.334207316279303557 210042.358203259267611429
-1.452099144091881344 2.184942274938677098 0.000000000000000000 0.336010018369432728 423051.000000000000000000
-3.736299327204824827 4.162254343269217394 0.000000000000000000 0.267844931576637246 0.000000000000000000
-0.855200140208056570 5.510244875736893810 0.000000000000000000 0.381858970100947437 423123.000000000000000000
-3.309057363775392169 1.432778006024899575 0.000000000000000000 0.475817292205007902 379236.444710712763480842
-2.599626320326382523 1.358365772168761421 0.000000000000000000 0.454883403233426742 0.000000000000000000
-2.033845344959464008 5.153642699888521861 0.000000000000000000 0.228548538156409409 423763.000000000000000000
-4.212976890984282186 5.370118604284537689 0.000000000000000000 0.436684794751868000 297489.959154838288668543
-3.673131707773061638 2.982850640165062739 0.000000000000000000 0.299447263765106775 0.000000000000000000
-4.090776379332898394 5.389342037977659317 0.000000000000000000 0.421685599453922477 42335.832481451761850622
-0.421575006651862261 2.973889211512659170 0.000000000000000000 0.365774646463750464 0.000000000000000000
-0.454979622009329343 2.621900840454647330 0.000000000000000000 0.392852614184784843 0.000000000000000000
-3.351895707627058574 1.609223136567174972 0.000000000000000000 0.450365199750388912 0.000000000000000000
-1.250603840093872821 2.706811692572005601 0.000000000000000000 0.276924925142672196 425993.000000000000000000
-3.186207870880339410 5.648568982471172006 0.000000000000000000 0.354027779500476758 421857.000000000000000000
-3.428125311532755681 -4.612840081867635611 0.000000000000000000 0.244995224803193745 0.000000000000000000
-1.698599621902473489 -2.811219101870224613 0.000000000000000000 0.216524530811849247 0.000000000000000000
-2.754729202945533473 -1.777215567402121943 0.000000000000000000 0.386473650526806156 138344.938927043811418116
-2.777888554871291937 -5.832626930385193198 0.000000000000000000 0.358031986807290759 348415.000000000000000000
-1.504417493120964400 -6.260371066766410308 0.000000000000000000 0.443025571276225105 340791.000000000000000000
-3.589193782959146706 -2.801991879731583257 0.000000000000000000 0.306239593743378946 0.000000000000000000
-2.361575665661625134 -6.281046461150559423 0.000000000000000000 0.426138532985114893 0.000000000000000000
-1.085059644484843711 -4.685781564600413951 0.000000000000000000 0.252596271631305214 345091.000000000000000000
-2.191014948245075367 -1.522537247886916356 0.000000000000000000 0.421802383332689323 343751.000000000000000000
-1.321530112477367958 -5.476338399526229139 0.000000000000000000 0.328175961149280493 349587.000000000000000000
-1.430660843010122640 -4.798467597753840685 0.000000000000000000 0.218932433082057315 349653.000000000000000000
-1.867153338190176148 -2.111733295158369383 0.000000000000000000 0.324329259234198253 144162.171794168796623126
-2.050030121887988166 -1.363708347084259698 0.000000000000000000 0.451458679160134324 0.000000000000000000
-3.154495265119106051 -2.224961298575708124 0.000000000000000000 0.336741244482905600 349934.000000000000000000
-2.778760281442472113 -2.888399402237229463 0.000000000000000000 0.201057393617992575 345587.000000000000000000
2.584158962576843965 -1.660710504579246738 0.000000000000000000 0.453383693995539738 302027.914630951825529337
3.321181525847868521 0.606491549627698467 0.000000000000000000 0.238410337265112154 327989.649609332846011966
4.617705969302498659 0.989837165296129196 0.000000000000000000 0.176824824179023232 0.000000000000000000
6.509877957107750746 0.343290703545442444 0.000000000000000000 0.360855315475468563 384289.000000000000000000
5.383957336449761932 1.197317881821676977 0.000000000000000000 0.263112772366062786 0.000000000000000000
6.686934755637826022 0.486233526273621930 0.000000000000000000 0.396717426656252814 310290.101324109826236963
6.713197395369643772 -0.382744921813923444 0.000000000000000000 0.397746667772193363 386875.000000000000000000
4.895282368890104152 -1.308333794100220659 0.000000000000000000 0.242118882771247768 388526.000000000000000000
5.913357854073171715 1.097147679789119756 0.000000000000000000 0.316390401889059869 0.000000000000000000
3.083113734738331058 -0.634979469629440296 0.000000000000000000 0.278932228859401665 0.000000000000000000
4.284835268512851236 0.865845037796991179 0.000000000000000000 0.159203286021488616 58550.698888173661543988
3.774763995496131397 -0.009971168166000206 0.000000000000000000 0.131800744473367176 0.000000000000000000
3.312254366265210859 0.506792697452513874 0.000000000000000000 0.232399952487044925 386203.000000000000000000
6.185224665054697368 -0.428928752858298012 0.000000000000000000 0.307394999589293227 382535.000000000000000000
2.646425883928387623 -0.091868688171349314 0.000000000000000000 0.333278159080662661 386127.000000000000000000
12.826986977286138014 9.672013273499501906 0.000000000725758248 0.471610613665522149 0.000000000000000000
10.035219766201494807 11.111963481829196354 0.000000000689095329 0.418250801958730045 422214.000000000000000000
10.962139118873388099 6.361873528310439063 0.000000000428372516 0.432386413786411683 0.000000000000000000
12.784617992692584920 9.548922019990277121 0.000000000858539563 0.457508531891708425 423651.000000000000000000
11.579966355602286043 8.986575923958607603 0.000000000208313919 0.224824354621897482 427793.000000000000000000
8.567719637707005731 8.939127279124351233 0.000000000882148718 0.317775174226779922 147646.961962772184051573
9.383696341735699775 8.435398921199970701 0.000000000752000789 0.179178582353092281 422270.000000000000000000
12.823372172121617396 9.100043843096612406 0.000000000042954827 0.446769309290945826 425117.000000000000000000
10.459156902898920194 6.651627854238361337 0.000000000677792028 0.368116971590820796 426771.000000000000000000
9.443415920662824092 9.492568380864854660 0.000000000485392952 0.206560620930042960 0.000000000000000000
11.549406833745063494 8.204072077300210708 0.000000000387121113 0.235554170450383571 0.000000000000000000
9.850125382610194436 6.559172205601959682 0.000000000057648296 0.393902851286527633 431213.000000000000000000
9.623580139448776549 9.548671662791450743 0.000000000174761416 0.189974403334721931 422563.000000000000000000
12.785488418016873524 8.687959420922110709 0.000000000257902220 0.435896468753841304 0.000000000000000000
11.475834661397511738 9.969388889407719390 0.000000000505950983 0.294350871021202054 0.000000000000000000
2.321131520939439863 12.411382060591535037 0.000000000000000000 0.154118373474731424 0.000000000000000000
1.655543217805734324 12.150660404992530417 0.000000000000000000 0.234231578210673336 0.000000000000000000
4.747216233829617771 12.958699370139553864 0.000000000000000000 0.433715232985762811 0.000000000000000000
3.819227914998944762 11.373963685401076162 0.000000000000000000 0.429742914768556639 469666.000000000000000000
2.165177149526060774 12.028366146860697938 0.000000000000000000 0.224352712862104758 0.000000000000000000
2.162678214296964718 13.487619348042665379 0.000000000000000000 0.048445200582388374 245699.333666911988984793
2.000390479297089463 13.373343866972156491 0.000000000000000000 0.061959368564283385 0.000000000000000000
1.875668884883474163 15.452339675347557701 0.000000000000000000 0.395998635755915207 469964.000000000000000000
0.797876196567583240 11.806026338212943116 0.000000000000000000 0.378976966564771423 0.000000000000000000
1.603220350273105943 12.067352601840754645 0.000000000000000000 0.251755942264345778 0.000000000000000000
1.496618041417451916 10.804676181594086160 0.000000000000000000 0.464917859740589967 0.000000000000000000
1.382841921411556152 12.709162684841237123 0.000000000000000000 0.197433219576722441 0.000000000000000000
0.415941676248531622 11.419276582440030410 0.000000000000000000 0.475793271967873577 471770.000000000000000000
3.325860173527196650 12.635315796744695405 0.000000000000000000 0.210389882890396424 468423.000000000000000000
1.781625306944902842 11.231543186783987665 0.000000000000000000 0.377334723823997575 0.000000000000000000
-5.666567721250350687 11.056619664097272704 0.000000000820650712 0.223263082116900685 0.000000000000000000
-5.441596695164372832 10.403015871780947776 0.000000000132778850 0.327544703496035983 870859.000000000000000000
-7.569276816993830259 11.595275812339075117 0.000000000083379294 0.150750126266072648 872284.000000000000000000
-5.780412970894642122 11.517444021674871024 0.000000000851041857 0.173380104730916001 471593.960621649108361453
-8.703810355877443783 12.972380944233343314 0.000000000458548904 0.415301152737025336 131802.517808682110626251
-6.217856709316992969 13.134347368339071238 0.000000000740049788 0.266959388112707863 876734.000000000000000000
-6.184919407491396903 13.958212165159272544 0.000000000158276071 0.408433873869875341 876833.000000000000000000
-4.790292651170068083 12.757036516625980482 0.000000000139171357 0.392051753185795548 0.000000000000000000
-7.037031020905102352 9.687042567962070194 0.000000000434070032 0.363549848784211982 0.000000000000000000
-7.813851466298094905 10.706785983918365446 0.000000000542302067 0.262973993223047098 874176.000000000000000000
-8.596938061030728662 12.465146381796552433 0.000000000493847683 0.357518781125703844 869316.000000000000000000
-7.374045510346197041 9.762906759604174312 0.000000000472468278 0.364337208238506127 0.000000000000000000
-4.487463733498395335 10.759712937532771804 0.000000000044382238 0.434735822908633274 875326.000000000000000000
-8.526916350429234015 11.978599474742273046 0.000000000658159782 0.323119481695785860 870892.000000000000000000
-6.456085254956948738 12.130941426735450506 0.000000000434750781 0.088060906524562971 0.000000000000000000
-10.885394636344306818 3.517040524109656285 0.000000000000000000 0.383664077762754741 0.000000000000000000
-10.437992152587622030 3.706892973150982318 0.000000000000000000 0.439569916503711300 546692.000000000000000000
-12.277130357447544995 7.302936274722212850 0.000000000000000000 0.463235916217625221 547022.000000000000000000
-12.762298603078395587 3.524463963191765359 0.000000000000000000 0.200863275401020336 0.000000000000000000
-14.055704050556293794 4.167444431899223645 0.000000000000000000 0.255217642203074080 0.000000000000000000
-13.565502815520540381 2.486996508327578237 0.000000000000000000 0.409636017872037128 0.000000000000000000
-13.679196198698541309 7.131538921473954851 0.000000000000000000 0.459173250894755969 0.000000000000000000
-12.911417503864582201 2.060464535030966715 0.000000000000000000 0.456412186251404950 546120.000000000000000000
-12.041988066483600761 3.603736997327642744 0.000000000000000000 0.222113574713990625 289205.161243213398847729
-14.804334793325407915 3.423793871426159541 0.000000000000000000 0.431440678531778643 0.000000000000000000
-12.689076688832159334 4.387061753992703927 0.000000000000000000 0.050882050229237592 0.000000000000000000
-12.021575978545822494 5.018487879643291016 0.000000000000000000 0.136735479455074804 553000.000000000000000000
-13.394721345339846152 5.038316536001820722 0.000000000000000000 0.136620603188684048 0.000000000000000000
-14.108471695087599684 2.992592795407165607 0.000000000000000000 0.383823643768618217 549363.000000000000000000
-12.020162232714007189 5.520691946596297583 0.000000000000000000 0.191712231734717659 0.000000000000000000
-12.847118854827295209 -2.210619207465223557 0.000000000000000000 0.429668401660499077 0.000000000000000000
-11.729222796786276106 -5.969956376066347659 0.000000000000000000 0.285242162290137991 382115.000000000000000000
-13.578442671246568452 -4.226550764487795320 0.000000000000000000 0.173069048224887306 385763.000000000000000000
-10.617304272975120583 -5.521781315349977959 0.000000000000000000 0.401499659463883940 387292.000000000000000000
-10.959068917381101116 -3.458775902055873708 0.000000000000000000 0.378189205493150438 382466.000000000000000000
-14.012030263484961168 -3.611069294968535459 0.000000000000000000 0.296458757174836829 345401.909596381941810250
-12.916503203317555304 -3.358279742538849977 0.000000000000000000 0.232341175408362743 185722.333865581284044310
-11.333261337902568400 -6.334943593259460215 0.000000000000000000 0.379291117100933217 0.000000000000000000
-13.656234595652831487 -3.379428069205377305 0.000000000000000000 0.281255610599431882 0.000000000000000000
-13.355852850600774318 -2.421802627706135524 0.000000000000000000 0.408303121261400281 386438.000000000000000000
-12.038648602607027627 -5.481170569680568150 0.000000000000000000 0.184332844342849106 387282.000000000000000000
-15.207673598891306099 -3.925227806822710885 0.000000000000000000 0.463350469713818491 204202.012979673832887784
-11.229657045314631603 -5.785059377346136955 0.000000000000000000 0.327315398633231947 302756.136181424197275192
-11.904992049253257491 -5.495339217292494638 0.000000000000000000 0.202435480447467536 390403.000000000000000000
-14.127679148517771068 -5.225972148205793033 0.000000000000000000 0.269425306927752239 0.000000000000000000
-5.633294858945622430 -10.736742511062113081 0.000000000284047919 0.262000957836331927 0.000000000000000000
-7.709211888285180336 -11.376006366188033070 0.000000000090603300 0.184343804608451012 0.000000000000000000
-5.283050202120683991 -10.112127328649366476 0.000000000866196191 0.384445050792323884 0.000000000000000000
-5.125676425733656671 -10.919674632958106031 0.000000000180937763 0.319471599316242860 0.000000000000000000
-8.311671663606110982 -13.592359181970893545 0.000000000723250906 0.434534351124875096 0.000000000000000000
-6.159451008259347660 -13.537831052342394145 0.000000000076313951 0.337974182897462561 0.000000000000000000
-6.786467639928099871 -10.111800222495965329 0.000000000781279512 0.284560440507178880 0.000000000000000000
-7.393021139699137656 -12.793031026248613102 0.000000000315236126 0.223560548002443099 0.000000000000000000
-5.666441074064882955 -11.762505353799495467 0.000000000778271324 0.190148220100090637 0.000000000000000000
-8.899297702983579583 -12.431491231498586814 0.000000000191220978 0.406190749335968659 0.000000000000000000
-7.281602088699975717 -12.901290898011279040 0.000000000086934702 0.230981375567172048 0.000000000000000000
-8.622795784903903638 -9.829543625553769814 0.000000000096850020 0.474155723658045480 0.000000000000000000
-7.577561193564020137 -11.677730661925938449 0.000000000356138648 0.150813445418333802 0.000000000000000000
-4.463771962696698736 -10.510281712559397249 0.000000000916455892 0.457594710201107313 0.000000000000000000
-8.740106802236224937 -11.222743106503033417 0.000000000246177084 0.368392184223072960 0.000000000000000000
0.015742492997928612 -12.394234751042656484 0.000000000000000000 0.442107349518372716 0.000000000000000000
1.241254148057127749 -15.008570887281909023 0.000000000000000000 0.364855123136789361 830324.000000000000000000
2.617238121048907740 -15.108139223493434855 0.000000000000000000 0.329967972168977663 833733.000000000000000000
1.053172449048704662 -14.419702438962969993 0.000000000000000000 0.305931787717455050 0.000000000000000000
2.742863832047708783 -15.599487888318694928 0.000000000000000000 0.419905860890721627 833204.000000000000000000
2.438157479499399649 -11.873874307293592167 0.000000000000000000 0.250489483141382918 832982.000000000000000000
3.884442112272599168 -15.104797262259548773 0.000000000000000000 0.426774301349845731 831551.000000000000000000
0.356989044858651017 -13.909254335524508406 0.000000000000000000 0.369981710927938967 0.000000000000000000
0.515682904690695332 -13.527255386800369763 0.000000000000000000 0.327183098420075535 831026.000000000000000000
3.486590881381021578 -12.439835222710270202 0.000000000000000000 0.253695263859966325 822691.283010759158059955
3.993947230578992702 -15.240288867951152341 0.000000000000000000 0.457763927370374302 830577.000000000000000000
4.175035710475523132 -12.649157428784784329 0.000000000000000000 0.346532079388320313 829453.000000000000000000
1.398730446780873660 -13.200382692280379970 0.000000000000000000 0.167306877139380472 833603.000000000000000000
2.156603928111992197 -11.358290836064382390 0.000000000000000000 0.343105368434384328 836361.000000000000000000
0.369417033425943786 -11.650591051978626211 0.000000000000000000 0.454475817030037088 669310.058487798552960157
11.037817473546256863 -11.024565639361492586 0.000000000000000000 0.417638084688711941 0.000000000000000000
9.924810810304371955 -9.666784459493287684 0.000000000000000000 0.177436336626931895 0.000000000000000000
8.545202867687061499 -8.666456788013332968 0.000000000000000000 0.320327176494651145 917167.000000000000000000
9.086485619975903205 -10.129715796388303772 0.000000000000000000 0.329982192669253327 0.000000000000000000
9.063332785776150757 -7.856580018064497573 0.000000000000000000 0.276324821712459978 911153.000000000000000000
10.018235020329820273 -10.463783282791396800 0.000000000000000000 0.306444329819045569 918245.000000000000000000
10.232292692213910357 -7.122756917178135971 0.000000000000000000 0.285680148440848936 914033.000000000000000000
9.273422542086096954 -6.989728279763280483 0.000000000000000000 0.362679601344474523 0.000000000000000000
9.416402820245725280 -10.237934580320514399 0.000000000000000000 0.309166200378806211 0.000000000000000000
10.388543524710090793 -9.376380081987482740 0.000000000000000000 0.110513455627666846 0.000000000000000000
10.505804153106929277 -11.184357597824973851 0.000000000000000000 0.428089136613677035 917751.000000000000000000
9.919302623976628652 -9.940545919457171919 0.000000000000000000 0.222318851601526757 519517.462708952138200402
12.225854916191030597 -9.130783967658606670 0.000000000000000000 0.342629311296543559 0.000000000000000000
10.928726504252887608 -6.222312889235878330 0.000000000000000000 0.454668246772058415 909631.000000000000000000
11.288778094182770673 -10.227789613961059345 0.000000000000000000 0.309326936480552483 909935.000000000000000000
12.119755662283271391 -0.739234680068936223 0.000000000000000000 0.284068723264180256 0.000000000000000000
12.802508741008640669 1.178297608063385571 0.000000000000000000 0.243223480424669347 308088.000000000000000000
11.040134197563050478 -0.004750027461955963 0.000000000000000000 0.445769153147039687 0.000000000000000000
14.035062980813528100 -1.658452355686404811 0.000000000000000000 0.300307874661499608 300356.000000000000000000
15.809810779820217874 0.201064166388378096 0.000000000000000000 0.405892956456081311 301179.000000000000000000
11.824129293426452136 -1.767197232719158739 0.000000000000000000 0.433686035236799050 305898.000000000000000000
11.641646630559062459 1.384333037758255003 0.000000000000000000 0.415462238361175407 0.000000000000000000
11.282506629300703693 -1.174001486345553236 0.000000000000000000 0.451463090124351540 88662.261640798111329786
13.689319654416985728 0.162322021982948261 0.000000000000000000 0.038589889812229862 0.000000000000000000
13.323280164860989316 -1.876740399202056597 0.000000000000000000 0.327689775193236832 307101.000000000000000000
11.260701292372210958 -0.294248664582794472 0.000000000000000000 0.409676444424588615 300667.000000000000000000
12.412099599901207370 0.729148519275000573 0.000000000000000000 0.237784363517916153 304345.000000000000000000
14.605704423366592692 2.321723562693974507 0.000000000000000000 0.444007647370114888 306334.000000000000000000
13.656658907294820793 1.921037456509259611 0.000000000000000000 0.333466901283699990 302111.000000000000000000
13.564877247575406471 0.131006782752395301 0.000000000000000000 0.023096153173697013 0.000000000000000000
