-4.476917549392311457 4.539216009706859012 0.000000000000000000 0.411923053090363867 429349.000000000000000000
-3.878665842489442017 3.153166616024595026 0.000000000000000000 0.317189378263270372 95753.967829245710163377
-3.824911131618368376 2.435980824700513470 0.000000000000000000 0.380702822926985818 0.000000000000000000
-3.970118906344788368 5.026067417016215622 0.000000000000000000 0.365977547987325735 430891.000000000000000000
-4.005141862120228602 5.696495744211393486 0.000000000000000000 0.447473586455051864 0.000000000000000000
-2.511517082836745018 5.327578769284051496 0.000000000000000000 0.259907911404694270 428529.000000000000000000
-4.607799029386598910 3.359844437377934590 0.000000000000000000 0.429228418130865763 0.000000000000000000
-4.069820168129533400 3.141102029460309808 0.000000000000000000 0.349298428545146145 0.000000000000000000
-0.974713671443012686 6.112571658923343421 0.000000000000000000 0.457218240655977326 0.000000000000000000
-1.314948863453212935 2.996765062999759976 0.000000000000000000 0.231498911791090334 425280.000000000000000000
-1.095759582673830446 2.478658709916204739 0.000000000000000000 0.325805509597658027 0.000000000000000000
-3.874596453778419658 5.092571291919986365 0.000000000000000000 0.358846374574183502 0.000000000000000000
-1.058103529540254328 4.123789035456402630 0.000000000000000000 0.217902786820706823 423328.000000000000000000
-2.085095786049643962 2.507643509926825498 0.000000000000000000 0.248152552497028583 422214.000000000000000000
-0.600185875343905439 5.039302619316698539 0.000000000000000000 0.359482355690187605 0.000000000000000000
-0.789828054488107667 -6.015578128753531040 0.000000000000000000 0.460255847950247765 28464.333693688109633513
-1.454885401599623318 -3.052945038221413387 0.000000000000000000 0.206740510520274090 349707.000000000000000000
-2.832436139696846933 -2.125232884094981234 0.000000000000000000 0.330484892666434438 345464.000000000000000000
-3.263876276015278854 -6.071483713903945478 0.000000000000000000 0.427651027517091609 345888.000000000000000000
-2.168613945705373691 -6.479709190935837526 0.000000000000000000 0.461415687315119005 345247.000000000000000000
-0.877542227465699987 -5.754442766992221792 0.000000000000000000 0.413326754479233449 349492.000000000000000000
-1.638359580913293367 -3.390917411389207548 0.000000000000000000 0.141823753701362271 0.000000000000000000
-2.213178493682863124 -4.637312200042940979 0.000000000000000000 0.133300356313374002 347450.000000000000000000
-1.522927027315227111 -3.695658276992102920 0.000000000000000000 0.135553802246014404 0.000000000000000000
-1.766876773018901670 -6.174163134137507392 0.000000000000000000 0.416104996954053563 342261.000000000000000000
-1.763912292360464873 -4.271733739832756171 0.000000000000000000 0.111266737723116668 174996.567889942583860829
-0.599657488393511295 -4.887637065594803154 0.000000000000000000 0.344892958561410501 344105.000000000000000000
-3.650432711703848199 -3.725885404009011470 0.000000000000000000 0.249846346619805232 348702.000000000000000000
-0.230299230062978783 -3.698027615591125361 0.000000000000000000 0.363030816412715007 343503.000000000000000000
-0.087659593324464893 -2.676561419634330363 0.000000000000000000 0.443152393127509370 340599.000000000000000000
5.819565791199216243 -1.624477695407115618 0.000000000000000000 0.370489538415604891 384450.000000000000000000
3.290450453715034751 2.310329381005960858 0.000000000000000000 0.465073172296395665 0.000000000000000000
5.902820132121701313 -0.765417741935411566 0.000000000000000000 0.282326847713733731 388016.000000000000000000
5.719972830135286124 1.270991410212899853 0.000000000000000000 0.311586082482585180 385743.000000000000000000
2.122465453722718998 -0.453363010051936022 0.000000000000000000 0.433805674629035964 0.000000000000000000
3.255015553909893278 -0.540816087888673525 0.000000000000000000 0.244155012543376598 0.000000000000000000
4.512331114021174372 -2.594097785867918393 0.000000000000000000 0.460872585479959906 388441.000000000000000000
5.413414909602853875 -1.422807670655338308 0.000000000000000000 0.299175857548186985 191767.211982748412992805
6.707071465039968317 1.126051294309073247 0.000000000000000000 0.438883098223209700 384118.000000000000000000
3.942135191871100286 0.121434711872125817 0.000000000000000000 0.104218075027735904 0.000000000000000000
3.359895073610744909 -0.181858283343793392 0.000000000000000000 0.208254242386400362 387775.000000000000000000
3.133149969559593462 -0.471444924861315340 0.000000000000000000 0.260023392176805479 0.000000000000000000
4.168815675091475548 1.050691674432461031 0.000000000000000000 0.196611589344492937 388051.000000000000000000
3.625223296389950889 2.339308173012169423 0.000000000000000000 0.445001334428111017 0.000000000000000000
3.518780123638673984 -0.478432944127452187 0.000000000000000000 0.196748494307511124 388937.000000000000000000
9.452602866523564629 9.004803805492734625 0.000000000091166083 0.164579826254812767 174689.627307411021320149
8.866798994482222085 8.036372037246740874 0.000000000768607282 0.290937343710138407 0.000000000000000000
12.639439260704023127 7.771991248346803438 0.000000000195609468 0.443779647407237132 424891.000000000000000000
7.699045372462064662 8.891775411754526459 0.000000000117922214 0.471471139382551752 429017.000000000000000000
10.534726932755264173 8.733191840909849901 0.000000000382618304 0.034700162621064151 429794.000000000000000000
12.587906296842758636 9.359967386466971462 0.000000000358773565 0.414574639338168349 430940.000000000000000000
9.316761618869348283 9.772259283296236276 0.000000000207005625 0.256245371215709172 422378.000000000000000000
12.536094266463820190 8.867704286542407388 0.000000000498776164 0.391883446444542649 427916.000000000000000000
12.023791517594137446 9.456319654256873264 0.000000000781782892 0.324577109179923606 0.000000000000000000
10.505694940433164319 8.783325652270260520 0.000000000714210522 0.030073164024190045 428800.000000000000000000
9.431970253865806342 7.088956956866009129 0.000000000029405878 0.333298736596723044 0.000000000000000000
12.555725537919011359 8.360225556848652317 0.000000000102665829 0.400590794943837702 248755.645614501932868734
10.065372057442392162 6.843001018170941308 0.000000000780223696 0.337752851992195513 428747.000000000000000000
11.556136577683657762 7.816824998667990521 0.000000000276820440 0.271101240199805305 430240.000000000000000000
9.462573904187989271 11.083853225781087559 0.000000000680621199 0.438958624011193843 421846.922109709121286869
4.297463275090443346 13.390289420466629622 0.000000000000000000 0.350451675296909460 467247.000000000000000000
0.178529917518096382 13.877265581789806959 0.000000000000000000 0.398822111973134275 220025.973619161668466404
-0.329078918695981160 13.195712922606475104 0.000000000000000000 0.474869552559496033 0.000000000000000000
0.823965992529113067 14.366091175860448814 0.000000000000000000 0.331845743097627821 468960.000000000000000000
1.793334213300535884 14.094489980589385070 0.000000000000000000 0.174679493085795196 470389.000000000000000000
0.872083042002933739 11.834141800118226584 0.000000000000000000 0.365999410966901695 0.000000000000000000
1.602495690251634519 10.887808485672412218 0.000000000000000000 0.445021768555464270 470987.000000000000000000
2.321638657702055131 12.200085994600984307 0.000000000000000000 0.191740412915358288 0.000000000000000000
1.078088151348558288 12.049665939418403582 0.000000000000000000 0.312902293722285563 471704.000000000000000000
3.434293478310965764 14.191592242836199134 0.000000000000000000 0.254852253572529164 470091.000000000000000000
2.015728643881494975 12.793841575772638919 0.000000000000000000 0.103057939503947343 344158.922831030329689384
0.235004416339676864 14.617991278337155947 0.000000000000000000 0.443930826849705751 0.000000000000000000
1.560023029702413133 13.885997496757456204 0.000000000000000000 0.175567427171823359 0.000000000000000000
2.978528352247238775 15.293603099911607046 0.000000000000000000 0.376965589989494476 210477.424168621218996122
0.583769148486370182 14.127598992942669298 0.000000000000000000 0.346865257106910796 462508.000000000000000000
-7.456441702962192331 11.146951096316119134 0.000000000264526189 0.163946361386344941 871826.000000000000000000
-7.807066866962581564 12.770402250435459734 0.000000000748775361 0.266956209835115421 0.000000000000000000
-5.692522714524194782 10.728271765573619945 0.000000000910225442 0.255228495982055548 306096.264639704721048474
-8.907278452214148601 13.197209173293950712 0.000000000656818536 0.467319753941853100 0.000000000000000000
-6.517976376015153228 13.392815698675091696 0.000000000646246935 0.298849464679848020 819431.962167208199389279
-6.930434103041925198 13.678148061071720321 0.000000000925995716 0.348550757040785197 377338.688569371588528156
-8.184769756997019030 10.747541837928261899 0.000000000202175799 0.310576821578375462 785164.810299870208837092
-5.777526686015577617 11.353499445506702870 0.000000000823360339 0.182070916359621887 0.000000000000000000
-5.520285341546062874 11.929906105766017177 0.000000000930522701 0.219257856708070770 872355.000000000000000000
-6.760089614772356370 10.194208088035789928 0.000000000706903884 0.269865235741886089 870507.000000000000000000
-6.828537794535393779 13.848541772974316544 0.000000000925745853 0.377337378914192778 877505.000000000000000000
-7.018772322346849890 10.835090309744664694 0.000000000495599395 0.164468117043297307 868626.000000000000000000
-8.652622031772272848 12.170088403513222630 0.000000000276186930 0.351406791058051504 874192.000000000000000000
-7.406882397718689504 13.098186188948576003 0.000000000914877661 0.272015342574591978 869942.000000000000000000
-5.940015100985293728 14.202891811209445549 0.000000000710248462 0.462135577515231044 869973.000000000000000000
-12.087726830483736862 2.107774112343412387 0.000000000000000000 0.461202093324174389 545982.000000000000000000
-12.237813932909029191 2.804780098275792000 0.000000000000000000 0.336944118110696189 552407.000000000000000000
-12.773043276142365343 2.169400822465131995 0.000000000000000000 0.436361700544022457 0.000000000000000000
-11.364478990362686162 3.007357689923011446 0.000000000000000000 0.377700458832277541 0.000000000000000000
-11.724042180462705076 6.164280416294165121 0.000000000000000000 0.313152382863739254 544862.000000000000000000
-13.238072361489621187 4.590213699830198557 0.000000000000000000 0.094834316034932281 0.000000000000000000
-13.034333545025234002 2.541739562937184171 0.000000000000000000 0.375706229617698451 547997.000000000000000000
-13.598772880389793372 4.908977487459543099 0.000000000000000000 0.162864728837067235 0.000000000000000000
-11.446329106016881028 2.992618867347429656 0.000000000000000000 0.370587746903372151 0.000000000000000000
-14.005670493677824240 2.999045314244297877 0.000000000000000000 0.371383903957396067 550618.000000000000000000
-11.388242947876944910 6.881287260524456606 0.000000000000000000 0.450741859471327944 0.000000000000000000
-14.125324058899625612 4.356884025501972957 0.000000000000000000 0.257846040626982909 0.000000000000000000
-13.039610854800814721 3.336688973838779049 0.000000000000000000 0.240343776366009898 550438.000000000000000000
-11.704471381609458547 2.485295104026748803 0.000000000000000000 0.422272864039006046 21554.940103590281069046
-12.387737249833135067 6.880351978108753208 0.000000000000000000 0.387432345896365216 0.000000000000000000
-10.902467126287220367 -4.994825920484205817 0.000000000000000000 0.327417159886109532 387792.000000000000000000
-12.968048599034775137 -4.747702282346946134 0.000000000000000000 0.047007351892597707 381567.000000000000000000
-12.577027232924780975 -4.456140961407017542 0.000000000000000000 0.045670454921772838 8612.910207491795517853
-10.627940634295564237 -3.392354116171599543 0.000000000000000000 0.434200293863385212 0.000000000000000000
-10.133516014182228915 -4.091406643004411592 0.000000000000000000 0.471072366066891457 386243.000000000000000000
-12.167259623000061808 -6.491531688006855205 0.000000000000000000 0.330216607898387970 0.000000000000000000
-11.440213311250611028 -6.419282021183008169 0.000000000000000000 0.378839179959700345 382843.000000000000000000
-10.750892430603100181 -5.532710260899572852 0.000000000000000000 0.380180464498786730 0.000000000000000000
-11.147337807341497040 -2.797652413697006235 0.000000000000000000 0.430667588898834774 387983.000000000000000000
-11.205955295951758544 -3.758563581769969186 0.000000000000000000 0.312902005885907497 387203.000000000000000000
-14.607054435266395132 -5.357867733518615339 0.000000000000000000 0.357513777446206105 387523.000000000000000000
-12.598345899478543330 -2.858392183540970688 0.000000000000000000 0.317231902707439728 0.000000000000000000
-11.788899193070717430 -4.579594041948745087 0.000000000000000000 0.165642446591709236 0.000000000000000000
-13.772626675233043514 -5.596345029604752774 0.000000000000000000 0.247037376931637576 0.000000000000000000
-12.591426264501482279 -3.546727570440968424 0.000000000000000000 0.198057565543442365 0.000000000000000000
-7.233878302792534853 -10.107542238823887359 0.000000000750011704 0.298701417126607860 0.000000000000000000
-7.794404187058470157 -12.505328636245566898 0.000000000426957944 0.234893613786470085 0.000000000000000000
-5.743378742640693702 -10.204447408662264962 0.000000000832608980 0.320997987875888402 0.000000000000000000
-7.018403192096559273 -11.892499292029844682 0.000000000235551630 0.059541929623698184 0.000000000000000000
-8.674994786908586164 -13.366131150052639853 0.000000000334556739 0.452238880098244145 0.000000000000000000
-6.062469659792075305 -10.422394976460424232 0.000000000433150409 0.258783375731043985 0.000000000000000000
-6.755802255765488873 -12.629704557163721645 0.000000000247676982 0.161315229884730182 0.000000000000000000
-7.893174751258114519 -9.970709779581550691 0.000000000870286222 0.371852531229060757 0.000000000000000000
-7.520071710553813737 -10.781865634764802309 0.000000000776177621 0.217158113252236523 0.000000000000000000
-8.747223608653850846 -10.544816998221865134 0.000000000689805184 0.414628101122023918 0.000000000000000000
-8.007944752394033472 -13.959969568089592329 0.000000000865236624 0.456737022417073202 0.000000000000000000
-6.843156923107326151 -10.153320302200375735 0.000000000244735225 0.277735305718906811 0.000000000000000000
-5.248292134257712682 -11.883830118485624538 0.000000000280569113 0.266128050802569849 0.000000000000000000
-7.287132646896643529 -9.970241819916658699 0.000000000893622887 0.324703570214793513 0.000000000000000000
-7.251918898140317538 -13.128372327225360294 0.000000000433677610 0.266026095787895045 0.000000000000000000
1.731540372669360561 -15.281733189809795448 0.000000000000000000 0.372913868963810957 438383.266254561021924019
2.382183502053201618 -11.354615472328589476 0.000000000000000000 0.342373830481950026 0.000000000000000000
2.521515298600041532 -13.081503055314044559 0.000000000000000000 0.048178929644426299 0.000000000000000000
3.096517967031010343 -15.633890361288980131 0.000000000000000000 0.441043096135314616 0.000000000000000000
1.235390345059829809 -11.942684968263495904 0.000000000000000000 0.307946382027814991 0.000000000000000000
2.060233712588603883 -13.309438341157818542 0.000000000000000000 0.049201870318823497 831200.000000000000000000
3.851345089123388910 -15.025548567294269020 0.000000000000000000 0.412239660085238213 568720.371438243775628507
-0.153955002395779944 -12.955751038078998860 0.000000000000000000 0.447118952225396327 835274.000000000000000000
1.201326268623621019 -15.147928935122086713 0.000000000000000000 0.389709964109480778 827518.000000000000000000
1.836452970308640298 -15.529824739925217614 0.000000000000000000 0.410965382518056421 827749.000000000000000000
0.323465935768390500 -12.756184398933360313 0.000000000000000000 0.370180662464051624 827600.000000000000000000
0.902577526068672586 -15.214504487401454114 0.000000000000000000 0.429262777381042793 0.000000000000000000
0.627790695687268863 -12.781988764678448689 0.000000000000000000 0.316658684838498572 831067.000000000000000000
3.048812646793693126 -14.744780293556338790 0.000000000000000000 0.290722730061548140 833593.000000000000000000
2.051147922179627603 -14.776278693843508449 0.000000000000000000 0.271789916430794531 0.000000000000000000
9.663375915643564795 -8.748580326211159885 0.000000000000000000 0.120712976637339139 915054.000000000000000000
10.108743357281548825 -6.183485877518023699 0.000000000000000000 0.451706111869564553 336430.368400393170304596
9.385169139490477264 -8.014831845054549930 0.000000000000000000 0.213489128933455952 914014.000000000000000000
12.285138506718888962 -9.705170579778766182 0.000000000000000000 0.384853099265634047 908707.000000000000000000
11.879082957458734882 -10.197269748909857157 0.000000000000000000 0.373421123107166908 913550.000000000000000000
9.744760031102622122 -10.993509359089415511 0.000000000000000000 0.408150268830487717 914757.000000000000000000
9.929677977769060249 -10.144532052563782543 0.000000000000000000 0.255751343372564388 913285.000000000000000000
11.646013568379732561 -9.915795898349520243 0.000000000000000000 0.309662906040259034 0.000000000000000000
11.348927693357083513 -10.357951987781147452 0.000000000000000000 0.334262017328224748 910699.000000000000000000
12.691213909600913112 -9.415790366937541123 0.000000000000000000 0.434895383512718725 911422.000000000000000000
8.306480131827250091 -10.075451854047361877 0.000000000000000000 0.431202849623490869 908605.000000000000000000
9.229457369092823882 -6.294358847728259043 0.000000000000000000 0.474258717230919002 916216.000000000000000000
8.782505787578630319 -9.655727987819684444 0.000000000000000000 0.320275518671872761 909506.000000000000000000
11.242456458131076857 -8.685647429926827812 0.000000000000000000 0.161124964730287062 909390.000000000000000000
8.302476405163487172 -8.098631163466054161 0.000000000000000000 0.380789024733052928 914415.000000000000000000
13.589417571125348871 2.663634250658872826 0.000000000000000000 0.461609660596931093 0.000000000000000000
12.812245098316189740 -1.210210773166048748 0.000000000000000000 0.246978016683174678 306447.000000000000000000
14.203861710551862529 -0.477256765988076370 0.000000000000000000 0.144156168307142618 304202.000000000000000000
14.406494714441656413 1.483950117657155898 0.000000000000000000 0.299481121991582111 0.000000000000000000
13.369715660418965086 2.418986585730128258 0.000000000000000000 0.420449780450741051 304505.000000000000000000
15.440805465158222276 0.624223531074905691 0.000000000000000000 0.355359376578180119 0.000000000000000000
13.252731628682081322 -2.637524553030102137 0.000000000000000000 0.460204114918064955 75925.096459961830987595
14.973735829326946245 -0.320443654259216337 0.000000000000000000 0.261316649584458160 308824.000000000000000000
15.474624907082176861 -1.100997886193461284 0.000000000000000000 0.393556764567150552 0.000000000000000000
12.403261429340787458 1.298333840994968069 0.000000000000000000 0.303306306932278613 78493.895077633889741264
15.711253415784911525 1.209329407538458634 0.000000000000000000 0.439477229444396322 0.000000000000000000
11.776170040371324532 -0.357487762617839655 0.000000000000000000 0.320679559197778352 299712.000000000000000000
13.635428700629084631 -2.561913007763167105 0.000000000000000000 0.444183194180954255 309286.000000000000000000
12.795479154793662602 -0.187831578202961591 0.000000000000000000 0.136851134550240200 300133.000000000000000000
12.361155594721996209 -0.017903761455635776 0.000000000000000000 0.210352473074695012 308286.000000000000000000
