-3.400916990090089520 4.814751335142149813 0.000000000000000000 0.261844109194743657 421633.000000000000000000
-2.610412837883372195 3.994380120877599083 0.000000000000000000 0.065456636927595596 0.000000000000000000
-2.248399177057677889 3.274836756349909006 0.000000000000000000 0.109602674794725102 0.000000000000000000
-4.299704574791904932 2.707122262710583094 0.000000000000000000 0.420325386807801071 0.000000000000000000
-4.618855051790411004 3.760588623425179300 0.000000000000000000 0.421335708709019263 422598.000000000000000000
-0.982174861447902670 2.591001359734574905 0.000000000000000000 0.324477196910003152 7186.395585648954693170
0.073563089721757596 2.763794372689496459 0.000000000000000000 0.461471841684884310 0.000000000000000000
-1.682016041541908091 5.149435722281031858 0.000000000000000000 0.246687821916387634 422297.000000000000000000
-1.918877172080915017 4.197210439422220496 0.000000000000000000 0.081537230628293378 427963.000000000000000000
-0.660952196347825649 4.710580524900803034 0.000000000000000000 0.319996457790110322 0.000000000000000000
-1.984767662049170989 5.839059050573482956 0.000000000000000000 0.350494083323732331 430738.000000000000000000
-0.293269446970916281 4.358801281942009886 0.000000000000000000 0.360006048324892802 0.000000000000000000
-0.992745485547780193 4.140677726501579059 0.000000000000000000 0.229912054308965691 0.000000000000000000
-3.421806695587632952 3.541199319592674755 0.000000000000000000 0.216487787714032320 0.000000000000000000
-3.034879132376504973 2.229298807158707429 0.000000000000000000 0.326482776437746314 427288.000000000000000000
-2.077899346968007599 -5.519336219991080483 0.000000000000000000 0.291918819126281148 347844.000000000000000000
-1.889829110879265750 -6.115124131969129628 0.000000000000000000 0.401661742276521572 344645.000000000000000000
-0.043181372331956069 -3.190727854653851114 0.000000000000000000 0.413956751384382149 0.000000000000000000
-3.842099705340507931 -2.090215054715382159 0.000000000000000000 0.426944082093321131 262472.091877916653174907
-1.154937245309835436 -5.269573590707883781 0.000000000000000000 0.314710979467936025 345883.000000000000000000
-1.804329878463438286 -2.922154670982919367 0.000000000000000000 0.190454651405368824 77330.249194613541476429
0.107346975164563443 -2.814066417725993308 0.000000000000000000 0.463121478724867364 345260.000000000000000000
-3.955063910954856432 -4.213182760969703011 0.000000000000000000 0.307831614300146550 0.000000000000000000
-3.245776593153839151 -5.256809874870556065 0.000000000000000000 0.300272389169002729 0.000000000000000000
0.037310420347921973 -3.168501805790426396 0.000000000000000000 0.428826300143156369 0.000000000000000000
-3.193049018764038127 -6.361882888777012468 0.000000000000000000 0.470466525352743747 340817.000000000000000000
-1.359223571687053100 -5.356039307450977560 0.000000000000000000 0.306352090791879417 294916.932775930908974260
-1.558200330567687031 -2.725951048547177624 0.000000000000000000 0.242015829864337728 348739.000000000000000000
-2.450217793966253943 -4.256367700082581251 0.000000000000000000 0.073643325381514038 344560.000000000000000000
-2.210312469564387428 -5.942495751923955183 0.000000000000000000 0.365582115215475123 164696.897473503981018439
3.918054871303962017 1.771207437672517093 0.000000000000000000 0.332259419417926916 387086.000000000000000000
2.836730633059250994 1.473471942091888032 0.000000000000000000 0.397547189247247412 256840.490263880463317037
5.104013014092056544 -1.024229628545409110 0.000000000000000000 0.210096840754902037 389548.000000000000000000
3.857737086756262812 -1.565524139925416502 0.000000000000000000 0.301864394091770349 383414.000000000000000000
2.988006764449119945 -0.781779184575389641 0.000000000000000000 0.305474356437395678 383370.000000000000000000
7.055867139560717760 0.213635607543512157 0.000000000000000000 0.454553432337151120 387021.000000000000000000
3.077864992149707657 2.127765335778460720 0.000000000000000000 0.456809682408442608 252683.275324121786979958
2.106557759949540198 0.329716826300526900 0.000000000000000000 0.433068046466218326 385053.000000000000000000
3.041379617030639970 0.487129305541528557 0.000000000000000000 0.276417706845715039 390051.000000000000000000
3.471074859958066749 1.171110215596927073 0.000000000000000000 0.279132595150976326 388005.000000000000000000
3.691019903443584660 1.505392992465881763 0.000000000000000000 0.305184793029987855 389547.000000000000000000
5.324540627045836416 -0.595300994671921546 0.000000000000000000 0.178982169271515140 0.000000000000000000
2.681452082173307438 1.146270610794102529 0.000000000000000000 0.385034840285417956 385419.000000000000000000
4.476043150805839588 -1.759082865738190948 0.000000000000000000 0.312621844008718397 60582.162482738996914122
4.159149084336130286 1.439391122858827865 0.000000000000000000 0.263513894136985061 276819.952679811220150441
11.403807756649912974 7.596452488683805626 0.000000000760226881 0.276665017079194386 204994.499664544418919832
9.863626263122796445 7.890025542837646455 0.000000000100692364 0.172902647453483105 428616.000000000000000000
7.841792171901236230 8.366341223989056886 0.000000000362885261 0.450390555710419416 0.000000000000000000
8.577563096011642685 8.621481917778888615 0.000000000549506576 0.315025200702694907 424074.000000000000000000
8.781011366625039116 6.765040201274449494 0.000000000929733218 0.445773241360205352 0.000000000000000000
11.012244347077288609 7.120438294874007035 0.000000000418381629 0.309190028222900481 0.000000000000000000
9.065525372945128169 9.272016541636483922 0.000000000223456124 0.245211026580633179 0.000000000000000000
8.046342987689135029 8.439227222045341037 0.000000000029046502 0.412498251042970610 428202.000000000000000000
11.053624972813599570 7.614851377624495044 0.000000000029078148 0.235671466441298827 0.000000000000000000
12.082630201251781443 9.101708449384940280 0.000000000023492738 0.316604815879049650 428444.000000000000000000
11.239424690222802994 10.235631664251252815 0.000000000695947484 0.305797005757861617 349863.846099837624933571
10.158519317487030520 9.531180874120700253 0.000000000413529265 0.141156201806586695 258470.671588079509092495
8.130706480854049900 8.136130227291289430 0.000000000415288528 0.408311903028838685 428698.000000000000000000
11.427361922192410759 7.268334677030784619 0.000000000124944124 0.323413888382928172 346275.704094049346167594
8.356107317495766296 9.442173386461005791 0.000000000580750271 0.374177402529605019 0.000000000000000000
2.420365491182653095 11.864617357131260533 0.000000000000000000 0.251922143136091792 0.000000000000000000
0.880163792442359871 13.680882105351036770 0.000000000000000000 0.268986379039350687 463266.000000000000000000
4.823912123722549516 13.547885294602473039 0.000000000000000000 0.446290656356846671 417375.371596327109728009
2.712448057410136837 12.674630118433810821 0.000000000000000000 0.126626399216301089 159501.142317677877144888
3.046770857594507831 14.553451483363307517 0.000000000000000000 0.260354375282559614 464218.000000000000000000
4.866031280188300556 12.524258975804151817 0.000000000000000000 0.470606282569741519 188330.340643313247710466
2.783677547160651855 11.400340927334381647 0.000000000000000000 0.343538299290085947 241362.596720654575619847
3.937239754911534551 12.301679331550108287 0.000000000000000000 0.334233915651332314 468601.000000000000000000
3.878699154366806123 14.909917827591439021 0.000000000000000000 0.400270652927056769 463152.000000000000000000
0.963778774679844741 12.887351588458768603 0.000000000000000000 0.253926989748845533 190389.866356022597756237
0.683402880781457167 13.388442136411786265 0.000000000000000000 0.294908454553492683 462078.000000000000000000
2.676269677619779408 10.714422757617359849 0.000000000000000000 0.460246363873848041 0.000000000000000000
1.204697674216718362 11.506663712940822464 0.000000000000000000 0.374092765240240599 0.000000000000000000
0.875907428121814324 12.104505164135805018 0.000000000000000000 0.333419122413597391 464404.000000000000000000
1.678452261498493581 14.008297927903125668 0.000000000000000000 0.175058376840530550 249456.745865831268019974
-4.654260587086915812 12.091421803871572394 0.000000000115412844 0.376226046078984411 868466.000000000000000000
-4.711861900198981878 12.179842959180072981 0.000000000050846284 0.369277812993485000 872356.000000000000000000
-5.954810890669277157 13.835055049060938970 0.000000000770195457 0.399676956273565809 0.000000000000000000
-7.431318935708183915 9.815693700195270210 0.000000000509280584 0.358879273447258729 877143.000000000000000000
-5.786161509504579747 12.405244439872797457 0.000000000091178314 0.207943785662992459 869649.000000000000000000
-8.404542420110082901 12.891461377013095913 0.000000000391584401 0.362975518898867811 0.000000000000000000
-6.770652428187589500 14.222730435296998763 0.000000000460933134 0.443238358716841807 0.000000000000000000
-4.595193052640669684 12.351828796530123000 0.000000000207462089 0.397103861922754542 871807.000000000000000000
-7.758890689165248489 13.992953294320640723 0.000000000718666765 0.441752466262230081 870603.000000000000000000
-7.288413218647163738 12.875481142521215006 0.000000000703535648 0.227379419753917789 0.000000000000000000
-5.768868403963572256 12.625391652192831771 0.000000000298759113 0.235160055546893343 380059.299324336985591799
-6.289698712910825940 13.715868076945605836 0.000000000130883752 0.362355551351047356 0.000000000000000000
-5.248117467463839780 12.615031657373291907 0.000000000174474940 0.308587533555080284 0.000000000000000000
-7.540217234865990825 14.116393207565735679 0.000000000724736858 0.447792061933923458 0.000000000000000000
-4.640044980021193588 11.282585457331620660 0.000000000149855937 0.380838523017094976 877485.000000000000000000
-12.393630489871856781 5.325331730676322373 0.000000000000000000 0.126113209221636019 0.000000000000000000
-13.767649311897462994 3.994939788065360986 0.000000000000000000 0.222284231882595967 0.000000000000000000
-11.506348896771767087 5.726959074608092060 0.000000000000000000 0.282221342873674452 0.000000000000000000
-11.947524740909875263 2.919113070701070622 0.000000000000000000 0.335404657414114182 0.000000000000000000
-12.254671916299386680 2.193369657708604592 0.000000000000000000 0.440147565462703616 0.000000000000000000
-10.786085288756545708 5.064375811583089693 0.000000000000000000 0.350011429529563767 552766.000000000000000000
-10.299220995055600625 5.267792878327370865 0.000000000000000000 0.442372752424794291 548734.000000000000000000
-12.792762513350458775 4.934037170638682746 0.000000000000000000 0.046622282735916808 552062.000000000000000000
-14.144528068539374388 5.996239848733813993 0.000000000000000000 0.342474661432370264 0.000000000000000000
-13.370027336590144529 6.260728275803199239 0.000000000000000000 0.298652402276847306 0.000000000000000000
-12.771644921650748827 6.506385860503803187 0.000000000000000000 0.317945418523508105 544940.000000000000000000
-13.002640514462660448 7.049109591077695747 0.000000000000000000 0.415148942646204056 545223.000000000000000000
-15.060028730213398163 5.384370564188040831 0.000000000000000000 0.435793801659936642 549484.000000000000000000
-14.789734817085383511 4.895781362325924313 0.000000000000000000 0.372069389051747357 549060.000000000000000000
-13.751386287120599405 3.897145854757219752 0.000000000000000000 0.229442285573469601 547936.000000000000000000
-11.970746645347620785 -5.220293777256151735 0.000000000000000000 0.162503216735199379 384613.000000000000000000
-14.287791791865750213 -3.771438524004270043 0.000000000000000000 0.321733993798096918 387619.000000000000000000
-13.544241399022350691 -4.999221132990679273 0.000000000000000000 0.158267816350193491 386879.000000000000000000
-12.832982989591346978 -4.186280069177496621 0.000000000000000000 0.088220164191324599 385623.000000000000000000
-12.996203480804728869 -2.523421490626191588 0.000000000000000000 0.377912619626461221 0.000000000000000000
-11.794221364478467251 -3.769522935026871302 0.000000000000000000 0.227824293272701345 389986.000000000000000000
-11.182467343261306425 -4.227395912150754498 0.000000000000000000 0.283951733574645815 335811.910064110241364688
-12.414244735029376088 -6.583302344559643693 0.000000000000000000 0.335629101680634534 0.000000000000000000
-12.802715161793178922 -2.691866818489768498 0.000000000000000000 0.345761562862859473 383264.000000000000000000
-11.934910117806035501 -5.266261526021531303 0.000000000000000000 0.172377767050831576 382559.000000000000000000
-12.657551310753012430 -4.806209532881915436 0.000000000000000000 0.024296926790660998 0.000000000000000000
-14.779768067789175845 -6.380671405429555243 0.000000000000000000 0.471730067467361069 383732.000000000000000000
-11.319715007976368426 -4.556991454497637761 0.000000000000000000 0.249273835942124322 209321.596109913662075996
-14.857171511019885202 -5.990084863158995354 0.000000000000000000 0.444514192871477587 0.000000000000000000
-13.124179213701326674 -5.197919813412578804 0.000000000000000000 0.116235119378792981 132250.379221044247969985
-6.036483504260791833 -13.105855078004223557 0.000000000295164822 0.275240750011278013 0.000000000000000000
-5.848504341066392165 -12.251738778691381171 0.000000000140260145 0.183680284785019909 0.000000000000000000
-6.711505987160308884 -11.489881090819247689 0.000000000707592036 0.040663456527338070 0.000000000000000000
-7.110450108773807898 -10.976019191879869297 0.000000000430480244 0.147667145895871654 0.000000000000000000
-6.137608288750710628 -12.419954568326843969 0.000000000672064973 0.163300442534983936 0.000000000000000000
-4.954537622772215322 -10.559200413739361579 0.000000000838428742 0.377692287381192759 0.000000000000000000
-6.202373970850926455 -10.803363276829152539 0.000000000740931507 0.187613601263804802 0.000000000000000000
-8.180612021033860870 -10.532071205256938740 0.000000000026405620 0.332554713211397845 0.000000000000000000
-4.426318845866958895 -11.532255768841334742 0.000000000644321707 0.412318057326601706 0.000000000000000000
-5.341995676287506711 -13.928374496550182116 0.000000000255654578 0.463430283127893972 0.000000000000000000
-4.919737217307523558 -11.024864009728624126 0.000000000919680254 0.345686627325157647 0.000000000000000000
-4.849399002521455060 -11.416674495085567642 0.000000000859157507 0.339843009613938263 0.000000000000000000
-7.200982658141749759 -13.875532687497230455 0.000000000623449963 0.390605664413635478 0.000000000000000000
-6.260556547340242695 -11.064131147855857051 0.000000000844057959 0.143202730310866555 0.000000000000000000
-5.598211227110601484 -13.749418521788490111 0.000000000505227815 0.412718472313844509 0.000000000000000000
1.980517307375494918 -11.209992766185081337 0.000000000000000000 0.373429210816991097 218993.231774136394960806
1.503051934875057061 -13.553714562440822178 0.000000000000000000 0.156160469944094882 831835.000000000000000000
-0.314435053506350870 -13.431747744468991002 0.000000000000000000 0.472848314731885655 832135.000000000000000000
2.719295197099744321 -11.933961971295524052 0.000000000000000000 0.248729437798892949 0.000000000000000000
2.399328971812296540 -13.402662242669027393 0.000000000000000000 0.025241919697625355 832257.000000000000000000
1.768460758177992531 -14.392505100607554169 0.000000000000000000 0.222861735786854864 833336.000000000000000000
4.400200324796945672 -13.289570579741321055 0.000000000000000000 0.368183532686002235 830290.000000000000000000
2.659617739486851651 -15.781250998212733805 0.000000000000000000 0.449668142074421073 83476.120917922147782519
4.948493011554457865 -13.353002147299095625 0.000000000000000000 0.466072874208933230 536845.938307101139798760
3.651033717161126901 -13.794232508792827474 0.000000000000000000 0.252096346667902427 828957.000000000000000000
2.735029349865168768 -12.375133453552082941 0.000000000000000000 0.175697860903836572 0.000000000000000000
3.171894279984231346 -11.648582614705512484 0.000000000000000000 0.326011618302187389 0.000000000000000000
0.309982413172425419 -12.744675226973425808 0.000000000000000000 0.373022919152928234 0.000000000000000000
3.210115982052796468 -13.122278219903176222 0.000000000000000000 0.158490183046028882 0.000000000000000000
4.029134797886555042 -13.676473179557426363 0.000000000000000000 0.310313533503279670 831496.000000000000000000
12.201322276252076549 -9.182828565385420916 0.000000000000000000 0.340258535999746481 0.000000000000000000
11.716942011793914702 -7.209684090446050853 0.000000000000000000 0.364149369597414785 617012.351350795244798064
11.209029017221331159 -8.950804890785333257 0.000000000000000000 0.158818138934780806 909513.000000000000000000
9.845576132471340003 -6.740068659661083927 0.000000000000000000 0.363223012905190434 909690.000000000000000000
12.319231887053422980 -9.212415771900960948 0.000000000000000000 0.361893311608587065 912313.000000000000000000
12.094287326324231202 -6.697388073702177813 0.000000000000000000 0.475612799537231401 732468.631441142875701189
8.461211879080853038 -9.357132935954986408 0.000000000000000000 0.351680217073164769 208325.716503667994402349
8.966015519841105785 -10.157722288369335217 0.000000000000000000 0.348398022087409609 917135.000000000000000000
11.242055442025057133 -6.968761608291533349 0.000000000000000000 0.350512678951946932 484937.054613054089713842
10.311211075462216158 -6.543593941338851749 0.000000000000000000 0.386572698890996380 916626.000000000000000000
11.668736543407606021 -6.595106848941995281 0.000000000000000000 0.444861181354101021 0.000000000000000000
11.385602591340395762 -7.407415280247916733 0.000000000000000000 0.299600944358940080 911330.000000000000000000
8.378106341710726213 -7.537422585001890774 0.000000000000000000 0.409463515277575796 918153.000000000000000000
8.683869360755377187 -7.170033927378711702 0.000000000000000000 0.405119652366823235 913757.000000000000000000
12.795496401422949972 -8.446845184977924248 0.000000000000000000 0.440701303281158641 916363.000000000000000000
14.528909327295904674 -2.542141969850214789 0.000000000000000000 0.473540770300195590 307125.000000000000000000
14.926709165100467303 -1.955463087738935180 0.000000000000000000 0.418505011229650226 299543.000000000000000000
12.959334451985419889 2.192686455718239724 0.000000000000000000 0.394311912449409663 302862.000000000000000000
15.124408079783954406 0.165442338640258563 0.000000000000000000 0.283685487638914435 0.000000000000000000
11.334016800029674599 0.576969066180556100 0.000000000000000000 0.406009500826256586 308600.000000000000000000
13.864681489127157477 1.962714989009004318 0.000000000000000000 0.344759785805744567 0.000000000000000000
13.413431615002796349 -2.634647855714608689 0.000000000000000000 0.457241685726844094 307020.000000000000000000
12.295119446206241420 -0.476061376428552840 0.000000000000000000 0.237000412903800917 0.000000000000000000
12.955672322887403780 1.999781282738594346 0.000000000000000000 0.362322178127915839 301362.000000000000000000
14.989925884371105624 -0.561867259048739465 0.000000000000000000 0.275908358011411670 307530.000000000000000000
13.516198736487103460 -0.270199681408137327 0.000000000000000000 0.047039636172690066 303496.000000000000000000
14.167609475533430086 -2.202475419655922639 0.000000000000000000 0.397189998020612112 304008.000000000000000000
14.113134860678052007 -2.184495902207915119 0.000000000000000000 0.391608459502651107 308552.000000000000000000
11.951119179877959908 1.350464271006428518 0.000000000000000000 0.368020131662509520 0.000000000000000000
15.104508485297197140 -0.623492467504670578 0.000000000000000000 0.298774868518273007 0.000000000000000000
