-2.982271125847793414 4.893495286923402077 0.000000000000000000 0.220365686254048704 10894.000000000000000000
0.138804722264342179 4.163884151807010880 0.000000000000000000 0.429957052066285261 0.000000000000000000
-2.026711333009766136 4.063363497134938385 0.000000000000000000 0.051515594889047868 10956.000000000000000000
-1.142282318160424470 1.785199720216399388 0.000000000000000000 0.424443628272187845 10188.000000000000000000
-2.400488371928260811 1.712178923057976476 0.000000000000000000 0.388665792890880768 10066.000000000000000000
-2.231745669779375607 5.047872127481173976 0.000000000000000000 0.206226706142492333 10210.000000000000000000
-0.881771414097207940 4.346656878325667606 0.000000000000000000 0.258444191764506892 0.000000000000000000
-1.389227545665099095 4.186007063768711234 0.000000000000000000 0.163597817050059047 10991.000000000000000000
-0.672220510100711599 4.862612191026273400 0.000000000000000000 0.331524911641391307 0.000000000000000000
-2.173651289722324353 4.109927570824905452 0.000000000000000000 0.041937531446333227 0.000000000000000000
-0.061258631290523294 2.822628791403383186 0.000000000000000000 0.435282493073810006 0.000000000000000000
-1.262360609616959728 4.790845554864729294 0.000000000000000000 0.239256149206723417 0.000000000000000000
-2.751018208763445383 4.105260614389893981 0.000000000000000000 0.095817835343318100 10224.000000000000000000
-0.877589849206603101 2.907913968427283891 0.000000000000000000 0.301939407829751261 10849.000000000000000000
-3.811295082950454383 4.192843108492694704 0.000000000000000000 0.281988855617993028 0.000000000000000000
-0.195776548848402232 -3.233459972827668505 0.000000000000000000 0.385736365378545776 1878.320105544427633504
-1.689275530903497469 -3.272802749875773909 0.000000000000000000 0.149584862355625570 0.000000000000000000
-3.671702001928152992 -3.828042487101467106 0.000000000000000000 0.252162414705647042 0.000000000000000000
-2.925524430889085092 -1.543240724690201793 0.000000000000000000 0.434423578858488757 8208.000000000000000000
-1.271103840860573708 -3.441945682260879824 0.000000000000000000 0.193203230295521056 8969.000000000000000000
-3.132108913088961444 -5.252765258181432806 0.000000000000000000 0.288269561812482977 0.000000000000000000
-0.697672638037796111 -3.350800700946908961 0.000000000000000000 0.294257746051817315 8094.000000000000000000
0.043785297284777494 -4.151984096697010074 0.000000000000000000 0.412895019553820908 8633.000000000000000000
-2.854824437107746693 -6.140287231478307461 0.000000000000000000 0.414472574149938711 0.000000000000000000
-2.003835459010480768 -3.551069461232702729 0.000000000000000000 0.075522218524609053 8400.000000000000000000
-1.736265256808046109 -6.436121594927608491 0.000000000000000000 0.462880431990592422 8873.000000000000000000
-1.548926499345052665 -5.834019554546737041 0.000000000000000000 0.368587835632080474 3937.635197943429830048
-0.326863799014114997 -4.601118404097062076 0.000000000000000000 0.366768378339238477 0.000000000000000000
-2.668428056269590343 -1.840934305264202431 0.000000000000000000 0.372128417347284579 6223.861198004047764698
-3.493902096363219467 -2.580065198136879179 0.000000000000000000 0.320747891646777306 216.366448943077216427
5.345503844546724892 -0.160336665426819902 0.000000000000000000 0.150877965561163369 0.000000000000000000
4.831797658293914388 -1.488044624559433649 0.000000000000000000 0.270321652538207280 9399.000000000000000000
4.808793119832608376 1.380529703108514417 0.000000000000000000 0.250793365135708768 9650.000000000000000000
4.967883702081031139 -0.796731865438028319 0.000000000000000000 0.162990061834012406 228.507382966655001155
4.217875008797562053 -0.228859248685797906 0.000000000000000000 0.066658811957025124 9184.000000000000000000
3.049126240084298001 -0.043097782257146368 0.000000000000000000 0.261225499503129843 0.000000000000000000
4.730070416193843386 2.272100935767174423 0.000000000000000000 0.405444155110273541 9037.000000000000000000
2.383124218537337136 -0.710566148372240303 0.000000000000000000 0.400275257298063181 0.000000000000000000
3.012523502087602445 -2.098351396800609781 0.000000000000000000 0.459185055400186559 9632.000000000000000000
5.006814952252845785 -2.074346454802247663 0.000000000000000000 0.378732818569050611 0.000000000000000000
5.572596250442042098 0.654014618747072229 0.000000000000000000 0.221511196610527650 5692.184004060587540152
4.571063057801086238 2.425287715424787383 0.000000000000000000 0.430988994010845783 9327.000000000000000000
2.945970548210390394 -2.156992994965082566 0.000000000000000000 0.474592230043640817 9293.000000000000000000
6.277657339710952300 0.208317488910351623 0.000000000000000000 0.316462737731794619 9353.000000000000000000
4.921915035038297859 1.775799412706327463 0.000000000000000000 0.323680456030986496 0.000000000000000000
8.727405746676996756 9.083265095682511614 0.000000000836810023 0.293510978023450608 10857.000000000000000000
11.440041745942481910 10.430682414040955308 0.000000000604315472 0.353755021290876548 10231.000000000000000000
9.197210670539533339 9.123556787112423905 0.000000000762328526 0.214212952652476224 10663.000000000000000000
9.162566852307227450 7.368380479563674257 0.000000000659965241 0.320649794672310917 10214.000000000000000000
11.074454645238013484 8.136767755635645472 0.000000000020592887 0.169028475405231332 0.000000000000000000
8.565478917878419196 8.688848475668345728 0.000000000572787379 0.316563553021267541 0.000000000000000000
11.329830669411597555 10.987328378948527430 0.000000000649792839 0.429832648951941454 0.000000000000000000
8.464645593720842243 10.076546867517949480 0.000000000580877499 0.407873181919065131 0.000000000000000000
8.152328425523608146 7.933352913524403860 0.000000000325791664 0.415507303638160019 0.000000000000000000
11.524491274736741175 8.992607655479742945 0.000000000195272838 0.215324482834621050 0.000000000000000000
11.670941421487054157 10.076390915719780850 0.000000000788924873 0.332031289995890933 10640.000000000000000000
10.972448632195513696 9.064528391403321450 0.000000000880449909 0.125536603937894009 0.000000000000000000
9.816108032078094681 6.792513547646484184 0.000000000265054681 0.355663013621160928 10479.000000000000000000
10.223632101766311209 6.973510587804551797 0.000000000060024784 0.311900710141025495 10196.000000000000000000
10.574107394208203559 7.969084234413131185 0.000000000649463765 0.142734637859060182 10615.000000000000000000
3.235726772025976139 15.523095114732084809 0.000000000000000000 0.430921705223547780 11739.000000000000000000
2.105815687296033634 13.794076025906864658 0.000000000000000000 0.100740978838566309 11763.000000000000000000
4.273396997199380820 12.503746066892135858 0.000000000000000000 0.371935458201071045 11576.000000000000000000
2.747004891855189257 13.144084330549590689 0.000000000000000000 0.077246537137835677 11563.000000000000000000
1.652941210230143954 12.895333560776542470 0.000000000000000000 0.139154591565565255 11431.000000000000000000
0.485530042413350016 13.505160678318162581 0.000000000000000000 0.332001573009614193 11441.000000000000000000
1.425594860944029429 12.775016608940566343 0.000000000000000000 0.184984340679860609 0.000000000000000000
1.049828657347937177 12.787913523220181489 0.000000000000000000 0.244934912145007344 11309.000000000000000000
2.339468248925953286 11.781516587380755468 0.000000000000000000 0.266261404990482953 11157.000000000000000000
4.021182230237412725 11.586345162772850870 0.000000000000000000 0.425252044392774975 11781.000000000000000000
1.873604270531639804 14.233539374435164149 0.000000000000000000 0.189169455535346975 11200.000000000000000000
2.224970982288079213 14.260048458921048109 0.000000000000000000 0.176200275726508787 0.000000000000000000
2.814008341585640949 13.353981268080996614 0.000000000000000000 0.086589949749728209 0.000000000000000000
2.724459839396933702 10.740674086363689810 0.000000000000000000 0.456834287032493125 1425.498554727231976358
2.129926366796943693 11.471055118208861145 0.000000000000000000 0.323620627928169702 11453.000000000000000000
-5.819993931641041840 13.919136941129471197 0.000000000830386300 0.422376700602177413 0.000000000000000000
-6.701172383730977344 10.367866256187959095 0.000000000528809837 0.239164181574383822 21789.000000000000000000
-9.097286962093489748 12.236979854397926459 0.000000000118766818 0.431298966381693016 21482.000000000000000000
-8.576057464398740393 12.642782098862618057 0.000000000421107386 0.366904533209298722 0.000000000000000000
-7.199904525695855817 11.879431793018179420 0.000000000208271400 0.088049985806357117 21344.000000000000000000
-8.170854180179022208 11.064135564661583544 0.000000000313479249 0.281264113977440500 21572.000000000000000000
-5.912161389340185202 9.749712911764911283 0.000000000808325691 0.378170413898419044 21860.000000000000000000
-7.048898283852931712 13.480178581536264915 0.000000000690094629 0.316753914802028302 0.000000000000000000
-4.989992856529579690 12.940506390144383531 0.000000000028930821 0.378625362456199821 21377.000000000000000000
-7.597383157156023081 11.530575336305433964 0.000000000304863122 0.157718913451294573 21788.000000000000000000
-8.647643317367773363 13.373951398245290889 0.000000000403945523 0.449422075246844244 0.000000000000000000
-6.464524152770867893 9.094616286475615041 0.000000000063453573 0.466996370196199551 21371.000000000000000000
-5.018196795082914718 11.105986867639439097 0.000000000170063062 0.324248718530075475 21984.000000000000000000
-6.806909462371597108 12.386937011901904881 0.000000000718560945 0.119028617622218919 21953.000000000000000000
-7.785301385277067610 11.205021247257585415 0.000000000527727426 0.208481622693854424 0.000000000000000000
-11.552949138350914637 2.644110098611006432 0.000000000000000000 0.410425569683951330 0.000000000000000000
-13.615828531359516873 3.652732928047003558 0.000000000000000000 0.240002116557855444 0.000000000000000000
-13.076279398808475563 2.055783307492613954 0.000000000000000000 0.460279670561400012 0.000000000000000000
-12.846611130078150254 3.540197422713278641 0.000000000000000000 0.199329411276490120 0.000000000000000000
-14.122595483932306237 2.599088031045524438 0.000000000000000000 0.439439458030078334 13679.000000000000000000
-11.875196978737335485 5.684515974828663332 0.000000000000000000 0.230214365341795291 13916.000000000000000000
-12.437778675196069500 2.289352376711892845 0.000000000000000000 0.418538282864436950 0.000000000000000000
-11.959032025583395509 6.915412879561499970 0.000000000000000000 0.412019126127737889 13613.000000000000000000
-10.907044239822882403 5.195578468657598314 0.000000000000000000 0.334314838876458131 0.000000000000000000
-15.118449270167026555 5.563176145531890882 0.000000000000000000 0.455236842497149352 0.000000000000000000
-14.443914148387388963 6.516681826867857907 0.000000000000000000 0.443386504996527209 0.000000000000000000
-12.607283489103201291 6.219760205324284641 0.000000000000000000 0.268694267279077303 13755.000000000000000000
-13.202112570286757887 3.199490999382437195 0.000000000000000000 0.271329039157898355 13690.000000000000000000
-12.250711007690876286 5.281125596351460061 0.000000000000000000 0.133376479764997807 13536.000000000000000000
-11.423859557750132510 6.919591518333405133 0.000000000000000000 0.453168377664409705 13747.000000000000000000
-12.002690322160477265 -3.725864932803354623 0.000000000000000000 0.208703371862514669 9487.000000000000000000
-12.122622718928237617 -2.042270847197575456 0.000000000000000000 0.470813902468963430 9534.000000000000000000
-13.045401264575742672 -2.092738674981349245 0.000000000000000000 0.453200443776120510 0.000000000000000000
-14.258100063048699369 -6.056453905632113610 0.000000000000000000 0.364525648380951806 9630.000000000000000000
-13.533889354684193407 -3.296084579814731352 0.000000000000000000 0.281084302404840725 0.000000000000000000
-12.946587241314970740 -4.812425817432768760 0.000000000000000000 0.047678903218728419 9218.000000000000000000
-14.182464884005694827 -5.273877247095500209 0.000000000000000000 0.281519272295352008 0.000000000000000000
-10.321223260342367922 -3.540753778482351510 0.000000000000000000 0.470348493061468642 0.000000000000000000
-11.708219731069283043 -5.366980949706543491 0.000000000000000000 0.215560145539810510 0.000000000000000000
-11.424629864644693100 -3.340416941297253750 0.000000000000000000 0.327341448308521465 9436.000000000000000000
-12.886011892649722910 -7.099338632109725822 0.000000000000000000 0.421880301619641740 9388.000000000000000000
-13.572000876828099081 -3.313148675681136357 0.000000000000000000 0.282171086401586002 0.000000000000000000
-10.614603989484722391 -5.703529722632156407 0.000000000000000000 0.414613406124535788 9703.000000000000000000
-13.720397740453273983 -5.361466996085566095 0.000000000000000000 0.215134408381330716 9675.000000000000000000
-14.781330709612603869 -4.795034027366739338 0.000000000000000000 0.369217731372432634 9765.000000000000000000
-7.198678882024682757 -11.700655473915784199 0.000000000785451803 0.083170149848525041 0.000000000000000000
-5.464432610171904514 -11.068950931908615232 0.000000000149623357 0.253629992374201085 0.000000000000000000
-9.127070121176235062 -12.771976124249473372 0.000000000647219532 0.465521818809907673 0.000000000000000000
-7.529463384407637960 -13.157090617582229086 0.000000000208206070 0.291371456282924213 0.000000000000000000
-5.523196648868209380 -10.475480644313698519 0.000000000513830731 0.308182187876171299 0.000000000000000000
-7.169599004616045157 -11.444187885360475931 0.000000000508214397 0.091816716889200248 0.000000000000000000
-4.611975649368827312 -12.346724688961968397 0.000000000579248556 0.393978994661038084 0.000000000000000000
-5.168822342711904660 -13.562873162751195366 0.000000000126390826 0.429550890459901746 0.000000000000000000
-8.475704640525968614 -11.004998218999995530 0.000000000689864578 0.335312450452320721 0.000000000000000000
-4.501068287849526506 -11.940021519420081830 0.000000000729232778 0.399604648305524834 0.000000000000000000
-6.962004952828068305 -11.465328239376491481 0.000000000454416360 0.060698632569413179 0.000000000000000000
-6.424318389529775075 -9.616257729046138181 0.000000000672215714 0.376256982217870628 0.000000000000000000
-7.472890379209911060 -12.718604050881330281 0.000000000735138976 0.220677641150221732 0.000000000000000000
-6.575257509982796122 -11.932446455485450798 0.000000000290847946 0.047087740248439307 0.000000000000000000
-6.601848418503447391 -9.747557430659355759 0.000000000925709825 0.349698623077972615 0.000000000000000000
3.807236713208926648 -14.124404015789719935 0.000000000000000000 0.302763606017017517 20482.000000000000000000
2.580242389069289377 -12.149557657143425615 0.000000000000000000 0.205434622851328491 0.000000000000000000
4.056194448982106238 -13.884595789928614096 0.000000000000000000 0.325376639190651906 0.000000000000000000
0.135910532986326910 -14.657198717250832232 0.000000000000000000 0.462585893830282924 20775.000000000000000000
1.115110333469328863 -14.949111057336587294 0.000000000000000000 0.368735735943876874 20880.000000000000000000
1.720062760629832210 -15.200229856138626872 0.000000000000000000 0.359657668394431529 20528.000000000000000000
3.963363326026652977 -12.734643861040733981 0.000000000000000000 0.305933973137701043 20705.000000000000000000
2.303511016290830771 -15.117818124910611388 0.000000000000000000 0.327900758648271340 20231.000000000000000000
1.507213511308935328 -11.548207688473024035 0.000000000000000000 0.341350476271710279 11524.789843754020694178
3.091074151411204340 -10.972404429133096215 0.000000000000000000 0.431798970973398699 20307.000000000000000000
3.463866712790266700 -12.043358447168046155 0.000000000000000000 0.297854556942845183 20016.000000000000000000
1.292194124392473720 -13.347952782879387357 0.000000000000000000 0.186173408484643921 0.000000000000000000
1.659468884748735329 -12.909455505057307434 0.000000000000000000 0.136920918384607126 17438.654615987183206016
0.122909696363173643 -12.795395915737737269 0.000000000000000000 0.403335080560110748 0.000000000000000000
4.163586350926572699 -15.001944155395218417 0.000000000000000000 0.447764760175650478 0.000000000000000000
11.723289337441556768 -9.808821097038769921 0.000000000000000000 0.308517496170184091 22481.000000000000000000
11.109747777733822716 -9.596357444689992633 0.000000000000000000 0.202165910012984118 22100.000000000000000000
8.529301844037947333 -7.369721993645241831 0.000000000000000000 0.403654157314712547 0.000000000000000000
8.267058912052167585 -9.199938192281681637 0.000000000000000000 0.378025147513699478 22629.000000000000000000
10.887953073214172051 -7.524262479330511511 0.000000000000000000 0.235545076330464509 8909.882591607783979271
10.521230991864038984 -8.602768964692083742 0.000000000000000000 0.041045410583121375 22582.000000000000000000
11.648236827169801799 -8.580770089065351769 0.000000000000000000 0.234911466244312667 0.000000000000000000
10.409592503531456487 -9.604954475757370602 0.000000000000000000 0.150757202103966953 0.000000000000000000
8.305123332989010621 -8.994404589424346952 0.000000000000000000 0.365370296274342754 22462.000000000000000000
10.366151496334985893 -7.784998903986026342 0.000000000000000000 0.168915729311787388 22098.000000000000000000
12.527500986344415779 -7.417610147589022596 0.000000000000000000 0.453805639664580263 0.000000000000000000
10.807510078049055835 -8.370585328489777766 0.000000000000000000 0.106299744300296123 22860.000000000000000000
7.980051858179491475 -8.607650614341769923 0.000000000000000000 0.421443331723858394 13741.687209202193116653
8.304105271271467359 -8.763922128675691425 0.000000000000000000 0.362983620441428956 0.000000000000000000
11.066069533556960991 -10.742645717837930874 0.000000000000000000 0.372499352564347685 22633.000000000000000000
12.796804577039271322 -0.729492979410809150 0.000000000000000000 0.183396365629707625 7050.000000000000000000
12.206211646363973600 0.401348137518363957 0.000000000000000000 0.247956767839889930 6162.896051235205050034
15.134264711632072320 -0.560458967548019604 0.000000000000000000 0.300039559162851244 7885.000000000000000000
12.954196759404563721 0.677263881798194967 0.000000000000000000 0.157336312348183516 7849.000000000000000000
14.080558252109282691 1.037295673314713618 0.000000000000000000 0.203692272961683823 6012.641005590082386334
12.852807767580896936 -0.025739881528662547 0.000000000000000000 0.122773360545515048 0.000000000000000000
13.768434663164679677 -2.646265092758506743 0.000000000000000000 0.460135261692138031 0.000000000000000000
14.606303267135015034 -2.411551352947077564 0.000000000000000000 0.458137214486306787 7984.000000000000000000
13.052215531141014182 -2.098908206968402190 0.000000000000000000 0.374379051817412378 7122.000000000000000000
14.001533153238897356 0.405277896371416646 0.000000000000000000 0.107986014609706346 3775.228083468364275177
14.607927200473907803 1.518653596138000772 0.000000000000000000 0.324209821630146389 4616.685260123958869372
14.907609047992615103 -0.037122275913798415 0.000000000000000000 0.243682603556558658 7283.000000000000000000
11.291806042050730241 -0.090322133018109735 0.000000000000000000 0.401227323414864112 6575.132664578808544320
13.187460308184714819 -0.643816457714108448 0.000000000000000000 0.128223952775513933 7576.000000000000000000
15.446671673548491910 -0.644512825137798395 0.000000000000000000 0.357429395117446702 0.000000000000000000
