-0.634052014928394359 2.551758517939486826 0.000000000000000000 0.375022220089070324 0.000000000000000000
-1.387249705749948880 2.359800684898717194 0.000000000000000000 0.313703127532177828 0.000000000000000000
-2.100379690582145908 4.334365785721331576 0.000000000000000000 0.083962020773816634 631885.000000000000000000
-4.006640538753023506 2.915046197100146674 0.000000000000000000 0.356662229284265386 0.000000000000000000
-0.975382168644456815 3.306593543646046740 0.000000000000000000 0.251161824403952683 0.000000000000000000
-1.590153618041366235 5.447815550206061452 0.000000000000000000 0.301915262538530071 634950.000000000000000000
-3.361823462077135005 5.923481527705941829 0.000000000000000000 0.411913844171974353 0.000000000000000000
-1.554501132654310780 2.889782340594825527 0.000000000000000000 0.217910691911131632 632532.000000000000000000
-1.542921101735491796 2.928650893678252043 0.000000000000000000 0.213512817012220968 631755.000000000000000000
-3.135692376714501961 4.637823283653885298 0.000000000000000000 0.205362394875347770 633128.000000000000000000
-0.215212922080249502 5.187755896328630101 0.000000000000000000 0.431284533389738989 634976.000000000000000000
0.066222987275395176 5.146570822604262574 0.000000000000000000 0.470851650625743468 0.000000000000000000
-3.140327776540671412 3.015920269290705669 0.000000000000000000 0.221227494470589064 0.000000000000000000
-2.493816546643377485 3.890379297710109263 0.000000000000000000 0.041991107100078057 630278.000000000000000000
-2.947091286251437126 1.651743047759667293 0.000000000000000000 0.416993380667832203 636247.000000000000000000
-2.605260512471575751 -4.564835195399108869 0.000000000000000000 0.135122142245132942 368619.093243704177439213
-0.766027976235709729 -1.710727280773544523 0.000000000000000000 0.470593987065893837 509547.000000000000000000
-0.503386401367652780 -2.725683610131122592 0.000000000000000000 0.375299984993313296 0.000000000000000000
-0.359823626569960031 -5.360596108690832473 0.000000000000000000 0.427887419473011843 0.000000000000000000
-1.272212099795381857 -3.235056716002234989 0.000000000000000000 0.210954531190504335 396621.053535430459305644
-3.239294806395082382 -5.012971364017626108 0.000000000000000000 0.265563160651812513 387319.643558851093985140
-2.324104549779023365 -2.654514688523442523 0.000000000000000000 0.220366457074302302 517826.000000000000000000
-0.458200162988008863 -2.034787723843396012 0.000000000000000000 0.460611895040210051 511795.000000000000000000
-1.367107216373877332 -6.183404769535085777 0.000000000000000000 0.438258699293048948 517096.000000000000000000
0.107008416759285560 -3.553659491465671394 0.000000000000000000 0.425759951777083256 517897.000000000000000000
-4.908519895634781527 -4.147021174202886407 0.000000000000000000 0.474520615057992701 513194.000000000000000000
-1.263631888192941366 -6.244733488615397121 0.000000000000000000 0.455321159749645266 512054.000000000000000000
-4.051069105755026101 -3.190598639558055893 0.000000000000000000 0.342918451016416881 244604.230123556568287313
-2.535059712626841044 -1.957893662034463134 0.000000000000000000 0.347591360616412604 0.000000000000000000
-1.774806369428355124 -4.849071710619172748 0.000000000000000000 0.191294085808387387 513690.000000000000000000
2.488336679384275829 0.440603875893266606 0.000000000000000000 0.369456166871492353 0.000000000000000000
4.736421376115423243 -1.267428994601368819 0.000000000000000000 0.228614242874036949 575547.000000000000000000
5.730403329601343465 -2.383370615851009067 0.000000000000000000 0.475339816950397509 0.000000000000000000
4.571797351390468833 1.390231276218129475 0.000000000000000000 0.247213263771006414 507921.977055229770485312
6.769071332346768166 -0.033651554851614085 0.000000000000000000 0.401912991902822203 573775.000000000000000000
5.365256836308851973 0.511823299923512165 0.000000000000000000 0.176829986409403561 429215.823091494210530072
6.482870730808064863 -1.400776672920667654 0.000000000000000000 0.429935699795209625 576246.000000000000000000
4.395630143610580909 0.439730077513808271 0.000000000000000000 0.080944415795162442 569032.000000000000000000
5.646481806954245286 -0.961195833479663309 0.000000000000000000 0.264277961259854699 577481.000000000000000000
5.170904551091151546 1.550308816402803602 0.000000000000000000 0.299164105787576351 0.000000000000000000
5.154560943622748859 -1.356869214168361371 0.000000000000000000 0.266632385998746446 161393.557106601539999247
4.796952738882338529 2.133779417099539000 0.000000000000000000 0.382364130905617605 122710.025347265938762575
2.605471862766952640 -1.494778527245335553 0.000000000000000000 0.431736272491244244 569433.000000000000000000
6.469839690942645660 1.114747497346473271 0.000000000000000000 0.400729538260265805 570821.000000000000000000
3.610950027558469166 -2.165958046500061851 0.000000000000000000 0.417332010174950363 576032.000000000000000000
10.282391553190331379 6.649806044965904661 0.000000000703992409 0.368078695174445969 0.000000000000000000
8.721690556884727386 9.876967656641122417 0.000000000094267191 0.350196822280766096 382086.299905239604413509
10.534091513980540000 7.451674579357930206 0.000000000144794658 0.229839544802238671 0.000000000000000000
11.040818664704657337 7.697457478409202025 0.000000000734730021 0.222338096874746455 0.000000000000000000
8.240832525562042932 10.092857869750105237 0.000000000488222879 0.442722248099688687 629310.000000000000000000
9.709514992733220495 10.462247621233554895 0.000000000192955759 0.321219417679734331 633771.000000000000000000
8.880783567270762902 8.736074890981724295 0.000000000464317789 0.260207164630395560 0.000000000000000000
12.553917418592627442 10.164317513366976087 0.000000000360186536 0.465648591105232712 635846.000000000000000000
8.244641963383482874 7.618556587877046482 0.000000000365296237 0.423093570436223199 0.000000000000000000
8.755751142008081800 9.675070918625841898 0.000000000711274764 0.326106916027566807 630390.000000000000000000
10.532225434697039645 10.136789169061263038 0.000000000349951505 0.245834916561668254 635568.000000000000000000
10.594148573553624715 7.401643214272737303 0.000000000510151036 0.240272692569417912 904.250230703215720496
11.547665920327846223 9.581578250813491238 0.000000000001926389 0.259946089194676155 630584.000000000000000000
10.368088248578532173 6.164292348675458832 0.000000000530947163 0.453020076407550820 638507.000000000000000000
9.130810181996533714 8.332484609144790610 0.000000000559460116 0.227654808843773732 632250.000000000000000000
0.532342154072937834 13.140629318266787706 0.000000000000000000 0.322069558666920608 0.000000000000000000
2.177370083844587523 11.031653283737986371 0.000000000000000000 0.400774864920365903 0.000000000000000000
3.742800700660160906 15.358193484899180348 0.000000000000000000 0.447451152928698748 0.000000000000000000
2.517276879489565466 11.346457861730890215 0.000000000000000000 0.345245766907148366 0.000000000000000000
2.926919287027411887 15.342145493062551154 0.000000000000000000 0.382572191539768791 0.000000000000000000
3.909225517429959940 15.035608348949500268 0.000000000000000000 0.420399826312766456 0.000000000000000000
4.331795067212519612 14.252975130618720456 0.000000000000000000 0.396091808277833801 689955.000000000000000000
3.893458585929731708 14.681196049975115514 0.000000000000000000 0.373727456644503186 692363.000000000000000000
1.952191168970406343 14.996043333716384538 0.000000000000000000 0.313690002080857400 691717.000000000000000000
0.142202989168171756 14.545995117114028261 0.000000000000000000 0.451395007425112349 0.000000000000000000
2.766314767968291566 12.387460637359509974 0.000000000000000000 0.176058790779216240 696740.000000000000000000
1.867312360631636858 14.451362000164410304 0.000000000000000000 0.225161920812860405 694557.000000000000000000
4.098451810799212502 14.696888794738486084 0.000000000000000000 0.403356191045473489 0.000000000000000000
4.638489322985031471 13.231872415157511114 0.000000000000000000 0.410715428428269747 695100.000000000000000000
3.319305920800989629 13.495063226520338517 0.000000000000000000 0.179798980702835565 698336.000000000000000000
-7.585343096377664907 10.873278826195942770 0.000000000216323922 0.213215461733706979 0.000000000000000000
-5.556831295648364311 13.153300024584858363 0.000000000587332645 0.329433800325681481 1308995.000000000000000000
-6.444549050141037405 13.694907587775537294 0.000000000512365388 0.353638401347053599 1256921.000000000000000000
-6.597549386425463069 13.494430231249694430 0.000000000906679121 0.315276291109982676 904648.866473281290382147
-6.198657165871960473 10.536245939728686949 0.000000000458785330 0.229995431999924033 0.000000000000000000
-8.215152406559388609 11.502820755224544058 0.000000000779956151 0.267014919040546750 1277610.000000000000000000
-5.622993685773931993 11.165923166250095733 0.000000000841615823 0.220657416745990792 1253288.000000000000000000
-7.589242289502465155 11.545006635836825737 0.000000000806600261 0.155777933509468502 0.000000000000000000
-6.753138260703684281 10.123964993062026352 0.000000000083752974 0.282278274198266177 490881.959651506273075938
-4.815596998675500728 9.889284183593115785 0.000000000684709978 0.471059882112674078 1298474.000000000000000000
-5.046723225546928759 13.300511986836308864 0.000000000667881181 0.410965015054983340 1334731.000000000000000000
-7.642739180266643118 13.214666687749591745 0.000000000445697943 0.310333562424978560 1331174.000000000000000000
-5.856232836439062339 14.157171890702262118 0.000000000147619809 0.459323324579730685 0.000000000000000000
-8.458426515215913710 12.736590056033813667 0.000000000400072869 0.356334658275218430 1312965.000000000000000000
-5.492088106942054182 13.244759306285242673 0.000000000673674514 0.349291745856430802 1253043.000000000000000000
-12.497935919101580637 5.620151192049565481 0.000000000000000000 0.168217659837456207 625230.895580501412041485
-13.809178355802943727 5.060208910337586907 0.000000000000000000 0.206297770052700891 417586.928637588105630130
-13.716282177748116311 5.534115676925611460 0.000000000000000000 0.232417191970098219 695281.788636533077806234
-13.947723453503995117 4.263205196564981314 0.000000000000000000 0.231576806645386074 0.000000000000000000
-14.149860532573883987 5.557421524823590531 0.000000000000000000 0.298003589226424115 816627.000000000000000000
-14.281010166627540414 4.398705897227086048 0.000000000000000000 0.283669812110040442 0.000000000000000000
-12.511547167096200184 2.579337227583113012 0.000000000000000000 0.366922626221531656 0.000000000000000000
-10.806114999565552992 5.552886434930554671 0.000000000000000000 0.372568629622852365 818274.000000000000000000
-11.272650525046714165 2.446960962703889297 0.000000000000000000 0.466143506182674305 813400.000000000000000000
-14.850010315801043248 5.203496658189482815 0.000000000000000000 0.391593196752608674 820149.000000000000000000
-11.721247192840811735 6.591574693850859923 0.000000000000000000 0.377235839882732460 808743.664591132896021008
-12.776247449502941222 4.256325249014286882 0.000000000000000000 0.074281594388672573 811647.000000000000000000
-14.081112744973667716 3.150999762191043718 0.000000000000000000 0.360035383523663544 535223.597866785596124828
-14.994420311023285208 5.278844303719266939 0.000000000000000000 0.419699859384200569 0.000000000000000000
-12.009557046802978419 7.186792463091284944 0.000000000000000000 0.454332334230827417 813694.000000000000000000
-13.222938805658264627 -3.419138344671169616 0.000000000000000000 0.236908013472331092 575970.000000000000000000
-14.721040647375126298 -5.785796493368038362 0.000000000000000000 0.406025444910604216 0.000000000000000000
-11.663154525750618618 -6.345872123964793943 0.000000000000000000 0.345544297094168507 0.000000000000000000
-10.365609380398742800 -4.634958825633350266 0.000000000000000000 0.418481594085140962 570557.000000000000000000
-13.747388986082491158 -4.993882774840531447 0.000000000000000000 0.192316299084195758 0.000000000000000000
-13.419711732013514194 -6.725843597878874647 0.000000000000000000 0.377116237073650495 574017.000000000000000000
-13.218129418580950585 -4.678044619114758440 0.000000000000000000 0.090027622043959615 0.000000000000000000
-11.394102003956561475 -5.560114669861020431 0.000000000000000000 0.280867669271912146 0.000000000000000000
-14.801299771324146093 -5.631513198057230163 0.000000000000000000 0.407140303309911855 267198.575770101044327021
-13.855833562452913199 -5.828366702037392599 0.000000000000000000 0.285090898112697277 574600.000000000000000000
-13.011350923661023415 -2.954036172732005028 0.000000000000000000 0.304374497503153818 0.000000000000000000
-12.253145943296541276 -4.038808116233329137 0.000000000000000000 0.138281977459805250 574101.000000000000000000
-10.276200555660253144 -3.839665903692358828 0.000000000000000000 0.458387943683985111 569606.000000000000000000
-13.544595893158978939 -5.625963845738626290 0.000000000000000000 0.221392150154699180 578097.000000000000000000
-12.518431719258130030 -6.442200408953731916 0.000000000000000000 0.308723183634717901 576453.000000000000000000
-7.714127883369070737 -10.085817176413927498 0.000000000103521481 0.337586891042750969 0.000000000000000000
-8.385218114315936333 -12.364088458417112903 0.000000000002522378 0.315886769370941345 0.000000000000000000
-4.916998405076254741 -10.259631360667814448 0.000000000464878379 0.414234767242383395 0.000000000000000000
-9.214548061005526591 -11.175826659862885037 0.000000000705100544 0.452631534081294251 0.000000000000000000
-8.578402601838259756 -10.968043744231387393 0.000000000451831318 0.354720562315493704 0.000000000000000000
-6.594476078441024569 -13.673194311348982666 0.000000000342164595 0.346873953140465985 0.000000000000000000
-6.262607854591424328 -12.748635648568233947 0.000000000450296616 0.200701905921144980 0.000000000000000000
-4.416567459401779416 -12.489163956397115740 0.000000000099292467 0.434762757647247033 0.000000000000000000
-4.864446634802810365 -10.425932696352642637 0.000000000234117087 0.404178724025707203 0.000000000000000000
-9.278573832907405006 -12.140259907536071537 0.000000000408092061 0.459846544683042369 0.000000000000000000
-4.827661447993679467 -10.131114095231740890 0.000000000092691481 0.440977011196910240 0.000000000000000000
-8.820984650383095982 -11.231005261356907354 0.000000000454291967 0.382073932369450531 0.000000000000000000
-4.188642873205500550 -12.066178472477227857 0.000000000240974374 0.457513075212759190 0.000000000000000000
-5.911031002771965248 -9.410305638196209799 0.000000000279142722 0.434299597351829769 0.000000000000000000
-6.576467676717618893 -12.841189052286937411 0.000000000204069794 0.200663278296445674 0.000000000000000000
3.227862236414544395 -15.549655080584932065 0.000000000000000000 0.434797627450458635 1190577.000000000000000000
2.972325575154453503 -13.441184362453293843 0.000000000000000000 0.117416438676245918 1265583.000000000000000000
4.409951110017532372 -13.935962404960823946 0.000000000000000000 0.388058099592894057 0.000000000000000000
3.119338581604342409 -12.560821449974072905 0.000000000000000000 0.189253481398726831 1223426.000000000000000000
1.338854133186981876 -11.792659353086628826 0.000000000000000000 0.318369679280207596 0.000000000000000000
2.206301412880395940 -15.702776216772251772 0.000000000000000000 0.432620899506526324 0.000000000000000000
4.485498295907701660 -14.359819028560824705 0.000000000000000000 0.429062494538232253 0.000000000000000000
4.183040349905688515 -13.887362552344265865 0.000000000000000000 0.346928450794358967 1245494.000000000000000000
3.218135002481422813 -13.263423918227987386 0.000000000000000000 0.157534450892398342 0.000000000000000000
1.146229881080476742 -14.295122076927132326 0.000000000000000000 0.278837681980785956 1260061.000000000000000000
0.518266786717626382 -11.694081235544127040 0.000000000000000000 0.429237748674478836 1230165.000000000000000000
0.804160139496039594 -11.449141738943705349 0.000000000000000000 0.424689141354280431 0.000000000000000000
1.108028102234839940 -14.516678207287158742 0.000000000000000000 0.310736448089201756 1231711.000000000000000000
2.573783375423366326 -12.588665552835596628 0.000000000000000000 0.129737775558401075 1243668.000000000000000000
0.512531859188594008 -13.454018235208517140 0.000000000000000000 0.326218703326377091 0.000000000000000000
9.927811435458204770 -6.117919198630988653 0.000000000000000000 0.467266386026531588 0.000000000000000000
11.551601236270556683 -8.837161109533662184 0.000000000000000000 0.216421333958588397 1319352.000000000000000000
11.760490458526058788 -7.184608268117066210 0.000000000000000000 0.372614688126284732 0.000000000000000000
9.226525676729760761 -8.223397312760544864 0.000000000000000000 0.218912577786958773 1339862.000000000000000000
12.307093145120321154 -8.122947740488520196 0.000000000000000000 0.367136412999794159 0.000000000000000000
10.317608791968185145 -8.102800156364276418 0.000000000000000000 0.113213370741134869 1376386.000000000000000000
9.867409914368495905 -7.507644679052631886 0.000000000000000000 0.233423665419077997 1329197.000000000000000000
11.431599180049634157 -10.388332989383307847 0.000000000000000000 0.346766330575269954 1375075.000000000000000000
10.913473941901566278 -7.494623640522572572 0.000000000000000000 0.242154935778014363 0.000000000000000000
9.776607953405083151 -8.126517062891759124 0.000000000000000000 0.148333043197323045 1361096.000000000000000000
10.681621789696208680 -10.009071044452891641 0.000000000000000000 0.229216605197514994 695952.300777452532202005
9.008470749701668723 -10.795817872356471057 0.000000000000000000 0.431064673046556823 1327201.000000000000000000
10.459301789380321068 -8.587644246707805351 0.000000000000000000 0.035184135570077026 1336119.000000000000000000
9.228840316758684992 -10.951412359727813239 0.000000000000000000 0.434776040105193551 0.000000000000000000
11.961948759187574609 -9.419270936011345796 0.000000000000000000 0.311927153331599649 1337630.000000000000000000
15.674547143788124970 0.465144008560489930 0.000000000000000000 0.388670500938166741 450252.000000000000000000
12.165841479999965458 1.346203447722533975 0.000000000000000000 0.338850678314954246 448865.000000000000000000
14.441631278006122230 1.914475912043005046 0.000000000000000000 0.367989479503206318 0.000000000000000000
12.870308883662483268 2.613506199508278005 0.000000000000000000 0.469006893667194835 0.000000000000000000
12.679905902032144738 -2.300936900051146150 0.000000000000000000 0.427912379190227399 0.000000000000000000
15.212551694243291678 1.982713674225236922 0.000000000000000000 0.453825817296020506 451006.000000000000000000
11.916642012593591460 -1.207004782762444606 0.000000000000000000 0.357600377957002447 0.000000000000000000
12.294855199005102264 0.809043181929215316 0.000000000000000000 0.262880287008342484 450537.000000000000000000
15.391427118768755022 -0.655443499209848901 0.000000000000000000 0.348696916395241974 0.000000000000000000
12.677084496255663026 -0.674542642728717001 0.000000000000000000 0.193480137354544557 452135.000000000000000000
13.023442067836933589 0.273349281745965511 0.000000000000000000 0.103748341829471610 450716.000000000000000000
11.951863394744501434 -0.229738238663826311 0.000000000000000000 0.286083428082407054 456173.000000000000000000
13.648625025770948938 -1.743500026719984497 0.000000000000000000 0.302686497267336929 0.000000000000000000
12.662758876946083930 -1.574251298858454717 0.000000000000000000 0.314972250223694517 441952.116939406725578010
11.133852472827010516 -0.884499164664367621 0.000000000000000000 0.455861998355631182 0.000000000000000000
