-1.229557322769302186 6.337986439601122512 0.000000000000000000 0.472985765171481443 633718.000000000000000000
-0.886750192655775371 5.218124195342092264 0.000000000000000000 0.340159198016226683 0.000000000000000000
-2.031151938743297691 6.125741727012084858 0.000000000000000000 0.400184870890421318 635904.000000000000000000
-1.568946818641590468 4.324134738272038980 0.000000000000000000 0.145143623031207342 633732.000000000000000000
-4.070664101627331277 4.518781078005364549 0.000000000000000000 0.341835094185635513 633378.000000000000000000
-3.262603215703195669 3.163160088429000538 0.000000000000000000 0.220894968450669110 634436.000000000000000000
-0.648354085252898948 3.623089956686402324 0.000000000000000000 0.290833801270626691 0.000000000000000000
0.033673260142118022 3.006698622412412369 0.000000000000000000 0.437727267210593296 630329.000000000000000000
-3.278191769954219570 5.391016215385134203 0.000000000000000000 0.323144031149465549 631485.000000000000000000
-1.707662506456452567 2.180270877533269758 0.000000000000000000 0.319975708952629390 0.000000000000000000
-2.294138299607852094 1.535067243421277317 0.000000000000000000 0.419435469963377550 0.000000000000000000
-4.462899713842427118 3.187731330486892833 0.000000000000000000 0.412306227906872547 637811.000000000000000000
-3.338342310091207743 5.947826332661026782 0.000000000000000000 0.413766219939931457 633568.000000000000000000
-1.670122338768741610 4.447399706628791805 0.000000000000000000 0.144351704343953863 216221.596219611121341586
-1.835010126971975408 2.066295210912820757 0.000000000000000000 0.333488334618836979 81781.018192427742178552
-1.944801556613884319 -6.459156386900017033 0.000000000000000000 0.460909152210870865 512865.000000000000000000
-3.211415605521337646 -5.995647831743228018 0.000000000000000000 0.411496720276006311 512222.000000000000000000
-2.943118293904721572 -3.740065593583487225 0.000000000000000000 0.124961679544317028 513420.000000000000000000
-0.117574875970228476 -5.209272431487513622 0.000000000000000000 0.448068536607325540 508644.000000000000000000
-2.506162941369988406 -2.913534319038521225 0.000000000000000000 0.179442688151752128 145018.838869210943812504
-2.496274642718621095 -5.701685267371698451 0.000000000000000000 0.325348272129303950 516099.000000000000000000
-0.781263400561487908 -4.540333060672366194 0.000000000000000000 0.287584047992307079 0.000000000000000000
-0.177332473315810535 -2.805716146955297141 0.000000000000000000 0.418159469836014541 0.000000000000000000
-1.160640211451194004 -5.808167613867404100 0.000000000000000000 0.393691298970524572 512787.000000000000000000
-2.520033568849502803 -4.242400401283343392 0.000000000000000000 0.078175424779432040 0.000000000000000000
-1.168255704552467744 -4.812965952331465402 0.000000000000000000 0.254478037768456289 510079.000000000000000000
-4.650838901290618388 -2.707707682258740256 0.000000000000000000 0.475449662634608361 0.000000000000000000
-2.999395346747939506 -3.214625269832064092 0.000000000000000000 0.178652026894594973 0.000000000000000000
-4.239540936131422022 -3.231844061131579959 0.000000000000000000 0.372032080964153689 515465.000000000000000000
-2.233951030459564890 -5.954370247616449063 0.000000000000000000 0.367619318597597000 0.000000000000000000
6.314481191177932828 -0.334327939659120943 0.000000000000000000 0.326295856167545695 0.000000000000000000
5.572519127839396624 -0.603175881597356800 0.000000000000000000 0.216904469095202168 572513.000000000000000000
5.790196011691459255 1.227039327888386433 0.000000000000000000 0.314891325588875060 297847.592394407081883401
6.113735507315700701 -0.157022093189333967 0.000000000000000000 0.286442400603888481 0.000000000000000000
3.782766137744788093 1.454610870228321806 0.000000000000000000 0.289569669595763690 0.000000000000000000
6.636127764765679338 1.349517552970668666 0.000000000000000000 0.447551380153334066 570532.000000000000000000
4.489081736536185474 2.671129976324935207 0.000000000000000000 0.474583751734913406 0.000000000000000000
5.874481909161960225 -0.524919969707511980 0.000000000000000000 0.259729626156274374 0.000000000000000000
5.924006089089604465 -1.391172835820792208 0.000000000000000000 0.352272201315724898 0.000000000000000000
3.849829513143584681 -1.844247934767057728 0.000000000000000000 0.348537129844893934 0.000000000000000000
4.923801482336465973 -1.005425709346207341 0.000000000000000000 0.192935558604062918 574144.000000000000000000
2.637454657145016590 -0.261062246688792021 0.000000000000000000 0.337683520696947459 575551.000000000000000000
6.230431696387439544 1.336063832590965283 0.000000000000000000 0.386982786569301407 0.000000000000000000
4.575687355452179084 -1.380548196222068258 0.000000000000000000 0.245523831212998062 575799.000000000000000000
6.486291775695280926 -1.761493584913282451 0.000000000000000000 0.470274833327525454 574341.000000000000000000
11.098386791805678442 10.295632504513127614 0.000000000501343806 0.302830939762168294 0.000000000000000000
9.856159948048718533 10.548573947713478560 0.000000000871077243 0.327547162456883367 0.000000000000000000
9.548642427351886397 8.635152480768589101 0.000000000432601600 0.142546483585227396 631543.000000000000000000
12.045920982132997779 9.382450730292831054 0.000000000773937615 0.323572584294006593 0.000000000000000000
10.439564923196483548 7.211801787703983280 0.000000000148967468 0.269900742204012112 632003.000000000000000000
8.211229268892958899 9.027438246504233987 0.000000000425548849 0.382693104720687904 636218.000000000000000000
12.257197189465751208 10.103946412262855503 0.000000000306008136 0.415764201526739208 636695.000000000000000000
10.692493237661473415 8.103215128141881607 0.000000000227381702 0.129240160725577535 0.000000000000000000
9.352061433553558345 9.675440106079784996 0.000000000782314117 0.239946434972108047 0.000000000000000000
10.161728287420912054 9.110315228250142283 0.000000000910025947 0.071103026623700383 634208.000000000000000000
8.482713212065705832 7.243351236639448132 0.000000000797224316 0.423832195578193294 553389.132960276561789215
9.206241833807663255 8.700240628697212486 0.000000000267745027 0.202365917500248182 633901.000000000000000000
11.403225938605839218 6.477278554369473973 0.000000000325897093 0.440265714821594267 633387.000000000000000000
10.633059312746468095 9.027978082491134870 0.000000000077942835 0.071595706747508883 636357.000000000000000000
8.877025922020633786 10.859576795647702951 0.000000000620713310 0.453567912657461658 0.000000000000000000
1.998525936991790930 12.454196820611326046 0.000000000000000000 0.158247248060576023 692402.000000000000000000
3.962066453930390253 14.117414793356632075 0.000000000000000000 0.326398097980142798 695365.000000000000000000
3.426829278543435997 13.263151263086530918 0.000000000000000000 0.194725921065557223 0.000000000000000000
1.864266989753282644 13.812664311303016973 0.000000000000000000 0.127009950237610358 395944.605728572350926697
1.850128873501719617 11.082443252330453021 0.000000000000000000 0.400208322329602295 691255.000000000000000000
3.116841223776137149 11.475088902770901100 0.000000000000000000 0.349728626053389724 693070.000000000000000000
3.575459585516334471 13.568550321977252082 0.000000000000000000 0.227216328136572027 692952.000000000000000000
2.100096459549845473 10.984140126119822156 0.000000000000000000 0.410396090333700225 0.000000000000000000
0.376116485208650542 12.383107984101842547 0.000000000000000000 0.383589082429530270 693046.000000000000000000
1.504152818000365599 14.924166047828419934 0.000000000000000000 0.328633923852733989 698402.000000000000000000
2.822499718056757700 12.612601771394897909 0.000000000000000000 0.146803552339319715 0.000000000000000000
1.552233833831494048 12.731702650482882078 0.000000000000000000 0.169868945942607180 0.000000000000000000
2.080040429985749117 15.047476802250168149 0.000000000000000000 0.318593821912334874 0.000000000000000000
2.597349550405390950 14.808924603730085678 0.000000000000000000 0.276820736729105177 0.000000000000000000
0.944944886299444176 13.003756889599253910 0.000000000000000000 0.252355531698134850 694194.000000000000000000
-5.227882348844858029 13.444608047507042414 0.000000000695276667 0.406799878554132910 0.000000000000000000
-7.238671146397122058 11.178122838739080080 0.000000000091225147 0.131478934367654621 1251494.000000000000000000
-5.017903365677146788 13.421446339307630424 0.000000000851271857 0.429522636126208224 1285887.000000000000000000
-6.950967026974743668 9.428886948166363524 0.000000000648436154 0.407049197027737786 0.000000000000000000
-6.604634443567888979 10.183121715496476156 0.000000000786988700 0.272777321393806560 398381.988258044177200645
-4.491191557979815840 11.885323028696207714 0.000000000615464249 0.400523626653329579 1323685.000000000000000000
-7.392187993333092066 11.760968287580054081 0.000000000805090685 0.117837904755774395 0.000000000000000000
-7.629224830121681400 14.232563795880770030 0.000000000526414677 0.472373295847508756 1312873.000000000000000000
-6.100063685978753369 10.772856784791633444 0.000000000057765721 0.201897652701766323 1309686.000000000000000000
-4.726224287868364904 10.269127473514560123 0.000000000092924195 0.440335496615406774 1347720.000000000000000000
-8.298920927420384785 13.669623557174832129 0.000000000671276380 0.443591205166160241 1324024.000000000000000000
-7.457420013824598293 13.969350536341114122 0.000000000240257555 0.418503067242000648 0.000000000000000000
-5.179797881012842886 12.263099958441944892 0.000000000606369534 0.293065565737644307 1315188.000000000000000000
-4.710382082534562365 13.236473680010984566 0.000000000279889562 0.449774854232490917 1301412.000000000000000000
-6.622290436316309759 11.095213973397649809 0.000000000784401153 0.112094506819744283 0.000000000000000000
-13.636410926267615196 6.989777051845477374 0.000000000000000000 0.433551579645123197 0.000000000000000000
-11.093029161569377905 4.849465692527900273 0.000000000000000000 0.290306349901794380 818498.000000000000000000
-12.309079527743248761 2.760257464762073898 0.000000000000000000 0.341502159383886172 811066.000000000000000000
-14.246135380661172576 3.543809042952267063 0.000000000000000000 0.336701962082161188 125818.426749564212514088
-13.507690364835523766 5.903222238334400629 0.000000000000000000 0.255461154295748893 0.000000000000000000
-13.425226122815626439 6.336172256209128051 0.000000000000000000 0.314555733376294222 817513.000000000000000000
-10.845598316017593277 3.585874963730227627 0.000000000000000000 0.383603585782806789 815936.000000000000000000
-14.795521367601399021 5.148473563977360890 0.000000000000000000 0.380003734651480241 0.000000000000000000
-13.671790356731131411 7.122137602221414454 0.000000000000000000 0.457172701376324986 818680.000000000000000000
-15.047510936174083085 3.665271923019080003 0.000000000000000000 0.451535057215494251 12206.865121122025811928
-13.009090596544758967 2.211257911055978465 0.000000000000000000 0.431988787312884814 288142.951864812232088298
-11.056949503589450501 6.104864368630330773 0.000000000000000000 0.386030635876850658 820164.000000000000000000
-12.924793423267962211 2.273696406230190092 0.000000000000000000 0.419676906757204149 815588.000000000000000000
-11.764021753587664776 4.635897341375939895 0.000000000000000000 0.169339793659665977 0.000000000000000000
-10.550742111040907645 4.484745118545581555 0.000000000000000000 0.386903156671413062 811379.000000000000000000
-11.459291582488217998 -2.939233688870795280 0.000000000000000000 0.376626244466185867 578006.000000000000000000
-14.174807627589080639 -5.619670639454224847 0.000000000000000000 0.307417476503150322 570061.000000000000000000
-14.081026299660086565 -6.406328587926610751 0.000000000000000000 0.386261265547440169 573230.000000000000000000
-14.721432188378830830 -5.375407659847622810 0.000000000000000000 0.377773730229174876 120196.682539344998076558
-11.608176315358651465 -4.539333663811617292 0.000000000000000000 0.198444710765251497 0.000000000000000000
-12.439191675908862322 -4.091198946992369301 0.000000000000000000 0.113264021776097665 0.000000000000000000
-11.270526505041971177 -4.079763647650964664 0.000000000000000000 0.277526869624374894 0.000000000000000000
-12.682778032298468673 -5.356602576580215214 0.000000000000000000 0.118022796157445820 281545.997129117371514440
-14.078115761200679756 -5.670075082869419525 0.000000000000000000 0.297927475240418016 576144.000000000000000000
-12.565742283100243881 -4.940612743615786506 0.000000000000000000 0.052598029928069050 0.000000000000000000
-10.911957687231952363 -5.458441430074651990 0.000000000000000000 0.348679235826901190 569970.000000000000000000
-11.879813555268578185 -4.107558294407603228 0.000000000000000000 0.178759106339241192 0.000000000000000000
-14.130463468796721216 -5.374326922233501946 0.000000000000000000 0.279970927984221629 0.000000000000000000
-13.493869057039317383 -5.615898088945535882 0.000000000000000000 0.214125277269841791 573796.000000000000000000
-11.835305363185078420 -4.298599717679549848 0.000000000000000000 0.169894338075538387 569778.000000000000000000
-7.608765330788429537 -10.098945092342145102 0.000000000284967767 0.326238006262061897 0.000000000000000000
-5.612946977661349202 -10.095853290651852774 0.000000000410643681 0.349979693399301184 0.000000000000000000
-5.322438250264773352 -11.658172826763120611 0.000000000523951514 0.251526692797564233 0.000000000000000000
-7.766717374989858591 -10.720514883427451736 0.000000000304999239 0.255202665723962496 0.000000000000000000
-7.931471968361627489 -13.263767346835297900 0.000000000872391647 0.346802446295629063 0.000000000000000000
-7.930153962627242592 -11.780395364466819785 0.000000000377469271 0.213762032820438042 0.000000000000000000
-4.263094253292007529 -12.590339743664406669 0.000000000359289731 0.466444391402768499 0.000000000000000000
-8.287272407019161236 -12.869156610353842396 0.000000000761129809 0.343694160504804558 0.000000000000000000
-6.848933560726724323 -11.535760394420858432 0.000000000476444366 0.038458511830550879 0.000000000000000000
-7.002881561156462986 -11.003807612763070622 0.000000000138553690 0.135370289656500664 0.000000000000000000
-5.628162737419364348 -12.601023311732435062 0.000000000724431402 0.251356085742161339 0.000000000000000000
-7.732915406006758197 -10.773019786033541934 0.000000000247614689 0.244449356106928306 0.000000000000000000
-7.292272885953885897 -13.027834210735317555 0.000000000701567738 0.252179409529129872 0.000000000000000000
-6.682681341507818118 -13.411400478171392692 0.000000000078988368 0.299767126426345287 0.000000000000000000
-8.582829683026535150 -12.643578528876792788 0.000000000708290137 0.368047602805785912 0.000000000000000000
2.459283252772836992 -15.840456320814908509 0.000000000000000000 0.457032794368451734 547047.420137707376852632
3.809872639735162991 -12.355266439667927258 0.000000000000000000 0.309911502701982922 1269100.000000000000000000
1.330283464192103970 -13.634089165714517122 0.000000000000000000 0.189937790185553984 1210229.000000000000000000
1.546165731765429152 -12.047332926368854444 0.000000000000000000 0.260162751174439710 1266226.000000000000000000
0.848360808467403249 -11.743354707293150341 0.000000000000000000 0.380460559724492220 1265598.000000000000000000
3.572990629222650316 -15.057091617034959796 0.000000000000000000 0.386180033468373263 1203150.000000000000000000
2.445449237715308310 -13.621291089585371381 0.000000000000000000 0.064476216416546439 1243988.000000000000000000
2.137516772668199394 -11.585873139318664471 0.000000000000000000 0.303153524859806456 1242402.000000000000000000
0.424686848184553101 -11.798688843259036219 0.000000000000000000 0.430300999033252918 1133178.063413360621780157
2.018642360677274539 -11.434813323253248285 0.000000000000000000 0.332819058610412777 0.000000000000000000
0.529265432880281605 -12.161961146103717368 0.000000000000000000 0.378062134608898370 236515.987372609321027994
3.724879424182335974 -13.369012395927589054 0.000000000000000000 0.248372949608682225 0.000000000000000000
3.274116800969822272 -11.785265755890788952 0.000000000000000000 0.313905519810359579 0.000000000000000000
1.298831356011161287 -12.613441439626381424 0.000000000000000000 0.219136889836537035 1286611.000000000000000000
2.023392256281479007 -15.635342721052804649 0.000000000000000000 0.423677435991411611 1217319.000000000000000000
9.639257125519430147 -7.885198458191586823 0.000000000000000000 0.196382338965892883 1365328.000000000000000000
8.808701803209812553 -10.409677157452360774 0.000000000000000000 0.399787417373004828 1216949.263333803042769432
9.044611508499688313 -6.818877696342408257 0.000000000000000000 0.410141784137933008 0.000000000000000000
8.431501294231981802 -10.630230645384333599 0.000000000000000000 0.474660843531340693 784417.041232319781556726
8.180960515951371193 -8.844323358574484928 0.000000000000000000 0.385290585147044784 390700.033941585628781468
9.376028098384409759 -9.680477461385176952 0.000000000000000000 0.237432694967085384 0.000000000000000000
9.177151060520998271 -7.605843702346352764 0.000000000000000000 0.288537756396301415 0.000000000000000000
10.049325652794124153 -8.205197905531521840 0.000000000000000000 0.108457195011460186 1342529.000000000000000000
9.513625660596094491 -7.110535263788239746 0.000000000000000000 0.323068511441310380 0.000000000000000000
11.734886812989179461 -7.413528645164247699 0.000000000000000000 0.340970080576155909 1339959.000000000000000000
11.109002796845251382 -6.354168758026214725 0.000000000000000000 0.441005369862297048 0.000000000000000000
11.614575956365586151 -9.308607611642665702 0.000000000000000000 0.247364658809915150 1358762.000000000000000000
7.875250552353637801 -9.120127184267406761 0.000000000000000000 0.444246224877103579 1391651.000000000000000000
9.606191831651281987 -7.322037131159203405 0.000000000000000000 0.282479929783997552 152193.430570915108546615
10.324140463532048173 -10.863453256918942813 0.000000000000000000 0.370950846413364788 1354216.000000000000000000
13.413196654549114584 -2.094200951816536094 0.000000000000000000 0.363726924392358930 454128.000000000000000000
12.089058633212379945 1.060597699372614056 0.000000000000000000 0.317758043253622502 0.000000000000000000
14.032450977435894757 -0.973788844990300828 0.000000000000000000 0.189983165166313139 0.000000000000000000
13.229813525246887806 1.733215171539230548 0.000000000000000000 0.305636618880353206 452504.000000000000000000
14.534919606239117940 2.361308448696713747 0.000000000000000000 0.445091424178032879 0.000000000000000000
12.403265477750347046 1.378210835470583984 0.000000000000000000 0.313758285940982429 0.000000000000000000
12.793646106739096524 -1.816223292693410762 0.000000000000000000 0.342226708202100827 450459.000000000000000000
10.874087099429459613 -0.066665604580210591 0.000000000000000000 0.475499065417822830 0.000000000000000000
12.823373636003847054 -1.424675624265210772 0.000000000000000000 0.278397208917532779 0.000000000000000000
11.639308192077933768 -1.859700141653678696 0.000000000000000000 0.468553087231504184 457880.000000000000000000
16.017711585454414092 -0.505424801913707755 0.000000000000000000 0.449972913362938376 121861.861360747410799377
16.037066987602614176 0.429280358443189958 0.000000000000000000 0.451020249163608833 0.000000000000000000
14.260345136618770567 -0.871664376371966920 0.000000000000000000 0.197963798701517507 457411.000000000000000000
11.372350798108710634 0.460206172470000396 0.000000000000000000 0.394773973913001897 0.000000000000000000
10.953891252804007550 0.482706276104190979 0.000000000000000000 0.468735803023355158 0.000000000000000000
