-1.560644185708000009 4.011638358000820581 0.000000000000000000 0.126196137840537181 635422.000000000000000000
-3.753711873918848418 3.323893904082542594 0.000000000000000000 0.284952454034447689 630487.000000000000000000
-2.749092307505072164 4.714199118508905606 0.000000000000000000 0.170825952020676686 381927.516581031843088567
-2.714032011031491276 4.342487070004463767 0.000000000000000000 0.114394929189569228 0.000000000000000000
-1.240436616610051335 4.259090866228346428 0.000000000000000000 0.192933600951370299 211037.826791328407125548
-2.703075379024841851 5.252398058314115659 0.000000000000000000 0.255182000587875490 0.000000000000000000
-3.595681882078543445 5.419795849052373882 0.000000000000000000 0.361848356149628514 429352.780863029474858195
-0.607617536202072372 2.671606682813605804 0.000000000000000000 0.365603614524104115 635110.000000000000000000
-2.226026353341200803 1.492915399176357738 0.000000000000000000 0.426939972380430077 0.000000000000000000
-2.939091766554001950 3.546479957467786992 0.000000000000000000 0.135908578471645475 633648.000000000000000000
-3.012903221878843407 2.403151307439225892 0.000000000000000000 0.296949993518972943 0.000000000000000000
-4.308366442732266322 4.346013231890365702 0.000000000000000000 0.374269066005929629 0.000000000000000000
-2.401619944715612132 5.885241720712307334 0.000000000000000000 0.356182087119562119 634296.000000000000000000
-1.139014633276209443 4.688900772338455702 0.000000000000000000 0.245017745470120923 0.000000000000000000
-2.889124140327320678 3.472171138772315313 0.000000000000000000 0.134846328752152328 632870.000000000000000000
-4.789639719224987324 -3.135090770937417837 0.000000000000000000 0.470698231441188775 511628.000000000000000000
-2.085894463858303016 -6.114315799482723079 0.000000000000000000 0.397280962214985878 0.000000000000000000
0.058187074219616913 -4.423506136523013943 0.000000000000000000 0.423611374527765039 510705.000000000000000000
-0.723490474282789897 -2.065877354372816388 0.000000000000000000 0.424772426863961772 517637.000000000000000000
-2.061298832807587189 -2.281588644184752379 0.000000000000000000 0.288627348764715685 515670.000000000000000000
-3.886892310289527863 -4.431636172215686287 0.000000000000000000 0.305843506620729511 355392.061305780312977731
-2.760101272067201350 -4.599790648174350238 0.000000000000000000 0.154808940569590298 514488.000000000000000000
-3.538632120341559162 -3.238309408872952488 0.000000000000000000 0.256006885634227632 0.000000000000000000
-3.179284425486784915 -1.774591846249573113 0.000000000000000000 0.410823589001458767 0.000000000000000000
-0.873507996394766839 -3.318685852963460192 0.000000000000000000 0.266965944254777376 513293.000000000000000000
-3.776496529194651952 -3.198623119165747486 0.000000000000000000 0.297269525362907683 511780.000000000000000000
-2.841762125035061093 -1.881861252121891148 0.000000000000000000 0.372382200366165372 0.000000000000000000
-0.821515276334936928 -4.068545398724249473 0.000000000000000000 0.258019674191854897 511826.000000000000000000
-1.403796620205102208 -4.449308959008470232 0.000000000000000000 0.181960670580127493 515227.000000000000000000
-1.168899455694315304 -3.859906911339090474 0.000000000000000000 0.194220912045576510 510473.000000000000000000
3.325765774051821833 1.297520109878946393 0.000000000000000000 0.313186755999724009 568810.000000000000000000
6.381611663266386181 -0.920892267510840856 0.000000000000000000 0.370755331820402767 572551.000000000000000000
6.603401480487122832 -0.846735472724122973 0.000000000000000000 0.401491443121051284 376534.025138025812339038
2.984203419430319748 0.847980711229132988 0.000000000000000000 0.311601904045326950 0.000000000000000000
6.111194610830076535 1.469009508844909107 0.000000000000000000 0.385955233861025981 0.000000000000000000
2.178449511660901727 0.968713976127235199 0.000000000000000000 0.450524274694139748 578035.000000000000000000
3.765698895858674344 0.892093421879444515 0.000000000000000000 0.207230032468207703 0.000000000000000000
5.572274498239413454 -0.074004934738984576 0.000000000000000000 0.189041278367292231 572796.000000000000000000
5.264693749978199833 2.413576709046635127 0.000000000000000000 0.448956529072233990 569921.000000000000000000
2.939802031339501465 1.796453361506119561 0.000000000000000000 0.425190797690398969 0.000000000000000000
5.444002761820610381 0.274253969747449478 0.000000000000000000 0.172728815282258141 578259.000000000000000000
1.992932212056738983 0.044536251561960442 0.000000000000000000 0.449393331322417766 0.000000000000000000
4.747792639557218308 1.416166747729921349 0.000000000000000000 0.254998290432586927 576717.000000000000000000
4.457238257494145373 -2.486782708073815851 0.000000000000000000 0.441943691103555192 574073.000000000000000000
6.907566608383353568 -0.447715804795506933 0.000000000000000000 0.433871375217066257 576890.000000000000000000
11.211139739820000116 9.247146455161924905 0.000000000861956050 0.178095384600596707 638916.000000000000000000
10.694792850716172694 10.047762716999029564 0.000000000900666430 0.236372686897245166 633947.000000000000000000
11.521752919724278286 6.698388905680566552 0.000000000696927309 0.415895201737425779 631866.000000000000000000
12.111397692358295330 9.242903131877641343 0.000000000086225269 0.327277321394679355 0.000000000000000000
11.173205729500931938 8.004794401596123876 0.000000000791169705 0.197389525052377529 638435.000000000000000000
11.569378334411878129 6.567223620326953615 0.000000000689713783 0.439977177824276422 632186.000000000000000000
8.508404507684366180 8.074059568898737993 0.000000000449372040 0.347394362291530534 637479.000000000000000000
12.578826389931908381 10.049514808927487053 0.000000000562706235 0.459159633000358558 0.000000000000000000
10.700970856648629237 11.098447852814938841 0.000000000747712517 0.416866583076983654 0.000000000000000000
9.366154049354593170 10.935451622060618604 0.000000000044727334 0.421557745047401233 141688.400001698028063402
12.865567693169625230 9.076613375239064752 0.000000000420352414 0.453682624906265153 632281.000000000000000000
8.458621350837304931 9.660165740504176313 0.000000000672953089 0.371806125706358126 483344.047446533804759383
10.614651605045931859 6.247194110808354850 0.000000000844013529 0.441001551988129070 633019.000000000000000000
12.379303405277632066 7.152732487830713026 0.000000000314973581 0.457966435180306886 0.000000000000000000
9.581591002213876607 10.247150771447342876 0.000000000878488763 0.295916198262439922 634560.000000000000000000
1.131608205088034724 13.388472521567711837 0.000000000000000000 0.215282505819787945 699062.000000000000000000
2.993017254512456926 13.508689431108352963 0.000000000000000000 0.124447296019551304 699235.000000000000000000
4.250495982466845568 12.245797655749530719 0.000000000000000000 0.387633321571026146 697437.000000000000000000
2.627183479883907768 12.318243464129901454 0.000000000000000000 0.178468721398705260 693093.000000000000000000
2.389534322342461437 10.998132153425629554 0.000000000000000000 0.405854938186190672 696945.000000000000000000
2.643968924983396640 11.518683552028775807 0.000000000000000000 0.317850851802627343 0.000000000000000000
3.138625605992328538 11.280828965423983945 0.000000000000000000 0.383118818118196758 691387.000000000000000000
1.948598045933973122 10.888706092878692289 0.000000000000000000 0.430799923398646756 694485.000000000000000000
3.012542504126075826 14.859505189277353310 0.000000000000000000 0.306609908907185091 0.000000000000000000
4.144198017688711211 11.410169407526394636 0.000000000000000000 0.462946795833991398 231098.213029671838739887
1.541299829486765915 10.991076266774131298 0.000000000000000000 0.430932608020165808 694375.000000000000000000
2.203398141718570180 11.143222214714892715 0.000000000000000000 0.380644913066632784 693008.000000000000000000
3.566091103463517875 14.974812464593560080 0.000000000000000000 0.373536799294713340 445743.446418552543036640
1.138480740164470095 13.842763502032870093 0.000000000000000000 0.235783845458150065 690922.000000000000000000
3.374090752222251410 11.902518211650857438 0.000000000000000000 0.306872623549158785 695936.000000000000000000
-7.828258827102495765 12.412644416095314881 0.000000000904577813 0.230661708503777374 1321021.000000000000000000
-8.787034390301048603 10.684941702344415759 0.000000000830909338 0.409162356755078338 1271251.000000000000000000
-5.628656145232757702 11.274143389981377439 0.000000000771741106 0.211904027350960644 0.000000000000000000
-6.601141639584899856 12.318749583611458220 0.000000000869109117 0.108784280428671151 0.000000000000000000
-7.280251644010783174 9.868016970433682644 0.000000000708997155 0.341620251847076284 1296961.000000000000000000
-7.743711258976551548 9.822384604943067643 0.000000000292277324 0.380644026363605281 1271278.910773380193859339
-5.332400011809362184 10.262580631261425168 0.000000000786607600 0.358961888465101631 0.000000000000000000
-7.352419404545840642 12.829449812342845760 0.000000000924852014 0.225434647874732719 0.000000000000000000
-8.584612841727022214 11.715077805489546137 0.000000000010797907 0.330123028327762469 1318479.000000000000000000
-4.647174553262778396 10.859986149072947015 0.000000000113682134 0.401616084437034393 0.000000000000000000
-5.663003208623080376 13.762757931084015794 0.000000000785743678 0.409259400983805699 1254612.000000000000000000
-6.691738612889637672 12.899699164264154305 0.000000000203706175 0.209188378337369169 60389.039413551581674255
-6.293430126656577528 11.999874432420851278 0.000000000075136464 0.092746260194097457 571000.976896457606926560
-4.895049852752265451 13.306268015804267435 0.000000000597822282 0.431804127003407978 1289422.000000000000000000
-8.281551589625085086 11.545864695980364800 0.000000000611901271 0.277793721345880873 0.000000000000000000
-12.662477633471620919 6.252053863715025805 0.000000000000000000 0.273766913599175044 0.000000000000000000
-13.653981870611428207 4.595910690739149373 0.000000000000000000 0.168334900149089139 647.669898276515709767
-14.385703207900592204 6.129998979773470857 0.000000000000000000 0.390049408130946240 0.000000000000000000
-12.948239851272330014 4.871335275091731809 0.000000000000000000 0.053655842306258909 398873.517891904106363654
-13.538276357293362651 2.385516010359081562 0.000000000000000000 0.424355887957563793 0.000000000000000000
-12.958672192774107756 4.534265458394521886 0.000000000000000000 0.050457156290700508 813097.000000000000000000
-13.077216915096087746 5.417970191531905400 0.000000000000000000 0.143936213083675851 815598.000000000000000000
-14.761291926160515331 5.606726767912407539 0.000000000000000000 0.398890014802744330 810977.000000000000000000
-12.585353520554425799 4.909585875798403443 0.000000000000000000 0.046176558491226892 727181.333144653239287436
-14.635142028553712379 4.322452324284927982 0.000000000000000000 0.348119559543796309 0.000000000000000000
-12.392312022404750493 2.887883048380705642 0.000000000000000000 0.316770289860665022 0.000000000000000000
-10.569449178391209898 4.282256587946577930 0.000000000000000000 0.388299691957094240 0.000000000000000000
-12.766547900003541116 7.058076956790619860 0.000000000000000000 0.413789541152319917 0.000000000000000000
-13.590391795167130695 6.479282736106007690 0.000000000000000000 0.349483070155053699 0.000000000000000000
-13.594502418714572656 3.871181024287408068 0.000000000000000000 0.210544816047796290 820146.000000000000000000
-11.299103610636784367 -5.276310340364288365 0.000000000000000000 0.272734192473978621 568862.000000000000000000
-11.536941054639752835 -4.365889189465504749 0.000000000000000000 0.216619922643983359 0.000000000000000000
-12.076884929495321330 -4.528922004447552219 0.000000000000000000 0.116364502834757230 0.000000000000000000
-11.537121338256580927 -5.138005426879549198 0.000000000000000000 0.224386731923666843 572246.000000000000000000
-12.326987516518912003 -4.528568263020364526 0.000000000000000000 0.073613235276565797 574423.000000000000000000
-13.311193616066537615 -5.300349714130786261 0.000000000000000000 0.151746629120422527 577029.000000000000000000
-12.298180773357351825 -3.233091998358408770 0.000000000000000000 0.262201242833275394 577166.000000000000000000
-14.290196926929233712 -5.089028106812439667 0.000000000000000000 0.289986710951874893 570167.000000000000000000
-12.271546462773532227 -5.528459731668461608 0.000000000000000000 0.167540034321947889 573755.000000000000000000
-13.666075621692186814 -4.278325762298676338 0.000000000000000000 0.183533979679434744 0.000000000000000000
-13.330387767038752500 -6.437259327972510548 0.000000000000000000 0.324631439671814681 0.000000000000000000
-12.479905343947111263 -2.032489768005748321 0.000000000000000000 0.462162875954252095 572742.000000000000000000
-13.983348879144772425 -3.326228001692201008 0.000000000000000000 0.326009544142297991 0.000000000000000000
-13.225655315402454093 -5.082102394988675442 0.000000000000000000 0.115155105365852037 576502.000000000000000000
-12.974430045735701356 -3.695218759091804639 0.000000000000000000 0.177147222867212656 472769.334031230362597853
-8.506446552920957416 -13.407153523971796716 0.000000000309989037 0.434660578075410753 0.000000000000000000
-5.956469219226715239 -10.738622096717417520 0.000000000690644830 0.221951728348828314 0.000000000000000000
-6.200817968726883400 -11.769527912496636546 0.000000000105935884 0.095174640330831992 0.000000000000000000
-4.403216329866686429 -12.705110485603629655 0.000000000563541477 0.450468423751786806 0.000000000000000000
-5.587191989454509233 -10.782930222060000958 0.000000000210352650 0.262969144437704361 0.000000000000000000
-7.049869343165633850 -9.947557091367158932 0.000000000001126444 0.318444953294971023 0.000000000000000000
-7.631892666044165274 -12.023097190717489724 0.000000000801142216 0.169122025999227987 0.000000000000000000
-8.611015870070419354 -12.359470148251775257 0.000000000905601455 0.353439721887862157 0.000000000000000000
-5.312283122237616340 -9.494813417410645329 0.000000000351947992 0.468389165712253919 0.000000000000000000
-6.325482506500910596 -13.161822630166057024 0.000000000341151764 0.265644126155099025 0.000000000000000000
-6.719874304987168756 -14.402603635223050205 0.000000000406925723 0.475043563954720693 0.000000000000000000
-8.304453597437348122 -10.185619928837581938 0.000000000126227472 0.389706246683404867 0.000000000000000000
-7.526796998527146343 -10.651169703033302127 0.000000000446102837 0.235982737317698782 0.000000000000000000
-7.790855235632060172 -11.755892482767892560 0.000000000850852032 0.188770826101753858 0.000000000000000000
-7.961589373182737184 -11.706331763725986050 0.000000000909615170 0.219096590389035284 0.000000000000000000
-0.149323656237834501 -13.291406315663829574 0.000000000000000000 0.442630161545480683 1193103.000000000000000000
0.406392372064141305 -11.503041541729162489 0.000000000000000000 0.466791725021637127 1245675.000000000000000000
3.886123912570432548 -14.399200841770444015 0.000000000000000000 0.341152850679226516 0.000000000000000000
2.213974803421412396 -15.866202315961428937 0.000000000000000000 0.461612055341335148 1233853.000000000000000000
0.184311401740818226 -14.514179933800591016 0.000000000000000000 0.442063509618979611 1189466.000000000000000000
3.006150765714043605 -15.494983737377911126 0.000000000000000000 0.412649638432567689 1251233.000000000000000000
0.103272121053304342 -14.685334275479211996 0.000000000000000000 0.470177606766588985 0.000000000000000000
2.309841972482003403 -15.004400013452832141 0.000000000000000000 0.307690123042157593 1228766.000000000000000000
0.598760498397681751 -12.618064119383339161 0.000000000000000000 0.330827314704778275 972736.737512059276923537
2.214333940583112170 -15.715226457635306900 0.000000000000000000 0.434760451424065053 1252709.000000000000000000
2.125195385363729539 -11.347084281582837662 0.000000000000000000 0.345654646945094013 1199266.000000000000000000
4.437276323890149143 -12.056443551918778923 0.000000000000000000 0.433104393638810203 1204690.000000000000000000
4.438303392138747583 -13.935421846360185327 0.000000000000000000 0.392847718364751075 1249941.000000000000000000
2.165949174026638335 -10.925812425204073364 0.000000000000000000 0.419717834870885431 22363.950849834945984185
4.075900542367771884 -12.494231420610056205 0.000000000000000000 0.340180573172395473 0.000000000000000000
10.310654387359528883 -8.339627379706621824 0.000000000000000000 0.071809103458568307 0.000000000000000000
10.204677741228570298 -9.271254489849123814 0.000000000000000000 0.094920621129509067 0.000000000000000000
10.275892523131812339 -7.747035531941975250 0.000000000000000000 0.175914243384247743 1314860.000000000000000000
8.421278352929832067 -9.778702831145976049 0.000000000000000000 0.387131937475289511 0.000000000000000000
10.500885863806182385 -9.706198213588299595 0.000000000000000000 0.170393542857874336 0.000000000000000000
10.332644272663092266 -10.392852637684551809 0.000000000000000000 0.288428919603685663 0.000000000000000000
10.925624566923570313 -8.183110150383443582 0.000000000000000000 0.143760593524090957 1283757.930642727529630065
10.441359270172535290 -9.891461160139073172 0.000000000000000000 0.201279729071310282 107886.329312941554235294
8.497196594903314804 -7.881630507437126454 0.000000000000000000 0.362151049567451866 0.000000000000000000
12.453665774504804276 -9.906330215326649480 0.000000000000000000 0.427555724840606277 0.000000000000000000
8.473081854870253338 -8.465505405017177409 0.000000000000000000 0.336544303844827919 0.000000000000000000
11.161156497328050818 -10.107715036166148082 0.000000000000000000 0.279439802138350235 1326816.000000000000000000
10.109251886504234008 -9.949197820241527879 0.000000000000000000 0.214706171607300128 1401820.000000000000000000
8.717132722400101841 -6.826842484618103946 0.000000000000000000 0.444680625647027039 1390882.000000000000000000
11.292855187578844323 -10.918330219805385539 0.000000000000000000 0.416139167244101438 0.000000000000000000
11.782724789624507977 -1.787410509134143233 0.000000000000000000 0.441408394402517723 0.000000000000000000
12.914386957892832086 -0.985184092661255839 0.000000000000000000 0.204220127727073930 18699.092295467096846551
14.177339327466562224 -0.481111543127302366 0.000000000000000000 0.140703908398006949 453190.000000000000000000
12.032519989550090500 -0.947522564827071645 0.000000000000000000 0.315333585533266736 450177.000000000000000000
12.782973039619271560 2.461855535107618120 0.000000000000000000 0.448133942990188827 212638.255843756312970072
11.791827415170333282 1.855203681805120297 0.000000000000000000 0.448653417295147183 449653.000000000000000000
15.353043335788898460 1.584140710615371761 0.000000000000000000 0.423182990116938329 0.000000000000000000
15.148346302457508017 -1.883633231615559511 0.000000000000000000 0.433455385604896826 0.000000000000000000
12.457183898088826979 0.768091471119419777 0.000000000000000000 0.234792404362137247 0.000000000000000000
16.026864906168508895 -0.294097114409775040 0.000000000000000000 0.445983554241949465 449477.000000000000000000
15.395939715840778916 0.691792283843644884 0.000000000000000000 0.351538203087933654 431080.258940850035287440
15.648764467386447663 0.099570840549709841 0.000000000000000000 0.376098284135854832 0.000000000000000000
14.251947520599456354 1.635735372682384225 0.000000000000000000 0.310112737645616920 454901.000000000000000000
11.301280500863539302 0.463163804880916907 0.000000000000000000 0.407287862416262525 457858.000000000000000000
11.307894362211079908 -0.827126970929655037 0.000000000000000000 0.423282762487916409 448102.000000000000000000
