-3.869786284206811366 4.358545104536600157 0.000000000000000000 0.299069647577131448 899.539810929514260351
-2.888131432535920862 1.929632442625868638 0.000000000000000000 0.366662904198544526 0.000000000000000000
-0.650131486630809996 4.199537424303167121 0.000000000000000000 0.291848834984581695 10469.000000000000000000
-1.002043541526828729 1.613975578962729474 0.000000000000000000 0.463167967692340865 0.000000000000000000
-1.494977370617555090 3.626398668319503305 0.000000000000000000 0.143918235985312087 4027.455407067116539110
-3.217033553819753866 2.113596188483358063 0.000000000000000000 0.359470919049239501 10981.000000000000000000
-1.144565576114250804 3.977856063198336400 0.000000000000000000 0.199096345134714775 0.000000000000000000
-0.428236995634460438 2.196091533729208400 0.000000000000000000 0.444352901728247984 10592.000000000000000000
-1.958228280646375996 3.545318290243418602 0.000000000000000000 0.081434953755230202 306.041577387931056364
-3.318553570399254138 3.430060186397502431 0.000000000000000000 0.205968333523964153 10614.000000000000000000
-3.692254298098894161 5.801983034167855990 0.000000000000000000 0.425535548175898559 0.000000000000000000
-0.318924028101427337 5.260195656759827365 0.000000000000000000 0.423110372775801324 0.000000000000000000
-2.504699095260359165 4.127947415816052512 0.000000000000000000 0.061012749076749410 0.000000000000000000
0.037269593516493886 4.614797488743975329 0.000000000000000000 0.428976033750964936 0.000000000000000000
-3.063485403741058377 1.533738441344419057 0.000000000000000000 0.443363279212579064 10888.000000000000000000
-1.296401825132335928 -5.640503178801039574 0.000000000000000000 0.355799930021625577 3004.670795359334078967
-1.684993857240372872 -4.560010574193871236 0.000000000000000000 0.157075368716073638 0.000000000000000000
-0.960687465352252357 -3.745500385185574821 0.000000000000000000 0.232685232031535794 8740.000000000000000000
-0.407356244877165596 -4.965769417477146952 0.000000000000000000 0.381478520779249708 0.000000000000000000
-3.519320572080022469 -5.962078447221228927 0.000000000000000000 0.431855690729682218 8245.000000000000000000
-2.085920521500949310 -2.151655730096097674 0.000000000000000000 0.311140738094747626 8932.000000000000000000
-0.154419259613869597 -4.889364927391989468 0.000000000000000000 0.415044837017179924 8686.000000000000000000
-3.766489783499920918 -2.641042660062915104 0.000000000000000000 0.348823484770721615 0.000000000000000000
-0.003437197333915063 -4.187875517998056019 0.000000000000000000 0.405322556235560627 8363.000000000000000000
-0.177009699172723717 -3.651921352995612491 0.000000000000000000 0.373329929387200943 0.000000000000000000
-2.547006785745110857 -6.031656424076416556 0.000000000000000000 0.384769892261567936 8517.000000000000000000
-2.295336799544022366 -3.251389722020492812 0.000000000000000000 0.113954754245206610 8498.000000000000000000
-3.660848755441193703 -5.564255178394082790 0.000000000000000000 0.388918793272247099 8718.000000000000000000
-4.692558748484891851 -3.873943185775663434 0.000000000000000000 0.433847315227991359 0.000000000000000000
-0.130464931966318309 -4.792919957217238291 0.000000000000000000 0.411897565042902924 0.000000000000000000
5.702568929415461341 1.460089411730676856 0.000000000000000000 0.334717677656732104 9502.000000000000000000
6.745659512166444216 0.900889628463065639 0.000000000000000000 0.428585592392857262 9200.000000000000000000
4.593046783220342988 0.668961704642691002 0.000000000000000000 0.119682434437308166 9200.000000000000000000
6.120074088827568204 -1.846212857065191004 0.000000000000000000 0.435008585188819796 9856.000000000000000000
6.519570827745371666 -1.022301318084355204 0.000000000000000000 0.400775657260229956 9092.000000000000000000
5.334196084547610184 -1.656263797789557124 0.000000000000000000 0.328405899594133521 9969.000000000000000000
4.216181762995125482 -1.376623813112222150 0.000000000000000000 0.250339821924682626 9402.000000000000000000
3.946558276490677031 0.601249548726862315 0.000000000000000000 0.147160622287537263 0.000000000000000000
5.805480938013119818 0.871810370460730844 0.000000000000000000 0.277332747794048873 0.000000000000000000
3.821030446370905498 -1.979738512631207703 0.000000000000000000 0.372949259621300044 0.000000000000000000
3.198435472960768688 0.656832726600863115 0.000000000000000000 0.261978902272344660 1948.264630834673198478
2.394704418135702895 -1.103011836535828794 0.000000000000000000 0.425645369028083975 9216.000000000000000000
4.149389182142962262 -0.580168322551385729 0.000000000000000000 0.121897159967183422 9580.000000000000000000
4.537949315753887269 0.130920806316198429 0.000000000000000000 0.023644076129027157 8867.369161984726815717
4.157552308817935582 0.062029211625252836 0.000000000000000000 0.064513195132955711 0.000000000000000000
11.041831926718677082 6.362799238024333448 0.000000000097335967 0.436032962944647051 10519.000000000000000000
9.433232765993667002 7.571575414355945277 0.000000000297069147 0.262349460288279324 10702.000000000000000000
9.611942894467807363 9.017563630827003962 0.000000000607242376 0.138233592050931275 10346.000000000000000000
8.573651106479653450 7.816692469557739997 0.000000000398652226 0.354948569512472001 10393.000000000000000000
11.470783116323428175 9.142563412791748334 0.000000000446368455 0.212961202313341869 10821.000000000000000000
10.125464877784585482 7.553476961643642795 0.000000000503424067 0.213007920032277559 10041.000000000000000000
11.249566091772551957 7.850651610531416580 0.000000000532328014 0.225688645891963580 10251.000000000000000000
10.752512229846336922 7.109152692401607965 0.000000000240450137 0.296410145589681706 669.051744862875466424
11.517911952689434685 8.853133491813416356 0.000000000140673363 0.210658439842810796 10361.000000000000000000
9.846602565165166965 8.841837394894231039 0.000000000352955649 0.089580868445167966 10866.000000000000000000
9.655077336435731183 6.405016965706448850 0.000000000283704622 0.429012242722823234 0.000000000000000000
12.116708172779974362 7.055869694249632396 0.000000000014841466 0.433263630132720290 10212.000000000000000000
9.542401877749684402 7.401683317517506744 0.000000000914090144 0.275876065878096377 10865.000000000000000000
10.853882115279608556 9.140524143675342827 0.000000000750749090 0.114459337311314469 10658.000000000000000000
9.116482491427339241 9.607765216438327371 0.000000000540541527 0.265366223737504070 10963.000000000000000000
2.793616205219908277 14.853790619868110667 0.000000000000000000 0.292476565414850675 11204.000000000000000000
1.957949540817871537 10.872530525709748872 0.000000000000000000 0.433381142068852698 0.000000000000000000
1.719662659260754900 15.261533115994140530 0.000000000000000000 0.370092689416914700 0.000000000000000000
2.282936730630124256 13.245404556168240973 0.000000000000000000 0.010726523249377350 0.000000000000000000
4.449417909353984513 13.054629760473313027 0.000000000000000000 0.379011391317033708 0.000000000000000000
2.327302978552567403 13.972630830508197874 0.000000000000000000 0.123936198438558007 0.000000000000000000
3.067474698627562280 11.704284831439318637 0.000000000000000000 0.308921937023290460 11074.000000000000000000
2.638975835134663495 11.731514394329625617 0.000000000000000000 0.280438204770675048 11678.000000000000000000
3.471466352083127038 12.854811892117295358 0.000000000000000000 0.216131834806017609 11586.000000000000000000
2.124244933652401190 12.977072387208243853 0.000000000000000000 0.065192898945298811 11711.000000000000000000
2.517861721693249066 15.167199409931990672 0.000000000000000000 0.338206189825439041 11708.000000000000000000
0.894559936468846906 11.390418021809155746 0.000000000000000000 0.422789463968111789 0.000000000000000000
0.743527092060395911 12.325767482634130801 0.000000000000000000 0.330276574537126888 11441.000000000000000000
3.320908355966998293 14.053099550265464757 0.000000000000000000 0.223643895718971725 11358.000000000000000000
1.695544641798338859 12.309341721680615578 0.000000000000000000 0.206521716685904466 0.000000000000000000
-4.421769477818312311 10.477946783872482683 0.000000000160197485 0.466898345383229385 21392.000000000000000000
-7.982211199141752367 9.404825291515994223 0.000000000087491417 0.465688892647272756 0.000000000000000000
-5.801596849688785085 9.651960082788422213 0.000000000182066207 0.401952140131983993 21530.000000000000000000
-5.697567469310551580 9.741630037755628635 0.000000000465801841 0.395860000951620383 21330.000000000000000000
-4.328164275963032104 11.115323285708937462 0.000000000255683012 0.441639550647107304 21378.000000000000000000
-5.490049888166494085 10.209074500283374931 0.000000000579486139 0.347256585119739669 21617.000000000000000000
-6.507475552058243906 10.776112013110664023 0.000000000526568567 0.171618834175117974 0.000000000000000000
-5.227974150433404965 10.057571224870978099 0.000000000110437294 0.398210953493205011 0.000000000000000000
-4.544829235096080389 10.605235474281274222 0.000000000556935508 0.437017735614701752 21954.000000000000000000
-8.918747345548105443 11.197295340607617220 0.000000000653684413 0.400390434646812232 0.000000000000000000
-6.827559261419766656 13.119654992499810930 0.000000000644075839 0.248540377724266792 0.000000000000000000
-4.950111064732940491 13.118582438032309057 0.000000000098964118 0.403109515762873183 21319.000000000000000000
-8.280954764155129766 10.312620892793582072 0.000000000726845246 0.371341116204516763 0.000000000000000000
-5.967777658735054835 10.318592033808624109 0.000000000092831285 0.282974147033489887 21144.000000000000000000
-4.688433262810160151 11.544744762605448685 0.000000000087993591 0.365586487927612558 14175.635225182460999349
-14.182292311787902506 6.925301812826997860 0.000000000000000000 0.469316283880167551 0.000000000000000000
-14.401167515710618261 4.342998153935575090 0.000000000000000000 0.306475842150455813 13593.000000000000000000
-10.421982270020327732 5.107955765617214539 0.000000000000000000 0.415188633755080028 0.000000000000000000
-10.580389510938529085 3.336761807385645096 0.000000000000000000 0.446496692237795367 13565.000000000000000000
-15.241641558611140894 3.915161234931160195 0.000000000000000000 0.469646369241266237 13577.000000000000000000
-13.150371071698447878 3.393064363837134501 0.000000000000000000 0.236555257838158062 13408.000000000000000000
-12.929606598123324801 4.823205495410864074 0.000000000000000000 0.046056035825077404 13699.000000000000000000
-13.476559423278047234 2.533492660978048150 0.000000000000000000 0.396499986788847958 10873.804509894667717163
-13.101156889094450975 6.898708025388969212 0.000000000000000000 0.391873787797585360 0.000000000000000000
-12.910860478148961761 5.262230137280587527 0.000000000000000000 0.107393784378892812 7800.538694422271873918
-12.138247177328791437 7.341060572644165561 0.000000000000000000 0.474617430909328730 13880.000000000000000000
-10.378029688066018110 5.145124868558474063 0.000000000000000000 0.424094238577072791 13344.000000000000000000
-12.919688528431258590 7.146854164481159621 0.000000000000000000 0.430559220419757471 13958.000000000000000000
-13.705630567572532286 7.005129811978585863 0.000000000000000000 0.440768822090499890 10469.529536966092564398
-10.770929811147643917 5.559451455700295419 0.000000000000000000 0.378765279804815280 13695.000000000000000000
-13.209871654216367887 -7.179947758654667389 0.000000000000000000 0.443410367338212763 9746.000000000000000000
-12.046903202685591339 -2.222857615400577469 0.000000000000000000 0.443715994851088036 9903.000000000000000000
-10.855904810161932872 -5.473913266455041615 0.000000000000000000 0.358938143657151321 0.000000000000000000
-14.453768956425507852 -4.723319339270839023 0.000000000000000000 0.310380166982412165 0.000000000000000000
-12.336908318502556980 -2.380127995285699516 0.000000000000000000 0.405521219980524483 0.000000000000000000
-12.855137678581670002 -4.954902959470714130 0.000000000000000000 0.054294363545337225 0.000000000000000000
-12.588123707545083363 -6.573401043223357831 0.000000000000000000 0.330294021716618202 9962.000000000000000000
-11.524226579775367796 -3.317782204688151104 0.000000000000000000 0.318040250055029838 0.000000000000000000
-11.405549290586280975 -3.942015100186572862 0.000000000000000000 0.266097379563069281 1358.283758321821551363
-10.636408520932281618 -3.665444693296935341 0.000000000000000000 0.410222026351523772 0.000000000000000000
-13.583461785829873847 -3.204696577084700237 0.000000000000000000 0.299206945112695022 0.000000000000000000
-13.988835520466762929 -6.592913594976447023 0.000000000000000000 0.402399005600495185 1332.473111229901178376
-10.897380792796694138 -5.036813174393312664 0.000000000000000000 0.329620662334683512 7785.815365090517843782
-12.975612815481419204 -3.720132120410203580 0.000000000000000000 0.173030114635429721 0.000000000000000000
-14.302630102105544196 -6.863613899939640106 0.000000000000000000 0.472930304089158926 7269.994224922834291647
-6.067914904733245685 -13.121099123356920302 0.000000000139705130 0.275190201737703088 0.000000000000000000
-7.351650958262395008 -11.479436052178490613 0.000000000177438718 0.118206932551323474 0.000000000000000000
-6.806742087366268734 -11.712221901190542184 0.000000000272994681 0.013299744719013976 0.000000000000000000
-7.693802659475277750 -13.285266456253719269 0.000000000395604504 0.325720972252131979 0.000000000000000000
-8.786955085158476564 -11.134958798691716453 0.000000000116828620 0.380409249387885617 0.000000000000000000
-8.138932288154725470 -10.512563873200463149 0.000000000011323878 0.329051934534256463 0.000000000000000000
-6.362292188224341061 -12.588752866759667981 0.000000000759409572 0.167601145963574644 0.000000000000000000
-8.541753234889803537 -12.954821064525187779 0.000000000388242217 0.389449741076182632 0.000000000000000000
-8.119410527378512654 -13.987957763888399398 0.000000000785318297 0.471099465183349886 0.000000000000000000
-4.912707036994780729 -11.120329959979535772 0.000000000033076177 0.341223550702563994 0.000000000000000000
-9.099563452483655723 -10.994209803391171931 0.000000000208052142 0.440839053702592409 0.000000000000000000
-5.758823569506063222 -12.091768811147156626 0.000000000510609394 0.185690560442354657 0.000000000000000000
-5.864829772917864226 -9.540259995926939851 0.000000000720586130 0.415710810408766007 0.000000000000000000
-5.153589343896085140 -10.659001978477830264 0.000000000584355292 0.338317806301633550 0.000000000000000000
-5.968331777530198501 -9.871430260022725278 0.000000000456606253 0.354404072832235240 0.000000000000000000
1.726011383330059878 -11.034601279365377380 0.000000000000000000 0.413782290012270015 20108.000000000000000000
4.462017637240953682 -12.965096156819338802 0.000000000000000000 0.383222265218622071 0.000000000000000000
1.052960174873748711 -11.636140776612807102 0.000000000000000000 0.370890210245315710 20196.000000000000000000
2.446628810465498738 -10.797884798745585044 0.000000000000000000 0.441830311025831868 0.000000000000000000
2.057095816843235614 -11.500579647356550694 0.000000000000000000 0.320149606910300866 20855.000000000000000000
4.053263016501416516 -15.128543635933597855 0.000000000000000000 0.449898297727739482 0.000000000000000000
1.995271535759352455 -12.787054080449289373 0.000000000000000000 0.106102802848620892 20990.000000000000000000
1.011118000331953759 -14.942478425148463472 0.000000000000000000 0.379030583824919443 0.000000000000000000
1.306006110936562381 -14.862479860029541356 0.000000000000000000 0.336715367586319148 20693.000000000000000000
3.437483086702400659 -12.771510417452866193 0.000000000000000000 0.216198341284716988 0.000000000000000000
0.900906055589056676 -11.302864766513220474 0.000000000000000000 0.434619873851569083 20861.479621186426811619
2.901010677522807946 -12.745301456093363512 0.000000000000000000 0.138391242116597979 0.000000000000000000
3.261588770631524525 -13.280603009790549862 0.000000000000000000 0.165262665096676142 20178.000000000000000000
2.376238128276825456 -12.555327066450233886 0.000000000000000000 0.128681102623461663 20436.000000000000000000
2.551409219938082007 -10.642787221386969421 0.000000000000000000 0.470561629699153161 0.000000000000000000
10.985814062575247618 -7.633774332073231861 0.000000000000000000 0.226536813689932004 0.000000000000000000
8.874783875687604962 -8.427463591069345838 0.000000000000000000 0.267270472335163878 22089.000000000000000000
8.210461579072454441 -8.432201894833738720 0.000000000000000000 0.383701523365945874 0.000000000000000000
11.292046220402397694 -6.257044340946123384 0.000000000000000000 0.467881832495206595 22325.000000000000000000
10.066938104396863096 -7.583114450250873162 0.000000000000000000 0.210089135510484637 22865.000000000000000000
10.359921525273261267 -8.671403689098937662 0.000000000000000000 0.013863088349196633 22680.000000000000000000
10.679832310228404069 -10.804971976057167637 0.000000000000000000 0.365516137575306654 0.000000000000000000
10.559650228400286665 -11.187550644753345708 0.000000000000000000 0.429376551934651796 0.000000000000000000
9.099889224966986490 -7.141401078782420697 0.000000000000000000 0.358549876968939252 21936.223716771237377543
8.673842029914830221 -8.268447347158764060 0.000000000000000000 0.308807000212218241 0.000000000000000000
9.376513562859500439 -10.685490425897365085 0.000000000000000000 0.381156812303176051 0.000000000000000000
11.228603887498181280 -8.840498454314618115 0.000000000000000000 0.159112397659686516 15496.644475706270895898
11.268796110195054894 -8.106010491825594855 0.000000000000000000 0.200017811061560524 22282.000000000000000000
12.652540082359982065 -10.061547054584643490 0.000000000000000000 0.471620940422638024 22872.000000000000000000
10.812716150079561217 -9.070582032822278151 0.000000000000000000 0.101375999479465892 22130.000000000000000000
14.753967004628890436 2.380951244207609729 0.000000000000000000 0.464846117225505950 7361.000000000000000000
13.304673544611594238 1.835127710994102213 0.000000000000000000 0.320958621913263409 0.000000000000000000
12.749508239911017782 1.340063639834181863 0.000000000000000000 0.272061147551075466 0.000000000000000000
13.212488107534161585 -2.483052977085550506 0.000000000000000000 0.434547066416872907 7012.000000000000000000
15.083143091821781923 -1.420855496383046201 0.000000000000000000 0.368485499732692345 0.000000000000000000
12.339200964755795198 1.574053822737378594 0.000000000000000000 0.347371875889731840 7160.000000000000000000
12.474673209662640261 1.961744000828829604 0.000000000000000000 0.390134546515881975 0.000000000000000000
15.203143538089548770 1.206305594444716522 0.000000000000000000 0.362162819531016533 0.000000000000000000
11.837170299414689012 1.299378189254344118 0.000000000000000000 0.378541283220755365 7932.000000000000000000
11.137862447366313035 -1.058448516168210007 0.000000000000000000 0.466304657614882712 0.000000000000000000
12.699122872248100435 -1.128612550046544927 0.000000000000000000 0.246805223703675941 7448.000000000000000000
13.392870394742203644 -2.244162190964881010 0.000000000000000000 0.389914815170124052 0.000000000000000000
12.576780614352930598 -1.307265908353461459 0.000000000000000000 0.284732919366101289 7954.000000000000000000
13.146502555453457362 -0.284626337313330813 0.000000000000000000 0.085934317497986884 7637.000000000000000000
11.676845728461554330 0.527753881176429629 0.000000000000000000 0.344743379943053985 0.000000000000000000
