-1.326552491789160237 2.237705765849745454 0.000000000000000000 0.337959474043392494 635532.000000000000000000
0.140738266507574455 3.843120724850655812 0.000000000000000000 0.427609887435284775 633686.000000000000000000
-0.592915881583803261 4.541745750642877333 0.000000000000000000 0.318685859508237079 633323.000000000000000000
-3.087038811182720277 5.680499358727669978 0.000000000000000000 0.351285812138852460 636675.000000000000000000
-3.869916686399748063 3.968524842662165764 0.000000000000000000 0.287582244512014529 633281.000000000000000000
-1.355709311252830673 3.551312387649395497 0.000000000000000000 0.171806497149714132 637780.000000000000000000
-3.939071102400892421 2.279150991822000538 0.000000000000000000 0.414633214344623191 637639.000000000000000000
-1.242799542329031448 3.535352013476755761 0.000000000000000000 0.191696629196063562 0.000000000000000000
-3.968849563793934720 3.389281565777522598 0.000000000000000000 0.317637370552587395 634656.000000000000000000
-3.381283082774343640 4.766465769827889609 0.000000000000000000 0.253761138916018536 631789.000000000000000000
-0.550753243865504283 4.976976912038455048 0.000000000000000000 0.360678589210072731 636185.000000000000000000
-0.416730840632762611 4.515699166467777026 0.000000000000000000 0.346594540063542678 629723.000000000000000000
-3.118812601824097808 2.032224477871896529 0.000000000000000000 0.364587639946514996 203798.989552820392418653
-0.374806094835924641 5.055193222844730272 0.000000000000000000 0.394645682856958890 0.000000000000000000
-1.786581359627863907 2.927249140420151718 0.000000000000000000 0.191005184729755279 0.000000000000000000
-1.064645799740091991 -5.578293487779035331 0.000000000000000000 0.368348634479969794 0.000000000000000000
-4.113799255526057408 -3.290832927686792697 0.000000000000000000 0.347474906992631782 512752.000000000000000000
-4.293865099882912872 -4.326841340959753701 0.000000000000000000 0.371017795825129837 517797.000000000000000000
-3.445461351458876109 -1.689590836792680406 0.000000000000000000 0.445178027230855866 0.000000000000000000
-2.995954803316721371 -2.429616628640731690 0.000000000000000000 0.291383746355947992 508520.000000000000000000
-3.527271887923306704 -2.800298914999086453 0.000000000000000000 0.297973646117980606 512377.000000000000000000
-1.456771921680811266 -5.943146535940662112 0.000000000000000000 0.392581627527299526 0.000000000000000000
-1.526529936357961859 -5.005554627998090922 0.000000000000000000 0.237651689762595986 301980.964913294301368296
-2.701353857433206329 -2.047927872062833110 0.000000000000000000 0.337394060854101951 0.000000000000000000
-4.559207399371805636 -4.528388880622738810 0.000000000000000000 0.425498763784712186 0.000000000000000000
-2.300681393095308280 -3.447312636694810806 0.000000000000000000 0.079233200953333194 508879.000000000000000000
-3.620167489944100758 -4.195629567476573563 0.000000000000000000 0.248748655915794453 0.000000000000000000
-4.779180758997279455 -3.846560520993249632 0.000000000000000000 0.449339147998161603 0.000000000000000000
-2.485393327443286893 -2.819529293261728853 0.000000000000000000 0.194908758370752944 257726.893487960885977373
-1.831955848678318954 -3.745528823694317389 0.000000000000000000 0.080222901272146888 511978.000000000000000000
3.830890310583350722 -1.263759649799807816 0.000000000000000000 0.255525386956074241 578473.000000000000000000
6.804755011358822436 0.549718355453312157 0.000000000000000000 0.419704273844391906 255190.621866261848481372
3.640052018295306446 -0.526517560561691411 0.000000000000000000 0.181753498256650603 329391.874365009076427668
3.174460771149942850 0.300479901161462892 0.000000000000000000 0.244681519690725630 0.000000000000000000
3.346937477857320875 -0.253787797765973933 0.000000000000000000 0.212875517713379814 572533.000000000000000000
2.870826570781354281 -1.612533754272361675 0.000000000000000000 0.409898040459832191 22450.958929178017569939
4.310700705375949404 0.620125460103901349 0.000000000000000000 0.116013494363933545 373076.580103716871235520
3.233225637887213288 0.622263947499421377 0.000000000000000000 0.253702623643570546 575291.000000000000000000
6.908110999039838163 -0.874034167953478547 0.000000000000000000 0.453917549407050425 572554.000000000000000000
2.628671044918539756 -1.196890115635691476 0.000000000000000000 0.397791591670003719 0.000000000000000000
5.849188430923626392 -0.154516340864232798 0.000000000000000000 0.239512166659070991 572307.000000000000000000
6.632813372565443011 -0.064197142409606098 0.000000000000000000 0.377759489391111702 0.000000000000000000
4.867565744378393511 -0.386250248280736674 0.000000000000000000 0.093137126315936639 0.000000000000000000
5.863108357164895423 0.068833511096276487 0.000000000000000000 0.240727944720199649 181081.334171367780072615
4.548666640386199944 -0.847805699547396596 0.000000000000000000 0.150758704239765312 571693.000000000000000000
9.473519535986829609 6.505604116340213849 0.000000000264097256 0.422944094135548732 631087.000000000000000000
10.109041041476157119 7.323707222381513837 0.000000000352952876 0.253221919347216107 635584.000000000000000000
9.696806020876159948 7.712502255892806247 0.000000000418201319 0.214947057698104432 636830.000000000000000000
8.039318383199262286 10.005083062143485861 0.000000000223591954 0.465973709315675833 0.000000000000000000
10.443962546875876996 9.259943157777803080 0.000000000422447268 0.091630210593080408 638912.000000000000000000
11.408637396106707129 8.418946382988975685 0.000000000212189311 0.198897216969846385 631851.000000000000000000
10.116623608241562593 8.759290979737244243 0.000000000922363521 0.039972665007155052 551860.987382289371453226
8.563628544741144211 9.468538805432119787 0.000000000477973469 0.341114730737533345 158139.827804152475437149
11.756759020951010442 10.013377679658960417 0.000000000694780717 0.335730746066333408 632782.000000000000000000
9.448702960291326391 6.257608649236480858 0.000000000282808264 0.465246246197834834 0.000000000000000000
9.939192206919894801 6.890440512966952369 0.000000000518120329 0.333674301909040072 0.000000000000000000
8.525251880700862372 9.653817910771314459 0.000000000250395979 0.360629309009926846 417414.176623478182591498
8.219313879522660571 7.432818660818462320 0.000000000251659507 0.443223340324351456 634756.000000000000000000
11.908562043903044625 10.305958268225300145 0.000000000185572424 0.390308492691581854 0.000000000000000000
10.988759809456135841 6.368311853630488351 0.000000000044298680 0.432521768804184359 635880.000000000000000000
2.283690549315378071 12.446808705347974566 0.000000000000000000 0.148069061867917712 0.000000000000000000
0.485271349459254597 13.528422604934817741 0.000000000000000000 0.332580667270981623 693685.000000000000000000
2.745661264778202604 12.267984409273424262 0.000000000000000000 0.193991478001294265 693414.000000000000000000
3.600488299957795402 12.989976412027180785 0.000000000000000000 0.231359353104052978 696113.000000000000000000
2.262768645088695241 15.056036953486836794 0.000000000000000000 0.317115368263171604 0.000000000000000000
3.466305872065368554 15.434674725002716755 0.000000000000000000 0.433836049769659449 691493.000000000000000000
2.087038255450626600 13.570521537088502839 0.000000000000000000 0.068416959314550899 0.000000000000000000
2.581402740241769411 13.965731301857546853 0.000000000000000000 0.130351794070969557 0.000000000000000000
3.980367091345967001 14.440024556132835087 0.000000000000000000 0.359036170993059234 117158.688101119434577413
3.292484276016013567 12.217474625307744418 0.000000000000000000 0.254388048254267363 0.000000000000000000
2.556249050867646311 14.519926340381163143 0.000000000000000000 0.224876020311986863 697368.000000000000000000
3.168318484117746081 11.780621289390671436 0.000000000000000000 0.304996452378328176 0.000000000000000000
1.525666764924758168 11.231515903649526678 0.000000000000000000 0.391753028088897282 694263.000000000000000000
2.722434051154640322 12.857047124451504772 0.000000000000000000 0.101823901561443581 697519.000000000000000000
3.258033916750292747 15.424299769916435920 0.000000000000000000 0.416210681505880031 693826.000000000000000000
-5.619448373374257066 13.100455708864878090 0.000000000602089467 0.315111814877483187 0.000000000000000000
-8.480308243272927982 9.894189720655889531 0.000000000268791722 0.448229382526214803 1317159.000000000000000000
-5.089500801983491307 12.793998614597963837 0.000000000440213414 0.349393126665533849 1278333.000000000000000000
-6.447244710347213470 10.825541722857931148 0.000000000069058469 0.166096230122173172 0.000000000000000000
-6.191766109497415016 9.176605867079807410 0.000000000301480821 0.460352421444353677 1310766.000000000000000000
-9.120229504233321904 11.920232562514527785 0.000000000687860850 0.427057343895256014 1249766.000000000000000000
-8.040558265858186004 10.504007804859881503 0.000000000438251911 0.316938436676990121 0.000000000000000000
-8.702626104105123162 10.899535317349801744 0.000000000758841889 0.379778916037516567 929089.490570674184709787
-4.548502948114016675 10.788708119071776181 0.000000000791506502 0.422712060838375703 1327568.000000000000000000
-8.214067039681484772 9.825806324425904847 0.000000000173580408 0.426150304217756515 0.000000000000000000
-6.399734679079304378 10.021442468566331030 0.000000000589190948 0.306298289274681335 1265370.000000000000000000
-4.801702410652967323 10.360296567269410062 0.000000000744160479 0.420005441957583603 0.000000000000000000
-8.284101118821117993 12.637558011612817666 0.000000000782712696 0.320703684006914791 1289933.000000000000000000
-6.608245764248915854 9.145619598250732452 0.000000000648451239 0.455994087040603235 1268995.000000000000000000
-8.583073986233920039 11.112821702718429506 0.000000000035746645 0.346769252205031242 0.000000000000000000
-13.750639594679714861 2.788749610668624701 0.000000000000000000 0.376475306402778320 816257.000000000000000000
-14.131163599955826271 6.712822515317327543 0.000000000000000000 0.433897691093775739 0.000000000000000000
-13.908216698775030196 5.242244287989501927 0.000000000000000000 0.234401987737317907 520634.531273414439056069
-13.060333209776189278 4.344305495626647584 0.000000000000000000 0.084890389906283087 0.000000000000000000
-13.221291503931629663 6.431609066446188017 0.000000000000000000 0.317690089575850931 817557.000000000000000000
-14.432080895801254528 6.132638454521345928 0.000000000000000000 0.396677683408371895 811383.000000000000000000
-12.820767045752990754 2.133346556630509205 0.000000000000000000 0.442872149544319749 815912.000000000000000000
-12.790192389596963807 2.578801214913950979 0.000000000000000000 0.365313311022194831 812805.000000000000000000
-13.504359268795909088 4.935295971614738875 0.000000000000000000 0.147921920691995334 0.000000000000000000
-13.125908384233573756 2.788540728002219637 0.000000000000000000 0.336519895825910687 820216.000000000000000000
-13.113193584956679416 5.484911550700710237 0.000000000000000000 0.157201740971119830 130543.772612339642364532
-11.211626150002306446 3.381711793409586608 0.000000000000000000 0.350377581205769950 0.000000000000000000
-10.431160068091408277 4.775196655178395311 0.000000000000000000 0.407080020870110526 0.000000000000000000
-12.069260952147530475 2.967819628206815441 0.000000000000000000 0.319186691542323486 0.000000000000000000
-11.926095431879820907 5.958439690580199510 0.000000000000000000 0.263347270302459913 0.000000000000000000
-12.827479235362552856 -6.199918566927555830 0.000000000000000000 0.265251788370795161 573552.000000000000000000
-13.625380742956924252 -6.561450861638128629 0.000000000000000000 0.365006173633454667 573453.000000000000000000
-14.377649888707503933 -5.539194206599860060 0.000000000000000000 0.332079816769162373 0.000000000000000000
-13.870170908846903401 -4.028923166416633173 0.000000000000000000 0.235043098722068439 0.000000000000000000
-12.981440249599348391 -3.914219618595935479 0.000000000000000000 0.141199136888392029 571363.000000000000000000
-10.752735025392116341 -4.967155532686939878 0.000000000000000000 0.353030851095507081 576625.000000000000000000
-12.368778748356294983 -5.452631379508455112 0.000000000000000000 0.148005428448689608 570787.000000000000000000
-12.134487705223838461 -6.844587119163404232 0.000000000000000000 0.390877674791576868 0.000000000000000000
-12.628223097855025614 -5.024888485270558647 0.000000000000000000 0.062092680132013127 575314.000000000000000000
-15.151185120133089157 -5.561031357065043146 0.000000000000000000 0.460608798766375505 0.000000000000000000
-11.708394169375795357 -3.685999263075047772 0.000000000000000000 0.248953631758238786 575370.000000000000000000
-15.088030964684797652 -4.181484371860890725 0.000000000000000000 0.431977945751871761 574783.000000000000000000
-13.925039666389837478 -4.390938790804225889 0.000000000000000000 0.221726890645033120 0.000000000000000000
-13.565458570393321480 -5.350960895071822598 0.000000000000000000 0.191591479453452090 572072.000000000000000000
-11.620573473409210763 -3.750106862377043715 0.000000000000000000 0.253180023841919233 329917.161653515766374767
-7.781884906248722977 -14.159598932189901177 0.000000000026049132 0.470326600478836676 0.000000000000000000
-5.776544082215794518 -11.322171191364033049 0.000000000150131633 0.184277961443771537 0.000000000000000000
-8.454069959212398899 -10.376322709369677710 0.000000000395984360 0.387797058061534639 0.000000000000000000
-6.308704548446307570 -12.316465006686422967 0.000000000925479231 0.130039450980584920 0.000000000000000000
-8.644513687087080456 -11.922165558631965254 0.000000000725714931 0.342687927988182484 0.000000000000000000
-7.476204483682187707 -11.302052349089523275 0.000000000579215991 0.151672849212356853 0.000000000000000000
-7.820248734659970502 -13.237411611749637430 0.000000000089494545 0.331192170836915878 0.000000000000000000
-8.059584592760486998 -12.605920195470000422 0.000000000472197592 0.283811129070832446 0.000000000000000000
-5.009456855210242310 -12.349262588471567881 0.000000000922541856 0.326793271414720088 0.000000000000000000
-5.045023302528787390 -12.167372243866299897 0.000000000358045464 0.311080603700743030 0.000000000000000000
-8.857369775309182458 -13.274640196643209933 0.000000000801567656 0.467872616586743006 0.000000000000000000
-5.353412402286078731 -10.938778604904310754 0.000000000544526254 0.281975077898956761 0.000000000000000000
-7.042497694338233138 -11.243470589523251846 0.000000000657074456 0.100621119515471494 0.000000000000000000
-8.513998957640186660 -10.782581810122399801 0.000000000667972991 0.358006140844158216 0.000000000000000000
-8.759608650392991080 -12.012217635305360020 0.000000000347169846 0.365008829158631365 0.000000000000000000
3.025096111658703180 -15.103519164070219105 0.000000000000000000 0.347735631231601006 0.000000000000000000
4.179470637612277883 -11.763320420767183094 0.000000000000000000 0.425008730719979522 376459.782729554572142661
4.577076234739773319 -11.927662526984784463 0.000000000000000000 0.466187244296320524 340916.882522838772274554
2.046209108697991219 -13.911305788158681906 0.000000000000000000 0.124140041077669808 1246382.000000000000000000
4.536250902879832125 -12.456444208111971506 0.000000000000000000 0.418666037194806162 1188480.000000000000000000
1.511599935504457370 -10.921698221708915355 0.000000000000000000 0.444343596699826981 0.000000000000000000
2.160875638298363377 -15.386953620446886859 0.000000000000000000 0.377062539274919672 0.000000000000000000
0.496550141127180211 -13.154954582024476650 0.000000000000000000 0.328251530078253750 0.000000000000000000
2.126242659684181913 -11.116481425018731599 0.000000000000000000 0.386483593803145231 1028860.520697497413493693
-0.022932732787608500 -13.037972035007086902 0.000000000000000000 0.422249563401087769 465133.829942796844989061
4.931258851171895330 -13.272269768974931381 0.000000000000000000 0.462805292059416673 0.000000000000000000
0.733727788450116214 -12.395624427564444048 0.000000000000000000 0.325598736554461754 0.000000000000000000
1.052010172068979843 -11.903495373080657416 0.000000000000000000 0.334770280901405648 0.000000000000000000
1.464346784112444455 -13.811231030716388801 0.000000000000000000 0.181957109654894950 1242653.000000000000000000
2.240860895725584889 -15.282017898536889078 0.000000000000000000 0.357487258304077848 0.000000000000000000
11.655956184600325898 -8.192711795878937053 0.000000000000000000 0.253789855560446864 1390137.000000000000000000
10.409370048954851740 -10.549317276177742286 0.000000000000000000 0.316058032678883660 1369881.000000000000000000
10.045620255614741367 -8.987983190497644159 0.000000000000000000 0.067359924945781177 1162253.939008272951468825
12.460407556920779726 -8.270724158768448575 0.000000000000000000 0.386926491141446727 1386978.000000000000000000
11.973935948068049839 -8.886949246824283222 0.000000000000000000 0.292146243609324840 0.000000000000000000
11.768959110478354191 -10.442411049013943014 0.000000000000000000 0.390726879139761507 275742.070548227929975837
9.312635288147971480 -9.344377642395832240 0.000000000000000000 0.211052920706791852 263917.759206696937326342
11.447428273122282505 -9.479835231278258334 0.000000000000000000 0.235226160495749015 0.000000000000000000
10.735379515133960382 -6.153909825126381961 0.000000000000000000 0.459958180465543709 0.000000000000000000
9.728241168157762075 -7.074739432082096435 0.000000000000000000 0.313300993227065894 0.000000000000000000
7.851165802093674095 -8.564227431926678236 0.000000000000000000 0.444862505641252404 0.000000000000000000
9.647709057072136218 -9.643816729430449541 0.000000000000000000 0.199954158441614210 0.000000000000000000
9.886995458363804445 -11.000816205901958966 0.000000000000000000 0.403472441711712149 849120.479095572023652494
8.104646356131112839 -8.019612496088504017 0.000000000000000000 0.418605759367716157 1338030.000000000000000000
12.729176444098719401 -8.521711672582888752 0.000000000000000000 0.427564474651279725 0.000000000000000000
15.719852381446390410 0.374407314810690173 0.000000000000000000 0.393706687731185945 402711.716371052025351673
13.764437931946183369 0.807996827866944378 0.000000000000000000 0.145517527171888233 457255.000000000000000000
15.073412316618572504 0.929345248843038818 0.000000000000000000 0.316823208114273669 0.000000000000000000
15.515828850279822504 -1.017230012420431651 0.000000000000000000 0.393337610306844276 0.000000000000000000
14.450050796658805652 1.551086829473602213 0.000000000000000000 0.313412051420856819 455502.000000000000000000
14.265741821006502121 -2.162488773021684185 0.000000000000000000 0.395835862906475822 325537.666313438792712986
12.201493411412078771 0.206298466380410689 0.000000000000000000 0.241464126891906411 450261.000000000000000000
12.987760199010368822 2.227817242487312832 0.000000000000000000 0.398890557684516145 448107.000000000000000000
15.162746472317676805 -2.125891917480832838 0.000000000000000000 0.467237593626952830 456529.000000000000000000
14.447097079154501031 -1.972633031279750648 0.000000000000000000 0.377477217558845668 0.000000000000000000
12.910414167778077044 2.078628758333223470 0.000000000000000000 0.377794568691777632 453666.000000000000000000
13.550425373412622321 -1.745874542049972611 0.000000000000000000 0.302557128675182418 451758.000000000000000000
12.490507103917389387 -1.961552169188594652 0.000000000000000000 0.388728926930678564 166003.107667838310590014
11.897868868375779172 0.765094858910911779 0.000000000000000000 0.321695584465635398 0.000000000000000000
15.576933468250725667 1.785288775348315982 0.000000000000000000 0.475963004145533664 0.000000000000000000
