-4.517667874577950826 2.513716919315954978 0.000000000000000000 0.471267251289972489 0.000000000000000000
-4.574172622859099313 3.427419974975797423 0.000000000000000000 0.420870708396389404 635403.000000000000000000
-0.502892521556457361 4.974415450340856637 0.000000000000000000 0.367663470410828919 0.000000000000000000
-3.488847528449371183 5.883742946648985672 0.000000000000000000 0.417138822231852058 31387.272679583144054050
-4.377178383682615248 3.721886553151726229 0.000000000000000000 0.378825038551390159 94837.275739300021086819
-1.760133125503483997 2.288855511821147548 0.000000000000000000 0.298712049565856286 0.000000000000000000
-2.850432008239485171 3.900842974997990265 0.000000000000000000 0.105567632560131019 0.000000000000000000
-0.771279122118381344 3.091666563992732097 0.000000000000000000 0.300775621657442038 0.000000000000000000
-3.526859498378513535 5.713815606606114983 0.000000000000000000 0.395565675556389384 0.000000000000000000
-3.449547293335979870 4.023854673911898772 0.000000000000000000 0.213656639946201626 0.000000000000000000
-0.810798234967043285 2.230515816764949477 0.000000000000000000 0.392376595754920621 0.000000000000000000
-1.888558153235702530 1.500110550696454270 0.000000000000000000 0.430733328420322137 634264.000000000000000000
-1.151547311472450374 4.865325552051846358 0.000000000000000000 0.262827720839063972 637295.000000000000000000
-4.408549901983223940 4.647693026964462959 0.000000000000000000 0.406231801720565500 632238.000000000000000000
-0.501107309732107820 3.235906471192693257 0.000000000000000000 0.334144826793456251 631302.000000000000000000
-3.000809794371939176 -2.178599266284793501 0.000000000000000000 0.332217423052042937 515009.000000000000000000
-0.279563796523745411 -5.241864332254626113 0.000000000000000000 0.427008935999031669 0.000000000000000000
-2.119397386529093374 -1.920128035177414372 0.000000000000000000 0.351718114169657592 517329.000000000000000000
-1.819524436132120560 -2.697141917618060880 0.000000000000000000 0.226424080700649427 517880.000000000000000000
-3.754706956502105175 -5.632636093739052718 0.000000000000000000 0.409009949294112163 0.000000000000000000
-3.692777053979721114 -4.058012972743460622 0.000000000000000000 0.257414360095691741 172368.994372660556109622
-3.956750145958380926 -2.549961425613124444 0.000000000000000000 0.385372862438301156 0.000000000000000000
-0.496784797027530589 -4.677878608800598137 0.000000000000000000 0.343862696061905282 517797.000000000000000000
-0.805722375272004965 -5.222672229162408364 0.000000000000000000 0.351227951032998198 0.000000000000000000
-1.345840071374057922 -3.404898252850556695 0.000000000000000000 0.184161591703419308 508949.000000000000000000
-3.626740955715771264 -3.897726008778321649 0.000000000000000000 0.243910569740071054 0.000000000000000000
-0.292918375053965618 -5.271939152438203102 0.000000000000000000 0.428103776250821466 78139.903855651908088475
-2.486574744469175702 -2.085048716233292687 0.000000000000000000 0.324004649290138558 516721.000000000000000000
-0.793446425680032763 -4.787970273961037471 0.000000000000000000 0.306156061427074966 0.000000000000000000
-4.279799344621134871 -2.207522457956176964 0.000000000000000000 0.468419101306952856 509592.000000000000000000
3.115232800384168943 -0.806995765441334334 0.000000000000000000 0.287678203817590128 577438.000000000000000000
6.971039416407601053 0.976474693487653811 0.000000000000000000 0.470839642400213199 0.000000000000000000
3.703816309021183528 1.036450498304870127 0.000000000000000000 0.234110612434961257 569271.000000000000000000
6.834277566700069251 -0.133728482530558634 0.000000000000000000 0.414167437502296287 577521.000000000000000000
5.306587939572129820 -1.609479883185740201 0.000000000000000000 0.318784182054809517 129736.519903035674360581
2.331274044719748861 -0.463588508449470138 0.000000000000000000 0.397679764636392374 571800.000000000000000000
2.969059033294505934 -1.373714964928678839 0.000000000000000000 0.368117695211168439 573099.000000000000000000
5.492397232795783957 0.239810300552543071 0.000000000000000000 0.179471590365079703 570507.000000000000000000
6.240393046898592644 -0.905573617697457589 0.000000000000000000 0.347084313091938823 0.000000000000000000
4.649052457879990108 0.879092173089580209 0.000000000000000000 0.158020063018205842 0.000000000000000000
2.399607456147562434 0.974057425506304697 0.000000000000000000 0.414778029259396885 249274.199371712718857452
4.749954188408518796 -1.952021021584968707 0.000000000000000000 0.349294845485973171 58048.522861924582684878
5.761174468492349376 2.354925801066237501 0.000000000000000000 0.473392574101068220 572729.000000000000000000
6.134662212709676155 1.540014742280446658 0.000000000000000000 0.397596752200095604 0.000000000000000000
2.133332061945432567 -0.950698922394181078 0.000000000000000000 0.456767325610918706 0.000000000000000000
10.338594501893753730 10.348904354787480386 0.000000000191273026 0.280717435759976208 146730.053832192148547620
10.355506417770868666 6.386031411402813163 0.000000000803453567 0.414140428755236434 0.000000000000000000
10.635703460695246747 7.786603612897886606 0.000000000926203342 0.176519615927988871 638154.000000000000000000
11.583305608793812880 8.751676466949135147 0.000000000319637529 0.221509958731924306 0.000000000000000000
8.097456471828911262 9.407922720376253878 0.000000000150513284 0.416310212241312594 636860.000000000000000000
9.411517988298783166 9.073764991243979949 0.000000000593115336 0.175206767164457294 630175.000000000000000000
10.017508057948587563 9.283286176997108896 0.000000000078757653 0.110165835631549247 0.000000000000000000
8.731552894646547713 10.129783830975782166 0.000000000846360831 0.375809865657362963 634768.000000000000000000
9.106998775776535382 9.568147896510057038 0.000000000555668762 0.262880996897310981 634860.000000000000000000
12.160578946082774010 10.712491811744358827 0.000000000509305724 0.472379401620365513 525398.358426617691293359
10.961112701396467983 9.204843355622184475 0.000000000111925933 0.136523127408379491 634686.000000000000000000
10.873719294211284137 8.097323792768632345 0.000000000426469888 0.148410167758475847 629592.000000000000000000
9.745545316112661283 10.655940262242300065 0.000000000755013521 0.351250645658683469 636716.000000000000000000
12.531848008377785675 9.245733841642623574 0.000000000320590175 0.400128665937989181 635716.000000000000000000
12.472218075838561901 8.737390138180044730 0.000000000060790611 0.379945714391710321 0.000000000000000000
-0.014285456149324348 14.476823359334824559 0.000000000000000000 0.470001581966204673 696140.000000000000000000
0.181531242685739114 14.617731526908819717 0.000000000000000000 0.451966067185645026 0.000000000000000000
3.373901566697471655 14.989038492794882984 0.000000000000000000 0.356679191237270488 0.000000000000000000
1.219207553860925497 14.994451239729425396 0.000000000000000000 0.364857676702318279 0.000000000000000000
2.917352123712089629 14.675329831626951815 0.000000000000000000 0.269814116603463217 0.000000000000000000
3.147594533474094458 15.795386726844336422 0.000000000000000000 0.471181669511541112 258120.906421667052200064
0.630248026322650201 13.967325551010832285 0.000000000000000000 0.327681426827780731 697619.000000000000000000
1.251944220371891570 10.999832871568971271 0.000000000000000000 0.449101688990506787 0.000000000000000000
2.151696364904251535 12.210278468252793616 0.000000000000000000 0.192692672757066918 0.000000000000000000
0.877946610115543424 13.013968479710435133 0.000000000000000000 0.263752969426380990 691543.000000000000000000
3.570140341647988436 15.059093353864589915 0.000000000000000000 0.386182860225200431 696225.000000000000000000
2.424050099904860645 11.553669735100619675 0.000000000000000000 0.307237339840956136 698099.000000000000000000
1.679536501506146751 14.565133498534999390 0.000000000000000000 0.257455591093212033 274640.188607313844840974
4.676631727381278303 13.635213686291470125 0.000000000000000000 0.422275913737676867 691029.000000000000000000
4.731665219489698870 13.188362391535061846 0.000000000000000000 0.427529633967372646 691207.000000000000000000
-6.978854810245449514 13.213315573346619658 0.000000000676048859 0.268117372698018053 0.000000000000000000
-6.087502958834547506 12.884757071722772181 0.000000000785314407 0.236368812240576182 1318893.000000000000000000
-6.354961570392765324 10.647587405174903097 0.000000000730694725 0.201231010969636304 0.000000000000000000
-9.176885769019129668 11.607593769880439893 0.000000000901334330 0.436108982253007371 1339739.000000000000000000
-7.226941131742402824 12.581790923093066681 0.000000000432925603 0.176318823140779291 1256465.000000000000000000
-5.491605822052178176 10.535763359016270257 0.000000000608170096 0.304704737382958224 1290375.000000000000000000
-9.155497731067404388 12.674863866408887958 0.000000000711280377 0.463658800685247785 870902.267662312951870263
-4.718662133844383710 10.809441172508510220 0.000000000176636662 0.393441549167683813 1343198.000000000000000000
-5.635320297134562395 9.819275047527307620 0.000000000427703543 0.389212107386795070 1251455.000000000000000000
-6.299640591875083295 13.051428076771909303 0.000000000889224236 0.248295024102501816 1276901.000000000000000000
-8.505015434514170636 10.086261601886642225 0.000000000300801238 0.427729483301427404 0.000000000000000000
-5.087499740428301997 13.174491900125030241 0.000000000607825545 0.390571511399085136 1302713.000000000000000000
-4.599130985745556899 12.481559669220963826 0.000000000788234704 0.403549896712151968 0.000000000000000000
-4.775298307466215419 13.359103782979218522 0.000000000730478393 0.454159746397760689 0.000000000000000000
-7.815573393852059070 12.905641585573476959 0.000000000614106664 0.285150645054074059 351410.517454015731345862
-13.577254470737438297 3.079952636654537113 0.000000000000000000 0.317382508575266231 814858.000000000000000000
-12.825799153183330858 5.003836241088348125 0.000000000000000000 0.060001764541318343 814816.000000000000000000
-10.518780006086178247 4.694528588104147637 0.000000000000000000 0.391126009199697811 0.000000000000000000
-13.513392041706882907 6.591854118184138578 0.000000000000000000 0.361473710440077922 0.000000000000000000
-12.757363955032266389 5.033938717998707624 0.000000000000000000 0.062281865131663380 0.000000000000000000
-11.037415916971422547 5.972992348740105761 0.000000000000000000 0.374403723842477998 0.000000000000000000
-15.106755085507984404 5.477164097572730483 0.000000000000000000 0.448471841546011440 40456.881059459308744408
-10.102372255422578107 4.315899902481249661 0.000000000000000000 0.469614000535033327 0.000000000000000000
-13.920595961521058825 4.042984784519544128 0.000000000000000000 0.241841564056453517 813413.000000000000000000
-12.191369515917513056 5.701036730258887353 0.000000000000000000 0.200796200529993585 815570.000000000000000000
-12.339188940661109939 4.837940424223623914 0.000000000000000000 0.072187109973126981 815429.000000000000000000
-13.571108496330943183 7.211675687244581745 0.000000000000000000 0.465502573236822426 314031.907994769571814686
-13.651896909235196276 5.106611719824317497 0.000000000000000000 0.183094323117000718 561857.854005765984766185
-12.475889385121625708 2.143071312905460601 0.000000000000000000 0.443083874960643831 0.000000000000000000
-12.045639568423002430 2.487688702145516295 0.000000000000000000 0.399558379753960691 0.000000000000000000
-14.806825508951407144 -3.689334342490586227 0.000000000000000000 0.410627721013017921 298694.514832439715974033
-11.565656358426300798 -5.679618836543252947 0.000000000000000000 0.268812261533930119 571523.000000000000000000
-11.622084261314142850 -2.882684583853575511 0.000000000000000000 0.368422735796080036 570429.000000000000000000
-12.569830920547763853 -3.099774149581662641 0.000000000000000000 0.275794666415558443 0.000000000000000000
-11.020782905604535884 -3.761276902346605056 0.000000000000000000 0.341458298466192911 0.000000000000000000
-11.468078793083831712 -2.605643284497546119 0.000000000000000000 0.423993305308891288 574690.000000000000000000
-14.137705103507025584 -5.311278233359676193 0.000000000000000000 0.276622077343383288 0.000000000000000000
-12.723952173616709160 -4.771359582028616764 0.000000000000000000 0.016241186326911572 0.000000000000000000
-13.303390778529557537 -5.298399659542134543 0.000000000000000000 0.150531522600925727 568917.000000000000000000
-11.842814704831972961 -5.170577380641239174 0.000000000000000000 0.177222159994334605 0.000000000000000000
-13.508127943273411375 -4.405559864951945848 0.000000000000000000 0.149440805988104747 570326.000000000000000000
-14.076804569522815669 -6.713497159863567099 0.000000000000000000 0.428456153139114004 576687.000000000000000000
-12.268636544857450588 -6.062324656743260043 0.000000000000000000 0.253506397926356541 575420.000000000000000000
-12.779301889251005520 -4.887586188275932386 0.000000000000000000 0.038200451153703380 0.000000000000000000
-14.183402730459887309 -4.089731059017995385 0.000000000000000000 0.281272497484464090 573387.000000000000000000
-4.884287194982626978 -11.613229201429257742 0.000000000502653403 0.329911973774018152 0.000000000000000000
-7.350217325677070868 -10.004771870592747973 0.000000000326875409 0.322534774919079614 0.000000000000000000
-6.183966745808314514 -14.248645710331580005 0.000000000822787721 0.458568898962803617 0.000000000000000000
-6.264097031028376783 -9.761174204145248723 0.000000000862730253 0.356535468354618912 0.000000000000000000
-7.796895178399545046 -14.006331055835705257 0.000000000720533469 0.446723700355885489 0.000000000000000000
-4.802421818883512827 -12.985712143474003710 0.000000000713982708 0.410834086609040583 0.000000000000000000
-5.767828867124695336 -13.963800997089109046 0.000000000298476752 0.433309144918024747 0.000000000000000000
-9.245187108700065437 -11.123028953788033135 0.000000000034990589 0.460006841102503228 0.000000000000000000
-7.815562456016348136 -11.494981538367953888 0.000000000882803461 0.197067120048708161 0.000000000000000000
-9.130232772691581289 -10.618437442120118419 0.000000000545211892 0.469398313423530888 0.000000000000000000
-5.004839881202472363 -12.132693426027540085 0.000000000398844634 0.316527518682847897 0.000000000000000000
-7.734427640982402430 -9.436533915542156592 0.000000000454732849 0.441233520767728704 0.000000000000000000
-5.406233230230824027 -11.713069721322430183 0.000000000433465226 0.236366467705448335 0.000000000000000000
-6.925148094271212251 -11.472268335725633648 0.000000000243225601 0.055509724524429184 0.000000000000000000
-5.246483177055462299 -11.517812982846562520 0.000000000729268098 0.267216243330162084 0.000000000000000000
3.671274334849148779 -13.637836362798191558 0.000000000000000000 0.246791211055224474 915750.786642434657551348
4.516710385776012693 -13.575737908115279140 0.000000000000000000 0.392557975372924195 0.000000000000000000
3.526151401467033875 -11.405756167587325578 0.000000000000000000 0.394968846497515347 0.000000000000000000
3.703493969374490824 -11.315827777412382105 0.000000000000000000 0.425811862093241844 1199515.000000000000000000
0.797863854093536440 -12.195655447583927611 0.000000000000000000 0.334776395496055590 1204432.000000000000000000
4.176391465924792712 -12.896360104486051412 0.000000000000000000 0.335195569749338951 0.000000000000000000
3.438641568685679051 -11.493841774003053402 0.000000000000000000 0.373408181002287898 1274887.000000000000000000
2.844452212401797908 -12.017216598982193076 0.000000000000000000 0.241974041672062434 0.000000000000000000
2.773498421754599708 -15.176806058344325834 0.000000000000000000 0.347232804538656403 0.000000000000000000
0.178608316627608676 -13.228159145522681683 0.000000000000000000 0.384287366596746949 0.000000000000000000
2.698243296019269266 -15.009173381882414233 0.000000000000000000 0.315208069035490202 1216065.000000000000000000
1.014556419031494849 -13.950208105037393835 0.000000000000000000 0.264050711003662175 1269488.000000000000000000
3.585689086179276508 -12.518412768475824848 0.000000000000000000 0.260680301881602960 0.000000000000000000
1.806694958475520751 -13.246653851441694272 0.000000000000000000 0.094195917659539621 466161.067541877448093146
3.145123775492957741 -15.644692019071019473 0.000000000000000000 0.445596559105638002 1220646.000000000000000000
8.265624107515675334 -8.090338731640459358 0.000000000000000000 0.387493443953787098 1372357.000000000000000000
11.257203953279717012 -10.912062018039382139 0.000000000000000000 0.412601833668557461 1315628.000000000000000000
12.809573675074942045 -8.715890406095102350 0.000000000000000000 0.440098396089388666 0.000000000000000000
12.814769522686846770 -8.907579044634793775 0.000000000000000000 0.441867869589909923 1357232.000000000000000000
10.556864007327215305 -6.638524056446743593 0.000000000000000000 0.371752675662523124 1356204.000000000000000000
11.231620808443162574 -10.922475680380598462 0.000000000000000000 0.412514707560642846 0.000000000000000000
9.574967563191055575 -7.865087997498591221 0.000000000000000000 0.206515418422696967 0.000000000000000000
8.227965688029444280 -7.229958911000430533 0.000000000000000000 0.461582057635203213 899394.847639430314302444
11.092917397490241527 -8.816803019916310546 0.000000000000000000 0.134640468436143856 1355292.000000000000000000
10.132818947602462600 -6.173725794565953606 0.000000000000000000 0.453022832965369882 0.000000000000000000
10.522460670674663064 -6.532765183803151743 0.000000000000000000 0.389655721036883396 1334716.000000000000000000
9.003666361817540320 -7.632973420207029847 0.000000000000000000 0.308485809733530902 907314.596132751787081361
9.759597140839012752 -9.897301878861112456 0.000000000000000000 0.226744642634185867 1321583.000000000000000000
11.811630145607054487 -6.537097509911935056 0.000000000000000000 0.467202086504167891 0.000000000000000000
9.375141594395554279 -11.085914410336126679 0.000000000000000000 0.445134162958317481 1405802.000000000000000000
13.531706552280851952 -1.229507502669514807 0.000000000000000000 0.213088405260644570 448608.000000000000000000
13.313850487228874542 0.789467975179659387 0.000000000000000000 0.142751320928067055 98528.433933147200150415
11.620828567941433818 0.155791205217681833 0.000000000000000000 0.343352988756741029 279846.483260427485220134
12.938601975915531739 1.057165076635347978 0.000000000000000000 0.212563646645705318 44952.822305157453229185
15.223183869833418314 -0.584690691927193584 0.000000000000000000 0.316387136405509140 454248.000000000000000000
12.671201573578724009 -2.568792963504387572 0.000000000000000000 0.472116197950458116 450634.000000000000000000
13.101102345903061774 2.076789991928950307 0.000000000000000000 0.368662967046119228 452422.000000000000000000
14.883511270308865448 -2.250249067802103209 0.000000000000000000 0.456543559948853817 456031.000000000000000000
14.290788150496629427 0.519037826463387253 0.000000000000000000 0.161016485322688502 449390.000000000000000000
13.762442488733627854 -0.331260885883433887 0.000000000000000000 0.069641341622011216 454704.000000000000000000
14.264127681138134562 -0.560311410804149035 0.000000000000000000 0.161286684765364258 0.000000000000000000
12.234380428939271468 -0.567718408179046841 0.000000000000000000 0.252953144873530544 454570.000000000000000000
14.310948879089869124 -0.901369838480896801 0.000000000000000000 0.207739736887757598 449214.298860686132684350
13.093087016179119075 -1.286635640385324963 0.000000000000000000 0.237040307232837505 457642.000000000000000000
14.297494201868991226 2.317254516224590333 0.000000000000000000 0.422977937067898047 452588.000000000000000000
