-0.888890984648364579 3.855048128370814009 0.000000000000000000 0.244128627550521116 58509.941255574791284744
-3.030138677680915382 4.455543543694785669 0.000000000000000000 0.170467810793747204 632645.000000000000000000
-0.540091464340278105 4.564423254707033806 0.000000000000000000 0.328924704639460386 635230.000000000000000000
-0.956890878664755529 1.848484466701874274 0.000000000000000000 0.431356161877440081 0.000000000000000000
-4.368286296179818784 2.350126271831299629 0.000000000000000000 0.465267954343246526 367513.664657923451159149
-4.372037736792708351 4.407670185161434162 0.000000000000000000 0.387809087514022488 635478.000000000000000000
-4.273374965313087692 3.035595495530529320 0.000000000000000000 0.389998867853734055 562281.792107420973479748
-2.864574099884731329 6.409698616436132923 0.000000000000000000 0.461389624803214105 630199.000000000000000000
-2.868577730181262719 1.955052043201658041 0.000000000000000000 0.361295987122336293 633926.000000000000000000
-0.088893817859184002 4.985426923126787813 0.000000000000000000 0.433058103507773795 0.000000000000000000
-4.125576283607413686 3.341505944260511285 0.000000000000000000 0.346827818523691322 638380.000000000000000000
-1.621807734534406187 4.310973087814553573 0.000000000000000000 0.135954330802099954 629570.000000000000000000
-1.426067024568206110 5.880969878742292600 0.000000000000000000 0.384368734779059418 0.000000000000000000
-4.224005379894168577 2.572860359747517922 0.000000000000000000 0.421508596652324707 0.000000000000000000
-2.258422636790442084 4.857962320427488656 0.000000000000000000 0.172351175503648008 635670.000000000000000000
-2.724504727846511987 -2.316496567320174726 0.000000000000000000 0.292266213678461950 0.000000000000000000
-3.302754944338100351 -6.064905431804472613 0.000000000000000000 0.429538778034555369 518283.000000000000000000
-2.919802356800366816 -2.782451347773996275 0.000000000000000000 0.229784478659460001 0.000000000000000000
-1.601358537374328872 -4.846211967943411025 0.000000000000000000 0.206651158733827472 474078.793122685165144503
-2.234094174361963336 -2.830819385493692941 0.000000000000000000 0.188712267716071386 0.000000000000000000
-3.667597306116765932 -5.153195192182653095 0.000000000000000000 0.337079054799555522 0.000000000000000000
-3.924850061624322262 -3.413677229615337261 0.000000000000000000 0.308900043520662304 118589.592083236115286127
-4.874108139441714727 -3.507271602113651188 0.000000000000000000 0.471133126440273609 0.000000000000000000
-0.637429059104881457 -2.081244310084772842 0.000000000000000000 0.432766393991472376 54795.377701048564631492
-0.839028245306376319 -4.311638351598991115 0.000000000000000000 0.263843023821107969 514888.000000000000000000
-2.470481486657761572 -5.644250223160470092 0.000000000000000000 0.314629380567535588 0.000000000000000000
-3.762290610601036978 -2.961829916152130426 0.000000000000000000 0.314887775761241384 516018.000000000000000000
-3.928591143659868390 -3.252033207526984881 0.000000000000000000 0.318623789500965426 0.000000000000000000
-1.578971641825543726 -6.193868311565464246 0.000000000000000000 0.427800284485667426 513673.000000000000000000
-2.924187674431239170 -4.842349946687198425 0.000000000000000000 0.206948839030082293 0.000000000000000000
2.604535988312589367 -1.169096993763133918 0.000000000000000000 0.398833317664394893 569691.000000000000000000
5.815254696645672183 2.249749779774977920 0.000000000000000000 0.461744245011053822 0.000000000000000000
5.566201063920469316 -1.185120509427090241 0.000000000000000000 0.281822800209766466 575792.000000000000000000
5.613300633444274546 -0.007533231949788355 0.000000000000000000 0.195900642063535801 0.000000000000000000
3.818818771698185621 -0.143175090361953916 0.000000000000000000 0.126523148416036096 0.000000000000000000
2.987275794180969335 -1.371895621070829741 0.000000000000000000 0.365478208500574386 572937.000000000000000000
3.513826804196710007 -0.550748929128495379 0.000000000000000000 0.203412055453142754 571590.000000000000000000
5.252230030523068471 -1.563008202182029960 0.000000000000000000 0.307146960657846135 0.000000000000000000
4.498430544558155830 -0.431307746902585332 0.000000000000000000 0.076687175323727957 0.000000000000000000
6.561206799606044804 0.342429289088200028 0.000000000000000000 0.369848641493817909 573113.000000000000000000
4.679979776187694895 -2.449199559913219026 0.000000000000000000 0.436086030058242591 577605.000000000000000000
3.972991109549489419 2.331009943090118774 0.000000000000000000 0.425364406203610157 575518.000000000000000000
3.878673898866832559 0.253899034219354280 0.000000000000000000 0.121929074367659290 569765.000000000000000000
2.628621536941079917 -0.350987448864501839 0.000000000000000000 0.341799260663810833 573295.000000000000000000
6.156619945867922716 1.115500642773484374 0.000000000000000000 0.353363928201208433 0.000000000000000000
8.987708276322013745 7.186052390165801995 0.000000000757105616 0.365319711284844306 0.000000000000000000
9.919760134770712057 7.534040579661840376 0.000000000065607271 0.225826693608779133 637102.000000000000000000
12.034917464610847659 7.567543372141979141 0.000000000600878483 0.365788247782655673 638929.000000000000000000
12.723622356933802280 9.074987707614122101 0.000000000576328755 0.428565984998508509 0.000000000000000000
10.169097098709228177 6.429522930386043278 0.000000000096038825 0.407774032179132218 633290.000000000000000000
9.462654192166128908 8.810154529547482127 0.000000000785939793 0.156870153556102787 0.000000000000000000
11.204365244760730036 6.698856697343648747 0.000000000897176180 0.390426183335012722 0.000000000000000000
12.882018649827617907 7.991436120358404338 0.000000000198761364 0.471830227714900408 631381.000000000000000000
9.432785001702351124 10.517538410716360531 0.000000000918813191 0.350318002866641054 0.000000000000000000
9.094719259218836171 7.209188942602451355 0.000000000741481807 0.349840224645583509 634308.000000000000000000
11.542083242894841888 9.763835793625522896 0.000000000376733724 0.278329842809122541 632253.000000000000000000
9.442181883329684666 10.998090030325965216 0.000000000232343798 0.426289660495759115 635597.000000000000000000
10.123597642161973553 9.739014727146182437 0.000000000909000822 0.178088709823794822 0.000000000000000000
10.187367148943724970 7.253410812098501026 0.000000000410327444 0.263552692685521672 481924.796973889518994838
10.371285474105256696 10.346689350864911816 0.000000000900510686 0.280367655776018632 635271.000000000000000000
0.346838796418147022 14.247214074718280941 0.000000000000000000 0.394154760827780781 695329.000000000000000000
2.822787108371596076 12.412026744653278598 0.000000000000000000 0.176863587315347792 0.000000000000000000
4.931601823162267806 13.114143678002546878 0.000000000000000000 0.463767624901916753 690898.000000000000000000
1.695796114365172746 14.359479714135130024 0.000000000000000000 0.223932027688017288 0.000000000000000000
3.876765920095838425 12.206482881574158839 0.000000000000000000 0.334422403162360993 0.000000000000000000
-0.203546790391092303 12.737852656548126262 0.000000000000000000 0.462359245168158906 689847.000000000000000000
2.013183713701260480 12.684496671837553805 0.000000000000000000 0.120006259885584485 0.000000000000000000
3.823149892092628566 11.554910081152177881 0.000000000000000000 0.405318759573788712 690650.000000000000000000
3.956114810164721440 13.624582824769936096 0.000000000000000000 0.295592283628478392 331774.355590071354527026
3.131179903006376275 12.301156978312354440 0.000000000000000000 0.224345042342364298 689951.000000000000000000
0.400917930178109450 12.504033152972784393 0.000000000000000000 0.371053315535347150 0.000000000000000000
2.009421659886807543 14.745825350490752825 0.000000000000000000 0.267974542401292926 0.000000000000000000
0.921798742449109199 14.841113137300453673 0.000000000000000000 0.375550926417664688 0.000000000000000000
2.375855764006971071 11.161736575228879076 0.000000000000000000 0.376682449226612315 699384.000000000000000000
2.122339721619566077 12.867474963425481249 0.000000000000000000 0.082096851851349115 698739.000000000000000000
-4.917965479861720723 12.027349662643864292 0.000000000872135710 0.327979495496791174 0.000000000000000000
-8.957754359112097831 10.532705648804757459 0.000000000146967730 0.448481024537956685 1346792.000000000000000000
-7.239390613628975402 13.148192970983068051 0.000000000864510411 0.268559403433292876 1278684.000000000000000000
-8.397540752988460255 10.849025147758929677 0.000000000664232977 0.334188894531662561 0.000000000000000000
-7.044030607180451042 12.194784816683281292 0.000000000170361901 0.100916370591393065 1250836.000000000000000000
-5.262010216177381849 10.509191241870336597 0.000000000495575336 0.338571122030711880 0.000000000000000000
-6.200308522761483587 12.025256987098114081 0.000000000047824737 0.109283917310961307 1337580.000000000000000000
-4.312995705097080190 12.567303112753020145 0.000000000561417899 0.456700554346508192 1310439.000000000000000000
-6.668210236751614062 10.983542622858019300 0.000000000791453445 0.130627729165871620 1287001.000000000000000000
-5.899414225047102889 10.321662699488550530 0.000000000850707562 0.288586043484141519 1269616.000000000000000000
-8.751044113749410158 10.521138057910267349 0.000000000321214164 0.417320232343944497 0.000000000000000000
-7.733049676891813107 13.111915560913969259 0.000000000659788052 0.304128971139155990 1289606.000000000000000000
-8.669530601910480527 10.766367974996294166 0.000000000650405154 0.384035387034616704 0.000000000000000000
-5.944632187531889933 13.180951725879708647 0.000000000061858524 0.294636480448143445 1274230.000000000000000000
-5.396202227027921516 13.515331087671972554 0.000000000818532023 0.397614004581518299 0.000000000000000000
-14.435571684435917206 5.703928014995170770 0.000000000000000000 0.354724948787194849 398865.822192642837762833
-11.125619976651384135 3.330364491646645053 0.000000000000000000 0.367899184434250959 238159.842256547999568284
-11.367820063319477697 3.355319938858834394 0.000000000000000000 0.332733658275226218 0.000000000000000000
-12.668360747667131605 5.836167613582577296 0.000000000000000000 0.201455023752823509 0.000000000000000000
-12.348041854490409364 3.164181158824576734 0.000000000000000000 0.271435664590721493 812259.000000000000000000
-14.153516946184492298 2.777524019454321369 0.000000000000000000 0.417786827273349815 0.000000000000000000
-14.025861143720696589 3.266254474193523993 0.000000000000000000 0.338743518545783606 819000.000000000000000000
-11.636083535705704861 4.901696785294871184 0.000000000000000000 0.195875626252306062 814517.000000000000000000
-13.618976915338667055 4.551922152073912820 0.000000000000000000 0.162972426919963387 0.000000000000000000
-14.634685420989519855 3.825020418149695178 0.000000000000000000 0.373067476231099815 811876.000000000000000000
-10.967985584600095095 5.264363203275365777 0.000000000000000000 0.327410632151304226 811802.000000000000000000
-13.550553480352386160 6.233849479284077510 0.000000000000000000 0.308493286626130570 298617.260548288235440850
-11.966220248317760877 2.351105267767545914 0.000000000000000000 0.426574703375264319 820395.000000000000000000
-11.777051226137544404 4.713963625201657237 0.000000000000000000 0.166967196794191197 15987.397125249819509918
-12.332210155766645698 3.490161009119043367 0.000000000000000000 0.217666960991661440 0.000000000000000000
-12.096633599485096866 -7.119786155045620291 0.000000000000000000 0.438927196099751726 0.000000000000000000
-12.722570083405042141 -4.969215469585518186 0.000000000000000000 0.050557902732653981 478370.949795130931306630
-10.966468089148840193 -5.836046697778274783 0.000000000000000000 0.371063140928413304 0.000000000000000000
-12.703677088912652238 -5.168262065129015426 0.000000000000000000 0.085160451640492546 569603.000000000000000000
-10.866936351214976142 -6.287639173078274801 0.000000000000000000 0.432531730515554769 0.000000000000000000
-11.862023932536381210 -5.192926142820377677 0.000000000000000000 0.176178084327172163 577252.000000000000000000
-14.225561995814340222 -2.551107770115929707 0.000000000000000000 0.456805237974296563 575625.000000000000000000
-11.306655613234163127 -2.411913920929809940 0.000000000000000000 0.467960180252821156 0.000000000000000000
-12.849301746188444895 -3.213233585745642884 0.000000000000000000 0.255892336138979493 0.000000000000000000
-14.087884181778422388 -2.398854492021292195 0.000000000000000000 0.465071427333422660 573330.000000000000000000
-12.205782738921206132 -3.918813547165364231 0.000000000000000000 0.160211637365904297 0.000000000000000000
-10.306935249778526043 -4.811743232096955758 0.000000000000000000 0.429497494130862245 0.000000000000000000
-12.558569433463560472 -6.791926777840749274 0.000000000000000000 0.368594729366790885 572755.826975309173576534
-10.568537489843173205 -6.166692933222787332 0.000000000000000000 0.462143256420194382 148210.101682383596198633
-10.802189572413210428 -3.650337061271696548 0.000000000000000000 0.384973783615446652 0.000000000000000000
-8.187250216261702462 -9.865032539715624438 0.000000000106096594 0.417758314201160774 0.000000000000000000
-5.092858583763276492 -12.816068496564897217 0.000000000486113393 0.351044283583392347 0.000000000000000000
-9.346320923714168671 -12.117258700135128180 0.000000000146312974 0.471139374913176923 0.000000000000000000
-5.305381028295999002 -13.703636062392282824 0.000000000385588127 0.434105550858335965 0.000000000000000000
-8.305324118950533574 -11.179790791736747835 0.000000000287019962 0.296073431887866556 0.000000000000000000
-8.893985673921525503 -11.249306566163204124 0.000000000232009197 0.394065528947092347 0.000000000000000000
-8.824281006222669532 -11.247088317240931943 0.000000000019775757 0.382017212380067028 0.000000000000000000
-8.563724065783103967 -11.566557453139662215 0.000000000530515192 0.327503088146664512 0.000000000000000000
-8.097553744314241797 -10.539243234331529209 0.000000000138730948 0.320388852298350679 0.000000000000000000
-6.780192290589553750 -12.296841464410102063 0.000000000828200204 0.102695855963854193 0.000000000000000000
-6.028010472097816930 -13.051172377721734108 0.000000000572059526 0.267338125274650784 0.000000000000000000
-7.348991129216932983 -13.023969974392013427 0.000000000051747164 0.255717385582812817 0.000000000000000000
-6.041227648631471325 -11.501794956190785513 0.000000000096741674 0.129039913404834256 0.000000000000000000
-4.533747105591339199 -12.755603162106083914 0.000000000253378801 0.432851297305810345 0.000000000000000000
-8.112656795761923334 -12.967601018705590121 0.000000000462803613 0.330515863276240551 0.000000000000000000
1.086171517303547551 -11.217673438328731095 0.000000000000000000 0.428961798322519627 1277105.000000000000000000
-0.213581068246565225 -12.848587769742254139 0.000000000000000000 0.460432565248039216 0.000000000000000000
1.129519124621482185 -12.525159876753445332 0.000000000000000000 0.253048755362133615 0.000000000000000000
3.699260435647790501 -11.176516860616452220 0.000000000000000000 0.445940859124591082 0.000000000000000000
2.064905100671062588 -11.248853391252675138 0.000000000000000000 0.364315741563169149 1287418.000000000000000000
-0.080455356579019630 -14.077899492267789583 0.000000000000000000 0.453402682373647614 0.000000000000000000
3.916587918351343678 -14.776720538724850584 0.000000000000000000 0.388281376889717145 930963.852928379434160888
3.226036819493664165 -12.573690546193768469 0.000000000000000000 0.202285127917188445 1213448.000000000000000000
3.165848031779872507 -12.009329734595569406 0.000000000000000000 0.269934915433958866 0.000000000000000000
3.046689592650912104 -12.532721443691132279 0.000000000000000000 0.183474136662740317 0.000000000000000000
3.974309814478482306 -12.804883000819151206 0.000000000000000000 0.304100497990188678 1275293.000000000000000000
0.909063112109926408 -13.109531066927415210 0.000000000000000000 0.255761072838794956 1265808.000000000000000000
2.739525479818687437 -14.036587066419169645 0.000000000000000000 0.153363776365961407 1240412.000000000000000000
0.425197227854089088 -11.755518827027540141 0.000000000000000000 0.434977808953716794 1251996.000000000000000000
2.482530933319828215 -13.378510581130171886 0.000000000000000000 0.032032887387019836 1198423.000000000000000000
9.821599939090694065 -8.286503565285240569 0.000000000000000000 0.122951623122529011 1388076.000000000000000000
9.725703388438184049 -6.233232363056703917 0.000000000000000000 0.454748925555435501 0.000000000000000000
9.234335955063878387 -8.662771294715010839 0.000000000000000000 0.197751953646137096 0.000000000000000000
9.177544472398270869 -9.556297669411113915 0.000000000000000000 0.251268219523418768 1356786.000000000000000000
10.696590194388807760 -10.965790086435404760 0.000000000000000000 0.393793898444678270 1355987.000000000000000000
8.733309594641237794 -6.981836159138653741 0.000000000000000000 0.422403188914799610 0.000000000000000000
11.515063969734002924 -9.974690550223739294 0.000000000000000000 0.299853688895560411 0.000000000000000000
10.399086626596554694 -10.282746589812475690 0.000000000000000000 0.269293456284699917 1336919.000000000000000000
10.230749975260740925 -9.677831074048587112 0.000000000000000000 0.164249516465980572 1398224.000000000000000000
10.081031627447391230 -9.380728563478488269 0.000000000000000000 0.120255199185418396 0.000000000000000000
10.142773480209122283 -8.066262119019604881 0.000000000000000000 0.124669866955411615 0.000000000000000000
11.847607165945827745 -8.860856199425979796 0.000000000000000000 0.269342243460668818 0.000000000000000000
11.993514945359025958 -10.282362559022322657 0.000000000000000000 0.398471534667977634 671862.659233298269100487
8.321390231608784660 -9.881944139165444341 0.000000000000000000 0.411443846962532056 0.000000000000000000
11.533087246773105150 -8.837842747436315705 0.000000000000000000 0.213138858115715119 1309021.000000000000000000
13.112954751067565695 -0.769714613850181806 0.000000000000000000 0.153786659285712862 0.000000000000000000
13.366032665773216692 -2.177227238104094909 0.000000000000000000 0.378726028515995516 457878.000000000000000000
15.409761099246892968 -0.673394966356184899 0.000000000000000000 0.352796448640473548 451528.000000000000000000
11.914342078754835086 0.673211117671431492 0.000000000000000000 0.312699724966059855 448302.000000000000000000
14.293602325223572436 -0.066638992627954211 0.000000000000000000 0.134640963006208564 455211.000000000000000000
12.398874914585677587 0.088480652803575977 0.000000000000000000 0.204185411479450490 448863.000000000000000000
16.000307332322012854 0.929543097078531444 0.000000000000000000 0.466712023180175684 0.000000000000000000
15.612548172506654609 -0.410120856582556315 0.000000000000000000 0.375966564942854353 56713.116759092743450310
14.458507951950259951 -1.117788077362295018 0.000000000000000000 0.253226127296320547 437417.721419798908755183
15.718834437894168232 -0.992308021777630334 0.000000000000000000 0.424237598327220577 0.000000000000000000
14.967979776083536692 -0.310056367837998781 0.000000000000000000 0.259938475350875886 0.000000000000000000
11.972990675879904288 0.704564490724200354 0.000000000000000000 0.305173211645649534 451167.000000000000000000
13.258709184711314322 -1.908281987946103708 0.000000000000000000 0.334699929572085497 0.000000000000000000
13.315995216702823711 0.712716638119553547 0.000000000000000000 0.129926638247443993 156883.190073762263637036
11.608125366623008645 -0.022738085594359071 0.000000000000000000 0.344568546356559369 452066.000000000000000000
