-2.054467763593253338 4.445659368392440136 0.000000000000000000 0.105386063284082315 10436.000000000000000000
-1.225096587063316367 2.528916489678612045 0.000000000000000000 0.304474891814554893 10123.000000000000000000
-2.092681554497389573 5.097861302216199597 0.000000000000000000 0.217098690177157577 10402.000000000000000000
-1.457273388850499174 1.746280635685420801 0.000000000000000000 0.407679351188541927 0.000000000000000000
-3.318587739502579570 4.544918394717086585 0.000000000000000000 0.222036308645427671 6.100050537046787902
-3.137205908035697099 3.452061458078835798 0.000000000000000000 0.175004196154660230 3548.970709832375177939
-3.970012860257580822 3.918066226174313993 0.000000000000000000 0.305122637036943478 10414.000000000000000000
-2.632891831754085032 1.271645956039356928 0.000000000000000000 0.470984310215858570 0.000000000000000000
-0.572830766866186392 3.351116149763079921 0.000000000000000000 0.315352713189897715 0.000000000000000000
-0.481293962771036699 4.118749858658691032 0.000000000000000000 0.319293092269031242 1089.362872617592074675
-3.743998941006069003 5.969057641613661147 0.000000000000000000 0.454955866065016312 0.000000000000000000
-3.204455790234688184 2.404910252215207045 0.000000000000000000 0.313608436448401584 0.000000000000000000
-3.259389742079464636 1.777362933926539990 0.000000000000000000 0.416274712788824386 0.000000000000000000
-2.575134374345562360 5.966819421997537454 0.000000000000000000 0.374053660815918398 0.000000000000000000
-1.814187963736615616 5.635923568525837979 0.000000000000000000 0.320843246410073391 10584.000000000000000000
-4.634693809511603035 -3.258937795102877732 0.000000000000000000 0.438156409846900297 8753.000000000000000000
-4.090204154468143116 -4.716473120808770680 0.000000000000000000 0.358075807509300570 8248.000000000000000000
-0.956018261001918668 -4.247015171199288730 0.000000000000000000 0.240633506787202328 0.000000000000000000
-3.838365502014722708 -5.744504451923030608 0.000000000000000000 0.433814179096021990 8068.000000000000000000
-2.812316163820010484 -3.049236905460685154 0.000000000000000000 0.179368068578834694 4939.303886804103967734
0.035742714739645416 -5.195438624669961314 0.000000000000000000 0.470323216959288193 8172.000000000000000000
-3.219807749049043544 -4.469723091574443252 0.000000000000000000 0.200039978131808988 8744.000000000000000000
-2.128125514056576684 -3.948061399145802675 0.000000000000000000 0.025374252629598124 8766.000000000000000000
-3.024847396949739586 -6.192823862258927115 0.000000000000000000 0.432093002136285542 8232.000000000000000000
-2.953947023975362463 -3.522000775480646606 0.000000000000000000 0.140260786183072750 0.000000000000000000
-0.814037749710254777 -4.438672593139094680 0.000000000000000000 0.275311569286373181 0.000000000000000000
-4.408081081167562587 -4.418179335850789258 0.000000000000000000 0.394491531377190452 0.000000000000000000
-0.527339486874812691 -4.835685362609424054 0.000000000000000000 0.351472505557316794 1737.140637004694326606
-4.388261960858724109 -2.705885064635413784 0.000000000000000000 0.434157674127448934 8547.000000000000000000
-4.315380019820941548 -2.459572429735743526 0.000000000000000000 0.446305826932767824 8398.000000000000000000
2.049010542870995710 -0.641613932811516241 0.000000000000000000 0.453915700291715796 0.000000000000000000
4.796464754818045684 0.360124466106772789 0.000000000000000000 0.081387459995422948 9804.000000000000000000
5.032368966555905487 -1.333695961702012545 0.000000000000000000 0.254244232503234080 6681.724147676495704218
3.738135065847522309 -0.971779292005432116 0.000000000000000000 0.221298774548450927 0.000000000000000000
7.088027568363667541 -0.490515697381950166 0.000000000000000000 0.466872249855035948 9278.000000000000000000
4.708160584367446333 1.180922830633269083 0.000000000000000000 0.212623631657174905 9633.000000000000000000
3.791339219726102439 1.804389308652449175 0.000000000000000000 0.345641848578686961 0.000000000000000000
3.043656768390292644 -1.557408632269653426 0.000000000000000000 0.381294912713036560 0.000000000000000000
6.140060521913208724 1.551257960119219348 0.000000000000000000 0.399666339074636501 7222.070137254700966878
4.724384643003316064 0.892044646292356358 0.000000000000000000 0.162841969956359744 9922.000000000000000000
4.489183370253125638 -2.403357422066045412 0.000000000000000000 0.427021700230513890 9961.000000000000000000
2.494704383975142825 -1.572621009108508883 0.000000000000000000 0.455821779854584441 0.000000000000000000
5.823973713109903194 -1.880656547762035391 0.000000000000000000 0.407323085110847305 9285.000000000000000000
3.781333858147655214 -0.445575913640708365 0.000000000000000000 0.152756834757786203 9442.000000000000000000
2.672478883677975148 1.258883671127515758 0.000000000000000000 0.397323763678992581 0.000000000000000000
9.498138332739561207 10.206571354189332368 0.000000000399210883 0.296866460627166540 0.000000000000000000
8.782813336187082598 9.235516810889016881 0.000000000824869831 0.290579562823598536 0.000000000000000000
11.690135957281434287 8.380776606301054699 0.000000000213137931 0.248981635998338474 0.000000000000000000
9.069452428319209503 11.128022362370446174 0.000000000127099928 0.475540022693831610 0.000000000000000000
11.747142395839818008 7.348422684443239206 0.000000000022539584 0.350421624742250637 10583.000000000000000000
9.261579402614982470 9.780982101668412199 0.000000000555183250 0.264398968347290153 10636.000000000000000000
10.786752759779796307 10.847778540719620111 0.000000000055943527 0.376412568706582407 10055.000000000000000000
10.287813349805832175 10.345538960620725533 0.000000000224239650 0.280307480070985382 10591.000000000000000000
8.101864792317908126 8.279270148105050353 0.000000000749086783 0.407441792664353708 10594.000000000000000000
7.989251056176745358 8.686786329682142593 0.000000000244610067 0.419218576800221676 10722.000000000000000000
11.372124845943075044 6.453571127127200491 0.000000000435347959 0.441698124746742860 0.000000000000000000
8.608245420682768767 7.337676635139227521 0.000000000620007054 0.395979393008682456 0.000000000000000000
11.429969231354684567 9.545720792196215498 0.000000000089876894 0.239168491265739969 10180.000000000000000000
12.170802744480154090 7.944739829122697827 0.000000000831816055 0.355153206441459313 10186.000000000000000000
12.338224787812556826 9.979135359836542207 0.000000000143764911 0.416003875867192174 0.000000000000000000
3.003967532354945735 11.466131666756407270 0.000000000000000000 0.343714865210541121 0.000000000000000000
3.219455947505006854 12.821411054192489942 0.000000000000000000 0.177355669952911632 11865.000000000000000000
4.437211702565667437 13.875687821889142626 0.000000000000000000 0.389623256291933950 11043.000000000000000000
2.554176961921355016 13.996280139469316595 0.000000000000000000 0.133987048839130929 0.000000000000000000
2.500180314748637223 14.101087681881338654 0.000000000000000000 0.149741850983102498 0.000000000000000000
1.172099457485255236 12.501871189322672606 0.000000000000000000 0.248917620392150596 0.000000000000000000
3.093312302547865045 12.968435848579241920 0.000000000000000000 0.145979568518214059 0.000000000000000000
1.746069556084597796 13.183035747985265118 0.000000000000000000 0.106168194499305257 11122.000000000000000000
4.742724055164314834 13.150643655866122828 0.000000000000000000 0.429796463924091876 0.000000000000000000
1.513275091702117825 15.811369680579394625 0.000000000000000000 0.474564736809006960 11451.000000000000000000
-0.260271080432764923 12.702423511183226879 0.000000000000000000 0.473573747382722621 0.000000000000000000
1.770180916368179425 12.916676643412861480 0.000000000000000000 0.119260153009644834 11626.000000000000000000
3.705451984426364920 13.450898664449717046 0.000000000000000000 0.246325260804061030 0.000000000000000000
1.487137720612934588 15.379287600489783827 0.000000000000000000 0.403791139737610105 0.000000000000000000
1.237068982137925710 14.839524630737766842 0.000000000000000000 0.340206692428817847 0.000000000000000000
-9.062405135554985947 11.751001498006736767 0.000000000244478790 0.415307599340036526 21892.000000000000000000
-6.634115323338977355 10.008201784623770081 0.000000000197445678 0.303284984759120857 17773.719614121324411826
-6.707439557297685262 14.361622715549593465 0.000000000928091241 0.467813843350001479 7941.528842600120697170
-6.808516379044521116 9.472530452868502593 0.000000000680618821 0.397749704045295693 10711.598342333983964636
-7.800730515996094461 13.251728033627799164 0.000000000843202961 0.331240393201609529 2487.442259769207794307
-8.024145667316490815 11.450254361552588023 0.000000000000168738 0.235071125346702131 0.000000000000000000
-4.347685901385901275 12.575852918154058813 0.000000000132806972 0.451376625348583416 0.000000000000000000
-8.373707930265020138 11.283515080651721263 0.000000000891735159 0.302467546905831330 0.000000000000000000
-5.036764515233628003 10.211365530697845472 0.000000000058761941 0.403387438142519983 21065.000000000000000000
-6.147053097111524700 11.645555572623363716 0.000000000519678112 0.105129452312516483 21078.000000000000000000
-4.200020023426720428 10.889925656489516825 0.000000000551090343 0.474647508757707171 21287.000000000000000000
-8.597890427370845856 11.362793076424624772 0.000000000274320875 0.338376535767427156 21940.000000000000000000
-6.874563838293335394 11.697603491078076843 0.000000000555641842 0.025611596347821550 0.000000000000000000
-8.744526506184259418 10.020711378016025961 0.000000000157508498 0.467437807202386368 21803.000000000000000000
-7.555033445399607750 10.239424206952451257 0.000000000516927395 0.299880078835073227 21648.000000000000000000
-10.904475879596676080 5.778570058135230170 0.000000000000000000 0.375165724510874266 13679.000000000000000000
-14.369201921986016757 5.342615245407476898 0.000000000000000000 0.316839966263235351 217.453595848566038740
-10.666661186103112868 4.147352662693434944 0.000000000000000000 0.376361568911528666 0.000000000000000000
-15.231399346639650005 4.274436061446692747 0.000000000000000000 0.454290897133032889 6566.662607812834721699
-14.367630427344103339 5.431279539745281326 0.000000000000000000 0.322480924724055484 0.000000000000000000
-12.654397092529530156 3.544146549998842488 0.000000000000000000 0.197568559016453038 5685.726134692135929072
-13.181737472236378039 4.739394294955920017 0.000000000000000000 0.084204776449282148 13823.000000000000000000
-13.076399145643099686 2.709025339981664615 0.000000000000000000 0.348296779891540231 0.000000000000000000
-11.396667571596848845 6.381813293197512671 0.000000000000000000 0.378411668930837386 0.000000000000000000
-11.194903816565618726 3.521939425877229191 0.000000000000000000 0.337507446986949788 13632.000000000000000000
-14.276902124992769672 2.656633985198778358 0.000000000000000000 0.447780791046900661 0.000000000000000000
-13.467068236882358434 2.940845377273677119 0.000000000000000000 0.330288346120024834 1459.506503594355081077
-13.996100025441698733 5.875305778609279272 0.000000000000000000 0.308830790001447641 48.628400594455278849
-12.295558703859049032 2.286927212216034899 0.000000000000000000 0.422787809699310013 13505.000000000000000000
-12.186104243953741033 3.900049132251877548 0.000000000000000000 0.164895118879652636 13944.000000000000000000
-12.553366392113268546 -3.843429029308041756 0.000000000000000000 0.148038276935130303 9933.000000000000000000
-11.879086649886065885 -2.802397841866359318 0.000000000000000000 0.358980229560977193 0.000000000000000000
-15.137875990284278771 -5.657530804084694331 0.000000000000000000 0.464198277755727862 9633.000000000000000000
-11.221128714198473020 -5.659361075904976168 0.000000000000000000 0.316175519595117638 0.000000000000000000
-13.958016015370857232 -4.153736007979523137 0.000000000000000000 0.239864473137089029 0.000000000000000000
-15.042756225172368545 -3.706384375846532464 0.000000000000000000 0.448036426126098064 9262.000000000000000000
-11.722473097104730400 -4.049274329793539628 0.000000000000000000 0.207850795519732706 9422.000000000000000000
-10.943463722465766708 -4.442244663689898232 0.000000000000000000 0.318113862962696115 9654.000000000000000000
-14.979137344873446835 -3.588508538685324378 0.000000000000000000 0.445797786716344291 7490.171835058022224985
-12.801565031968001662 -6.317497096691351288 0.000000000000000000 0.285356226472346097 9397.000000000000000000
-13.781995567135775005 -4.177276509853032671 0.000000000000000000 0.209457928018892542 9840.000000000000000000
-12.417784992549751877 -4.245332738049215848 0.000000000000000000 0.091947253228412046 9370.000000000000000000
-13.020794220119034534 -3.076042428774198978 0.000000000000000000 0.283839727410078180 0.000000000000000000
-13.079247917483973751 -4.387927826954364008 0.000000000000000000 0.082533081674552880 0.000000000000000000
-10.494334107855994631 -5.719579805180950771 0.000000000000000000 0.435224183259470099 9147.000000000000000000
-5.956859539840830386 -12.260120078078777794 0.000000000091657091 0.168248101332795941 0.000000000000000000
-4.126425604820187054 -11.931204869872559016 0.000000000090139073 0.465954783886859902 0.000000000000000000
-7.028756003368450855 -11.957778962127546762 0.000000000576123861 0.067682887007017536 0.000000000000000000
-8.989720400168389247 -11.534217171904879606 0.000000000228555545 0.403630883230337356 0.000000000000000000
-7.341018385021079062 -9.202087700137944637 0.000000000878593824 0.458144414176363146 0.000000000000000000
-7.546400490411809159 -13.389312492483712802 0.000000000501786556 0.329150629435201514 0.000000000000000000
-6.178734959539717408 -9.471094789520261514 0.000000000734431303 0.410069806666963577 0.000000000000000000
-6.763188968865673445 -12.530423940196602217 0.000000000054898987 0.143792511514515331 0.000000000000000000
-8.630691417429488865 -10.287565421063261439 0.000000000783737405 0.422310245870208822 0.000000000000000000
-5.944691281064211630 -13.026520309994117142 0.000000000299805092 0.270896692478016621 0.000000000000000000
-7.490191493914490017 -14.076542016653244005 0.000000000796949849 0.438319770402839926 0.000000000000000000
-5.784611131966744146 -10.309919903083029524 0.000000000100894851 0.301367716404190189 0.000000000000000000
-6.360928932672399227 -10.803161282764385476 0.000000000241606676 0.175104935891798263 0.000000000000000000
-5.124094784311401973 -11.636801257354102646 0.000000000063329786 0.287013082257153773 0.000000000000000000
-5.825626583455331797 -12.963957524213730821 0.000000000378716985 0.273481986314937031 0.000000000000000000
1.012100190678882461 -11.703268148016794825 0.000000000000000000 0.366188578756770411 20264.000000000000000000
1.399602279992669063 -14.420583864910064165 0.000000000000000000 0.263191259227295193 20577.000000000000000000
1.116179001487392908 -12.336808441579654172 0.000000000000000000 0.274171197715499360 20129.000000000000000000
3.905768989325680174 -14.764396233549783588 0.000000000000000000 0.385375031831174719 0.000000000000000000
3.635792655521041361 -13.602776098415793271 0.000000000000000000 0.239101394890306018 878.091950955365405207
2.596226874689371300 -12.713940664121381019 0.000000000000000000 0.110547284398350612 2676.515109468329228548
1.079169085956957375 -14.689516852174982375 0.000000000000000000 0.336719977712406471 20199.000000000000000000
0.763447429537054467 -14.402453193397583675 0.000000000000000000 0.344384560949082541 20897.000000000000000000
2.864905614604731809 -14.132989374156613493 0.000000000000000000 0.179399052532754594 20625.000000000000000000
2.926297496669289622 -12.017219318970703057 0.000000000000000000 0.247815987317896419 20777.000000000000000000
2.926845659180284720 -11.990592325809775076 0.000000000000000000 0.252154232297557679 20805.000000000000000000
3.952849886571201843 -13.488700611513756655 0.000000000000000000 0.290912500466504020 20821.000000000000000000
3.601545816199649863 -12.667051562512275709 0.000000000000000000 0.250562631098333766 0.000000000000000000
2.274476874590978692 -15.775878928226330089 0.000000000000000000 0.445151306786036760 20642.000000000000000000
3.915477799880954013 -13.410475016142004989 0.000000000000000000 0.282799841202298896 20591.000000000000000000
9.712053812367992478 -11.152613051162035163 0.000000000000000000 0.436646064719136973 19244.892827167845098302
11.315917991402518084 -10.117938089560860604 0.000000000000000000 0.296212548624583238 22539.000000000000000000
11.356930806955025659 -6.971157618938589096 0.000000000000000000 0.359942721804815791 0.000000000000000000
11.055089261489490227 -10.883937895616266900 0.000000000000000000 0.395167034157488384 22986.000000000000000000
10.977915040182599782 -10.288734246861357846 0.000000000000000000 0.292819087620300122 0.000000000000000000
12.160598632540645880 -7.675995514479198256 0.000000000000000000 0.374631837494051878 22887.000000000000000000
11.549198365380236808 -8.784408947332414286 0.000000000000000000 0.215523932569817694 18823.537049806407594588
8.592615341040405141 -8.756597315630305189 0.000000000000000000 0.311560346502349816 22879.000000000000000000
10.023244473725885229 -11.318957507440151389 0.000000000000000000 0.454539581172622276 0.000000000000000000
10.409067937931645531 -6.312915416183844997 0.000000000000000000 0.427087350457229897 0.000000000000000000
11.934938293378806407 -8.394202343560298374 0.000000000000000000 0.290839642075473304 0.000000000000000000
10.519434289874132205 -10.191449721352556779 0.000000000000000000 0.255036730365802489 22181.000000000000000000
11.167504912915209303 -9.877470823974219272 0.000000000000000000 0.246666491649042585 0.000000000000000000
8.359467861933993049 -7.101561439770386563 0.000000000000000000 0.456615309479530218 0.000000000000000000
10.184585020031281744 -11.226174947388516401 0.000000000000000000 0.435513517116222104 22275.000000000000000000
14.569206725823118376 1.069314390655346170 0.000000000000000000 0.260343735257660580 7578.000000000000000000
16.092026558555154736 -0.268213915906940437 0.000000000000000000 0.457050223797536848 7315.000000000000000000
11.637974175878408545 -0.990755253162544314 0.000000000000000000 0.380490278908743318 7242.000000000000000000
16.185551494959721452 0.111482045946735706 0.000000000000000000 0.471767025710872256 0.000000000000000000
12.446892135931257428 -1.765657467978237749 0.000000000000000000 0.363428883624641708 0.000000000000000000
11.590031444209556000 1.291192671691131721 0.000000000000000000 0.413996146377845098 0.000000000000000000
14.833480769301541358 -0.687703260856048382 0.000000000000000000 0.259231618258390806 7502.000000000000000000
14.337547441778788482 -2.030641136887119558 0.000000000000000000 0.378904517054524603 0.000000000000000000
13.255841909257078726 -0.110438286232144384 0.000000000000000000 0.054334729495868414 7445.000000000000000000
14.438459407399811596 -0.225495205218673028 0.000000000000000000 0.164655119153310936 7667.108494013093149988
13.848016261490549539 -2.005509606292825708 0.000000000000000000 0.351605380495765174 573.844190397508782553
12.164727272103462496 -2.138578705532393265 0.000000000000000000 0.445294370381985494 7995.000000000000000000
11.189950194824195506 1.172544828905232261 0.000000000000000000 0.466134023479600479 7103.000000000000000000
14.177506589819120819 -0.418162928829216463 0.000000000000000000 0.134568762044353168 0.000000000000000000
11.526426930190044828 -1.688078621507666188 0.000000000000000000 0.463898436181562790 0.000000000000000000
