-4.502273252886092259 4.545119616520527650 0.000000000000000000 0.416553988605509684 638283.000000000000000000
-2.500254264443759755 3.410801791072356259 0.000000000000000000 0.095647396151096770 0.000000000000000000
-4.022644671984787479 2.081797860457190286 0.000000000000000000 0.449911185969043892 634137.000000000000000000
-0.255733868297837008 3.030996380834407145 0.000000000000000000 0.388321438855035395 637901.000000000000000000
0.025728865260101357 3.064251432679600207 0.000000000000000000 0.432814520409825321 0.000000000000000000
-4.048502841904882743 3.056261095832703667 0.000000000000000000 0.351885347198381826 637791.000000000000000000
-2.040492114484155017 2.851592406759532849 0.000000000000000000 0.189002025083551961 0.000000000000000000
-1.651553140054184743 6.470030026249258270 0.000000000000000000 0.472034134994921084 636162.000000000000000000
-2.170317627007038119 4.335273214889651783 0.000000000000000000 0.080802179874139055 630981.000000000000000000
0.328586831733964690 4.286297425877232392 0.000000000000000000 0.466367991598239218 0.000000000000000000
-2.008119435713571210 3.460582961285473491 0.000000000000000000 0.088552031844149018 633313.000000000000000000
-3.821006292698757800 2.458392764142194320 0.000000000000000000 0.377489918344059872 0.000000000000000000
-2.921954914577157947 1.504932595105604509 0.000000000000000000 0.440815276074416118 0.000000000000000000
-2.745275933432517856 4.186370345690400896 0.000000000000000000 0.101573049102973059 0.000000000000000000
-4.308445987121576337 2.522771707923360918 0.000000000000000000 0.438963423930767982 0.000000000000000000
-1.330639213681762856 -4.123558535818227178 0.000000000000000000 0.170467324550523186 511867.000000000000000000
-4.212350084277311169 -3.569336576404469774 0.000000000000000000 0.352915302983730028 169781.878777957026613876
-4.690031874736554585 -3.420110773628062262 0.000000000000000000 0.441378100953943031 0.000000000000000000
-4.353538992714690359 -2.614189278849146536 0.000000000000000000 0.437006612774622549 122969.719404443370876834
-2.888958097044187046 -6.232825470399932399 0.000000000000000000 0.431951474850333750 0.000000000000000000
-2.705330818638336243 -6.176314663956263828 0.000000000000000000 0.414766876550590025 516588.000000000000000000
-3.317898651603838456 -3.347573828021597198 0.000000000000000000 0.212131550993493845 513304.000000000000000000
-2.457051541962715913 -6.114191675123183067 0.000000000000000000 0.397601762831604755 0.000000000000000000
-2.303359708485680279 -6.083766273883366438 0.000000000000000000 0.390707017789828581 512060.000000000000000000
-3.564539614585784388 -3.502459961409223776 0.000000000000000000 0.242833861766317910 0.000000000000000000
-0.449045168828357488 -3.464631322304219552 0.000000000000000000 0.331226005387853462 0.000000000000000000
-0.078111042507701803 -5.296694928240198941 0.000000000000000000 0.462322624299760843 516663.000000000000000000
-2.339480056928627594 -4.796185458853411632 0.000000000000000000 0.161993789803899890 515094.000000000000000000
-1.646330262606251704 -3.973527041154776729 0.000000000000000000 0.110062112029438455 0.000000000000000000
-2.792614741758892016 -4.727210656183324033 0.000000000000000000 0.176870905846205795 213810.589848724339390174
4.339565899869330501 -2.187304336321381104 0.000000000000000000 0.389901943974555576 0.000000000000000000
4.269274039619636696 1.799956887032397423 0.000000000000000000 0.322818179710802122 568860.000000000000000000
3.749134254894874285 0.290431860390201246 0.000000000000000000 0.145803506581990816 577185.000000000000000000
3.870431162151358073 0.443656127158395364 0.000000000000000000 0.139226047889557003 577168.000000000000000000
5.644357434185880429 -1.514984313930051618 0.000000000000000000 0.336008553968976165 568800.000000000000000000
5.920369355136511302 -1.400578930338343353 0.000000000000000000 0.352984313853719200 0.000000000000000000
5.821059642802741685 -0.396276820553537079 0.000000000000000000 0.243312270450632251 570157.000000000000000000
6.555579456095834701 -0.805372034268741266 0.000000000000000000 0.390863324207667118 343657.321626836666837335
3.625691429520195630 -2.276807433533067027 0.000000000000000000 0.434608399868260886 0.000000000000000000
5.583772360428538306 1.725210630883661667 0.000000000000000000 0.360751717254667037 273093.679867703176569194
5.494128316218078290 -2.206434841119258916 0.000000000000000000 0.428890277576269296 0.000000000000000000
6.550643164271858332 -1.390920360810336875 0.000000000000000000 0.438852546991031045 0.000000000000000000
2.062699483978977621 -0.081672102683909634 0.000000000000000000 0.437134020823440161 0.000000000000000000
3.563749990689351499 -1.313224043802475816 0.000000000000000000 0.288444370652867932 578488.000000000000000000
6.883895463440118156 -0.064577288942533409 0.000000000000000000 0.422484851044309717 569774.000000000000000000
8.340692516944258728 10.323714432712895572 0.000000000561801935 0.451478356078703957 0.000000000000000000
11.353919040323026124 7.493990176834064876 0.000000000735211723 0.284274398594285715 637032.000000000000000000
8.505897245139319551 8.747355225721097582 0.000000000006304769 0.327011287651892579 629776.000000000000000000
9.238388811193622985 10.187374101890600997 0.000000000370194362 0.320171594368057255 0.000000000000000000
10.153197065210846972 6.336577928744618227 0.000000000433050386 0.424252427242888919 638221.000000000000000000
11.880141770007245583 9.166520649717504909 0.000000000262441739 0.284011430426544365 92339.960963742109015584
12.184943514721561897 8.421262898439950462 0.000000000567640647 0.333665521403208654 0.000000000000000000
9.919494986983899310 8.560477724185238557 0.000000000200670880 0.081955396610876363 0.000000000000000000
10.119284816310356589 8.836158911374718983 0.000000000518553863 0.042372817543237760 635277.000000000000000000
9.942182841062880527 7.674393459012973651 0.000000000523000384 0.201313693804436866 0.000000000000000000
9.307016429242199962 10.825080624603504731 0.000000000326020567 0.408649687830277497 0.000000000000000000
12.864614400325820043 9.059742581486508683 0.000000000440386185 0.453150977027865498 631598.000000000000000000
8.986550521019092130 6.535762930257011050 0.000000000176750911 0.457502345150319401 638172.000000000000000000
12.443333844432363122 10.332940123761948925 0.000000000045469080 0.465981024288681711 0.000000000000000000
10.816301956627091485 7.760623125992926141 0.000000000309812301 0.192664435960797076 636270.000000000000000000
1.061565034068133073 14.023608647909533431 0.000000000000000000 0.262982747106743464 399077.502572171390056610
1.996772345262204373 14.586459648151574697 0.000000000000000000 0.240896717932209542 696868.000000000000000000
0.638683258846040713 13.237372802505628755 0.000000000000000000 0.302286548485745599 31286.875653094375593355
3.241983784908478938 11.861057232302846032 0.000000000000000000 0.299452992974121757 694149.000000000000000000
1.674938248961704401 14.032653219144265222 0.000000000000000000 0.178722210075131532 695176.000000000000000000
3.481633238232113570 15.298244527701140072 0.000000000000000000 0.413837163711335998 693081.000000000000000000
3.856091917350920273 12.264699084990676070 0.000000000000000000 0.325558975059448252 0.000000000000000000
3.242185225587252972 13.717158815086097690 0.000000000000000000 0.179798451893437627 696803.000000000000000000
3.087506749067021161 14.123541024308178038 0.000000000000000000 0.201857654674476639 9923.914678949447988998
1.704490288612040549 12.780267045656465541 0.000000000000000000 0.142903046151499485 695437.000000000000000000
1.322628370863313974 11.604031211211632169 0.000000000000000000 0.348260488559472059 692961.000000000000000000
1.081112324485972387 14.591570839847777918 0.000000000000000000 0.323648667600147266 691655.000000000000000000
3.388069822863344793 14.866649799594561898 0.000000000000000000 0.339643220714252569 0.000000000000000000
-0.182441172224263592 12.467830338746901830 0.000000000000000000 0.471103047135505604 252751.677445466193603352
2.831282281340075535 14.455084285499872010 0.000000000000000000 0.227730323641823051 0.000000000000000000
-6.471660349807456747 13.368521842060683724 0.000000000662647108 0.295782075460924165 1272410.000000000000000000
-7.751380356662408211 9.640050384572326436 0.000000000892877489 0.409918909399517528 1174176.288106277817860246
-9.237338085080493144 11.569615133109882876 0.000000000059787748 0.447214469598804898 1342270.000000000000000000
-7.392495432486176021 10.146931233048311682 0.000000000060683670 0.301869349729712799 1282963.000000000000000000
-5.752814059627519683 9.236096908921789250 0.000000000008486487 0.473183879990446921 0.000000000000000000
-4.918194143065506729 13.222285978127287009 0.000000000417765645 0.419057464440457494 0.000000000000000000
-7.734048745651564083 13.781991658745964102 0.000000000407126687 0.406146284442234107 1305163.000000000000000000
-5.123540780742144918 11.176050954802134285 0.000000000844287718 0.302445464945758691 1261457.000000000000000000
-7.419350582212514311 9.423707382820216694 0.000000000724931936 0.423953923967805402 0.000000000000000000
-5.540622253040488943 11.726187490979393502 0.000000000769236431 0.212417619922345008 1338351.000000000000000000
-4.342526292322038017 11.281531797478532297 0.000000000047753137 0.432919557785325371 1328581.000000000000000000
-5.558412569863237174 12.131897963282350261 0.000000000430509489 0.221687129472160849 0.000000000000000000
-5.092357849408347015 9.918058343521794384 0.000000000584689988 0.432790739240439037 1252420.000000000000000000
-6.948480198341703939 9.798567287310945062 0.000000000856252180 0.341949298043608907 1287608.000000000000000000
-6.429976292454878894 11.055491574668335986 0.000000000094518707 0.129198857128756062 1256009.000000000000000000
-15.233130536502301311 4.115651094222310569 0.000000000000000000 0.459619532650148210 58715.197920164544484578
-14.736869529747746554 5.323790828973826272 0.000000000000000000 0.377641504142622375 78398.427197407057974488
-12.716469223944178779 4.799335005590556591 0.000000000000000000 0.020998890286678354 0.000000000000000000
-12.576691689220481862 5.999154913243446963 0.000000000000000000 0.230963515763109473 0.000000000000000000
-11.045397932551159315 3.391656803760090266 0.000000000000000000 0.372488605726048083 0.000000000000000000
-14.596269057349370968 5.350733201013781581 0.000000000000000000 0.355293197876858702 812503.000000000000000000
-12.637605324682724017 2.991584642308808828 0.000000000000000000 0.293695438596052072 0.000000000000000000
-13.243956835935462024 4.066164493124804657 0.000000000000000000 0.142383608032374903 815560.000000000000000000
-13.231471398804595552 5.251707265638051680 0.000000000000000000 0.135826537091609550 0.000000000000000000
-12.393311615638694434 5.568158918432994930 0.000000000000000000 0.164937253146109353 0.000000000000000000
-11.040878753305259252 4.894484773282604451 0.000000000000000000 0.300436459954315671 371352.484065473370719701
-12.515201814017654414 2.709026441452654144 0.000000000000000000 0.344412407834226775 0.000000000000000000
-12.727834599895825107 4.044001078888979528 0.000000000000000000 0.110381005882949093 817059.000000000000000000
-14.620396876693861898 5.180393581121931490 0.000000000000000000 0.350913316470236825 812819.000000000000000000
-13.716748293373058232 7.163990905827087197 0.000000000000000000 0.466889263828244638 815791.000000000000000000
-10.874599186551144214 -4.609930199421141239 0.000000000000000000 0.327922399507675599 132930.219506561930757016
-13.833673583065470680 -7.144509048454218636 0.000000000000000000 0.472104483666915986 274011.583752392965834588
-14.584061656683759978 -4.932485323403243527 0.000000000000000000 0.336392834955221931 0.000000000000000000
-14.715051244311831979 -5.290571434507389093 0.000000000000000000 0.372252433873259181 0.000000000000000000
-15.254266135911271007 -5.181370440332669247 0.000000000000000000 0.461224493111555334 0.000000000000000000
-13.256599173652249490 -6.508210513115674445 0.000000000000000000 0.332222657786254261 0.000000000000000000
-11.836832047546305802 -6.533227604543489164 0.000000000000000000 0.358793386216735122 0.000000000000000000
-12.572196825309312374 -6.257198121855762629 0.000000000000000000 0.275707052404419284 0.000000000000000000
-12.802487203914228786 -5.466394388896866907 0.000000000000000000 0.137883080340541420 123044.559119658850249834
-14.517460926068176619 -2.660198534591780462 0.000000000000000000 0.475064812660848323 0.000000000000000000
-13.136180459208565807 -2.289310188139277003 0.000000000000000000 0.421883160204289731 577435.000000000000000000
-13.875881219154551971 -3.005738891466078311 0.000000000000000000 0.356612615767604613 576486.000000000000000000
-10.312996582764277775 -4.196554251011801462 0.000000000000000000 0.435991406445225493 570192.000000000000000000
-13.393994752609874155 -4.486580880841553487 0.000000000000000000 0.125875007590422860 575763.000000000000000000
-14.045229471882736405 -2.378265673735602270 0.000000000000000000 0.464205315758360604 217939.561974669108167291
-8.842497941830469443 -12.577785484398493310 0.000000000118071156 0.405520100052555621 0.000000000000000000
-8.701290242704457611 -12.436631080215823530 0.000000000699773081 0.373120018285360289 0.000000000000000000
-9.107941754201432261 -11.833589565259858389 0.000000000146880199 0.423868770186644928 0.000000000000000000
-4.690889711212045121 -13.286503420865535929 0.000000000620137870 0.457895166052063096 0.000000000000000000
-4.668259142077496371 -12.023161992981615143 0.000000000635604860 0.371820745107360240 0.000000000000000000
-4.493970059172790243 -13.070049408287395920 0.000000000429096462 0.465386207974088251 0.000000000000000000
-9.287678050994895074 -11.506851756881555815 0.000000000026826218 0.456941538203321285 0.000000000000000000
-5.986376245420285791 -14.134819072766099168 0.000000000656154754 0.448134522823944281 0.000000000000000000
-7.689059822139032718 -10.537782959482205669 0.000000000276350858 0.269574949421971244 0.000000000000000000
-6.102787241925380357 -11.264296064786179841 0.000000000086773400 0.138089847254743575 0.000000000000000000
-5.605372567319458099 -11.430959975976016096 0.000000000876007752 0.207240212583941902 0.000000000000000000
-6.663112107065054524 -13.277713649278959807 0.000000000315182107 0.276255780259184736 0.000000000000000000
-5.036666403760991173 -13.176911357739186315 0.000000000486753150 0.397701430003893353 0.000000000000000000
-6.134691810770460663 -13.973505174601260848 0.000000000464510527 0.413298414637525591 0.000000000000000000
-4.191644058132077078 -11.963864690896864218 0.000000000241433876 0.454890616390817959 0.000000000000000000
0.928856480716185096 -13.471336126192955618 0.000000000000000000 0.252881502278564707 0.000000000000000000
1.461774703360484429 -10.869761549551627766 0.000000000000000000 0.456040061976121291 1206393.000000000000000000
1.992534751852162556 -15.226702888782103429 0.000000000000000000 0.352580113935531736 1212362.000000000000000000
3.213062225770178415 -10.768138793057337566 0.000000000000000000 0.473191965042156160 800579.041565289255231619
2.729122046056720041 -13.819301006890137629 0.000000000000000000 0.119516133596492741 723162.963329358608461916
2.931813813151916914 -11.189872010626144672 0.000000000000000000 0.386476299248023458 0.000000000000000000
4.181467103422342291 -13.598629660092935723 0.000000000000000000 0.334143052700506871 0.000000000000000000
1.899490099675147592 -11.635150233168346290 0.000000000000000000 0.302461833897096688 1244655.000000000000000000
3.516500704641519537 -12.157925949452188519 0.000000000000000000 0.289901717163406625 1198543.000000000000000000
3.415825221472235551 -13.304157050133884610 0.000000000000000000 0.192811594323803959 1258302.000000000000000000
1.665793343429995188 -11.949408671383912051 0.000000000000000000 0.264742651886092695 0.000000000000000000
0.086811080868904517 -13.165421885633397991 0.000000000000000000 0.401037687555311106 1216619.000000000000000000
1.215470228150349552 -14.010107877954887101 0.000000000000000000 0.238397300529447992 753699.208793250378221273
0.367728893310517668 -13.022090108943759290 0.000000000000000000 0.353413154190763301 0.000000000000000000
4.474294837277218662 -12.781056805970415269 0.000000000000000000 0.391438637923052390 427968.138935694238170981
9.793964522331533473 -10.212700976093262994 0.000000000000000000 0.274898138123584379 1023811.364342856919392943
12.668330581054684458 -9.405295809285625808 0.000000000000000000 0.430477207025255382 1393929.000000000000000000
8.767778862560284381 -7.089097696328031439 0.000000000000000000 0.404459728095550586 1343479.000000000000000000
8.414218756664993748 -8.759892203041195202 0.000000000000000000 0.343355936059854538 1196670.300221284851431847
12.285982440471062915 -7.504073432190248916 0.000000000000000000 0.409254539387543248 1401173.000000000000000000
10.788286278642022609 -10.188601367229022543 0.000000000000000000 0.264739730168192244 0.000000000000000000
11.321424014536669134 -7.536151904778124688 0.000000000000000000 0.274904601904806867 1393416.000000000000000000
11.687301327523588412 -8.318441857573789733 0.000000000000000000 0.251533839885732746 1393918.000000000000000000
9.144350595898037781 -9.458116384792523590 0.000000000000000000 0.247032874697552224 0.000000000000000000
11.831266750325371007 -8.655399265246677132 0.000000000000000000 0.266198324507264605 1361457.000000000000000000
10.095304814719865405 -11.047410323077357930 0.000000000000000000 0.405697207705015828 1404779.000000000000000000
11.304535554553091004 -7.793727858896059679 0.000000000000000000 0.239649758123973156 1325643.000000000000000000
9.689317043219284997 -7.435860054197896751 0.000000000000000000 0.257912748878696585 1378172.000000000000000000
7.769415146766473157 -9.223542739304985361 0.000000000000000000 0.465831225834384022 0.000000000000000000
9.917470871066585758 -9.793020481716657955 0.000000000000000000 0.198273184153750281 1350639.000000000000000000
13.185274201721609799 -1.133853057948322363 0.000000000000000000 0.206621091947745694 0.000000000000000000
12.841044752202183332 -1.780377545960831087 0.000000000000000000 0.333223721725697419 452807.000000000000000000
11.979112028619196550 -0.620340740491220344 0.000000000000000000 0.298579253432532887 0.000000000000000000
14.336974299236223018 -2.125556411263370471 0.000000000000000000 0.394137925041270987 451479.000000000000000000
12.408072468433910984 1.092711309835697087 0.000000000000000000 0.277153825457880754 0.000000000000000000
13.834011841008974741 2.136079178976456383 0.000000000000000000 0.373609775307878256 0.000000000000000000
11.476116601628049807 0.446247499786914636 0.000000000000000000 0.376172639562491140 457760.000000000000000000
13.477373478622642011 2.293549252210874023 0.000000000000000000 0.397671050618519872 453789.000000000000000000
13.804331654432317578 1.902945849075917240 0.000000000000000000 0.332916537771533405 457397.000000000000000000
14.266866890510090826 2.478392662379097278 0.000000000000000000 0.447905235248338585 450942.000000000000000000
14.522682967072563898 -0.855585854357146181 0.000000000000000000 0.229153861760034744 0.000000000000000000
13.262622871693229953 -1.807435080213446232 0.000000000000000000 0.317312497362222889 448763.000000000000000000
11.599480692302476470 0.843931409837115565 0.000000000000000000 0.375935506942091324 0.000000000000000000
14.292681936717507085 -0.227821120141727118 0.000000000000000000 0.139660650137598097 0.000000000000000000
14.986741967465064818 -1.051049155672287849 0.000000000000000000 0.315243843078368058 0.000000000000000000
