-1.768186808197040438 3.287929104090853816 0.000000000000000000 0.138330633760588406 0.000000000000000000
-1.743946182128816691 5.802619545230164988 0.000000000000000000 0.352739406400310374 635747.000000000000000000
-0.152084096955145298 3.951125736216931195 0.000000000000000000 0.375507491384354741 637898.000000000000000000
-2.965561882703924734 4.761668721313787600 0.000000000000000000 0.199919674697213973 434645.199474700901191682
-4.081974067346012092 2.062488497462000137 0.000000000000000000 0.459778104716776492 319801.950369874306488782
-3.993271363115440842 2.790875038187113688 0.000000000000000000 0.365902911161527622 637251.000000000000000000
-2.767887155325423620 1.534713872537020407 0.000000000000000000 0.429098088507804232 635251.000000000000000000
-1.811039862135843892 4.012297035289469349 0.000000000000000000 0.082614937656191101 0.000000000000000000
-1.402997604177961488 5.947004299704417463 0.000000000000000000 0.396807355403466566 635358.000000000000000000
-0.349300784028241218 5.467717814083317585 0.000000000000000000 0.441272560081359233 634407.000000000000000000
-0.857724248520267740 3.597238887715806577 0.000000000000000000 0.255000250542386286 0.000000000000000000
-3.161335310770931883 3.305327247493213161 0.000000000000000000 0.191701662166912118 633199.000000000000000000
-2.329044493576141406 1.808794380392520607 0.000000000000000000 0.370860337500354909 476335.606646973290480673
-4.669506078271145277 3.963191334106459962 0.000000000000000000 0.429926205308820808 0.000000000000000000
-0.637958232230936950 5.488164679215803865 0.000000000000000000 0.405493751397330737 637955.000000000000000000
-0.950267553963090483 -1.651330745742699779 0.000000000000000000 0.461944369989315873 513712.000000000000000000
-4.549997070472336702 -2.567735614065035588 0.000000000000000000 0.471328240759049832 0.000000000000000000
-0.008208602499388122 -3.814703346767044589 0.000000000000000000 0.401213040326739545 295920.503761255007702857
-0.030747947853804344 -4.731046402021416242 0.000000000000000000 0.424295902989128115 516178.000000000000000000
-0.333864491701647725 -3.288331622422001832 0.000000000000000000 0.359328459941119005 0.000000000000000000
-4.313362949539879310 -5.208777263060397900 0.000000000000000000 0.434947653970229609 0.000000000000000000
-0.348006454068309212 -2.158685405914498201 0.000000000000000000 0.459397770226124602 134010.168811196490423754
-2.584856613315645646 -2.931996906354323418 0.000000000000000000 0.180281671340219801 513603.000000000000000000
-1.800079841899955735 -2.795947985971721117 0.000000000000000000 0.211312459815712672 0.000000000000000000
-2.882255480878632703 -5.595859266767857498 0.000000000000000000 0.323405857735178548 0.000000000000000000
-1.048875291973423884 -5.852495958134229070 0.000000000000000000 0.410662733725099760 508767.000000000000000000
-3.471490845243209833 -3.092805836666167707 0.000000000000000000 0.258656462427225120 0.000000000000000000
-3.881061061273291202 -2.172336100233108525 0.000000000000000000 0.420830045203997360 518021.000000000000000000
-3.204031779187169082 -2.776221258028028327 0.000000000000000000 0.260272166646061953 512144.000000000000000000
-3.633243819719578660 -4.640682367428110133 0.000000000000000000 0.279103938953180530 0.000000000000000000
5.660467445092057126 0.410656797808206242 0.000000000000000000 0.216919269683427784 64042.634939566371031106
5.043110881526096989 2.331460506420683476 0.000000000000000000 0.424656509306552299 0.000000000000000000
6.103129157196766741 1.199800453452256166 0.000000000000000000 0.354295502894235004 0.000000000000000000
3.970291482957825302 1.316933537929205977 0.000000000000000000 0.253348641679168707 578125.000000000000000000
5.006184635620204659 -1.013594317868231398 0.000000000000000000 0.200249845911576518 377875.650353683799039572
5.440623779286202222 -2.459027853796586172 0.000000000000000000 0.466754642585483714 574437.000000000000000000
3.946084674360753830 -0.855691319336363110 0.000000000000000000 0.182715076731241405 576369.000000000000000000
4.797963420877607632 0.439718092243718495 0.000000000000000000 0.093058435726961000 0.000000000000000000
3.771115311119233926 2.440936126800926864 0.000000000000000000 0.453630642240960891 542581.616087361006066203
4.928728319024166638 0.917125570607349450 0.000000000000000000 0.178877006120072041 570848.000000000000000000
3.020226811222702867 0.457731773370605166 0.000000000000000000 0.278427317935226293 0.000000000000000000
6.021283297133725121 -0.782559366350165875 0.000000000000000000 0.302384216341933909 0.000000000000000000
3.052538841640976219 1.024282173493527015 0.000000000000000000 0.317865670553654556 436640.120645376679021865
4.285430906271177953 1.218186871184909981 0.000000000000000000 0.220282371238106761 0.000000000000000000
4.096681553569430534 1.471236348946696193 0.000000000000000000 0.271855025373937520 0.000000000000000000
12.232457263034207884 8.667792617650285081 0.000000000281380460 0.337501445865440952 0.000000000000000000
9.154571067801370532 7.054128808780928850 0.000000000782380970 0.364988929287305974 607104.107887316495180130
12.791529564599692037 9.252863567093438490 0.000000000673946843 0.445651000424010624 0.000000000000000000
8.492756903416525560 8.743524404987679688 0.000000000639156216 0.329353916837348215 638740.000000000000000000
10.802860273387794976 9.263864249043322729 0.000000000335122084 0.122312416321735840 0.000000000000000000
11.725379164214611905 7.604806693649833527 0.000000000597923928 0.317679710496389600 638506.000000000000000000
8.114014069150561781 7.780467497608548832 0.000000000881662491 0.431799096915074232 0.000000000000000000
10.173965409795179937 10.887695335597088686 0.000000000311020897 0.376451293833678702 0.000000000000000000
8.996678999758628947 8.441858553691997002 0.000000000307331927 0.245507290694805730 0.000000000000000000
9.115748107002536571 10.901412024899745035 0.000000000436397750 0.436750939257173232 0.000000000000000000
9.584188000084600034 7.574503423265935176 0.000000000343474916 0.246205712061507986 630100.000000000000000000
8.353992335512282708 7.666398493134875203 0.000000000733887724 0.401929044732188601 636754.000000000000000000
11.880281085204865477 8.780356954551345794 0.000000000774179875 0.274499807478245206 0.000000000000000000
12.401407155360114842 8.666536121650061375 0.000000000329078492 0.367596751550168188 0.000000000000000000
10.033044374644598307 9.171072003822311913 0.000000000556544299 0.092275457852140169 0.000000000000000000
2.598300227619792846 11.338052360714344857 0.000000000000000000 0.348379477911192059 690217.000000000000000000
0.481850939833997793 12.566801105869060962 0.000000000000000000 0.353547695599288114 694692.000000000000000000
0.036827469797274630 13.515054376196287578 0.000000000000000000 0.411649371055164914 699121.000000000000000000
3.602052611948481697 12.305980788485095800 0.000000000000000000 0.284425112119177648 0.000000000000000000
3.024537959285314770 11.880106368794239202 0.000000000000000000 0.277400865130929042 55681.854128669721831102
2.301615058286149207 12.894753777174646103 0.000000000000000000 0.068271563545041172 696796.000000000000000000
3.200020485237883960 14.640327006896118434 0.000000000000000000 0.287623450672580772 0.000000000000000000
1.637838240758938912 15.224879595624447148 0.000000000000000000 0.368522937071080414 0.000000000000000000
2.844299328526012527 13.118084986449241924 0.000000000000000000 0.095176153732470362 0.000000000000000000
0.351894184771400997 12.215783822208049259 0.000000000000000000 0.400687984026947164 699456.000000000000000000
1.553896792070028177 13.144877368751188840 0.000000000000000000 0.141067431859671660 695533.000000000000000000
3.987021778316383269 14.082522941887146928 0.000000000000000000 0.327591519858077829 495359.571800259640440345
2.118693460962031150 15.376504332847602541 0.000000000000000000 0.375907518547227260 0.000000000000000000
2.654590358427900920 14.513313624516909428 0.000000000000000000 0.227462294371155171 699389.000000000000000000
1.484860196641456076 10.870275903105595106 0.000000000000000000 0.454565110246080817 691586.000000000000000000
-7.970895842192039282 13.555678420015132346 0.000000000253302973 0.392631815639795934 1281970.000000000000000000
-4.569143019674250183 10.653426405220688622 0.000000000027691252 0.429327820315095643 0.000000000000000000
-5.773958061133551922 11.753706021103978330 0.000000000107148140 0.170939771196291973 1285916.000000000000000000
-6.548291202453202509 10.290351952508627775 0.000000000343548587 0.254978548282977113 0.000000000000000000
-5.390742557361871690 11.836424752663649684 0.000000000157741755 0.240034680494565639 0.000000000000000000
-6.264316577045601520 14.328503062384823963 0.000000000248621305 0.469603418649051252 1303572.000000000000000000
-9.190146064610107857 12.624515903566816633 0.000000000550237632 0.466291529434655738 1329180.000000000000000000
-5.949099307241755952 11.318236967871595056 0.000000000033487301 0.156595168814232077 0.000000000000000000
-5.957854261431832832 10.508558905078919210 0.000000000731049896 0.254958017886733890 0.000000000000000000
-6.956280789265301578 11.027072890291425011 0.000000000310184767 0.128725049121401258 0.000000000000000000
-7.365156592558435023 10.149584161700415663 0.000000000816183696 0.299577003328026725 1310821.000000000000000000
-4.571400739732616181 10.502243893795101926 0.000000000076266545 0.441427827764652114 1340326.000000000000000000
-7.649414936310966695 14.188070331808221525 0.000000000476943495 0.466218853597015981 1302385.000000000000000000
-6.848143898324136281 10.734851177369328923 0.000000000660877632 0.175333441173353033 442149.951575206068810076
-4.420663014050010275 12.327184312172001057 0.000000000048888569 0.425900005470663756 0.000000000000000000
-13.325289906402879581 2.910814372613177881 0.000000000000000000 0.325828051670486118 0.000000000000000000
-14.710943266707563026 5.273253431545408709 0.000000000000000000 0.370706793918161248 0.000000000000000000
-11.726207796306544751 5.625774975439195025 0.000000000000000000 0.241188558158391630 715233.836902239243499935
-12.827738788634039935 2.013022344273546427 0.000000000000000000 0.463812049969551721 0.000000000000000000
-11.558485466264318831 6.783104526810203261 0.000000000000000000 0.420513316857179631 813250.000000000000000000
-12.578681525674152653 5.104087023142434454 0.000000000000000000 0.077784571379834966 424392.559013680438511074
-11.556875664696461214 6.014100666329599498 0.000000000000000000 0.310860032254500651 0.000000000000000000
-14.014090725604319232 6.492326238534547045 0.000000000000000000 0.390775236565854611 816180.000000000000000000
-13.726270964426884547 6.865264177646515975 0.000000000000000000 0.420210058145063903 816790.000000000000000000
-11.704912480420519572 2.577377210984408418 0.000000000000000000 0.407782732529523795 0.000000000000000000
-12.755961431870249001 6.345041323820590051 0.000000000000000000 0.289834977461530641 0.000000000000000000
-11.696063007782694143 3.743590543323632946 0.000000000000000000 0.243725025662553219 815392.000000000000000000
-11.462212968605600238 2.551675259134476903 0.000000000000000000 0.432575650989432625 0.000000000000000000
-14.819595298072622214 4.095123216920355524 0.000000000000000000 0.388835778952841882 0.000000000000000000
-14.045502808668974382 5.720648354898367316 0.000000000000000000 0.298432599202206328 819757.000000000000000000
-14.119352138865401969 -4.588733541984618469 0.000000000000000000 0.251159191271075666 577394.000000000000000000
-10.425063573438890785 -3.327157274427428479 0.000000000000000000 0.471153355524184303 0.000000000000000000
-14.160388876084599730 -3.198585921454571768 0.000000000000000000 0.363856505685165810 0.000000000000000000
-12.073903657836863701 -6.304548424755198610 0.000000000000000000 0.305133337779463110 577266.000000000000000000
-12.390540985615238867 -4.393300923142192893 0.000000000000000000 0.075964515247184977 578470.000000000000000000
-14.932358990440551594 -4.517418355272124764 0.000000000000000000 0.396567740551737324 569941.000000000000000000
-12.178385782943994542 -3.527747023770379187 0.000000000000000000 0.221844498965105247 571780.000000000000000000
-11.525074173750692097 -4.284635219183704713 0.000000000000000000 0.222620072136177544 570984.000000000000000000
-11.328049298521964516 -4.669025517598713648 0.000000000000000000 0.246890536032815994 577532.000000000000000000
-11.037965267318904594 -4.848379501281938175 0.000000000000000000 0.300051736575100092 0.000000000000000000
-13.513303600905747004 -6.574458796232227620 0.000000000000000000 0.358695118917927658 426419.620827971317339689
-13.675060842941382688 -3.015316723963097356 0.000000000000000000 0.335744528003527276 0.000000000000000000
-13.112143222797602249 -2.848350714135635009 0.000000000000000000 0.325853416099321835 569065.000000000000000000
-13.463486590218067818 -2.397620523600273668 0.000000000000000000 0.417988832072491379 570813.000000000000000000
-13.415659653126194684 -6.785986852747453391 0.000000000000000000 0.386741908021281555 0.000000000000000000
-6.576638732348721206 -10.984109495487865971 0.000000000792809956 0.132967857933672162 0.000000000000000000
-7.556926242051894782 -13.851144480445810814 0.000000000687734254 0.404730847938737537 0.000000000000000000
-5.732871969004750490 -12.213325922823324632 0.000000000612954908 0.198542617076548022 0.000000000000000000
-7.319442454842798540 -9.762705152511118811 0.000000000848464281 0.361454813643826922 0.000000000000000000
-5.351564922205926500 -13.934971580660594270 0.000000000685994967 0.463508167569843144 0.000000000000000000
-7.269653369304001522 -11.991536206286406596 0.000000000891576322 0.107241116257427757 0.000000000000000000
-7.160783908849304602 -12.165189514771709511 0.000000000888654462 0.109874078065007236 0.000000000000000000
-4.937847871098513863 -11.569311847801143855 0.000000000796187902 0.320931158097504943 0.000000000000000000
-7.792080933845520363 -12.800361383711148733 0.000000000270986095 0.268790981550956043 0.000000000000000000
-4.668922876820973400 -10.027960789831208643 0.000000000856793160 0.474462611361190945 0.000000000000000000
-8.804267181811095355 -11.011039646750571563 0.000000000857630506 0.389831114906302789 0.000000000000000000
-6.325730648416127977 -14.299348807112400195 0.000000000345763292 0.462658248444588305 0.000000000000000000
-7.324740472872579566 -9.601797955621256264 0.000000000443585098 0.389035180272212455 0.000000000000000000
-5.023901608026377197 -10.617131529378777799 0.000000000349366348 0.361732506811657362 0.000000000000000000
-6.600502321955334040 -11.140195498469314117 0.000000000413594041 0.105066310978947294 0.000000000000000000
1.002405768747437476 -15.204859843783594897 0.000000000000000000 0.417513461161246602 1236103.000000000000000000
3.183133830717023383 -15.510689996806387825 0.000000000000000000 0.425461241779817867 1287278.000000000000000000
1.180664485724352675 -13.631918707832948456 0.000000000000000000 0.215132716688464759 1217160.000000000000000000
3.215780288700423650 -15.600207764479966599 0.000000000000000000 0.442414666411040103 1272886.000000000000000000
-0.296024259719070704 -13.574743945171878323 0.000000000000000000 0.471757930379787804 1279231.000000000000000000
2.820803153747250214 -10.730771902806361950 0.000000000000000000 0.461473991296434627 683690.849988242029212415
4.248786442492673565 -14.203211431585181401 0.000000000000000000 0.378922652376782076 0.000000000000000000
2.069661954508622781 -11.948695143762872561 0.000000000000000000 0.241171248165578583 1242168.000000000000000000
4.069230118223988946 -15.032227525773643961 0.000000000000000000 0.439500076845157406 0.000000000000000000
1.641848129615404828 -15.798447532035703844 0.000000000000000000 0.465774611614484357 1271678.000000000000000000
2.587361669610900083 -15.172317069715179016 0.000000000000000000 0.340522037584408188 0.000000000000000000
-0.102083763061306815 -14.319223287469089456 0.000000000000000000 0.472255944278107520 1260948.000000000000000000
3.611293115207214743 -14.859779331446111073 0.000000000000000000 0.362178213520309988 857387.064128031255677342
4.024430022529759121 -13.864049225494282425 0.000000000000000000 0.318827207850981342 1274051.000000000000000000
1.617735000317951588 -13.100594075742622024 0.000000000000000000 0.131517691060119402 0.000000000000000000
11.320260100893230870 -9.033950446307283499 0.000000000000000000 0.181657725593661501 1402842.000000000000000000
12.407920608184664246 -9.850503544682492674 0.000000000000000000 0.415793023269097173 0.000000000000000000
11.563801984339020734 -8.338915493649931676 0.000000000000000000 0.229483131028218934 0.000000000000000000
10.350610408414048891 -8.487389867942187749 0.000000000000000000 0.045730499461598607 0.000000000000000000
7.932718311636355324 -9.236805310650932910 0.000000000000000000 0.437686395206983381 1391420.000000000000000000
9.163308544315855286 -10.851437035377895057 0.000000000000000000 0.424900798497215793 1402573.000000000000000000
11.536140835370035873 -7.316167888504240935 0.000000000000000000 0.328928495822095102 0.000000000000000000
12.922302151458461950 -8.402677309930442817 0.000000000000000000 0.464081908210832672 0.000000000000000000
8.067012226542127351 -9.164141538172552615 0.000000000000000000 0.411782819662783905 1312113.000000000000000000
9.687938946203283663 -6.263693148807124800 0.000000000000000000 0.451275323996586986 1392449.000000000000000000
11.974465800824141581 -10.850247741008294255 0.000000000000000000 0.468965652041004322 490457.210688394610770047
10.347095368900415480 -8.844016232636077390 0.000000000000000000 0.016879015107790871 1340372.000000000000000000
9.064843898125200639 -10.093986124651493697 0.000000000000000000 0.328059930068355043 610228.475456295302137733
9.493861591767711161 -6.651750360400001227 0.000000000000000000 0.397773637663428437 1407962.000000000000000000
9.360257099326537045 -8.409337364662070158 0.000000000000000000 0.184583746254677217 1390502.000000000000000000
12.922400599131107057 0.199056558279615714 0.000000000000000000 0.115569216781143597 171750.988781148422276601
13.628592779345988006 1.549088780004158394 0.000000000000000000 0.268862082996923546 0.000000000000000000
15.701234458851004661 -1.159190109778835964 0.000000000000000000 0.433857460682249119 452350.000000000000000000
15.198616163614175889 1.478734303940345551 0.000000000000000000 0.390501198613331102 0.000000000000000000
11.835303228131779818 -1.099461993955886063 0.000000000000000000 0.359162440792887672 453996.000000000000000000
10.953217423061015978 -0.212182874631091145 0.000000000000000000 0.462734454209050072 454816.000000000000000000
14.509026327750243368 2.024865445227150840 0.000000000000000000 0.390368942745022207 0.000000000000000000
14.483882607358962602 -1.829464604945558293 0.000000000000000000 0.358262405352019142 448222.000000000000000000
13.687884290749904537 -1.713073417904510620 0.000000000000000000 0.297934444299272516 455928.000000000000000000
12.197440126748698930 -0.694393202951007260 0.000000000000000000 0.268187771494258709 456133.000000000000000000
15.395125005063380996 1.952969494808222128 0.000000000000000000 0.472039219701223256 453065.000000000000000000
14.189357870909800496 -0.317504030346281052 0.000000000000000000 0.127962228116591997 451867.000000000000000000
13.430133838899839915 1.466950925119081095 0.000000000000000000 0.255051486340814981 58612.637641395645914599
13.950986672187907445 2.559162638247708177 0.000000000000000000 0.449074839292239014 457790.000000000000000000
11.381112620077971087 0.837567124442878730 0.000000000000000000 0.411669398007896370 0.000000000000000000
