-0.639633930481437574 4.031514064286566779 0.000000000000000000 0.289565470588555141 636645.000000000000000000
-2.232088030239529175 3.592759795506178744 0.000000000000000000 0.053174025516993885 630261.000000000000000000
-3.748660129108003947 3.611785963227388763 0.000000000000000000 0.270216014293378215 81054.347922885601292364
-2.956163047019216172 1.351576615555944105 0.000000000000000000 0.468742067999050438 632151.000000000000000000
-0.718615047649905248 5.440513471896986530 0.000000000000000000 0.389318365760320695 205688.782026606786530465
-1.798197185592894876 1.933304911227057943 0.000000000000000000 0.358046977374862962 0.000000000000000000
-1.303161741857009615 5.880359522126571648 0.000000000000000000 0.393250040842333448 0.000000000000000000
-2.211531970029659178 5.194528641107027056 0.000000000000000000 0.232439969084985543 0.000000000000000000
-1.218763534838639195 3.726021188840105136 0.000000000000000000 0.187553185385580301 17111.630180118427233538
-4.066650545341752299 2.119606154519356078 0.000000000000000000 0.450693416177824380 0.000000000000000000
-4.798688350711945105 4.290762004086813519 0.000000000000000000 0.458318537532323100 0.000000000000000000
-3.233453452955368235 5.137993102013039604 0.000000000000000000 0.282050694246863187 0.000000000000000000
-2.443930389359439292 2.275185082755359911 0.000000000000000000 0.289486999476333717 0.000000000000000000
-3.509096422281049676 5.532272099159492029 0.000000000000000000 0.367590941916477121 633577.000000000000000000
-2.359064284988735771 1.700800023996748012 0.000000000000000000 0.390283625484428187 35044.493159351484791841
-3.386262178864876127 -5.161841005113496195 0.000000000000000000 0.302749864606643049 0.000000000000000000
-4.031456042425492825 -1.945910503149734794 0.000000000000000000 0.468562801449851074 0.000000000000000000
-1.199505849909717536 -2.323411796543099150 0.000000000000000000 0.336895284376538373 0.000000000000000000
-3.437349128190721359 -3.697123215077166680 0.000000000000000000 0.212945062263715679 508696.000000000000000000
-2.628490611478547567 -2.597902811886817265 0.000000000000000000 0.239384473445286988 0.000000000000000000
-4.140380360849297503 -2.165622100947995676 0.000000000000000000 0.454606045192036734 0.000000000000000000
-1.871870412173695097 -4.920926589537398144 0.000000000000000000 0.196074966480447560 0.000000000000000000
-2.228629976015382930 -3.224140184048204905 0.000000000000000000 0.118735234523989860 518136.000000000000000000
-2.092252342067224546 -5.813604315626121455 0.000000000000000000 0.343819632971849143 0.000000000000000000
-1.431975864510920404 -5.463953441994076954 0.000000000000000000 0.316653680861789466 510667.000000000000000000
-3.794098797015200475 -4.349042271650873204 0.000000000000000000 0.285653399652353090 517650.000000000000000000
-2.307029467230116815 -3.311939021032802355 0.000000000000000000 0.103345937661202369 515498.000000000000000000
-0.405314538304139049 -4.662677458726843582 0.000000000000000000 0.357755128264504840 515420.000000000000000000
-1.946523193802688567 -3.694182014664696201 0.000000000000000000 0.065611786647598203 0.000000000000000000
-2.248230482464849800 -6.467358585848186792 0.000000000000000000 0.458931600341623225 0.000000000000000000
5.115504538740524687 0.933141736458228843 0.000000000000000000 0.197361183135794149 573045.000000000000000000
3.436352780599934764 0.380534474003625445 0.000000000000000000 0.203668180261589976 576160.000000000000000000
6.063914828351542496 -1.912415653398696902 0.000000000000000000 0.437548962141070696 381565.372634141182061285
3.733811139198398799 -2.247854855068527780 0.000000000000000000 0.423077980433021195 569419.000000000000000000
4.243428984691085759 0.931267530060039150 0.000000000000000000 0.172388215967752334 568856.000000000000000000
2.185825132179857633 -0.026289987081409970 0.000000000000000000 0.414979952403016772 576953.000000000000000000
5.718906406334968828 1.393622654456259990 0.000000000000000000 0.327566436944742689 574669.000000000000000000
5.213658582776002248 2.032142493530966654 0.000000000000000000 0.381789552630666662 572356.000000000000000000
3.481103875152300020 1.359530964455475832 0.000000000000000000 0.303848388200574582 0.000000000000000000
3.012084617627056815 1.360439541616848880 0.000000000000000000 0.360827487540574754 0.000000000000000000
3.395044039422803639 -1.524265055243513078 0.000000000000000000 0.336493914182815546 0.000000000000000000
2.495301680456364579 1.138316468186983510 0.000000000000000000 0.412860017547425628 575325.000000000000000000
5.356381644260784114 0.417509408127311077 0.000000000000000000 0.167415700339339335 569286.000000000000000000
3.607488758624815883 -0.682217686397935008 0.000000000000000000 0.202051257901818826 575919.000000000000000000
4.104712260058586359 -2.422466027355640872 0.000000000000000000 0.436642546540523369 327009.789647646597586572
7.699865530592663987 8.740012072130758369 0.000000000513889341 0.470647513874159651 633419.000000000000000000
11.991594406771797665 10.086348257032868858 0.000000000703205378 0.375984309842562092 637653.000000000000000000
10.877548419288968873 7.055558046086304991 0.000000000456216201 0.311566421054148335 0.000000000000000000
10.559085643592716508 6.315689105132026526 0.000000000555775520 0.428099182257133393 261948.236738918407354504
10.902444601024985360 10.636211631034147018 0.000000000164008186 0.345614547067827571 629695.000000000000000000
8.048067426772606225 8.519714152320387868 0.000000000024384794 0.410567859365884691 632076.000000000000000000
9.252562543520781446 7.371197682539248675 0.000000000262555631 0.309972874210527105 0.000000000000000000
12.458370992226019069 10.289510383122772552 0.000000000778680984 0.463687797265147639 629308.000000000000000000
10.458334252629367001 7.602781211253803129 0.000000000565363710 0.201868211100466793 0.000000000000000000
7.979954820478678990 7.537551397447023405 0.000000000744300772 0.471555353677463152 0.000000000000000000
8.606965070360015346 8.323007799672717866 0.000000000751124646 0.317902037533279891 634105.000000000000000000
9.987540941381407578 7.702848860291068966 0.000000000187315027 0.193865026613653069 638846.000000000000000000
9.387008712209610195 8.111235132626124056 0.000000000387786744 0.203454199616786013 0.000000000000000000
10.311397763049736653 10.923942933901235719 0.000000000816409645 0.381587583802269648 0.000000000000000000
11.164368827050136446 6.799992448910963994 0.000000000436769528 0.371365653204951185 630793.000000000000000000
2.029154221793536106 11.189955710685334012 0.000000000000000000 0.375588042953265477 0.000000000000000000
-0.098839433222357234 13.547553585126529185 0.000000000000000000 0.436303269406116800 698344.000000000000000000
4.106539359037078007 11.990475614615688116 0.000000000000000000 0.390038803392222744 693174.000000000000000000
1.840433221788288609 14.607848970887314266 0.000000000000000000 0.252897691093770471 689958.000000000000000000
2.392003937284764792 11.482095934143735860 0.000000000000000000 0.319733720933526644 691631.000000000000000000
4.208809343654326796 13.476573751914010302 0.000000000000000000 0.335957352850014046 697561.000000000000000000
2.207853744226771386 10.815408895818837465 0.000000000000000000 0.438873446125733147 697785.000000000000000000
2.097547706653304811 13.952046500636161142 0.000000000000000000 0.127463561884350679 0.000000000000000000
2.756837430776446052 12.361855631785580556 0.000000000000000000 0.179455063507787171 0.000000000000000000
1.254184645051899194 10.901585409492918544 0.000000000000000000 0.464796946067516870 0.000000000000000000
1.664414758253875082 15.035304952300364789 0.000000000000000000 0.335208450511735812 39542.997671648401592392
3.905061616899184518 12.070752370271836895 0.000000000000000000 0.352728223150019560 0.000000000000000000
0.894227279633659222 13.212926745804811191 0.000000000000000000 0.256916475836221181 413048.102780354616697878
2.340874276712122448 13.244272466105103447 0.000000000000000000 0.005893726690977236 690705.000000000000000000
2.991703459267276877 10.799244060478995877 0.000000000000000000 0.456331245351440373 692413.000000000000000000
-7.368921568659541066 10.260399598444591263 0.000000000681742644 0.281784380503249166 1320551.000000000000000000
-6.616122482778487246 11.567900420283395491 0.000000000039375249 0.033787309487960854 1320737.000000000000000000
-6.002025799114934834 10.618067422809396305 0.000000000544168365 0.234413242807253369 1298780.000000000000000000
-6.394946731113452465 9.252891101355784187 0.000000000827947008 0.440687702020720551 1347612.000000000000000000
-4.141596834971729812 11.636559578633583811 0.000000000093237101 0.461952982561866288 1271588.000000000000000000
-7.465003675995037113 13.807371650548528663 0.000000000306759239 0.391805255539657893 0.000000000000000000
-7.019098858320194978 13.278415317045279664 0.000000000339077411 0.280692324570440577 0.000000000000000000
-7.412948094674050026 13.219833251346690517 0.000000000064929479 0.291915950363179799 0.000000000000000000
-7.086279664288903213 10.916088049567171936 0.000000000189252474 0.155382300359346803 0.000000000000000000
-6.145773056277990420 11.603418802287915668 0.000000000522066128 0.106530451488465946 1265467.000000000000000000
-7.137620441429858076 11.700407739101038374 0.000000000238292408 0.072298369881716618 642387.063063919660635293
-7.106639258571822992 12.909716430939248255 0.000000000515369052 0.221048684534905865 1281910.000000000000000000
-6.800958151178425837 11.160962955832472332 0.000000000456847933 0.099459481637642885 1250819.000000000000000000
-5.269186876127827546 13.248882789090172807 0.000000000892130870 0.376255755638025047 1318992.000000000000000000
-5.735443569024519128 9.495252605581764982 0.000000000092968204 0.432121960415376538 1330374.000000000000000000
-11.072818782951983962 5.352220261294929671 0.000000000000000000 0.315094931774955012 379723.452267701970413327
-11.596439566932749798 7.022075295272195206 0.000000000000000000 0.454244702595804906 0.000000000000000000
-10.165365857272822936 4.269203429279657236 0.000000000000000000 0.459691247514516954 0.000000000000000000
-14.013713145668271309 5.572427029786227948 0.000000000000000000 0.278887099254132020 813017.000000000000000000
-14.261549973173364592 4.159212995574418592 0.000000000000000000 0.290332378172737327 0.000000000000000000
-11.185315742708249687 4.013828070863035613 0.000000000000000000 0.295971128610156953 814951.000000000000000000
-15.170986424103052315 3.728181497954680790 0.000000000000000000 0.467940475824285551 820356.000000000000000000
-10.361291481480604304 5.124819669248551257 0.000000000000000000 0.426360232895728275 28407.623416892376553733
-12.333238067842666297 3.625812571227284842 0.000000000000000000 0.195315359377656372 0.000000000000000000
-11.457012095226410509 6.136657196094649436 0.000000000000000000 0.338682483289358738 816503.000000000000000000
-13.848722679006604253 6.807697252714486780 0.000000000000000000 0.421173049566594349 0.000000000000000000
-15.379878236937985392 4.566835336566628101 0.000000000000000000 0.475735044004310992 772311.184916024329140782
-10.120349957678373087 4.853405473299870820 0.000000000000000000 0.463124108857473460 0.000000000000000000
-10.494344025574932289 3.925040618406266280 0.000000000000000000 0.416777371973782673 813539.000000000000000000
-12.660544395754797620 3.162956495447700522 0.000000000000000000 0.263741189813783583 0.000000000000000000
-11.649642871815121481 -3.824781145679048588 0.000000000000000000 0.240968645655690289 569355.000000000000000000
-10.069120049102631143 -4.568514156490292244 0.000000000000000000 0.471637788832953986 222916.809065723122330382
-15.235359259405784726 -4.539756569118486240 0.000000000000000000 0.450227850185156875 0.000000000000000000
-12.909056736611395522 -5.553529984056729596 0.000000000000000000 0.156036269688003798 137597.059914579731412232
-12.978612823349267913 -7.349460152614208930 0.000000000000000000 0.466539311118376321 0.000000000000000000
-10.704130786822167565 -5.416618879371545070 0.000000000000000000 0.380540238684539511 569617.000000000000000000
-13.492192118036699711 -3.580771353873565932 0.000000000000000000 0.235831182415787544 577975.000000000000000000
-13.037872678876860633 -2.598251446653558006 0.000000000000000000 0.366102157707500597 0.000000000000000000
-12.076897559705470186 -4.265126192663574400 0.000000000000000000 0.134325551293656614 575330.000000000000000000
-12.165270906344858304 -6.563044291079265236 0.000000000000000000 0.342232082733935017 0.000000000000000000
-11.290412634550309079 -6.256464941322516182 0.000000000000000000 0.374133204300381772 570844.000000000000000000
-13.662234472219502379 -4.698058617622924871 0.000000000000000000 0.169226324048320054 285469.694202227401547134
-14.928862960808475080 -3.557241693260837501 0.000000000000000000 0.440064361765872547 574182.000000000000000000
-11.737543868389108681 -3.768405301822538966 0.000000000000000000 0.235334378659294907 0.000000000000000000
-14.835289214224813392 -5.964556618193441295 0.000000000000000000 0.438914135411924311 569801.000000000000000000
-6.550403270043519299 -12.287024455496938558 0.000000000565244073 0.105726934409467635 0.000000000000000000
-4.509408048562666416 -10.774149860164303760 0.000000000588573560 0.430135518194241728 0.000000000000000000
-4.951033141600237997 -11.123029431357023711 0.000000000887361900 0.334586417921115320 0.000000000000000000
-7.732321509848803842 -12.443303002957375014 0.000000000317396361 0.219501076777511989 0.000000000000000000
-4.372151495391062070 -11.800518078645142239 0.000000000154938332 0.420893570614181201 0.000000000000000000
-6.705109847903760745 -13.862086721991429883 0.000000000109370236 0.379424277010467104 0.000000000000000000
-6.683333132118409736 -9.565692453480650670 0.000000000871901060 0.381182098988924967 0.000000000000000000
-6.203522445453038436 -12.875782642656863786 0.000000000346576043 0.225568207065261706 0.000000000000000000
-7.494103295108658358 -10.183934896080414134 0.000000000352876198 0.303482418689746070 0.000000000000000000
-7.600773440899716071 -10.178328233400245395 0.000000000615409986 0.313283055168932512 0.000000000000000000
-6.831773774998948667 -11.866786942755693346 0.000000000832187109 0.031643243720218053 0.000000000000000000
-7.982305106995231547 -10.670162230798753811 0.000000000747991183 0.289785011822970784 0.000000000000000000
-8.617105296884339793 -12.267480504808078834 0.000000000473125533 0.349619384851467596 0.000000000000000000
-6.595989920330069367 -11.341500629770585817 0.000000000388468436 0.071054583990409495 0.000000000000000000
-5.918636032001891145 -9.543547655222111459 0.000000000818982277 0.411677611310958813 0.000000000000000000
2.439372098051582949 -13.571677932513942721 0.000000000000000000 0.055761182612796251 788001.202179675572551787
2.142421737488220401 -12.659675762818054068 0.000000000000000000 0.115091974210018391 1224308.000000000000000000
3.719563081975038710 -13.128807612010326977 0.000000000000000000 0.248281056762319430 1193210.000000000000000000
4.736812093527005274 -12.528598693737704295 0.000000000000000000 0.448354008629416101 1203754.000000000000000000
2.361773878254103121 -11.825746707269518154 0.000000000000000000 0.258428215194919875 0.000000000000000000
2.027289652077140403 -13.817176381262713747 0.000000000000000000 0.110726058104916966 1281123.000000000000000000
1.923275995797012694 -11.409997831973981874 0.000000000000000000 0.340433546490519212 564567.681952834129333496
2.232673769383938467 -12.603033321671691880 0.000000000000000000 0.121335838997673306 776376.444693714729510248
1.544101386721996150 -15.185161476964681881 0.000000000000000000 0.367943469146248980 0.000000000000000000
-0.131506002364271624 -12.258123400103077216 0.000000000000000000 0.475438300906077527 1247833.000000000000000000
2.920933461967449407 -14.443178390728544258 0.000000000000000000 0.232504666948247174 0.000000000000000000
2.097232896016192338 -14.841417918355020333 0.000000000000000000 0.281844298065629717 1192544.000000000000000000
2.583707687367905681 -13.469394711332647319 0.000000000000000000 0.056146017848436744 42959.331962871736322995
4.489902528150542693 -12.531895261659936835 0.000000000000000000 0.406365060040882409 1272976.000000000000000000
0.354723833951484935 -11.720233484294951154 0.000000000000000000 0.448726743113862681 1212376.000000000000000000
10.801976581132199939 -7.186123815605030885 0.000000000000000000 0.285753695556030918 0.000000000000000000
11.262512134896454086 -7.188073854481113578 0.000000000000000000 0.318735320582949955 1336256.000000000000000000
11.363116712266942088 -7.509082333848639657 0.000000000000000000 0.283288659174375679 0.000000000000000000
8.750448751309360063 -7.949704929489572969 0.000000000000000000 0.316253222618207985 1345614.000000000000000000
9.446948893753768672 -8.401561567766840710 0.000000000000000000 0.170508580158292317 1321753.000000000000000000
12.743247273151794730 -9.237078150360801487 0.000000000000000000 0.436674340970177044 1343778.000000000000000000
11.049238477855627849 -8.294594210576994087 0.000000000000000000 0.149202713586312208 1314084.000000000000000000
12.843512123727119700 -8.881217930313882292 0.000000000000000000 0.446716623360136289 1364401.000000000000000000
11.979018820306281512 -8.683720416799699748 0.000000000000000000 0.292256049721846378 0.000000000000000000
8.652119829544520968 -10.409179832205939675 0.000000000000000000 0.419323400025675808 483580.277699189085979015
8.802063989727232141 -9.497499623505161637 0.000000000000000000 0.304224110056260433 357297.603993949247524142
9.865654451886456400 -10.540409569997622796 0.000000000000000000 0.325717369948622937 0.000000000000000000
11.136432966792755295 -10.790616192100015880 0.000000000000000000 0.384792848855640413 1360468.000000000000000000
10.748175167925285933 -8.424419850484117234 0.000000000000000000 0.092157815262961629 817267.821469947812147439
9.242665683830622925 -9.906772370023572805 0.000000000000000000 0.282349880447398782 1322508.000000000000000000
11.127257499795273787 -0.161338774762126269 0.000000000000000000 0.431158819960170303 453442.000000000000000000
14.141087760998496847 0.647425049949478026 0.000000000000000000 0.154910740131500052 451050.000000000000000000
12.263287630118810512 1.066934660559826886 0.000000000000000000 0.293673070351896215 106381.674131225445307791
14.720550417785629449 2.188150274337015144 0.000000000000000000 0.432728176213433624 352217.490334199916105717
11.890348956927937252 -0.892404137903692662 0.000000000000000000 0.332646874134144621 449553.000000000000000000
15.863091911035708037 0.374740507802273193 0.000000000000000000 0.418917139404575589 450626.000000000000000000
14.838145615025448265 -0.639773398646739766 0.000000000000000000 0.256289883657836448 454031.000000000000000000
13.228696034748924859 2.037765512998130912 0.000000000000000000 0.357725108710391870 449187.000000000000000000
13.294139418923732521 1.165656975252091554 0.000000000000000000 0.206854110780144096 454476.000000000000000000
15.643949899224912414 -0.600550220900929355 0.000000000000000000 0.388896457636966342 449105.000000000000000000
13.542813804287622048 -0.013428965640910492 0.000000000000000000 0.002347651455883041 0.000000000000000000
15.623954218445502917 -1.592317133314761657 0.000000000000000000 0.461825943343326384 0.000000000000000000
12.532644358812417451 -1.223389667765228506 0.000000000000000000 0.278294118585898198 229878.706390565290348604
14.199407208454280394 -0.359510503125904601 0.000000000000000000 0.132827811858761913 0.000000000000000000
13.430039446884020293 -0.213426291363184556 0.000000000000000000 0.041959658024725448 449687.000000000000000000
