-1.353274445564989437 4.614375877781030866 0.000000000000000000 0.206531060915143116 10620.000000000000000000
-1.823042071195190461 3.284146374524137713 0.000000000000000000 0.132920401732926574 0.000000000000000000
-2.824845505196636353 3.654882376299802171 0.000000000000000000 0.109335980168368374 0.000000000000000000
-1.602139422190103746 4.097003889191431547 0.000000000000000000 0.122598324360686642 0.000000000000000000
-3.330676805148875541 4.889704197143818654 0.000000000000000000 0.261135266846716840 10868.000000000000000000
-2.475266587153786890 3.973910441701955953 0.000000000000000000 0.041458610391838471 8219.563480083837930579
-3.939477712777120999 4.074609838800956396 0.000000000000000000 0.301432517739660399 10839.000000000000000000
-0.886440750268112976 5.090688492397353215 0.000000000000000000 0.324823458011762933 10030.000000000000000000
-3.552468185294568315 3.317788242964219592 0.000000000000000000 0.252167209124624758 0.000000000000000000
-0.282542474578395097 2.794426828112483108 0.000000000000000000 0.402597204595202318 0.000000000000000000
-3.936944721317602092 5.056522812863452288 0.000000000000000000 0.364127371370350505 10972.000000000000000000
-4.211336656401181600 5.602473906165025497 0.000000000000000000 0.462564169472039599 10100.000000000000000000
-0.744552202352172676 4.178227066027321968 0.000000000000000000 0.274608437512329717 0.000000000000000000
-0.633131336509158094 2.669085680857351761 0.000000000000000000 0.362224488573349324 10194.000000000000000000
-2.797054181531885675 2.118475802712466827 0.000000000000000000 0.329741934873073905 10026.000000000000000000
-1.480721016162524162 -2.141802118662427645 0.000000000000000000 0.340864317535394867 0.000000000000000000
-4.169510725478768443 -3.606399639407592783 0.000000000000000000 0.344355750152437301 856.056071245109819756
-3.193775223006869890 -2.306523605670899979 0.000000000000000000 0.327536733803048152 3301.527680537366450153
-2.013505599208597285 -3.822800085557109817 0.000000000000000000 0.045236316355002894 0.000000000000000000
-1.202598037649517337 -4.947533418353133428 0.000000000000000000 0.266220948469095220 8045.000000000000000000
-1.994251727069015656 -3.145491711442563787 0.000000000000000000 0.140731261152532316 8134.000000000000000000
-1.676373521270919875 -3.842176709502373999 0.000000000000000000 0.104053834654409053 8631.000000000000000000
-1.269164596428051128 -5.146941196923876305 0.000000000000000000 0.284941316958199020 8085.000000000000000000
-2.305124874276347491 -2.762566657239119206 0.000000000000000000 0.200987077918467927 7572.713834988965572848
-2.843057209502135585 -3.240597007659487439 0.000000000000000000 0.155699475260497988 6356.400231195310880139
-2.888032521631001437 -2.015633130595265499 0.000000000000000000 0.352114150614296906 8931.000000000000000000
-1.351804555649887885 -4.481263705213273774 0.000000000000000000 0.192831932625826236 0.000000000000000000
-3.947273543796580686 -4.650491604416827407 0.000000000000000000 0.330035384867820858 8686.000000000000000000
-1.108404763130530490 -1.515424658502776190 0.000000000000000000 0.470034177785514262 1190.395706532769509067
-3.367125263195748897 -5.584714936917125172 0.000000000000000000 0.360607981406352474 0.000000000000000000
2.590977766062520615 1.577537027612615050 0.000000000000000000 0.442948091355215068 9770.000000000000000000
5.526519031971607099 1.675500679489591027 0.000000000000000000 0.347903670952087352 0.000000000000000000
2.477914709899417645 0.297804236174877668 0.000000000000000000 0.366751276563504980 9623.000000000000000000
5.013762182181653593 2.149224313110430273 0.000000000000000000 0.391956904683412266 0.000000000000000000
5.783161871555035027 -1.843756161821201500 0.000000000000000000 0.397803951564528468 9428.000000000000000000
3.295724302364984926 -0.858257721555919617 0.000000000000000000 0.265420916192915302 0.000000000000000000
7.004353896984929939 0.587280592433218285 0.000000000000000000 0.455843638978074395 9443.000000000000000000
2.082614224989471463 -1.010459828620662526 0.000000000000000000 0.469144227823947213 9272.000000000000000000
6.187953707106290224 -0.614008654645894492 0.000000000000000000 0.317582564666317402 9120.000000000000000000
5.453563099396862235 1.787541304653043062 0.000000000000000000 0.358823499152658709 9404.000000000000000000
5.383485573500580657 1.563681528129777787 0.000000000000000000 0.317947900342940903 0.000000000000000000
4.789876457162744572 0.499573050794653251 0.000000000000000000 0.101441834408671896 1944.986565180749948922
3.412810002622400418 0.686354044418496012 0.000000000000000000 0.231137279482432151 0.000000000000000000
5.443257459561981371 2.419525665569013384 0.000000000000000000 0.460370659232130774 9123.000000000000000000
4.100298155274511913 0.538043715879606532 0.000000000000000000 0.120772708471694204 0.000000000000000000
9.925859695840838270 11.277771608088949407 0.000000000178641015 0.449962524378981099 0.000000000000000000
8.880670244783887668 10.163806258997048815 0.000000000741978715 0.360015352428214142 0.000000000000000000
11.216135643312055592 9.426896545575978337 0.000000000609593169 0.196181925464768453 10793.000000000000000000
7.974914097359652843 8.235276735335681053 0.000000000794831417 0.431175268930519218 2661.905309239460166282
10.013948199574798537 7.288267016779544250 0.000000000312502708 0.262624645364709808 10224.000000000000000000
11.822724914663728768 7.869489790212790936 0.000000000818588580 0.305618867668395633 0.000000000000000000
10.280686586751695444 7.050662857007215401 0.000000000064045700 0.297838537947251902 0.000000000000000000
10.261529444450369297 6.115202137379673886 0.000000000822131974 0.461891201133296847 10165.000000000000000000
10.865329752939951291 10.761201978437174631 0.000000000896468238 0.364893176277661657 4741.836787842628837097
11.590363419234858355 7.451139600949208130 0.000000000843519604 0.317991640471139092 10487.000000000000000000
12.469110721081877458 8.016710741200965273 0.000000000428678204 0.400318653579941230 2944.354825789263941260
9.883855684668683139 9.634507216113695094 0.000000000321394771 0.175579012393144995 10451.000000000000000000
9.019579420318935448 9.598654911651179233 0.000000000051592869 0.278889548763246620 10017.000000000000000000
8.845535267663915846 10.850471525846804965 0.000000000406287390 0.455533226707804606 10283.000000000000000000
9.497406429831235286 11.092832930984927842 0.000000000132298474 0.438244598905433214 10717.000000000000000000
2.268389482417203507 15.092393410158488010 0.000000000000000000 0.323545234839389684 0.000000000000000000
4.057826307165347757 11.780712017409472381 0.000000000000000000 0.406447813883364595 11712.000000000000000000
3.535101306512697050 13.553683661206877176 0.000000000000000000 0.219611567746040126 11809.000000000000000000
1.512913194635441050 13.604992445218991648 0.000000000000000000 0.157648713146905678 0.000000000000000000
3.647722144910727771 12.919367202293539520 0.000000000000000000 0.242564555766945661 0.000000000000000000
4.046812897005316323 11.724761034969052531 0.000000000000000000 0.411579080769339967 11567.000000000000000000
0.135718618501795091 12.358541681188972561 0.000000000000000000 0.424603691962106899 0.000000000000000000
1.551055889488428319 10.933491149115907248 0.000000000000000000 0.440077261559844446 11140.000000000000000000
-0.002569549587753812 12.873315798471921312 0.000000000000000000 0.422628728775118756 11660.000000000000000000
2.227109048822822235 11.526810703026416860 0.000000000000000000 0.312210511554062209 0.000000000000000000
3.895296430111735209 12.281847944560023933 0.000000000000000000 0.329751424437669860 11131.000000000000000000
1.313139504943866998 14.155323750359897872 0.000000000000000000 0.240043508633586949 11120.000000000000000000
3.984946191695178719 14.790386064960081569 0.000000000000000000 0.398847339537601486 0.000000000000000000
2.392634186928701556 10.816331940707430093 0.000000000000000000 0.438224598649550934 11906.000000000000000000
0.853812050664137900 12.541022273687604027 0.000000000000000000 0.294622488524786674 11485.000000000000000000
-5.672104096018492747 13.654395421790717080 0.000000000898399094 0.391585845297844848 21179.000000000000000000
-8.608739987701456542 10.939598643144011092 0.000000000821831275 0.361620489111447563 0.000000000000000000
-8.181105493526132477 11.278493478222392454 0.000000000717953004 0.269669942205556956 0.000000000000000000
-6.327098295808618822 9.410530548796080197 0.000000000373914871 0.415020559938233891 8801.773908164417662192
-7.980859078092305658 13.177983606401975081 0.000000000069553450 0.340662929189391672 21182.000000000000000000
-8.028068391571308027 10.715614812409034684 0.000000000039482274 0.291134344776549370 0.000000000000000000
-6.005848214290119280 9.674222245425006861 0.000000000762598275 0.384567999970084284 21514.000000000000000000
-5.219008365278987149 11.167754356292876494 0.000000000540217625 0.286860886266162129 21065.000000000000000000
-9.147971736286818256 11.218242596332229866 0.000000000868227513 0.439480540637729677 17283.547264858065318549
-5.379696810974828658 10.935136911670289450 0.000000000022636723 0.278221636887020396 5696.947161418929681531
-6.977451988260748195 14.114164873604460482 0.000000000038147928 0.426127650891540199 328.404232808578683489
-8.296350957591844377 12.872553740803944322 0.000000000027132095 0.345352688828624577 1424.848660903731797589
-7.070948108856796033 10.034517308956560910 0.000000000283187182 0.304033428041309950 21666.000000000000000000
-4.434755994095424647 12.181656719506962716 0.000000000388836409 0.417639818880084501 3122.155253676279698993
-7.853996329154599998 13.960811673313433090 0.000000000322346991 0.443917411140088036 21976.000000000000000000
-10.117479882932428836 5.173119462741963659 0.000000000000000000 0.470622315778822964 13196.000000000000000000
-14.695302971193031638 5.442924135999204438 0.000000000000000000 0.377305821289000531 13064.000000000000000000
-10.553908202165562358 5.026421776360205484 0.000000000000000000 0.389614888518140690 13782.000000000000000000
-12.475836079128461265 3.396201895865233134 0.000000000000000000 0.227068698892849752 13185.000000000000000000
-12.382909886612523565 3.341239185607444817 0.000000000000000000 0.240025735232776732 13474.000000000000000000
-14.130427046887419351 6.955821105247869340 0.000000000000000000 0.468705088134736381 0.000000000000000000
-11.075532642219293677 4.096289381772555416 0.000000000000000000 0.309056120618293462 13022.000000000000000000
-15.078546784055401275 3.791697750929324151 0.000000000000000000 0.448690606967505623 3916.286409889273272711
-12.217830094221302062 4.223413456209031303 0.000000000000000000 0.118623706491193262 13133.000000000000000000
-11.733941304841396303 6.746586418338222479 0.000000000000000000 0.400287057660508150 13979.000000000000000000
-10.751738809614520775 6.462017620570927434 0.000000000000000000 0.468034895951766172 0.000000000000000000
-14.670109740538004317 2.883420551496151063 0.000000000000000000 0.467249665673455661 13178.000000000000000000
-13.896492147184394739 4.999596421408963209 0.000000000000000000 0.218174271454264712 6720.333932062905660132
-12.959854081652601110 7.229940952846979130 0.000000000000000000 0.445560024444636660 0.000000000000000000
-13.424047735551273064 3.771689145824628664 0.000000000000000000 0.202140450851440889 13907.000000000000000000
-10.483565339342034051 -3.963618470360487755 0.000000000000000000 0.416533698447000444 0.000000000000000000
-15.142145901513426764 -5.331050598514990746 0.000000000000000000 0.447440206354922820 9625.000000000000000000
-11.593557126711345973 -3.116347601364719999 0.000000000000000000 0.337530824862888157 9535.000000000000000000
-14.415208570321739856 -6.393792541388699568 0.000000000000000000 0.424696647307005126 0.000000000000000000
-10.425627594227165673 -5.713668869254784788 0.000000000000000000 0.445968039768598279 0.000000000000000000
-12.109162756251624415 -6.436370818595003485 0.000000000000000000 0.324374713458224107 9938.000000000000000000
-14.602434613613580083 -2.760957935226930893 0.000000000000000000 0.472988263310488044 9374.000000000000000000
-12.364292674084941481 -4.880054295919889817 0.000000000000000000 0.071375203212225402 9097.000000000000000000
-13.399892494714332969 -4.483292638732925717 0.000000000000000000 0.127040112717991593 9676.000000000000000000
-13.370128943654400189 -3.771025460970317766 0.000000000000000000 0.196363879975194139 0.000000000000000000
-11.899048507593015245 -6.473222589318277542 0.000000000000000000 0.344568843790276080 0.000000000000000000
-10.796965664590459255 -3.270710333809265791 0.000000000000000000 0.420708162245294226 0.000000000000000000
-13.922418404617808108 -5.482276100693654897 0.000000000000000000 0.256715034234284989 9218.000000000000000000
-14.275802802693851490 -6.576346109962774023 0.000000000000000000 0.431010758243233760 9290.000000000000000000
-12.069835648241991066 -5.976654272119261258 0.000000000000000000 0.253409436196561866 9372.000000000000000000
-5.240602155980097265 -12.158811375655711018 0.000000000163738691 0.277093460101910105 0.000000000000000000
-5.275178149021829022 -13.155778677706386759 0.000000000734879048 0.363777312061986047 0.000000000000000000
-7.066956164982895139 -9.067175378297369193 0.000000000241479518 0.472890277190437025 0.000000000000000000
-8.401978591801299245 -13.639217102222172429 0.000000000911766797 0.451289179975995713 0.000000000000000000
-7.473122616400214469 -13.371740051147307682 0.000000000526195508 0.320794167236588157 0.000000000000000000
-5.516864103340842540 -11.009496532161088922 0.000000000645616704 0.250454911670425828 0.000000000000000000
-9.286351068560627198 -11.336194881070378315 0.000000000894118576 0.460149461519414382 0.000000000000000000
-6.191687262924792989 -14.127253345907009319 0.000000000665345506 0.437285630778296686 0.000000000000000000
-4.492959947886948413 -10.376303088189187562 0.000000000205225707 0.464713903024125352 0.000000000000000000
-6.285695986868686802 -13.629090678305828988 0.000000000135464258 0.347540079046084027 0.000000000000000000
-5.583454108789275061 -12.087509968750946854 0.000000000507249413 0.214958368656074539 0.000000000000000000
-6.342514187449528329 -12.920773253276777837 0.000000000253251605 0.223922358649799674 0.000000000000000000
-8.322089101189929394 -10.681115569560931888 0.000000000596393119 0.337463994452865790 0.000000000000000000
-6.304528886863506543 -14.205193508120464330 0.000000000229293637 0.446841907649422110 0.000000000000000000
-7.369220293221207640 -9.963619384924319533 0.000000000841126933 0.330526749685287446 0.000000000000000000
2.655141803938733336 -14.740206925287406392 0.000000000000000000 0.266780867737918870 0.000000000000000000
3.310242927385213640 -10.889240911084895558 0.000000000000000000 0.459168286508719381 0.000000000000000000
2.503685838431900734 -13.167951941790072112 0.000000000000000000 0.035861211147619705 20926.000000000000000000
1.939371692786145074 -12.014758589369092689 0.000000000000000000 0.235522952228944205 15009.398844462088163709
3.833535873236430636 -11.914358374531216711 0.000000000000000000 0.360785000370215991 20305.000000000000000000
4.315159204450586650 -12.976148980710254577 0.000000000000000000 0.357048810189581844 20784.000000000000000000
0.563494537538324236 -14.833664692937116314 0.000000000000000000 0.420158558216324918 3025.827530114632281766
4.444714196261578820 -13.916282449510697816 0.000000000000000000 0.392938859986405431 20131.000000000000000000
4.365282375081673827 -12.380780877620660263 0.000000000000000000 0.395490737967181261 20397.000000000000000000
2.525961895985982864 -14.688488728701750929 0.000000000000000000 0.253696031513935716 0.000000000000000000
2.876604120893877514 -15.121562783924760609 0.000000000000000000 0.342371137033578132 0.000000000000000000
0.312140276080068613 -14.722662941702196804 0.000000000000000000 0.442985535119529206 20308.000000000000000000
1.148234252318697024 -12.557072622916587434 0.000000000000000000 0.247229581292521733 14227.334837854856232298
1.490929108382262891 -11.945100233332489381 0.000000000000000000 0.280811097808113252 4422.376424180642970896
1.681139777704536487 -12.091807843198504102 0.000000000000000000 0.241030030183339100 20152.000000000000000000
11.606576011397711667 -9.704771334284570727 0.000000000000000000 0.280978427382649831 0.000000000000000000
11.692331807199753513 -9.081912217205754700 0.000000000000000000 0.247923362982552714 0.000000000000000000
10.667571114347444095 -7.090003517799060795 0.000000000000000000 0.296355771240247257 22541.000000000000000000
11.669662393586039073 -6.535459340548242402 0.000000000000000000 0.453814265434789865 22706.000000000000000000
11.328946449956882603 -8.577740845013705595 0.000000000000000000 0.178674505238495596 7286.503229614610063436
10.726584191920125022 -8.890467892134815031 0.000000000000000000 0.073192346587116430 22333.000000000000000000
8.384665438742587185 -10.292074515858843142 0.000000000000000000 0.441868193038005952 22145.000000000000000000
11.439546918155480526 -9.306368108238968873 0.000000000000000000 0.218913084808377845 22235.000000000000000000
11.206241305733882996 -7.147167791109061419 0.000000000000000000 0.319960185069696645 21647.022545480802364182
10.232018666838399668 -7.718989886839518810 0.000000000000000000 0.181501183906024571 22641.000000000000000000
10.109154284485057929 -9.510349378500697171 0.000000000000000000 0.139949531411086486 22919.000000000000000000
9.336456623212249895 -7.411015731010722085 0.000000000000000000 0.295230294725118358 0.000000000000000000
11.011675018019893457 -9.286888564487686182 0.000000000000000000 0.152377711627182000 0.000000000000000000
9.081032919223613220 -10.529929506762002234 0.000000000000000000 0.385222050046586773 22110.000000000000000000
9.823819397529852893 -7.225317963900557139 0.000000000000000000 0.282640286967753396 0.000000000000000000
12.256094686300620822 -1.024369495573532518 0.000000000000000000 0.290074750699013728 7084.000000000000000000
13.569792439914051485 2.346161383348039919 0.000000000000000000 0.406579656519073795 0.000000000000000000
12.471602319314524010 -1.575048783549074072 0.000000000000000000 0.333420027284925424 7649.000000000000000000
11.841565486628420345 0.750970249827393355 0.000000000000000000 0.329884122682276071 0.000000000000000000
11.789963941382017865 -0.102817899082401742 0.000000000000000000 0.312649170972707169 7135.000000000000000000
11.127829434299750133 0.540081905510864102 0.000000000000000000 0.440297723848489642 1619.061982164090522929
13.674712555020967386 0.472537417676786586 0.000000000000000000 0.085266017384904746 7386.000000000000000000
14.413152021682469339 -0.789667593870905682 0.000000000000000000 0.206943012820743372 7798.000000000000000000
14.948553964370042024 -0.513608383350665720 0.000000000000000000 0.266126082321694546 7870.000000000000000000
13.074668051467046581 2.344864057285348746 0.000000000000000000 0.415146397411162771 7409.000000000000000000
12.710204108167141968 2.254515836752799540 0.000000000000000000 0.418438142039614214 0.000000000000000000
15.475362529436750947 -1.596284829355715251 0.000000000000000000 0.441303845642471604 7118.000000000000000000
11.929447811236311594 -1.543457352324457021 0.000000000000000000 0.393097963621802382 7326.907990046320264810
12.431808727345696752 -2.162504925339266748 0.000000000000000000 0.424452079961410822 7439.000000000000000000
13.880374893961731075 1.068617077322241204 0.000000000000000000 0.194695885911926353 7708.000000000000000000
