-4.625070245712253225 4.098333276157016591 0.000000000000000000 0.423433807319381683 635870.000000000000000000
-2.403284656526901930 5.228022562200695944 0.000000000000000000 0.239638611221116099 638064.000000000000000000
-2.990341061778738929 2.305893878126390018 0.000000000000000000 0.310776955500251806 633729.000000000000000000
-2.779752985287753386 1.843870353922171246 0.000000000000000000 0.376006632210975633 633870.000000000000000000
-0.207095876332131973 3.943139653865350258 0.000000000000000000 0.365669418215764097 629818.000000000000000000
-3.945247546531500671 3.453921181890474923 0.000000000000000000 0.310529480312184802 638612.000000000000000000
-4.091244911404532836 2.041668144177725353 0.000000000000000000 0.463566756193379781 634375.000000000000000000
-2.751189010909397492 1.443434886727007038 0.000000000000000000 0.444396610578139117 0.000000000000000000
-3.128388714035437168 3.083707744778957149 0.000000000000000000 0.211344560426660721 635672.000000000000000000
-2.056115558265867893 4.464041380698061445 0.000000000000000000 0.108367324918621277 0.000000000000000000
-1.317151966714921851 5.648976409832854095 0.000000000000000000 0.355361805363738237 635366.000000000000000000
-4.177608944207379160 3.245932341007836008 0.000000000000000000 0.360771034838120119 308963.271056973026134074
-2.045039522087165107 1.582434688887676799 0.000000000000000000 0.412739159048868098 631221.000000000000000000
-1.880681833720048157 6.143344949909891994 0.000000000000000000 0.406887799989589349 637678.000000000000000000
-0.174864095337869452 3.986895594909745544 0.000000000000000000 0.371690837049551970 629444.000000000000000000
-1.439946980634916551 -3.537942665784859386 0.000000000000000000 0.158764340727979070 509696.000000000000000000
-1.047643043889840309 -6.034321241766597232 0.000000000000000000 0.438665873398813855 513243.000000000000000000
0.109676373954977174 -3.557164669905347409 0.000000000000000000 0.426143167744611695 0.000000000000000000
-1.607364090167542114 -1.520346712054537974 0.000000000000000000 0.437741766666808918 517026.000000000000000000
-1.591566608785754289 -1.916711472615064027 0.000000000000000000 0.371044598748420495 0.000000000000000000
-2.138317128504953590 -4.804767631726591048 0.000000000000000000 0.164280276040623452 0.000000000000000000
-3.472773946851130944 -4.753223823763215172 0.000000000000000000 0.265435516683277972 0.000000000000000000
-2.826841608176038356 -6.210799973475211289 0.000000000000000000 0.425405630720213368 0.000000000000000000
-4.071055859474879135 -2.425742643718659330 0.000000000000000000 0.415067038592906334 513623.000000000000000000
-4.359289326476954329 -4.899359239620356909 0.000000000000000000 0.415265231649389277 518380.000000000000000000
-1.824083526483561091 -6.106121531333375430 0.000000000000000000 0.402176478224281431 136537.246361737692495808
-4.537340530122413895 -5.203820322082489902 0.000000000000000000 0.468592483087207079 517266.000000000000000000
-0.181913291939369504 -4.498505255410910841 0.000000000000000000 0.385578936743594614 238277.677035104657988995
-0.696417167564596151 -2.011199793134776481 0.000000000000000000 0.435338927755073435 511428.000000000000000000
-3.966894142012358238 -3.798579448888190324 0.000000000000000000 0.304962475567188529 513851.000000000000000000
5.135405442712416502 1.034514323923475754 0.000000000000000000 0.214509966098386268 0.000000000000000000
3.930395812034207292 -1.743296122005747018 0.000000000000000000 0.326854323074585118 570165.000000000000000000
5.074563600952951781 -1.571732573256966248 0.000000000000000000 0.296471618890965405 569517.000000000000000000
2.674178172645123919 -1.503845357033734453 0.000000000000000000 0.423169494977159055 0.000000000000000000
4.248090568859677063 -1.963733657641542063 0.000000000000000000 0.352166052379983052 430434.725104318757075816
5.006964378227562129 1.486819897101001375 0.000000000000000000 0.278298201179384475 0.000000000000000000
2.477557780839291013 1.482705663317801736 0.000000000000000000 0.448657082169052979 0.000000000000000000
5.503421495280805154 1.045850541148944268 0.000000000000000000 0.256055726221358804 569853.000000000000000000
5.027000120979427500 -0.995556223521716910 0.000000000000000000 0.199048142987073795 0.000000000000000000
4.703307572314408880 0.162645264138601531 0.000000000000000000 0.044397225168483274 0.000000000000000000
1.951653043357134631 0.233991939284165229 0.000000000000000000 0.458571734502999040 0.000000000000000000
4.591470439225389555 -0.728806811778234254 0.000000000000000000 0.130217517893604667 0.000000000000000000
2.806459394936836826 0.210740690318763441 0.000000000000000000 0.306657716773607925 0.000000000000000000
5.660749291230640523 -1.921519428851354849 0.000000000000000000 0.397622682103669856 0.000000000000000000
2.818957161786708632 -1.580682945314152432 0.000000000000000000 0.412678581784460041 571655.000000000000000000
8.367689597264746482 7.675742091098854303 0.000000000537507155 0.398999829153849295 0.000000000000000000
10.608640243255878843 6.226225471718358051 0.000000000170269749 0.444541287046599287 0.000000000000000000
10.256914454334904008 10.472979115562173646 0.000000000478381446 0.302877832276004788 638118.000000000000000000
8.187071987022148889 7.727594640059907150 0.000000000568944326 0.423713300429697792 579784.873299959814175963
9.552010285321859584 10.846621544610501431 0.000000000371533114 0.394322635703615532 638023.000000000000000000
9.174931899955108605 6.408024526181334224 0.000000000837300664 0.460529429280653768 0.000000000000000000
9.459246279250173473 9.707125262154216117 0.000000000470850861 0.230307585121663522 0.000000000000000000
11.154848436825119506 10.124578451948424984 0.000000000644354578 0.281380681771077057 636435.000000000000000000
10.129398400455389861 9.702716729775964666 0.000000000084241468 0.171648196325397101 633948.000000000000000000
10.121258187444054144 9.636015569970163952 0.000000000776644745 0.160602780898890019 0.000000000000000000
10.816276521357782059 9.203164868047432279 0.000000000589377639 0.116405224792956855 0.000000000000000000
10.360778679229811772 8.499131684078731652 0.000000000192711938 0.043784016886988034 0.000000000000000000
9.705240362120752806 10.120365287331582138 0.000000000030204879 0.266173753652621914 637004.000000000000000000
8.337830012660592871 8.898992651142831889 0.000000000107544818 0.357949117041096221 632850.000000000000000000
10.829842793225031627 8.822988091103258768 0.000000000837685399 0.088191978832638088 0.000000000000000000
2.863355353547887727 12.456094539717431857 0.000000000000000000 0.173887481932122639 698240.000000000000000000
4.967295718532021453 13.155993811160588081 0.000000000000000000 0.469716380668689371 242999.851529382023727521
4.311583178296316099 14.815619582171750679 0.000000000000000000 0.446229858139198687 0.000000000000000000
4.612801621041595190 14.114655865611675623 0.000000000000000000 0.432547558442072932 689900.000000000000000000
4.180010602862489044 14.888390949398925045 0.000000000000000000 0.436366735258945981 0.000000000000000000
1.897180785165071493 14.796425257592078495 0.000000000000000000 0.281653685216926686 0.000000000000000000
1.622760743582291942 10.851091630247196917 0.000000000000000000 0.450244229375761751 0.000000000000000000
2.829861332799034290 12.465536704619657016 0.000000000000000000 0.169289788528193902 0.000000000000000000
3.839076289008078735 11.274495022687617052 0.000000000000000000 0.445935677235008376 0.000000000000000000
3.007500400698520426 15.597772144831164809 0.000000000000000000 0.430257382776207786 691161.000000000000000000
0.669444644398476840 12.479943810460209619 0.000000000000000000 0.328925814554554996 689691.000000000000000000
3.146337484429896136 12.449445925240382849 0.000000000000000000 0.206477079359395632 692306.000000000000000000
0.586776218645455483 13.075450236650496549 0.000000000000000000 0.313512439680259603 691423.000000000000000000
1.068437431716356745 12.618851976957575545 0.000000000000000000 0.254238508065529389 690409.000000000000000000
2.052836206546299280 15.635336618098984118 0.000000000000000000 0.423018066435897622 690809.000000000000000000
-6.535065329313975546 11.266406013536913733 0.000000000070177432 0.087449436541348624 0.000000000000000000
-6.449199448129816936 12.850674814932448342 0.000000000552298875 0.206691937714513302 1313049.000000000000000000
-4.408756599079815430 11.732423125900663052 0.000000000369390602 0.414127563784811858 1324290.000000000000000000
-5.658942216684832438 10.476139572589371340 0.000000000797131063 0.291669226508065593 1270653.000000000000000000
-7.598014243278585766 11.769831371665398834 0.000000000571739668 0.154550658805394536 125070.985396725620375946
-6.181282649858395040 11.138658347102962765 0.000000000044452569 0.142125003632183472 0.000000000000000000
-6.914663168895287981 11.887798821860892318 0.000000000477972660 0.044177492046054617 89112.656577101937728003
-6.293848558640346980 9.772509411873580021 0.000000000328820734 0.353364392430526586 0.000000000000000000
-8.230538429975775117 12.877573257618958991 0.000000000575228005 0.336506347258554994 1317609.000000000000000000
-6.480105557633431879 11.709442593611539607 0.000000000197227567 0.044997312069230119 1307567.000000000000000000
-5.192257047327945685 11.830251431548695962 0.000000000107725449 0.275210854490328893 1272822.000000000000000000
-6.276436662481092554 14.360391776554045862 0.000000000877693106 0.474780186039569507 710285.824037238839082420
-8.265391375474642643 9.660343549706883692 0.000000000086978945 0.454874790194224776 1333980.000000000000000000
-8.417018653810583118 12.141741789618894387 0.000000000711549837 0.309418369461493703 1308217.000000000000000000
-6.077486809486270403 13.145374905079194150 0.000000000141003430 0.278355480939612654 1294748.000000000000000000
-12.968719779548804283 3.533587571447858622 0.000000000000000000 0.204154432656792867 0.000000000000000000
-10.747471573738659245 4.012944235137024585 0.000000000000000000 0.369114578556454964 0.000000000000000000
-14.852206979993731295 6.234782054100829640 0.000000000000000000 0.466840174415453779 818279.000000000000000000
-13.400891898809165426 2.177432695525994166 0.000000000000000000 0.451258883472507144 0.000000000000000000
-12.316610963702887105 2.097181207972101724 0.000000000000000000 0.454704856230820520 0.000000000000000000
-12.870075373838563593 6.494461993331619887 0.000000000000000000 0.316877858769523291 0.000000000000000000
-10.829832521424895830 5.824824758980138739 0.000000000000000000 0.390736676132500960 171221.270326107536675408
-12.382444688056709836 6.769416452478395740 0.000000000000000000 0.368516125016089380 811121.234265847131609917
-15.146340232754919697 5.343156631997573847 0.000000000000000000 0.448695185005277719 772925.752048936439678073
-12.226362654456064405 6.117353113743382309 0.000000000000000000 0.265009396325979252 815569.000000000000000000
-13.060126260716957702 5.059039035578607013 0.000000000000000000 0.090535572654347279 0.000000000000000000
-13.809472804325093165 4.718481167430979895 0.000000000000000000 0.195561056202731925 815111.000000000000000000
-12.716929990636099745 5.487752195994744397 0.000000000000000000 0.140697561679968469 80515.545306372805498540
-12.465964296482990648 7.393664329386584910 0.000000000000000000 0.474335905219975984 0.000000000000000000
-11.195886909819444455 4.898877933370295423 0.000000000000000000 0.273154280191693188 817227.000000000000000000
-14.505387443914639078 -4.188590316961249727 0.000000000000000000 0.330569586708671259 0.000000000000000000
-10.350403124836320856 -4.866698701838633845 0.000000000000000000 0.422400462956994460 0.000000000000000000
-14.151439192833194625 -6.847871334655603270 0.000000000000000000 0.455141687031277886 30435.396533885308599565
-10.729337657430058073 -5.471558502269329161 0.000000000000000000 0.379702038826150001 570721.000000000000000000
-10.633330531805047059 -6.270129750369025423 0.000000000000000000 0.463217062756601239 576037.000000000000000000
-12.066727360146069614 -2.265215051461351159 0.000000000000000000 0.435654051605821657 18501.074689101653348189
-11.314652798886145391 -2.558840395978447813 0.000000000000000000 0.445743999577635885 569889.000000000000000000
-10.866037025563251461 -6.401845147191440155 0.000000000000000000 0.445837691767429767 429404.587851896416395903
-10.612402208095211620 -3.344554901086302490 0.000000000000000000 0.440923544833641379 0.000000000000000000
-12.326515185960696286 -4.983830883328509209 0.000000000000000000 0.087002811440403394 0.000000000000000000
-15.227746818385261562 -3.857730967312050563 0.000000000000000000 0.470174630459267051 576242.000000000000000000
-13.399861180550949769 -7.312883517846056947 0.000000000000000000 0.473484940264660981 0.000000000000000000
-14.436149294369020168 -3.847093044711151322 0.000000000000000000 0.339252964976935911 570491.000000000000000000
-15.202913459005435115 -4.545050615434500507 0.000000000000000000 0.444405231905116105 391867.533449311158619821
-11.729715803172579669 -2.211512673420704900 0.000000000000000000 0.464126628933808461 569109.000000000000000000
-7.975891915354814898 -9.475904588648235816 0.000000000544216312 0.454149983313765326 0.000000000000000000
-5.749422751494853046 -14.216629528152552098 0.000000000647837772 0.475952240985206387 0.000000000000000000
-4.814111239221833038 -10.662646841815721643 0.000000000290269492 0.389796319902611765 0.000000000000000000
-7.646897248616099318 -11.482439330207807160 0.000000000662688591 0.168264060059218568 0.000000000000000000
-8.354726324585501018 -12.711647080803613719 0.000000000665353947 0.338213102932149456 0.000000000000000000
-8.568375372236031851 -12.104751200037073389 0.000000000734772519 0.334259688043486825 0.000000000000000000
-4.278725067110332958 -10.909237392634059560 0.000000000072956271 0.460251555881737218 0.000000000000000000
-5.226600691560563838 -9.764396995630322706 0.000000000002797578 0.438173413385373967 0.000000000000000000
-6.848904632584586594 -10.950564425462498974 0.000000000406276469 0.137515122957524133 0.000000000000000000
-9.334002957710163528 -11.277467352988141513 0.000000000638630239 0.470153803473708665 0.000000000000000000
-8.648145914303549731 -9.992057002264198573 0.000000000188122806 0.457774124107264313 0.000000000000000000
-5.758896107161200817 -12.157410686489194873 0.000000000573286895 0.190129923031051862 0.000000000000000000
-7.241918638611620551 -12.971695557122659537 0.000000000584520577 0.239558374489649062 0.000000000000000000
-6.047564458496490047 -9.579687902637138208 0.000000000780981470 0.398015398650920504 0.000000000000000000
-6.608238801414068497 -9.518250141175116141 0.000000000515518576 0.390135615378017275 0.000000000000000000
1.534491496406523936 -12.875722686054263733 0.000000000000000000 0.159450300459001743 114029.579179253792972304
3.345052611261580378 -13.141772606793569622 0.000000000000000000 0.181730970218953652 507476.614797317946795374
2.442436030940438041 -14.159445621322523934 0.000000000000000000 0.158367026338230105 1192483.000000000000000000
2.695198427098884242 -10.918044627044690031 0.000000000000000000 0.424840704145990122 1241104.000000000000000000
1.065605335563081679 -13.467011885466064314 0.000000000000000000 0.228649712757931084 0.000000000000000000
4.374339307659710130 -11.563164441422578932 0.000000000000000000 0.474441279915360226 1231709.000000000000000000
2.119855884642452004 -13.962219067662946514 0.000000000000000000 0.127929652677299888 1220724.000000000000000000
0.216978867810376785 -11.925199331360991195 0.000000000000000000 0.447620055537103823 0.000000000000000000
2.707594510990327663 -13.791436824365773006 0.000000000000000000 0.113247737562945081 1222520.000000000000000000
3.014096850591837295 -11.719612370318804651 0.000000000000000000 0.302524265633433931 1250302.000000000000000000
0.905374230008572090 -12.010698100981134218 0.000000000000000000 0.340181456273990435 1205072.000000000000000000
0.909410288722053539 -14.788399835482614719 0.000000000000000000 0.370148795593509827 676088.477361576631665230
4.519132754939683139 -12.575013120193613503 0.000000000000000000 0.408885750947578119 1217712.000000000000000000
0.677590995975461130 -12.425627895100282316 0.000000000000000000 0.331923457916192266 1195362.000000000000000000
0.372388158660964252 -11.730654303632531921 0.000000000000000000 0.445105031424544384 1265758.000000000000000000
10.055061249749906338 -9.523406363470733993 0.000000000000000000 0.145242277813276061 0.000000000000000000
10.645638387623531429 -10.096361394553737156 0.000000000000000000 0.242494945623349500 1340563.000000000000000000
9.758898447340172311 -10.876146361817696118 0.000000000000000000 0.387613339834957715 1391527.000000000000000000
8.303088861895785655 -10.178888672974894192 0.000000000000000000 0.441811762726686930 1369605.000000000000000000
11.171959187330886110 -11.132049980946005618 0.000000000000000000 0.442966633211810068 1340725.000000000000000000
9.840845502537899137 -8.294323637702122554 0.000000000000000000 0.119471355152123815 1380447.000000000000000000
9.205107677613099781 -7.227709120829211464 0.000000000000000000 0.335062561951327831 1340874.000000000000000000
12.495445072808877285 -8.342981651127367115 0.000000000000000000 0.390542453742028506 0.000000000000000000
12.223878043496116064 -9.284378616879465085 0.000000000000000000 0.348526895420127936 1310334.000000000000000000
12.111376064386254470 -9.465614939992546439 0.000000000000000000 0.339648031982426768 0.000000000000000000
10.877022462712069739 -11.161243906845035312 0.000000000000000000 0.433444546213411663 0.000000000000000000
9.732351828364720348 -6.555377350923509816 0.000000000000000000 0.399793039150065754 1349162.000000000000000000
10.042660030350734957 -6.467758337540600699 0.000000000000000000 0.403509729954422303 0.000000000000000000
8.332399797083168025 -9.596310595620433759 0.000000000000000000 0.387773657811198713 948069.284975320682860911
9.174772999315752742 -10.238840238644250746 0.000000000000000000 0.334301526634973589 0.000000000000000000
15.124551617048965113 -1.685002098762020450 0.000000000000000000 0.405396739522486782 453354.000000000000000000
14.277978796826920060 0.868181084866158970 0.000000000000000000 0.199555541771507361 451514.000000000000000000
13.588854209874472900 -1.346055743526225257 0.000000000000000000 0.233406799385410008 0.000000000000000000
14.564602448145258506 -2.333343129391749926 0.000000000000000000 0.442789318270502552 167519.934398905606940389
15.923010151799809719 -0.913626900534387110 0.000000000000000000 0.452846972698344619 457547.000000000000000000
14.121552190576757368 -0.551998321079617549 0.000000000000000000 0.140841757117804972 0.000000000000000000
14.343341544513734220 -1.589008314593055138 0.000000000000000000 0.309874918886306749 455961.000000000000000000
11.178431356702439814 1.219672833085616137 0.000000000000000000 0.471617876815954296 454842.000000000000000000
15.040301165071417344 -0.044644447898929629 0.000000000000000000 0.267362135518483868 452947.000000000000000000
12.944258059346806178 0.971162866736195562 0.000000000000000000 0.199286670704777402 172787.412875796202570200
14.266662166494453956 -1.649957002822901808 0.000000000000000000 0.313424980980983481 0.000000000000000000
11.156532001174067403 0.877570957002480889 0.000000000000000000 0.451648725435510268 0.000000000000000000
12.714891454275567995 1.251766355088001825 0.000000000000000000 0.262503720307850019 455823.000000000000000000
11.903927991816267706 -0.608663264610511345 0.000000000000000000 0.310419867062499799 454668.000000000000000000
12.205840052543393881 2.096933891627314583 0.000000000000000000 0.435200671830582364 0.000000000000000000
