-3.937806541881169409 3.223763263545645241 0.000000000000000000 0.321977185206440975 450909.984952040947973728
-1.060978434482068522 3.327348611406776069 0.000000000000000000 0.235762817313136669 637959.000000000000000000
-0.522987346328812053 2.089504762406960481 0.000000000000000000 0.445578635727954364 0.000000000000000000
-3.581387641776907937 3.974060786392662692 0.000000000000000000 0.236296189526228384 0.000000000000000000
-3.961864449792078524 4.888124269386741716 0.000000000000000000 0.351745272970241052 631515.000000000000000000
-0.516801262969058151 3.996383784154459828 0.000000000000000000 0.310934464298870616 0.000000000000000000
-2.378576646417221774 3.987976662927519289 0.000000000000000000 0.027630854404504766 631366.000000000000000000
-2.965309403366470420 2.903344436727886002 0.000000000000000000 0.216221096086935988 0.000000000000000000
-2.586316907046439795 2.766019221845679610 0.000000000000000000 0.208543883457558143 0.000000000000000000
-0.066809615456017657 5.046048579202172313 0.000000000000000000 0.441507145002512758 0.000000000000000000
-1.110324073430858816 4.884319174059932323 0.000000000000000000 0.270588010237327481 632242.000000000000000000
-1.644228295202890155 4.647793436611921791 0.000000000000000000 0.173740837744095683 631324.000000000000000000
-3.334037598592674012 1.874028035734277564 0.000000000000000000 0.406884072374775696 0.000000000000000000
-1.987593518336383092 4.791245224709478556 0.000000000000000000 0.167575285605547103 634771.000000000000000000
-1.407716120885648570 3.605662160276752903 0.000000000000000000 0.159832298257920530 579865.327484010951593518
0.187443716460874849 -3.168186911098981984 0.000000000000000000 0.454433249312220233 515605.000000000000000000
-1.546717577366581109 -2.410482807889368306 0.000000000000000000 0.292487240981192775 31192.031187592598143965
-2.376376337911334957 -6.450966819290040455 0.000000000000000000 0.456475314934337684 234231.264308390585938469
-2.488312728375043914 -2.488927138080832879 0.000000000000000000 0.252872698646683547 0.000000000000000000
-1.615626852552678905 -3.870065835746893335 0.000000000000000000 0.114584658162053557 0.000000000000000000
-2.605155338396857978 -5.639269511955250280 0.000000000000000000 0.317522574245919509 516843.000000000000000000
-0.927865443864920647 -2.252005352945585237 0.000000000000000000 0.376004904794277284 0.000000000000000000
-1.103193710314742226 -5.978143553999216486 0.000000000000000000 0.425098229196949062 509267.000000000000000000
-1.188421057332811115 -6.016570978121156266 0.000000000000000000 0.424051534407729136 119806.424022190549294464
0.249989284692328478 -3.697127514110257973 0.000000000000000000 0.448315248537297706 508979.000000000000000000
-4.078929614015303073 -2.716968811747901391 0.000000000000000000 0.385838625560831761 197184.356362577818799764
-3.130675224566637382 -2.393578634038724395 0.000000000000000000 0.308486157976112785 0.000000000000000000
0.231469449491440382 -3.781391249560370760 0.000000000000000000 0.444117311351144295 508407.000000000000000000
-4.331212269096735845 -5.287872870158333072 0.000000000000000000 0.445328161259117283 516854.000000000000000000
-3.360028644155249822 -1.916698444313529759 0.000000000000000000 0.402437575560832594 43608.327468698014854454
2.439990481029758573 -1.092876475069376019 0.000000000000000000 0.417657100900112044 0.000000000000000000
6.450000148972338643 -0.543480187572492279 0.000000000000000000 0.358226601093134422 573572.000000000000000000
5.396937725120318774 1.073472136716094649 0.000000000000000000 0.247152030707380260 0.000000000000000000
5.848524537009797797 -1.393395005389516772 0.000000000000000000 0.343102976723620390 573836.000000000000000000
5.620166614459440879 -0.992093169077089998 0.000000000000000000 0.264339074449051692 0.000000000000000000
7.066481920785380844 -0.661733187860389038 0.000000000000000000 0.469747410533166321 0.000000000000000000
3.187265969538721322 0.238483699500984525 0.000000000000000000 0.240266290242902775 573436.000000000000000000
4.918352968677994319 1.607484013683056379 0.000000000000000000 0.294471225282512683 570299.000000000000000000
6.196648285203952611 -0.185357420990156951 0.000000000000000000 0.301658408848734294 570795.000000000000000000
6.725592159240258106 0.648523008828164271 0.000000000000000000 0.410558443527377748 462427.751408066658768803
5.280604592450154122 1.568531836835879822 0.000000000000000000 0.310221147698053756 0.000000000000000000
4.456825246015720055 0.464879958846327379 0.000000000000000000 0.083233525521453952 575738.000000000000000000
3.008645004971642223 1.549085418903052958 0.000000000000000000 0.384551950967489453 0.000000000000000000
3.155119812446378624 -1.684747372236485630 0.000000000000000000 0.385243128092629339 0.000000000000000000
2.200840156771908696 0.517638583683933562 0.000000000000000000 0.422435588005821039 0.000000000000000000
12.237127648740893093 8.389460601276720553 0.000000000599276688 0.343801217537435200 0.000000000000000000
8.831481967590841364 9.056191973348690638 0.000000000069296275 0.274384659124257191 631730.000000000000000000
7.765775158383923404 8.681540488296413116 0.000000000170284228 0.459050434440695987 638865.000000000000000000
9.699003141534801031 7.258961943034818454 0.000000000206791889 0.285279403068696258 629859.000000000000000000
9.761831207529446885 10.480131799957252525 0.000000000690020624 0.321022141261759042 638302.000000000000000000
11.070824712546544433 8.729499899520789086 0.000000000783703194 0.130202210571872395 638916.000000000000000000
10.009297201849706838 9.372458954380523011 0.000000000149910813 0.124461702789192455 636851.000000000000000000
12.502428154229720647 10.036913794966539015 0.000000000558124400 0.446283426487478041 0.000000000000000000
11.030782760211621962 7.630051017469326347 0.000000000623219776 0.231248978416131151 193706.825529771856963634
8.304134532334773056 9.176749983083968942 0.000000000385626140 0.370716665664834411 638787.000000000000000000
9.200505579677479062 8.144426252897920548 0.000000000262683254 0.229205990721829678 0.000000000000000000
11.560618563410539394 6.518720611822754307 0.000000000309040204 0.446599629942198706 634759.000000000000000000
9.549744691217556536 6.998840113847301758 0.000000000384400590 0.337883436006652882 454487.875968531065154821
9.841569070377387263 7.624988438799954693 0.000000000603439860 0.216214488573346436 0.000000000000000000
9.119433256338453475 6.954999027048964777 0.000000000872101863 0.382854257953746002 632580.000000000000000000
0.714364695922323212 11.383564536392688282 0.000000000000000000 0.443946713813193838 0.000000000000000000
0.941017291651294885 13.148106819164921077 0.000000000000000000 0.249381020541546122 0.000000000000000000
2.169237369990646869 13.386971711792288176 0.000000000000000000 0.035377224151550465 689913.000000000000000000
0.974006633628772822 11.115008863576308684 0.000000000000000000 0.455030778812820835 27406.164558065778692253
0.383465083278035412 14.162309036171841115 0.000000000000000000 0.381805683558891440 693108.000000000000000000
4.288876617080607190 13.248545907857268489 0.000000000000000000 0.348374678783249458 308420.167598742758855224
2.122796272102500659 10.697933422583414398 0.000000000000000000 0.460766924932404787 691738.000000000000000000
3.573779652253494366 14.009018157993521569 0.000000000000000000 0.256484802161441705 698754.000000000000000000
1.819329985777373704 11.040923706672288063 0.000000000000000000 0.408632071295642940 0.000000000000000000
0.274539209304856757 14.638349141799194442 0.000000000000000000 0.439998643055712069 692409.000000000000000000
1.336377060986860599 15.319733898447513099 0.000000000000000000 0.405043559390945718 690009.000000000000000000
4.853233937512314355 12.399643305237345814 0.000000000000000000 0.475225995730566786 575813.339747542864643037
1.180550802518792297 11.363217333407778398 0.000000000000000000 0.398071824578395017 0.000000000000000000
1.885511961102110057 12.684556088404370655 0.000000000000000000 0.132374173863733013 0.000000000000000000
3.938554866244489361 14.091811084717855707 0.000000000000000000 0.320594142309559960 690848.000000000000000000
-7.457480897119192598 10.837837309427941435 0.000000000095663821 0.202413657982218914 1278017.000000000000000000
-5.285087740293435310 13.780847045382225602 0.000000000493805984 0.447345903149051538 1261047.000000000000000000
-6.981975780494355632 11.077609768662238565 0.000000000161202737 0.121847806333033895 0.000000000000000000
-6.475096023386324617 10.653998685899722432 0.000000000889085982 0.193994571954429457 0.000000000000000000
-5.042993710316418188 12.898819440552141913 0.000000000491681772 0.366646755889161347 0.000000000000000000
-6.642701773617881500 10.645778308784427324 0.000000000887994094 0.190591243615613193 784.647467777270890110
-5.640332901064745386 11.900106672060129398 0.000000000665950354 0.197280500948908033 1291754.000000000000000000
-9.018817217377096185 12.853699154241823521 0.000000000618803490 0.454091774465122555 0.000000000000000000
-7.749241776044668129 12.631216457327857583 0.000000000129965382 0.242655487970894701 934541.563634361373260617
-7.330035231113608774 9.880700276069216414 0.000000000662525470 0.342111805867354346 1337451.000000000000000000
-6.133837596491377830 14.210900623408170063 0.000000000348994027 0.454077703179062708 1124230.989992136135697365
-4.470690257499111198 12.594889525866237889 0.000000000064869192 0.432001254587480843 983421.583785725175403059
-6.659942222943540990 11.395178373929137905 0.000000000926246325 0.058697473401448964 0.000000000000000000
-4.751597978332729788 10.357878370535944512 0.000000000696716845 0.427597705057400135 1250071.000000000000000000
-6.676799579990359668 10.522800658172700494 0.000000000421751037 0.211912841533162838 1344336.000000000000000000
-12.293245750864311816 6.074320169960701676 0.000000000000000000 0.254153284594802853 816556.000000000000000000
-13.087746240909963191 6.440458954885253995 0.000000000000000000 0.313320717917225711 0.000000000000000000
-10.703431134274641323 4.150124905079035642 0.000000000000000000 0.369891817111824117 0.000000000000000000
-12.337230844862576262 3.369766472160056647 0.000000000000000000 0.237404449394385181 812967.000000000000000000
-11.037654099610305636 3.957843335880359970 0.000000000000000000 0.324024604032283614 65226.451523553238075692
-13.032194276916133191 4.430181530622903097 0.000000000000000000 0.071411755078188380 0.000000000000000000
-12.727223743288659463 7.317442714814700544 0.000000000000000000 0.458804750723643184 0.000000000000000000
-13.618283618945472568 3.962277060474762802 0.000000000000000000 0.203704484232893335 811231.000000000000000000
-13.176793515304218829 7.001610120271656967 0.000000000000000000 0.411911986725631951 0.000000000000000000
-13.714559972850823399 6.362445848100290569 0.000000000000000000 0.342406585820010934 811651.000000000000000000
-12.687964916185928033 3.595220614341814169 0.000000000000000000 0.188450556661623941 0.000000000000000000
-11.462390786542911769 6.916079847233621791 0.000000000000000000 0.449170584620038393 817898.000000000000000000
-13.424129416858553654 5.851858971902043294 0.000000000000000000 0.239927661751808491 814502.000000000000000000
-12.506883470585322016 4.350372222027252711 0.000000000000000000 0.067910372033278821 816521.000000000000000000
-14.019211849052636509 5.735741748325263956 0.000000000000000000 0.296334929266423797 812308.000000000000000000
-13.971953616610864657 -7.085327532725504085 0.000000000000000000 0.473874677003326805 521461.635608454060275108
-11.288650370650250565 -4.237213841798155300 0.000000000000000000 0.265313425149826643 0.000000000000000000
-15.117922071499711123 -3.816377248137259315 0.000000000000000000 0.453865787726028980 577258.000000000000000000
-13.363129196788030129 -3.602030220230371338 0.000000000000000000 0.219956380187783962 189152.291707423108164221
-14.968592372393736412 -4.653977132230825653 0.000000000000000000 0.402065586206611869 0.000000000000000000
-14.069219359211372122 -3.723803742329826694 0.000000000000000000 0.293000277338515636 0.000000000000000000
-11.499394843230360763 -4.181943903689701258 0.000000000000000000 0.233018678980843108 575884.000000000000000000
-10.678383016127249050 -3.554647190693602354 0.000000000000000000 0.412319679470298850 0.000000000000000000
-14.094035497849350946 -5.434169710657305252 0.000000000000000000 0.278851173403915353 571406.000000000000000000
-11.824213464494880199 -5.821073065585886219 0.000000000000000000 0.254364723677077575 574726.000000000000000000
-13.351316507041728343 -3.930184363213482079 0.000000000000000000 0.172735330044594626 575309.000000000000000000
-15.210182900787115656 -3.960385770533553895 0.000000000000000000 0.462107975341033317 0.000000000000000000
-14.267056731293614291 -3.435852879195861576 0.000000000000000000 0.350894506485128432 0.000000000000000000
-13.533407341149160885 -5.517832066296325166 0.000000000000000000 0.206414320971072374 0.000000000000000000
-11.735106174992049333 -5.613820149573428786 0.000000000000000000 0.238605608805243730 573901.000000000000000000
-6.787363114391094854 -9.171215124954109399 0.000000000591611737 0.450951312810219218 0.000000000000000000
-8.185496548544525908 -12.908760079961231426 0.000000000383027901 0.333625981766262070 0.000000000000000000
-7.750517189568369325 -12.863779713526996673 0.000000000897777149 0.271888434321301498 0.000000000000000000
-5.686765944699778252 -12.660339465490668687 0.000000000371902081 0.250143624137421139 0.000000000000000000
-4.957333730288435270 -11.127412656604859009 0.000000000471312304 0.333275732155243698 0.000000000000000000
-7.395133126722694072 -9.189747959945245626 0.000000000069427083 0.462606587430843430 0.000000000000000000
-7.455440565567966082 -13.027430581939718479 0.000000000187499848 0.264937282281318742 0.000000000000000000
-5.156629001427623926 -13.691742179304490890 0.000000000328940247 0.448536666157616781 0.000000000000000000
-7.204707152511383050 -11.012838115940752459 0.000000000418054131 0.150596170374072497 0.000000000000000000
-6.603334930215922327 -11.845304346872289614 0.000000000522255308 0.032125026250793207 0.000000000000000000
-9.143002479456228571 -11.436481453430221933 0.000000000751942853 0.432506882375345736 0.000000000000000000
-8.798074747724523803 -10.408251828655009419 0.000000000929789468 0.434830244834932544 0.000000000000000000
-6.747052339359830953 -11.661255727506162572 0.000000000568025586 0.010487371873342146 0.000000000000000000
-6.418209745865027571 -9.465981244544286355 0.000000000468490123 0.402745670496878538 0.000000000000000000
-9.313157661246766139 -11.241730475148912660 0.000000000915134418 0.467584991105887637 0.000000000000000000
0.598589213185847013 -12.093259920797171603 0.000000000000000000 0.374359705932396092 1251882.000000000000000000
1.745397673105578695 -11.051209932372467293 0.000000000000000000 0.410028789145242156 0.000000000000000000
2.302047271026185893 -11.830171270951630902 0.000000000000000000 0.257663884970151136 0.000000000000000000
2.413164565324012134 -11.421229702512642135 0.000000000000000000 0.330701867717874409 0.000000000000000000
4.165847057489818539 -13.800646806531526423 0.000000000000000000 0.339463814975789591 1208012.000000000000000000
2.640024631211216555 -14.836844630267824741 0.000000000000000000 0.283081436289738253 1102184.513467800570651889
4.609967955032248987 -12.714791086127716468 0.000000000000000000 0.417689695497405533 1220569.903111221035942435
3.795115866473559141 -14.446159381420816459 0.000000000000000000 0.333301194535665535 1195676.000000000000000000
2.544597537230268269 -14.915417628551029594 0.000000000000000000 0.294185953939152089 0.000000000000000000
4.098993958461417009 -13.338275252074394572 0.000000000000000000 0.314691467557441762 1285570.000000000000000000
3.716812581908790492 -11.397111744484456963 0.000000000000000000 0.415443075169537213 0.000000000000000000
-0.109506225499960322 -13.163243774957894772 0.000000000000000000 0.435996674553801700 1266838.000000000000000000
2.268660331322358115 -11.860333188650471925 0.000000000000000000 0.252503242965449182 1258392.000000000000000000
1.869985691714723286 -12.641816706629159128 0.000000000000000000 0.140132172172418551 0.000000000000000000
2.594002734736795990 -14.092737401843917766 0.000000000000000000 0.152495501227815328 1250469.000000000000000000
8.865380295891823081 -9.457199681942013214 0.000000000000000000 0.290984913658690725 1395389.000000000000000000
9.875444383145056904 -10.078452055892517691 0.000000000000000000 0.247749580106149447 1350960.000000000000000000
11.060576834660489354 -10.114247035563710853 0.000000000000000000 0.271531440609706409 1359217.000000000000000000
7.940527475761562037 -9.141179950698528955 0.000000000000000000 0.433319985809868802 1317661.000000000000000000
9.354146890772740974 -6.247960754215662327 0.000000000000000000 0.472898015438595554 1388843.000000000000000000
12.525217675035213105 -7.329023013237114803 0.000000000000000000 0.461577292606472844 0.000000000000000000
10.584958687919577613 -7.917736209072018916 0.000000000000000000 0.151907457781554456 1380041.000000000000000000
8.607640764667442212 -9.631293987887699970 0.000000000000000000 0.345711888195339934 0.000000000000000000
10.778879902475912544 -6.826116090080882159 0.000000000000000000 0.345692075661512555 1398081.000000000000000000
12.147114279106428825 -9.405792088395520167 0.000000000000000000 0.341915088902222386 1375803.000000000000000000
11.701670010404777500 -9.817656171502349594 0.000000000000000000 0.306393990578349151 1398438.000000000000000000
11.345870708690641848 -9.047310010348596165 0.000000000000000000 0.186692413572383642 0.000000000000000000
9.985716706438905632 -8.774054673992123909 0.000000000000000000 0.063422405084866518 0.000000000000000000
10.629511980713436614 -7.412703275481594467 0.000000000000000000 0.239630991283892231 546108.911819987930357456
9.812647750818513259 -10.351455917428635800 0.000000000000000000 0.296710932086223289 1079676.922273956472054124
11.223625304027288863 -1.151765133586572398 0.000000000000000000 0.459150503786612985 452410.000000000000000000
12.694522570243602644 2.415482321908744012 0.000000000000000000 0.445626564258088775 457147.000000000000000000
14.895246295689988258 1.335762632049882992 0.000000000000000000 0.333976238454829377 449878.000000000000000000
14.285865013961140946 -1.848077859776749765 0.000000000000000000 0.346223179044962803 448313.000000000000000000
12.880951758091033099 1.563943649423019888 0.000000000000000000 0.295809694179538674 0.000000000000000000
15.788696674489958838 1.078460281449803437 0.000000000000000000 0.441693559323783180 0.000000000000000000
14.053641197168309063 -0.832828688530589778 0.000000000000000000 0.170690522363124791 456047.000000000000000000
14.803119731716366303 -1.750440103798291291 0.000000000000000000 0.376993873579685612 452487.000000000000000000
11.155393491359394176 1.147872730961526644 0.000000000000000000 0.469840721815904860 451428.000000000000000000
12.913868150026278414 -0.399117268917399404 0.000000000000000000 0.131520429650732185 0.000000000000000000
13.545818565436665182 -1.476609859824523197 0.000000000000000000 0.255897477270553175 341014.139878112473525107
14.139730732048978012 -2.235519348330183842 0.000000000000000000 0.401353066665411151 0.000000000000000000
12.145385191949712222 0.367394447570782989 0.000000000000000000 0.256851097794637884 451883.000000000000000000
15.326352180222583499 -1.535190985214929471 0.000000000000000000 0.414118263859720448 450281.000000000000000000
15.603700111870500322 -1.595773481289944451 0.000000000000000000 0.459293776658004083 450006.000000000000000000
