-1.845844967685907445 4.445181266319501390 0.000000000000000000 0.123181451286527827 637456.000000000000000000
-1.087891180922848866 3.913976225113213303 0.000000000000000000 0.208626363801045406 0.000000000000000000
-2.438730557133252042 4.254698702236146879 0.000000000000000000 0.072448371617886476 635293.000000000000000000
-4.557978497218703851 3.740052951606473552 0.000000000000000000 0.410726330218703695 637851.000000000000000000
-2.789028136299139149 5.107268251544213378 0.000000000000000000 0.236454884576583646 501733.499996008235029876
-0.538574356017288314 2.757670863464384947 0.000000000000000000 0.366926654719874068 0.000000000000000000
-1.188093008155025387 4.924112216994368296 0.000000000000000000 0.265139491309677899 634041.000000000000000000
-1.285384375026080273 5.882941004253580353 0.000000000000000000 0.395045873318989438 0.000000000000000000
-0.652232316456698324 3.261903367082297223 0.000000000000000000 0.307330668844437882 0.000000000000000000
-3.848545603072883736 2.878386825110487379 0.000000000000000000 0.335791098231464802 637819.000000000000000000
-0.053441720766356900 4.051630673503920477 0.000000000000000000 0.393978992585314158 0.000000000000000000
-1.647363898680333394 5.603671096859609513 0.000000000000000000 0.324036362831456926 0.000000000000000000
-2.617596913016960958 3.375909972561339067 0.000000000000000000 0.111753695050409579 0.000000000000000000
-1.609227621524911944 4.870893206576610623 0.000000000000000000 0.209510793211728746 0.000000000000000000
-1.788241499110811761 6.488910085166008201 0.000000000000000000 0.470348192598334158 631137.000000000000000000
-1.583425567609950679 -1.765120993003816974 0.000000000000000000 0.397151811160093515 471381.574028431845363230
-0.416639533531034001 -4.742380188612147052 0.000000000000000000 0.361620971087079357 0.000000000000000000
-1.062394993862042725 -2.499606661022526488 0.000000000000000000 0.326781967960755759 0.000000000000000000
-2.252630622859814746 -5.258962951444554612 0.000000000000000000 0.243764162877111723 278875.255402755225077271
-1.648955673306822911 -3.993721336612323647 0.000000000000000000 0.110143363719214016 508818.000000000000000000
-3.304283745354154256 -2.490588080318456576 0.000000000000000000 0.311174172084082101 161213.869773829472251236
-1.486961319097977130 -3.702797138288210554 0.000000000000000000 0.141454937468891095 516670.000000000000000000
-2.730258677332153994 -4.020608542660952800 0.000000000000000000 0.087278523101126909 0.000000000000000000
-2.499468931207970090 -4.670136244574955242 0.000000000000000000 0.145393478722005975 0.000000000000000000
-2.087982064353052447 -3.524086416318302550 0.000000000000000000 0.071916765435131647 0.000000000000000000
-4.209456411711919976 -5.673670531432201791 0.000000000000000000 0.470754271641617039 0.000000000000000000
-3.067322941776764900 -4.656317158470233863 0.000000000000000000 0.198492727023251297 373958.649673284613527358
-1.614725848416702858 -3.180034519323955422 0.000000000000000000 0.170747178288308432 0.000000000000000000
-3.886754500526202527 -3.140854256996882476 0.000000000000000000 0.319410653477409545 435557.836699463427066803
-1.759784333960046965 -4.018683584819148891 0.000000000000000000 0.091736751102355976 0.000000000000000000
5.594553366990687948 0.519312333293976081 0.000000000000000000 0.213488072884132019 303847.776672794541809708
5.352999786188611608 0.822448465377851989 0.000000000000000000 0.208994594617915030 569023.000000000000000000
6.234036470681476594 -0.124073858111429070 0.000000000000000000 0.307312716801672048 577209.000000000000000000
3.772660554087556406 0.235325523170348577 0.000000000000000000 0.138626018687208974 571616.000000000000000000
6.866226397077912047 0.953430518930892923 0.000000000000000000 0.451986834444644492 575013.000000000000000000
2.264303672695627601 1.433305985790271686 0.000000000000000000 0.475158433050853590 61847.962578607286559418
5.595187810637093584 -1.582207737136372305 0.000000000000000000 0.340610432524758644 36806.957953361190448049
5.083862795655460509 0.438705920132029692 0.000000000000000000 0.127985879814787429 577001.000000000000000000
5.687882728979115399 -1.295677960365559489 0.000000000000000000 0.310901460819168252 578095.000000000000000000
4.579115162908763637 -2.178275986840004119 0.000000000000000000 0.387164108255016959 0.000000000000000000
3.808804352892094958 -1.651449663157704251 0.000000000000000000 0.319337217189254341 0.000000000000000000
4.795621264710236531 -2.176844499506422448 0.000000000000000000 0.389917171852222466 574960.000000000000000000
3.298935504788725215 2.067371431718852737 0.000000000000000000 0.426636501817948877 0.000000000000000000
4.296718482424063623 -0.936618564809283849 0.000000000000000000 0.170894524098363504 577652.000000000000000000
3.791426595171416558 -1.109754273938399649 0.000000000000000000 0.235602809057709500 575485.000000000000000000
9.663418280837525742 10.031650578725395562 0.000000000243675931 0.255617022312105646 0.000000000000000000
8.901129902115851422 9.007370305644530006 0.000000000203421803 0.260589578390574728 0.000000000000000000
9.686500318909102347 7.525935821138625137 0.000000000758150315 0.244139192326533139 0.000000000000000000
12.071221937323473483 10.262091552804822214 0.000000000824192383 0.406476261843436770 635610.000000000000000000
10.715542446805304877 7.020224119621026659 0.000000000002917339 0.310061027032525804 631004.000000000000000000
10.080785502974910273 6.398256640180345123 0.000000000872578413 0.414759212112933540 631013.000000000000000000
10.830917763260034192 9.531617989230580790 0.000000000720580381 0.162759178614651862 0.000000000000000000
9.680441939366733806 10.827223929796209845 0.000000000172013881 0.383447118768770412 0.000000000000000000
11.155440156169635912 6.410735642394402412 0.000000000840831412 0.434269095387470050 633241.000000000000000000
10.638117824144135426 8.039278778137672887 0.000000000072325010 0.135061497543170261 371789.590406072675250471
10.699730241488644822 6.494354792923292763 0.000000000357829943 0.400077362136779580 0.000000000000000000
9.327017973458259448 9.390460313386968849 0.000000000632907366 0.213004256840799655 0.000000000000000000
11.091180284728542560 8.168133978314923382 0.000000000492075526 0.167967004845321899 637833.000000000000000000
10.501243969346321094 10.493412256002846661 0.000000000586956023 0.307311472188656509 630785.000000000000000000
8.568799618361632398 8.887091836455365268 0.000000000001606587 0.316746440871310819 635830.000000000000000000
0.643676163389134914 14.838448725339098644 0.000000000000000000 0.410110594500950054 0.000000000000000000
1.402070848832124073 13.509998949367219012 0.000000000000000000 0.171275355304466914 345430.964889626717194915
2.247490371331015258 11.021138325383434520 0.000000000000000000 0.401958081280626878 696307.000000000000000000
0.525255811666702432 11.639453159945320593 0.000000000000000000 0.434766495320101254 0.000000000000000000
1.789937933896607491 11.490874543274077979 0.000000000000000000 0.332536571562201677 0.000000000000000000
0.804447352300661556 13.562404316669256943 0.000000000000000000 0.277373838333936640 693590.000000000000000000
0.919908350624769500 11.661413972639936176 0.000000000000000000 0.382549713354741305 0.000000000000000000
2.785676282788599245 15.556132942013899623 0.000000000000000000 0.413715748320991450 564157.723780535976402462
4.262370093562593887 12.542763184337811566 0.000000000000000000 0.367588173797957052 0.000000000000000000
2.781423617659292358 15.282839627711075181 0.000000000000000000 0.365951628664676121 0.000000000000000000
1.390642216080180571 14.070850331988040693 0.000000000000000000 0.219771766848063932 692783.000000000000000000
1.571998609902778954 12.500284925108291034 0.000000000000000000 0.193876111922952427 0.000000000000000000
3.277052719089847077 11.629087076366637632 0.000000000000000000 0.338001115631715976 698486.000000000000000000
2.727144357240687711 10.999072542380188722 0.000000000000000000 0.411513665463012768 690199.000000000000000000
1.696112026919933902 15.372170144886345255 0.000000000000000000 0.390160901101605895 0.000000000000000000
-6.709601008677502421 10.020825199436506736 0.000000000075133374 0.300548782738454701 1310081.000000000000000000
-6.995575782461671110 12.900637289130452601 0.000000000621858174 0.214358228042927701 0.000000000000000000
-5.669501951453450594 11.183287714400858448 0.000000000730588506 0.211864385813081896 0.000000000000000000
-5.597307655842914009 10.704179128285048250 0.000000000850334728 0.270631425728364461 0.000000000000000000
-5.928754208283364413 11.412895621821096626 0.000000000290747547 0.153135158939529559 0.000000000000000000
-5.352323589678918303 12.530817125673356927 0.000000000257568106 0.284994169980567202 192047.459037735534366220
-8.164413443504505707 13.256152999450709018 0.000000000537528522 0.372780278980864355 1284716.000000000000000000
-5.156444884931524975 9.991866296797342173 0.000000000805096485 0.415418921980418576 0.000000000000000000
-8.089735314840867275 12.150152004972085251 0.000000000002469190 0.253661058466889799 0.000000000000000000
-8.395654437893815825 9.960358756886440901 0.000000000836507641 0.429374411365195108 1254412.000000000000000000
-8.115118749314227387 11.158320446478221299 0.000000000409152594 0.265599202709752180 0.000000000000000000
-6.489532744044135271 11.563443288067748682 0.000000000706703501 0.051271988947948127 0.000000000000000000
-7.832643267486718130 13.307576907091375418 0.000000000892271676 0.342581277668369877 0.000000000000000000
-7.413495023904114412 11.968096057801444587 0.000000000667371648 0.129167547465662169 0.000000000000000000
-8.057062173646736269 10.425672826032503338 0.000000000498721055 0.328578800579794328 1293230.000000000000000000
-11.923038660295139479 5.995237888784045843 0.000000000000000000 0.269077680521011886 812286.000000000000000000
-13.072365395496072793 2.625197173144763862 0.000000000000000000 0.362491509688746660 813555.000000000000000000
-11.773418482534049545 6.144895734658037512 0.000000000000000000 0.305435019651087325 0.000000000000000000
-11.407735832773990836 3.590447060544243119 0.000000000000000000 0.300194971112660247 815437.000000000000000000
-13.784959637332507398 4.800982264785178977 0.000000000000000000 0.192245027855534184 819090.000000000000000000
-10.898622048332962109 5.026669418891614782 0.000000000000000000 0.329072329160658206 92806.083573889845865779
-11.478967751897585003 4.308554120303943691 0.000000000000000000 0.229245549314099073 0.000000000000000000
-14.427881392850352427 4.929462421617441414 0.000000000000000000 0.308743506806063939 814557.000000000000000000
-12.452697482702893339 4.510716894432283297 0.000000000000000000 0.054844571629440529 810816.000000000000000000
-14.072407388898035663 2.488986985530751816 0.000000000000000000 0.450387575934704354 815064.000000000000000000
-14.292159587940625798 2.990712263171035445 0.000000000000000000 0.405958058316962300 817960.000000000000000000
-12.226447295754965694 6.757581805638214867 0.000000000000000000 0.372073500270776070 815009.000000000000000000
-12.385893250960732459 7.114671914909156847 0.000000000000000000 0.427823457067357693 0.000000000000000000
-11.548066167209913857 6.518691509112674254 0.000000000000000000 0.382018494827245814 0.000000000000000000
-14.412447036696654834 6.697702401111682136 0.000000000000000000 0.462745631518043710 813094.000000000000000000
-12.084725947597801721 -2.308362676802437008 0.000000000000000000 0.427551130974068216 0.000000000000000000
-14.330878580757758556 -5.762965895452271781 0.000000000000000000 0.344200379921103028 570186.000000000000000000
-12.537495713817008891 -5.560189176600577987 0.000000000000000000 0.156506829265623648 577704.000000000000000000
-11.050411950155478280 -6.308515439832686589 0.000000000000000000 0.410658686846565479 85236.794548809062689543
-11.398762810909174092 -3.628635803033353202 0.000000000000000000 0.297294798201497901 0.000000000000000000
-11.476021142927523400 -2.748836853932103086 0.000000000000000000 0.402161924675035420 0.000000000000000000
-14.179465125558113670 -3.450645654724882050 0.000000000000000000 0.337106394365248030 84868.197546466719359159
-11.956449284545303868 -5.043798429503410397 0.000000000000000000 0.149115124433459367 576579.000000000000000000
-14.219172709982027314 -4.781623020716961214 0.000000000000000000 0.269061047059293346 0.000000000000000000
-13.466216855446132783 -6.735693049969678547 0.000000000000000000 0.381533271555666409 0.000000000000000000
-15.166949031556132610 -3.720847872807676371 0.000000000000000000 0.467715241317193109 575021.000000000000000000
-12.942172071108725362 -7.036315406111780746 0.000000000000000000 0.411784335619599984 575245.000000000000000000
-14.952145173218317709 -5.000813468859843347 0.000000000000000000 0.402987367809453711 573542.000000000000000000
-13.095249764687256544 -6.995974424762009924 0.000000000000000000 0.408343406983388335 570632.000000000000000000
-13.112251443620777991 -4.729135601827639590 0.000000000000000000 0.071693045299930216 0.000000000000000000
-6.354649523489767304 -9.658394559009945368 0.000000000567059938 0.370955024300669789 0.000000000000000000
-6.485822733560727471 -13.705396552229386131 0.000000000318649280 0.354474538424549290 0.000000000000000000
-8.136394410477082673 -10.205429004300830442 0.000000000482727258 0.366238105042362816 0.000000000000000000
-7.049215687460296920 -13.167934997246304007 0.000000000778866021 0.262588807530070578 0.000000000000000000
-6.550274506518201534 -10.708351164931629640 0.000000000237128418 0.181781530999605784 0.000000000000000000
-5.707913375030554626 -11.985592269722303627 0.000000000593307540 0.188624426223058278 0.000000000000000000
-7.025302771921590583 -11.847924777470339563 0.000000000222966297 0.056999847283928214 0.000000000000000000
-7.595188600988010741 -13.299816404276040060 0.000000000784673410 0.319106980568473420 0.000000000000000000
-6.338089969967119153 -12.728943364871232902 0.000000000918047636 0.192209946078461091 0.000000000000000000
-5.341892114410909720 -10.368360193374350331 0.000000000462845458 0.344511034907783786 0.000000000000000000
-6.136569147252625811 -9.667446832000717194 0.000000000646220342 0.378470706302653448 0.000000000000000000
-8.304349760109296597 -13.325404441297663993 0.000000000007440033 0.398859046311068333 0.000000000000000000
-8.393292078620307350 -13.771879967248205290 0.000000000676956004 0.468183243476967936 0.000000000000000000
-8.131469558184031499 -13.504624635242775454 0.000000000553895851 0.402238285228231685 0.000000000000000000
-7.893430730442580590 -13.092567220377969051 0.000000000841672758 0.319079171948722540 0.000000000000000000
1.101157030312284180 -14.272964722153615114 0.000000000000000000 0.282490589458893826 0.000000000000000000
1.667242633222470349 -15.536249762517485351 0.000000000000000000 0.419628497251425148 0.000000000000000000
0.876238761044965564 -13.726805643214376573 0.000000000000000000 0.271958977395045154 1216368.000000000000000000
2.825526133282280750 -14.122726609341551551 0.000000000000000000 0.174220843629897648 135337.867719175876118243
2.685788233739701436 -15.852453550363533097 0.000000000000000000 0.462842936555688589 0.000000000000000000
0.109880746070085605 -14.110527225571106058 0.000000000000000000 0.423351733982942180 1231831.000000000000000000
1.028965097349333391 -12.830440508862352544 0.000000000000000000 0.245860716851320438 20069.902342728950316086
1.833599640005103781 -13.147471452074404041 0.000000000000000000 0.092169391960866556 1225224.000000000000000000
0.125310800646374954 -13.889967770958634219 0.000000000000000000 0.408564729991677866 1247543.000000000000000000
3.003483473292075878 -11.694962130203482076 0.000000000000000000 0.305808722110715525 1250586.000000000000000000
1.683791874676979328 -13.250745326262347135 0.000000000000000000 0.116040548174300429 0.000000000000000000
0.358183264531179824 -11.618734898320003168 0.000000000000000000 0.459645681526002492 1253656.000000000000000000
4.899236383307490783 -13.605635842187083995 0.000000000000000000 0.460825958296945670 0.000000000000000000
3.969561747924748030 -11.313102690251215066 0.000000000000000000 0.454977880070859708 1278100.000000000000000000
4.543056103839290039 -12.293964891280923624 0.000000000000000000 0.430699945690729391 0.000000000000000000
11.815482825741424833 -10.278049713381996355 0.000000000000000000 0.375142409349922157 859548.191720240749418736
9.745542473688967533 -10.744099188457175487 0.000000000000000000 0.366028750346215070 289767.846668997895903885
10.635613868029032858 -7.942369606690294681 0.000000000000000000 0.150673973326810429 1380722.000000000000000000
10.011678590617128393 -6.960133963115150202 0.000000000000000000 0.319084090718367741 1384096.000000000000000000
11.823343652237426227 -7.235306428530509315 0.000000000000000000 0.373965630842682084 0.000000000000000000
11.613877225049568764 -6.716742742958840218 0.000000000000000000 0.421684310903484905 0.000000000000000000
8.456949515454734723 -7.484525391945612505 0.000000000000000000 0.402572503711104202 1407150.000000000000000000
8.064377537544025643 -9.322400055651455020 0.000000000000000000 0.418087107970824157 0.000000000000000000
9.865956952298086335 -6.734889439654790699 0.000000000000000000 0.363230725581917990 1399670.000000000000000000
8.219858636569998822 -7.970307661412260103 0.000000000000000000 0.401970939119901227 1403056.000000000000000000
10.386702354425887407 -6.833606571163335808 0.000000000000000000 0.335750749513788860 0.000000000000000000
10.358347414979270695 -9.647016597229228552 0.000000000000000000 0.157674048487404184 0.000000000000000000
10.915480758662450711 -10.481716262953193919 0.000000000000000000 0.320538374290910200 1397078.000000000000000000
10.162502379743864722 -8.777688580003045971 0.000000000000000000 0.032170305098202061 0.000000000000000000
9.546457347029388529 -9.565187379009582713 0.000000000000000000 0.201546588195721715 1394076.000000000000000000
11.154871893273542227 0.439941169721800529 0.000000000000000000 0.432162640440830748 452933.000000000000000000
15.131571601231261326 0.189451251236571833 0.000000000000000000 0.285401318649856850 456914.000000000000000000
14.456722729328568278 -0.567823306110083359 0.000000000000000000 0.190493692307329432 449149.000000000000000000
15.415805079517596710 0.960356445609556020 0.000000000000000000 0.373022944521134714 450404.000000000000000000
14.266456697249783048 1.197262353206713481 0.000000000000000000 0.244209359709451373 450410.000000000000000000
14.670332539689576734 -2.193765887227753897 0.000000000000000000 0.429345567559201891 448842.000000000000000000
12.376618144484817563 -0.200628399901873367 0.000000000000000000 0.210478700287832970 0.000000000000000000
12.019544038013293630 -0.084384833216134353 0.000000000000000000 0.271615199015859121 452033.000000000000000000
12.771637616267595305 2.409127956042945051 0.000000000000000000 0.440053488768907375 0.000000000000000000
11.821244180461867757 -1.420292180856406405 0.000000000000000000 0.393663190418245434 0.000000000000000000
15.915075880504080175 -0.767944625439741957 0.000000000000000000 0.443389932430952538 0.000000000000000000
15.073344838629900266 1.397577872160978396 0.000000000000000000 0.364513781770705647 452471.000000000000000000
14.039572201941147966 0.944009306592847541 0.000000000000000000 0.186024533773572559 453868.000000000000000000
11.509983013164609034 0.369772324017785703 0.000000000000000000 0.367708531928093940 449431.000000000000000000
13.578432382511557819 0.131690389037678018 0.000000000000000000 0.023772497774452745 450220.000000000000000000
