-2.846521538788055583 5.817340807750341014 0.000000000000000000 0.358776560578625503 118155.640154045511735603
-4.149079719395277976 2.447469371216133283 0.000000000000000000 0.423618298117777736 633682.000000000000000000
-0.750063588213476518 4.892287414836414605 0.000000000000000000 0.322673135328981453 637474.000000000000000000
-1.871644621600020653 3.225375945136498501 0.000000000000000000 0.136997179425620175 629583.000000000000000000
-2.303852248908481393 1.350689229860248863 0.000000000000000000 0.452284759462196873 630369.000000000000000000
-0.546486994326217723 3.160279327818421358 0.000000000000000000 0.331625694113925784 0.000000000000000000
-3.184594960815561482 2.398690889560069373 0.000000000000000000 0.312660983514069735 635260.000000000000000000
-2.069230832992416946 6.343482013867479452 0.000000000000000000 0.438195179862981732 0.000000000000000000
-1.879757152843208434 3.461431911453929366 0.000000000000000000 0.101890995865138279 11360.619442737421195488
-2.462299469224147774 4.420168380366069627 0.000000000000000000 0.101145273541400349 631039.000000000000000000
-0.038717196970242396 4.042118021362988145 0.000000000000000000 0.396476453983461485 635449.000000000000000000
-4.789124828437398840 4.601474188947784150 0.000000000000000000 0.468446785493650542 638720.000000000000000000
-3.262547990320270319 4.230518455049856463 0.000000000000000000 0.188975240010766848 634105.000000000000000000
-2.660160848986080406 4.608036647419870846 0.000000000000000000 0.146529698638806799 634283.000000000000000000
-1.364409090019499171 1.667302260994327767 0.000000000000000000 0.426787587551355985 383412.732671339297667146
-2.333976849150471100 -1.259923759423909218 0.000000000000000000 0.468560447880383701 513056.000000000000000000
-0.962339900883619093 -5.790270142206907167 0.000000000000000000 0.409764416623762284 517550.000000000000000000
-2.950171681051179107 -2.376016250255566842 0.000000000000000000 0.296448629662848018 351636.518684199778363109
-3.610152901861882313 -3.858205263463345247 0.000000000000000000 0.241017896391345327 510444.000000000000000000
-2.586606244065593696 -2.655869214290751845 0.000000000000000000 0.227449977798581449 514105.000000000000000000
-0.133126861795500984 -3.033417464166227262 0.000000000000000000 0.408329673362299139 0.000000000000000000
-2.740780695097420505 -1.775056002335765326 0.000000000000000000 0.386289053993069842 39444.764180377038428560
-2.639008974248059580 -3.627117205947604450 0.000000000000000000 0.082465214220382291 0.000000000000000000
-1.667885231740270591 -4.721074827482802938 0.000000000000000000 0.181587096213533500 0.000000000000000000
-2.505291341394522586 -2.023505895859326831 0.000000000000000000 0.335297695905249438 509357.000000000000000000
-3.281684008797333796 -1.446635554759109654 0.000000000000000000 0.471648701089868838 514558.000000000000000000
-1.716936517761392444 -5.741043853695620314 0.000000000000000000 0.343485065674135170 516370.000000000000000000
-1.485806087957523225 -4.145450984351615631 0.000000000000000000 0.144981016304681049 508998.000000000000000000
-3.081468033351918656 -6.122874722586795215 0.000000000000000000 0.423677951140087328 509296.000000000000000000
-0.423007756505276000 -4.796216687348104912 0.000000000000000000 0.364733115453661938 515035.000000000000000000
3.172849671670049609 -0.698307174626289884 0.000000000000000000 0.269387611176213737 577518.000000000000000000
5.479724364537975845 1.378331463980386751 0.000000000000000000 0.299165721745875857 571529.000000000000000000
4.785859491537204136 -0.322187526943687685 0.000000000000000000 0.074969836237497645 0.000000000000000000
3.650614052904629592 -1.602756762922051159 0.000000000000000000 0.323833933345080260 0.000000000000000000
4.124906056037866975 -1.790676960303556164 0.000000000000000000 0.325709172322824092 263069.648106677341274917
3.982384100549931638 0.246009936927085449 0.000000000000000000 0.104384475765637905 578389.000000000000000000
3.018328395036881773 0.145735080356796581 0.000000000000000000 0.267858303511871509 573843.000000000000000000
1.983624972089405913 0.813293108405509502 0.000000000000000000 0.473620834397306345 310192.263035641051828861
7.124091784631925606 -0.334261047344229623 0.000000000000000000 0.468888186387226513 0.000000000000000000
3.603325032065253453 -1.014597228350671454 0.000000000000000000 0.242671376728623711 570286.000000000000000000
5.901258551415142328 1.681418715771697325 0.000000000000000000 0.387511946831843812 0.000000000000000000
2.320871477853542419 1.334490331541292374 0.000000000000000000 0.457317004639285540 0.000000000000000000
6.603003880106117052 -1.156697229731880938 0.000000000000000000 0.425060090080237207 100100.650474522975855507
6.296527689787038362 -1.887220882199214467 0.000000000000000000 0.461523149362053520 568941.000000000000000000
4.381154288806523134 -0.445574234992078044 0.000000000000000000 0.082650959924953915 0.000000000000000000
8.254895626163792244 7.272593311198821020 0.000000000854183016 0.453338091816431643 631673.000000000000000000
8.693321877932410402 10.198314823138023399 0.000000000399520900 0.388830684525507120 636310.000000000000000000
9.849144793944532239 10.224372702914006794 0.000000000243963065 0.273486946358091954 72391.822173367734649219
10.409543475927348410 8.395321925084232362 0.000000000058445607 0.063043489739564751 262783.061999366385862231
12.586911571785117658 8.374829735009415188 0.000000000779894312 0.405651424098117996 360084.668642347736749798
9.276563650685050177 6.659738138994006462 0.000000000132128986 0.412877573278750243 633945.000000000000000000
8.788103101261214078 9.493198846216676756 0.000000000838283624 0.306145718800086453 639163.000000000000000000
9.144171023350242677 7.116826140405402512 0.000000000042609874 0.357176027047168831 635109.000000000000000000
9.378587958916730472 7.370472484568870719 0.000000000929299242 0.296506379801052877 0.000000000000000000
11.249666566944151569 7.472361079700125863 0.000000000426359674 0.275933100336632542 638433.000000000000000000
8.782536360776717288 7.377418246891692455 0.000000000520387495 0.367615388656411690 635091.000000000000000000
12.324937966613154217 10.121331120582354401 0.000000000678193880 0.427420923501037053 634810.000000000000000000
9.615240943152562281 10.098342597119822628 0.000000000709450302 0.270012942787159371 634107.000000000000000000
11.521845799479960348 9.317843096058568975 0.000000000615740128 0.232978110495407592 635068.000000000000000000
7.923578486194283066 7.632711133300732698 0.000000000304388597 0.473365253101352856 0.000000000000000000
0.933811785811754058 14.889594561690698171 0.000000000000000000 0.380594905381968496 654777.780858396552503109
-0.077208013739437711 13.393861297468527383 0.000000000000000000 0.430279359831161667 0.000000000000000000
3.501709703469492396 15.344573151054303750 0.000000000000000000 0.422770456869192401 0.000000000000000000
0.592767794521765312 13.246338354746070465 0.000000000000000000 0.310434912303252764 0.000000000000000000
3.527460396959206879 15.651434075212408814 0.000000000000000000 0.473112194564491662 692987.000000000000000000
4.066773134794651412 13.509413624651548602 0.000000000000000000 0.311522465545540861 691496.000000000000000000
0.210046439000851959 13.674946832502710592 0.000000000000000000 0.385178000367943807 195422.394910797389457002
0.393220295351838334 12.601320679103277911 0.000000000000000000 0.366274092032447651 568131.910025457153096795
4.112451663030939564 14.811411328901673556 0.000000000000000000 0.418307710184782966 0.000000000000000000
2.170791211161607226 12.380545848716382196 0.000000000000000000 0.162240103065407842 692775.000000000000000000
0.903962164109962996 11.980950639042697858 0.000000000000000000 0.343903854001094245 0.000000000000000000
3.327962212016295496 12.110748659133129479 0.000000000000000000 0.272829569274711081 489269.401472356345038861
0.542253909113026844 11.803323495336478288 0.000000000000000000 0.413403437396058171 696797.000000000000000000
4.538999435540304717 14.677385381922348984 0.000000000000000000 0.465237108556259882 0.000000000000000000
1.099064130346070645 13.296341493494477248 0.000000000000000000 0.220187767502590975 27588.282763353588961763
-4.958844265854564171 12.389870259531797103 0.000000000914627926 0.337753015452491201 1252879.000000000000000000
-8.284422221565806765 10.212277113815797946 0.000000000323886330 0.383872033248900513 0.000000000000000000
-4.648154138682798475 10.331749152216703536 0.000000000862251286 0.445488664805195334 459050.386383211764041334
-7.436861352178816276 9.785021080335617683 0.000000000719607490 0.364308449664760003 1277044.000000000000000000
-8.195791414475783299 9.942363227408574033 0.000000000115067482 0.408102645617106852 1340431.000000000000000000
-5.149661129903768675 12.746404923996122349 0.000000000717654638 0.335803093386454810 1342572.000000000000000000
-5.776519029797452021 12.706804217672202029 0.000000000021450490 0.244285757154619282 0.000000000000000000
-6.391188693991291636 12.296673933301612180 0.000000000158317505 0.119056834162452968 1300373.000000000000000000
-6.634902648357436483 9.269803452155789714 0.000000000288467852 0.433815656815794537 142856.820578866725554690
-8.254340650527757006 10.240863568143776519 0.000000000653734641 0.376514020159753271 0.000000000000000000
-8.541696787123443713 11.768482923309726118 0.000000000507968803 0.322594294326663866 1323639.000000000000000000
-6.311869095697818288 9.378448209849990391 0.000000000744483583 0.421095309377081173 0.000000000000000000
-7.709188663416624010 11.589805069297041129 0.000000000376421505 0.175584198376922879 0.000000000000000000
-7.160575299341092936 12.403239383857956213 0.000000000080463080 0.143163107410822610 0.000000000000000000
-7.762277579760562318 10.249937538326431508 0.000000000515758571 0.317997373707079811 1313584.000000000000000000
-14.006417950147350027 3.386704298799014357 0.000000000000000000 0.321475727349325890 564442.652925419388338923
-11.298789131907531313 2.512760553752186432 0.000000000000000000 0.453997132281864224 0.000000000000000000
-13.368584603345492923 4.577831426017723970 0.000000000000000000 0.118151225935333989 0.000000000000000000
-10.605107378073901359 4.363675648375867411 0.000000000000000000 0.379731610155777888 0.000000000000000000
-12.606709526885079953 5.615729795371946942 0.000000000000000000 0.164083234473314077 816381.000000000000000000
-11.441470679899168772 4.094471913544913910 0.000000000000000000 0.248485810939759577 382345.657251814380288124
-12.822036444497584284 6.293065721770566334 0.000000000000000000 0.281332697683436717 814874.000000000000000000
-11.394796796154796681 3.652854775342952998 0.000000000000000000 0.295277726642018123 0.000000000000000000
-12.967542822618529641 3.734418542046745948 0.000000000000000000 0.170254823915947623 776021.207711244118399918
-13.063768738348485954 2.581194534943421104 0.000000000000000000 0.369762284260002239 817304.000000000000000000
-12.850179083851051232 4.796229150194029067 0.000000000000000000 0.031861432483951527 816972.000000000000000000
-15.149026896594021352 4.433655481191153491 0.000000000000000000 0.436263449536792025 0.000000000000000000
-13.277387117204106914 4.643645019147603747 0.000000000000000000 0.100774110630472188 819411.000000000000000000
-14.536671177967708246 5.308691278169577643 0.000000000000000000 0.342892790831526240 812670.000000000000000000
-12.116795828913991429 3.020287917457852966 0.000000000000000000 0.307628260836951606 0.000000000000000000
-12.004238808150141438 -3.534166779054516372 0.000000000000000000 0.235956232797134874 577199.000000000000000000
-13.887392464707073003 -3.498027227927431593 0.000000000000000000 0.292845092611269564 0.000000000000000000
-13.004778571017913791 -3.146388604652514243 0.000000000000000000 0.271303662104155241 574152.000000000000000000
-15.177335934386890770 -3.860471805704384529 0.000000000000000000 0.461477340138229664 577609.000000000000000000
-13.201430599866823101 -3.333237342474122400 0.000000000000000000 0.249398138557767435 0.000000000000000000
-14.303873162466221203 -3.853991251127982132 0.000000000000000000 0.317544256165407102 577974.000000000000000000
-12.520013808024193835 -6.476332555477136488 0.000000000000000000 0.314590942681224228 570807.000000000000000000
-12.024646281010541671 -4.033138234873563377 0.000000000000000000 0.166407202458822734 570918.000000000000000000
-12.559760159846785399 -6.099455695326797766 0.000000000000000000 0.248639348599715315 576504.000000000000000000
-12.906389856175286113 -4.688517210801503410 0.000000000000000000 0.034499942643075231 569038.000000000000000000
-11.569793428594282503 -6.273092182886528256 0.000000000000000000 0.344568187881013177 573033.000000000000000000
-13.101671071449411343 -6.258715958315163697 0.000000000000000000 0.283140652362093626 578607.000000000000000000
-11.695443069562438509 -2.300471547084268931 0.000000000000000000 0.452257867448375206 0.000000000000000000
-11.108655698872652806 -3.601780871928021543 0.000000000000000000 0.342134485400173882 0.000000000000000000
-15.229921333271528638 -3.845006023222983682 0.000000000000000000 0.471212470742019385 568918.000000000000000000
-8.460549737801887460 -9.842412740568134311 0.000000000103560725 0.452450415227810820 0.000000000000000000
-5.016911503519744464 -9.693600055739144850 0.000000000477457778 0.471529509935102065 0.000000000000000000
-6.975537203747113502 -12.512156311005849574 0.000000000398576124 0.146958337045370147 0.000000000000000000
-6.573625505225844101 -9.117656822883077439 0.000000000667029263 0.461290363928181901 0.000000000000000000
-7.217479257099266299 -11.664755651535562819 0.000000000271758466 0.086984140368142976 0.000000000000000000
-5.032918766915031483 -10.584162663003480631 0.000000000558487769 0.363579920308191085 0.000000000000000000
-5.887888860839609606 -11.923245455374466673 0.000000000340259789 0.154823811378472009 0.000000000000000000
-4.336805299479514986 -12.159823993668650743 0.000000000763413717 0.434052440950655594 0.000000000000000000
-5.093920451052679432 -11.150710817029301225 0.000000000364083701 0.308890085514804846 0.000000000000000000
-5.144603734562298136 -10.138995146898746924 0.000000000035447618 0.398097713968485367 0.000000000000000000
-5.029708548201937468 -10.248519975916245528 0.000000000804497007 0.400009785533295525 0.000000000000000000
-9.320783884091511595 -11.064918218119812465 0.000000000828717419 0.475511152198806186 0.000000000000000000
-8.975239134039869171 -10.883291250733904576 0.000000000671220079 0.426067045719904336 0.000000000000000000
-7.141224124047179878 -13.768567585714412971 0.000000000233621175 0.369923370387377992 0.000000000000000000
-6.081425887680099507 -13.685098092847931994 0.000000000656994825 0.367098141368434772 0.000000000000000000
1.333201751634889076 -14.472230983188191900 0.000000000000000000 0.277825991023305074 1238976.000000000000000000
1.345969007076648793 -13.037029798813000170 0.000000000000000000 0.181256970806498302 1225447.000000000000000000
3.256046037900463652 -14.888717467669779992 0.000000000000000000 0.330640068214311245 0.000000000000000000
3.624581539473403335 -11.425800611918768723 0.000000000000000000 0.401728343027232038 255974.332342628767946735
1.484336732111643853 -11.673736685254363366 0.000000000000000000 0.323223209713560999 188624.882635510555701330
4.568361008462601625 -12.742872206191567130 0.000000000000000000 0.409308201675585293 0.000000000000000000
2.587275321022058261 -14.888964529852460217 0.000000000000000000 0.290592737873245910 0.000000000000000000
1.042451479044272933 -14.005608283018943894 0.000000000000000000 0.264337121761872629 0.000000000000000000
3.004245727689187184 -15.761746268679960536 0.000000000000000000 0.458206113720603991 0.000000000000000000
4.995331791919184639 -13.218594837531503217 0.000000000000000000 0.474333562240732254 1242328.000000000000000000
1.588534815179100557 -14.313450967935391844 0.000000000000000000 0.227528457821211005 1255460.000000000000000000
1.333596174376068699 -13.459568423994204167 0.000000000000000000 0.181311388748511687 1222620.000000000000000000
4.092603635430891451 -12.578083216058422167 0.000000000000000000 0.337116391784098524 0.000000000000000000
0.816543015428959351 -12.271178849804680766 0.000000000000000000 0.324441477738438289 1217163.000000000000000000
3.147935882135085794 -14.289412463547218834 0.000000000000000000 0.231359403109060974 29647.396407828531664563
9.891911992187626623 -9.753697254715572029 0.000000000000000000 0.193752075188038525 0.000000000000000000
10.748175576693142830 -6.506343111237304910 0.000000000000000000 0.399453165321447312 0.000000000000000000
11.269835036549606500 -9.622384377714659820 0.000000000000000000 0.225547755151661727 1407322.000000000000000000
12.230106751846850699 -9.779149731750090169 0.000000000000000000 0.381979294754440646 1331753.000000000000000000
8.181967444564840264 -8.611835330561852686 0.000000000000000000 0.385482930554288228 1328158.000000000000000000
12.653991697261604443 -8.998973679654470814 0.000000000000000000 0.414659335219475400 0.000000000000000000
11.918451390261274980 -8.755603806885526197 0.000000000000000000 0.281247850417702505 0.000000000000000000
10.095777508251439158 -7.418462653729572587 0.000000000000000000 0.237267460367261984 1333998.000000000000000000
9.550177265453784869 -9.265645068872395029 0.000000000000000000 0.167658812897728188 0.000000000000000000
8.282911997835951112 -10.321382086800387157 0.000000000000000000 0.459416397802622944 0.000000000000000000
11.974627272025568203 -10.249938111701419885 0.000000000000000000 0.392176558864810565 0.000000000000000000
11.102620603006531752 -9.237290245723642101 0.000000000000000000 0.160602178626501807 1248087.020055491477251053
10.394610278647697044 -7.387021942509456984 0.000000000000000000 0.238817197132029951 0.000000000000000000
9.691231217938446107 -8.119935344986664916 0.000000000000000000 0.159844877620951842 1382909.000000000000000000
12.129733885436028373 -8.935389805566497756 0.000000000000000000 0.320580304966502860 1404376.000000000000000000
12.686380080757208688 2.504826511430961578 0.000000000000000000 0.460730752108655217 0.000000000000000000
15.867643946035251190 0.024307110216098715 0.000000000000000000 0.414738627482317768 448907.000000000000000000
13.867954840575464459 -1.793697413333889656 0.000000000000000000 0.316048203978722630 457261.000000000000000000
15.536592981879358888 0.923831061997140157 0.000000000000000000 0.389788045063310662 0.000000000000000000
14.590523201007158605 0.406988260096148080 0.000000000000000000 0.199873871973099776 448612.819708098191767931
14.186377449719699939 -0.698247293076378561 0.000000000000000000 0.166839698447468071 0.000000000000000000
11.654031567518917001 -1.810990465578365072 0.000000000000000000 0.460821126256499902 448548.000000000000000000
12.654377995922436284 -1.623612857154104860 0.000000000000000000 0.323167521993401929 455925.000000000000000000
12.875349768072142709 1.753488554605691085 0.000000000000000000 0.326611745452664692 387531.603898763016331941
13.859895398501452135 -0.348674998367341338 0.000000000000000000 0.082924821925027162 454981.000000000000000000
13.164235415795632278 -0.554482966518892506 0.000000000000000000 0.117309413841672802 0.000000000000000000
14.831732909912654250 -0.427665977759465632 0.000000000000000000 0.241652271108506650 0.000000000000000000
15.942104730054559525 -0.458131866375722840 0.000000000000000000 0.435211311925345068 0.000000000000000000
13.977440558322294706 -1.922323282491930074 0.000000000000000000 0.341793601998032937 448535.000000000000000000
16.196572745004136351 -0.227807435195077623 0.000000000000000000 0.474963805694063046 448571.000000000000000000
