-0.310049216580407794 2.322624261083144237 0.000000000000000000 0.445572247311557201 0.000000000000000000
-3.304409781009290725 3.835762432674086231 0.000000000000000000 0.186712641525199979 634182.000000000000000000
-3.061364038691342770 5.803954140192649547 0.000000000000000000 0.369546058845771797 0.000000000000000000
-2.798033220381405339 4.399733466394191161 0.000000000000000000 0.132242653069501559 636988.000000000000000000
-4.825868472668579656 4.337571243394500620 0.000000000000000000 0.464456397209226768 634497.000000000000000000
-2.993651620909063560 5.381019773248525873 0.000000000000000000 0.296020141437389639 0.000000000000000000
-1.522686055592523235 3.837908996716863808 0.000000000000000000 0.131423335470782221 631915.000000000000000000
-1.087934128633501141 2.451201737505573686 0.000000000000000000 0.330473330408617649 635890.000000000000000000
-1.038511607904487377 4.308117353265125793 0.000000000000000000 0.229779840105398453 629217.000000000000000000
-2.679824123554506166 2.823768242682715535 0.000000000000000000 0.204214775515373259 0.000000000000000000
-2.530677720841831846 1.813462507970119875 0.000000000000000000 0.372961549158589700 636403.000000000000000000
-0.391585069091956339 2.393530962694766284 0.000000000000000000 0.426334244352355007 634267.000000000000000000
-3.654523778498941500 4.513633397581166662 0.000000000000000000 0.272474776247212447 631587.000000000000000000
-3.421043458513635560 5.107370414525923330 0.000000000000000000 0.299819095153634529 631452.000000000000000000
-1.857216035802707443 3.512734417276802024 0.000000000000000000 0.098121511132990266 0.000000000000000000
-0.257872932059350968 -5.354669692867265240 0.000000000000000000 0.441768349752226119 0.000000000000000000
-3.285068047454634321 -4.712079188595043711 0.000000000000000000 0.234307485901346757 512193.000000000000000000
-0.587946017008099009 -4.311600573086066923 0.000000000000000000 0.307001304402294894 0.000000000000000000
-1.268280147622963705 -5.385412341484479448 0.000000000000000000 0.319484257024464813 0.000000000000000000
-1.274289210021529506 -5.853034216715781390 0.000000000000000000 0.391149951526759132 509588.000000000000000000
-3.044106766726164537 -4.951119077346518793 0.000000000000000000 0.235149154650033554 451283.101430191076360643
-1.853025711605626791 -2.890212794391612938 0.000000000000000000 0.192191304562296578 477728.323870217776857316
-2.037247632925404339 -4.612615447855851869 0.000000000000000000 0.134559952966801233 517924.000000000000000000
-0.993864916790228370 -4.627334439427343682 0.000000000000000000 0.260812187774271342 517460.000000000000000000
-1.277103876562923901 -4.018957355464107373 0.000000000000000000 0.176359968822201618 517809.000000000000000000
-1.347469630989180489 -6.063589905770529143 0.000000000000000000 0.419784686208432789 0.000000000000000000
-0.771558700258984542 -1.926828723086668083 0.000000000000000000 0.438781677710302631 516714.000000000000000000
-0.546142436926650654 -5.239903959733331007 0.000000000000000000 0.388484897675113183 0.000000000000000000
-4.458501903701231228 -5.399492095963529081 0.000000000000000000 0.475233720985078489 0.000000000000000000
-1.589921625856986154 -2.046265841978666344 0.000000000000000000 0.349364630888299166 0.000000000000000000
5.584108710018341526 0.436976519978142186 0.000000000000000000 0.205869634483541647 0.000000000000000000
4.414670502696939280 1.016000573692093845 0.000000000000000000 0.181402143786178749 0.000000000000000000
5.074483829373656718 1.390983771090828380 0.000000000000000000 0.266463015000199477 0.000000000000000000
3.857000280279414106 1.728596872641003479 0.000000000000000000 0.328820695417913533 576264.000000000000000000
5.306141691273346339 0.910058995273665294 0.000000000000000000 0.214566965259682468 578749.000000000000000000
4.072318825630569350 -0.123687702633838825 0.000000000000000000 0.081766268250608370 575051.000000000000000000
4.527991396591360740 -0.408601239846445363 0.000000000000000000 0.072641384124912584 576030.000000000000000000
4.545251605553839447 1.618928808488391935 0.000000000000000000 0.287687645627224320 575649.000000000000000000
6.152848605748829414 0.651378637986049891 0.000000000000000000 0.314093681249685841 571323.000000000000000000
3.794327575372889338 1.299311052515184972 0.000000000000000000 0.264204510022690964 0.000000000000000000
7.050804507228450646 -0.331990929538256041 0.000000000000000000 0.455885797001334470 0.000000000000000000
3.794389514702471100 0.101958967218469088 0.000000000000000000 0.129564923501913176 0.000000000000000000
4.114056229668856091 2.048505903394421068 0.000000000000000000 0.370970313103957561 577370.000000000000000000
6.676576922644138712 -0.057020179608498679 0.000000000000000000 0.385519179206172513 573334.000000000000000000
4.426367907749705566 -1.810506080121531136 0.000000000000000000 0.322075040086607145 0.000000000000000000
11.736672047580375633 8.046964139784329006 0.000000000909614238 0.277422233492924775 0.000000000000000000
8.435153392456756549 9.046694003959403929 0.000000000081729572 0.343655973661382175 637108.000000000000000000
11.176770372434594591 6.974062290576414469 0.000000000881678592 0.344527783040216973 405410.755776542006060481
11.698977703792181160 6.760409606224654588 0.000000000863659802 0.423702868561193102 0.000000000000000000
9.107298881554342529 6.957221412325107046 0.000000000006748197 0.383772181731181272 0.000000000000000000
9.917930644694770592 9.352513055928133312 0.000000000785558667 0.130107762893646062 631578.000000000000000000
10.088057309475560785 9.379726799854202213 0.000000000506214377 0.119615122693124576 636445.000000000000000000
9.413932454020137897 7.234296351232917033 0.000000000013935325 0.312934311841344959 633654.000000000000000000
9.416073906904278701 7.859874586145809694 0.000000000246336024 0.226884206635551117 634903.000000000000000000
11.466743410683029936 10.092631635699699899 0.000000000204039413 0.309317514466463717 214652.224583850183989853
10.264964113842740545 9.633861097032511367 0.000000000329083172 0.155942336736964088 0.000000000000000000
9.179134697791733188 6.669328214691411461 0.000000000272799701 0.419714436625962140 0.000000000000000000
8.281545793664434996 8.964493656401220534 0.000000000264022678 0.368963016368420382 632101.000000000000000000
11.289216164027029876 10.887634689051031600 0.000000000280131454 0.410974260457770801 0.000000000000000000
9.207083986430886213 11.160460951501073978 0.000000000016941687 0.469417215151660572 615696.250337905017659068
1.542480512199468912 12.594802563741977153 0.000000000000000000 0.186204903224468116 695252.000000000000000000
1.087063417679364097 13.728404881834929796 0.000000000000000000 0.236412752054003805 695219.000000000000000000
4.193134888554502560 15.128636300852905450 0.000000000000000000 0.467218578792230166 34507.327107420358515810
1.443866049532599671 15.173342461416213567 0.000000000000000000 0.373245442909198477 695276.000000000000000000
1.931297776384619302 15.582103474788588926 0.000000000000000000 0.416805580903389872 690490.000000000000000000
2.457682044464351012 10.998262640835674731 0.000000000000000000 0.406297458331426498 25265.596191155749693280
0.454778052501611463 13.319644123503653788 0.000000000000000000 0.335065097015973923 695752.000000000000000000
4.377120145085507730 14.776585998645627384 0.000000000000000000 0.451362812704166894 0.000000000000000000
1.085400850097882008 13.155747189975180333 0.000000000000000000 0.223635635810049277 698918.000000000000000000
4.282946701607569295 12.878361045238136739 0.000000000000000000 0.354439265330820930 94808.459584029274992645
0.563029078620479018 12.843146912466522735 0.000000000000000000 0.324999034531484043 0.000000000000000000
2.167196638311362111 12.277377611063624130 0.000000000000000000 0.180448936896377143 0.000000000000000000
2.624591287252638239 13.477420001552266271 0.000000000000000000 0.062874649696786716 691229.000000000000000000
2.157433904533739177 11.298400128447937618 0.000000000000000000 0.353712050853448756 213268.009504126355750486
4.017932584636954907 14.232310610958606389 0.000000000000000000 0.344882273469563905 31213.132890589298767736
-6.880364679617752444 13.429106713086531144 0.000000000667814073 0.303855100276497037 0.000000000000000000
-5.840326326727206308 10.825344523499065730 0.000000000548866741 0.224330948363936244 826400.016223447513766587
-5.058752609453176952 9.693475747334360904 0.000000000113295281 0.466737526646495482 1325589.000000000000000000
-6.424339708914891034 11.737028124922359140 0.000000000652370533 0.055003863743726837 1289123.000000000000000000
-7.589105045620873291 14.137959972911810169 0.000000000289427293 0.454235889045378260 1299561.000000000000000000
-6.934815374901186047 13.822238657062234424 0.000000000600933003 0.373996483388622125 1265885.000000000000000000
-6.077426798874289382 11.047469535402232310 0.000000000699478167 0.166613012955502793 324290.530955725000239909
-7.390900065005283182 12.363947876431433670 0.000000000305691142 0.163721236553846239 0.000000000000000000
-6.611574559758856218 11.544259252240165026 0.000000000669693215 0.037639476149217366 1334383.000000000000000000
-5.541219703954564757 9.718193074270564225 0.000000000443782276 0.413181810521359771 1288400.000000000000000000
-6.520473515640288653 10.843681559569480655 0.000000000695769502 0.159444924959561307 0.000000000000000000
-8.538469773265486396 12.671901952673604086 0.000000000481757380 0.363276366920472604 1346998.000000000000000000
-5.610109362867214067 10.603505399808296872 0.000000000383962651 0.281164920103785465 0.000000000000000000
-5.918450747803516876 12.542302418557223831 0.000000000167346607 0.205756311421223304 353795.550185095984488726
-5.972790849029725457 10.385407060264975954 0.000000000529260533 0.272215690248378994 0.000000000000000000
-14.753687188046431089 3.540614018356556425 0.000000000000000000 0.413673028378367502 811423.000000000000000000
-11.836108516787190226 4.688151644453895983 0.000000000000000000 0.156335543735526356 0.000000000000000000
-14.223750320342864129 5.459991469092554617 0.000000000000000000 0.301427298088181084 0.000000000000000000
-11.344833415452983516 2.589436380873028742 0.000000000000000000 0.438301521400851490 0.000000000000000000
-13.544102565248754999 2.328053430634783538 0.000000000000000000 0.434072906246583512 0.000000000000000000
-11.748807743499412481 2.156044342215345022 0.000000000000000000 0.471821158047718181 0.000000000000000000
-11.625943067951546084 5.399305632000012345 0.000000000000000000 0.230915587042964776 0.000000000000000000
-12.739635816290197923 3.282577822123867950 0.000000000000000000 0.242782541169780097 233996.559328842093236744
-11.892252647781363706 6.425183076501244983 0.000000000000000000 0.337526774233967430 0.000000000000000000
-13.128323233484115562 5.633944691868179255 0.000000000000000000 0.181736299471546542 0.000000000000000000
-12.196542621427541420 3.297673085285548478 0.000000000000000000 0.257395156652063362 0.000000000000000000
-10.774989262439216731 6.028696583698650358 0.000000000000000000 0.418131346890826483 0.000000000000000000
-10.683502804336015402 4.578711167373365143 0.000000000000000000 0.362180384910703257 819762.000000000000000000
-12.320252606415603935 2.454880883008788484 0.000000000000000000 0.393231059005425154 814407.000000000000000000
-11.318033348611228561 5.178016904408463184 0.000000000000000000 0.263470115326208565 0.000000000000000000
-11.194964067789314299 -5.217184030596051514 0.000000000000000000 0.286436986647907288 572271.000000000000000000
-12.862796217084198958 -7.248773975929927005 0.000000000000000000 0.447538264097145866 576125.000000000000000000
-14.299215095792586538 -5.213521427044470080 0.000000000000000000 0.297545479922392775 330170.272709701617714018
-12.732510454915875187 -3.120977124566994831 0.000000000000000000 0.270858578667464434 131268.169820890383562073
-14.120052613654936025 -5.676603774382075862 0.000000000000000000 0.304695694105327042 0.000000000000000000
-12.015482374970314794 -5.194369351545596203 0.000000000000000000 0.153388120953405288 574487.000000000000000000
-13.534280656988414648 -5.495340082724978537 0.000000000000000000 0.203788902054002186 173274.326617063808953390
-12.861842124118496145 -6.395492552821838927 0.000000000000000000 0.299618542510989849 574100.000000000000000000
-11.365450770349264431 -7.009488714693351774 0.000000000000000000 0.471986035721613240 575698.000000000000000000
-12.563852456908382038 -7.155089922570142313 0.000000000000000000 0.431533665240189712 577417.000000000000000000
-13.571210648760791528 -6.831653475515666152 0.000000000000000000 0.403803276778192388 0.000000000000000000
-13.804452604294938922 -3.032630565850978233 0.000000000000000000 0.345537495003411799 0.000000000000000000
-12.357986407428004583 -2.362491016021464496 0.000000000000000000 0.407931938136916639 0.000000000000000000
-15.211794821221507945 -4.599901363814864474 0.000000000000000000 0.445595314984702229 572834.000000000000000000
-12.326720455868102277 -6.761461257445346540 0.000000000000000000 0.368912614577637299 440956.746283830609172583
-8.669851179844801692 -12.753837065171738985 0.000000000829819060 0.390721043015803016 0.000000000000000000
-7.931436639845629522 -11.475252575045740144 0.000000000447440956 0.217999349530297398 0.000000000000000000
-8.037199663518350690 -13.211227773421365228 0.000000000039344083 0.351677328775712394 0.000000000000000000
-8.265245403941044344 -13.819220107257201846 0.000000000177126950 0.460854223019480314 0.000000000000000000
-6.191814602547442981 -13.824292283680494009 0.000000000223060150 0.385138190725205831 0.000000000000000000
-6.594011295617633550 -13.463185208387510983 0.000000000635544092 0.309812687697703093 0.000000000000000000
-6.812309408641806563 -11.776399693179044448 0.000000000064594944 0.017532820661509355 0.000000000000000000
-7.435371285244844586 -12.934770163146239952 0.000000000326821843 0.248930506022797787 0.000000000000000000
-4.827654111143698579 -13.090434201454268504 0.000000000672962229 0.417607419986565864 0.000000000000000000
-5.832619418229630703 -12.054286300409186694 0.000000000742917537 0.171040974420596875 0.000000000000000000
-9.326604305566370101 -11.923336409998093188 0.000000000032825569 0.463755632806936380 0.000000000000000000
-5.394595805425121071 -11.187109611869370696 0.000000000756655051 0.256371797067388774 0.000000000000000000
-7.935373025372407518 -13.406794194677097209 0.000000000873381246 0.367446470252322965 0.000000000000000000
-6.837017990132579826 -10.403176441733792856 0.000000000352258013 0.233562531023503800 0.000000000000000000
-9.237551381366131409 -11.745301123003729415 0.000000000345808392 0.446503441078999364 0.000000000000000000
3.711785561965574853 -13.283927252797290919 0.000000000000000000 0.245498948920874038 1224021.000000000000000000
1.714911894127475245 -15.688554589515717907 0.000000000000000000 0.443508851527585846 1238979.808450876036658883
3.560779758986718502 -14.360630959514361749 0.000000000000000000 0.291539435181272233 1234708.000000000000000000
3.863265730324701774 -11.289125672866763495 0.000000000000000000 0.446472365572817442 1235649.000000000000000000
2.550127619635669252 -11.437751585230504503 0.000000000000000000 0.329695496454416481 0.000000000000000000
4.374297296252700029 -14.793502655791748168 0.000000000000000000 0.452744278557403623 0.000000000000000000
0.020800842160989902 -12.304695433004649630 0.000000000000000000 0.447196381359086070 0.000000000000000000
1.895780744536174955 -14.619278822222094405 0.000000000000000000 0.251565836089784445 0.000000000000000000
1.847033313827477707 -12.688485978993440995 0.000000000000000000 0.136089217840478477 879326.308632285799831152
3.382005242377015275 -10.848299775939793221 0.000000000000000000 0.470828542143822804 0.000000000000000000
2.541644657507708516 -12.677903363654110080 0.000000000000000000 0.112849322934503185 127697.966444882171344943
1.361181043437497573 -13.877146269795357370 0.000000000000000000 0.203770808531080899 1283441.000000000000000000
2.333453413321739500 -13.449082780919168201 0.000000000000000000 0.030695787478121992 0.000000000000000000
2.218637787496999803 -14.594973599524905694 0.000000000000000000 0.235666107755941628 1199127.000000000000000000
4.408487228898769317 -14.833453383729578334 0.000000000000000000 0.461872503310858995 1233418.000000000000000000
9.948908136276195080 -7.306089062935704703 0.000000000000000000 0.262444772704682361 1311927.000000000000000000
10.451860875473881762 -7.907377071081862496 0.000000000000000000 0.148704730528180340 1372689.000000000000000000
8.790463899105374068 -8.023892682519942809 0.000000000000000000 0.304193881300371283 1332031.000000000000000000
11.212507299801547589 -10.591002963313092877 0.000000000000000000 0.358172617703920670 1365692.000000000000000000
11.922738946452527742 -9.788602876504285177 0.000000000000000000 0.335626632808396497 1348782.000000000000000000
10.293030044708565640 -10.846528662640206875 0.000000000000000000 0.368087734281934864 0.000000000000000000
9.982171815417160587 -9.194703883886292672 0.000000000000000000 0.101117850380725502 1376175.000000000000000000
7.775389383611297944 -8.515724209276891443 0.000000000000000000 0.459011567500017481 1385961.000000000000000000
10.178062613775104239 -10.608023826358103037 0.000000000000000000 0.327514522455392698 1408238.000000000000000000
10.376254223659653775 -7.747171536518074220 0.000000000000000000 0.175599129515198460 0.000000000000000000
9.221488403286517865 -6.916180850281743453 0.000000000000000000 0.378552384786887131 0.000000000000000000
12.867259528762968301 -9.017074325694022008 0.000000000000000000 0.452785796223964754 1125924.508300632238388062
12.143309781495890576 -7.815955392518652012 0.000000000000000000 0.360265710477411905 0.000000000000000000
12.703420691393525033 -7.599648249611075990 0.000000000000000000 0.466443417881772959 1310222.000000000000000000
8.541125203516676478 -10.385478121002817531 0.000000000000000000 0.430973418780761730 1396833.000000000000000000
15.312451596741924575 0.407311893026120309 0.000000000000000000 0.323494517407731497 452212.000000000000000000
13.235924195178098373 -2.172874755192260920 0.000000000000000000 0.380690862914858874 0.000000000000000000
15.095435960734400638 1.112067970924668359 0.000000000000000000 0.337135009314950995 0.000000000000000000
13.129863057808718096 -0.437983790453139288 0.000000000000000000 0.105569837838092748 55749.565088052258943208
11.467245046145967180 0.860600504951683165 0.000000000000000000 0.398830037771219725 0.000000000000000000
14.447813179401624240 -1.467484306033009389 0.000000000000000000 0.300914986109488247 457963.000000000000000000
14.985642903040769625 0.256793013648823398 0.000000000000000000 0.261301165406978120 450150.000000000000000000
12.661656488650583796 0.866991507608186329 0.000000000000000000 0.217328745348440155 449785.000000000000000000
11.586385045780266623 1.179652413232623154 0.000000000000000000 0.404359591852653077 0.000000000000000000
13.165138201211217250 2.077082486508527115 0.000000000000000000 0.366408370395732819 15522.473410411568693235
13.575999356989964184 0.357629560231938703 0.000000000000000000 0.062286990142866885 456459.000000000000000000
13.567008030894958992 2.708873180918707657 0.000000000000000000 0.469410721421527510 450464.000000000000000000
14.391446765060523560 -1.253735058934100310 0.000000000000000000 0.264602803323429281 0.000000000000000000
14.884484610823301765 -1.598022000570877399 0.000000000000000000 0.365500160018187747 450144.000000000000000000
13.454969364387066477 -0.000695349314354383 0.000000000000000000 0.015351395530282697 0.000000000000000000
