-4.377018726232098089 4.841376594624779983 0.000000000000000000 0.413791349712376855 633434.000000000000000000
-0.172758192809417177 5.412132111918927180 0.000000000000000000 0.460053703151410309 636714.000000000000000000
-3.636557019029051929 2.717785201988926147 0.000000000000000000 0.322313591017685142 631619.000000000000000000
-3.047475331914165420 4.515993025232279301 0.000000000000000000 0.179446696162867875 0.000000000000000000
-2.126290472989389446 2.033456138794951684 0.000000000000000000 0.331500761419083356 371413.111874630849342793
-3.691131810183125417 2.411645745869872126 0.000000000000000000 0.366687673115698942 0.000000000000000000
-1.995558187289497187 4.933147311837656979 0.000000000000000000 0.191564146705138050 0.000000000000000000
-1.139585253319005398 2.226471428750847803 0.000000000000000000 0.357184352481289547 638445.000000000000000000
-0.658712742064930357 4.257372953088456313 0.000000000000000000 0.292477925838093622 0.000000000000000000
-2.746871754960214851 6.453608420475023699 0.000000000000000000 0.464628944016437451 633865.000000000000000000
-4.135212699460856456 5.219596647128057043 0.000000000000000000 0.409697155128155133 635549.000000000000000000
-2.412368977174354168 1.309123492034120373 0.000000000000000000 0.460414322065967385 0.000000000000000000
-1.987314629216671902 1.963069992984297185 0.000000000000000000 0.346593823798047096 636288.000000000000000000
-1.690108523711076893 2.718756889629802664 0.000000000000000000 0.231923337288695963 631469.000000000000000000
-0.863084230696993027 5.180765749375090934 0.000000000000000000 0.338650109150105405 0.000000000000000000
-3.900400299080806654 -3.990591390948859285 0.000000000000000000 0.293221550507347328 0.000000000000000000
-4.533985085007012472 -3.566800642339087002 0.000000000000000000 0.409640723863470335 0.000000000000000000
-1.094808855995653918 -3.597485080946633218 0.000000000000000000 0.213806123931474634 515426.000000000000000000
-2.690850231869277298 -5.595692345319838168 0.000000000000000000 0.313310928576590764 419765.738914374960586429
-2.997676107129013889 -4.965614682863370710 0.000000000000000000 0.232440294138068021 0.000000000000000000
-3.487651601472470553 -4.531791184978695597 0.000000000000000000 0.247093404299517289 516617.000000000000000000
-1.080627568331077315 -5.948848949527564933 0.000000000000000000 0.422525161001987004 0.000000000000000000
-3.404547957582786832 -3.103603997800151060 0.000000000000000000 0.247679861580074018 518184.000000000000000000
-1.192648360186008505 -4.976009403652906116 0.000000000000000000 0.271073254489270554 517354.000000000000000000
-0.686473543490000226 -2.128179554434940890 0.000000000000000000 0.420707375637280390 0.000000000000000000
-1.906793170540714621 -6.506274938205983460 0.000000000000000000 0.470097629312318521 334068.080397396173793823
-0.118722019183437735 -3.596950196039099712 0.000000000000000000 0.384857519464091746 518348.000000000000000000
-2.093343325941212640 -1.585326406029440305 0.000000000000000000 0.411516060170491860 512410.000000000000000000
-2.417551723460263258 -1.695209493191816241 0.000000000000000000 0.391886973987616682 515333.000000000000000000
-4.682046837989403798 -3.175678596129793974 0.000000000000000000 0.450269756998546433 513717.000000000000000000
5.851509243067640753 -0.078605554185264090 0.000000000000000000 0.238758483884375289 0.000000000000000000
4.349879972331585520 1.468480590467821756 0.000000000000000000 0.262578750386707638 0.000000000000000000
6.340847102349994380 -0.302063230793362558 0.000000000000000000 0.329939161206011022 500807.219641203060746193
6.508454372559502765 1.223093697925175194 0.000000000000000000 0.416406414767110156 0.000000000000000000
3.424986342240084802 0.710101909451545721 0.000000000000000000 0.231571351685913002 570313.000000000000000000
4.943754799773317998 -1.297576828885119937 0.000000000000000000 0.242861121298440286 21851.733297082213539397
4.598059502831546297 2.055223799826161102 0.000000000000000000 0.365433828826164653 570052.000000000000000000
5.262404352526184326 1.572792207466885639 0.000000000000000000 0.309492621006373647 0.000000000000000000
3.861529061563759857 -1.699284649155656579 0.000000000000000000 0.323666415301231969 0.000000000000000000
6.227775272289576947 1.021965894972665545 0.000000000000000000 0.355178851880439073 575848.000000000000000000
4.800689848331202825 -2.229294775485135105 0.000000000000000000 0.399270006936800370 0.000000000000000000
3.156077957175503546 1.117273233820792688 0.000000000000000000 0.313143056716496726 571400.000000000000000000
2.149579919066659794 0.315730307115216546 0.000000000000000000 0.425138104219629498 0.000000000000000000
5.552470270738726121 -0.189173489281859231 0.000000000000000000 0.188077577903106280 575992.000000000000000000
6.164714103814207036 -0.720495393830529629 0.000000000000000000 0.320748301985280593 573685.000000000000000000
8.177228685852290013 8.146839670851441895 0.000000000379082438 0.399816837034197792 0.000000000000000000
12.109972659134516704 10.108978721674818146 0.000000000520599992 0.395056565319805209 638510.000000000000000000
9.611809711314366567 6.313072663031404907 0.000000000499632944 0.446710527477191366 0.000000000000000000
11.967723074933585892 6.941085675788129628 0.000000000630058459 0.428878690427009435 634858.000000000000000000
9.666410748968827349 6.612552844570889654 0.000000000417979143 0.393608399238449314 105108.346204898291034624
10.740503958165273701 10.862951944036941754 0.000000000017929301 0.377395352427748187 60177.130537180673854891
9.813357857652183824 7.535873488746046789 0.000000000627638138 0.232551742414254664 633396.000000000000000000
8.525288601983215031 9.842810109224851445 0.000000000614340517 0.376477747770682658 0.000000000000000000
9.992293216629441588 10.458440330660478068 0.000000000108793730 0.306438751992940628 0.000000000000000000
12.919791261042307795 8.244225650654735560 0.000000000395532251 0.468037332739259404 0.000000000000000000
12.605042001473703905 9.411940733853679575 0.000000000744412304 0.419940268758381585 0.000000000000000000
8.082609167689671636 9.389925596703989186 0.000000000650700562 0.417985993664436395 0.000000000000000000
8.334093033930738414 8.109191089274563780 0.000000000053486951 0.374855782979816476 0.000000000000000000
7.822689869978126431 9.395278154125819015 0.000000000810328304 0.462988173170694739 635595.000000000000000000
11.168985317338540497 6.274118141112777103 0.000000000004479135 0.457643023849370334 0.000000000000000000
0.548903909026496328 12.795043364085245230 0.000000000000000000 0.329571334197694243 0.000000000000000000
3.286153029893108979 13.123660638559901059 0.000000000000000000 0.171813160937803078 145071.702383669209666550
3.302813429438688164 14.991746051447828236 0.000000000000000000 0.350694502788119478 696775.000000000000000000
3.153179433239397422 11.408003661711120458 0.000000000000000000 0.363258146440446017 697924.000000000000000000
0.685436504266149882 12.509538115033002725 0.000000000000000000 0.324099040892184442 694578.000000000000000000
1.513309279594908574 11.031389838196925979 0.000000000000000000 0.425847887426580252 0.000000000000000000
2.577388299217190148 11.293325602567641397 0.000000000000000000 0.355800909979993418 482499.346799269318580627
3.308855670509458502 12.429844806218156350 0.000000000000000000 0.229981703099895213 697818.000000000000000000
0.816551579511901382 13.613818829724774417 0.000000000000000000 0.277093453915245369 697780.000000000000000000
4.633788762649862392 12.165979479322698964 0.000000000000000000 0.454932437389946487 694348.000000000000000000
0.153072676934922658 14.231351066941396510 0.000000000000000000 0.424313015837816665 692262.000000000000000000
2.275686907098738665 13.914707455056449348 0.000000000000000000 0.114096861432581409 0.000000000000000000
4.323413225748731215 13.268482169121462277 0.000000000000000000 0.354496113357529896 692212.000000000000000000
3.523318294853613697 14.188344626582814811 0.000000000000000000 0.266892839031629803 0.000000000000000000
3.541820689844170200 14.788221536211477058 0.000000000000000000 0.344503917393883641 0.000000000000000000
-5.184659510978028685 10.040414995473664561 0.000000000606926604 0.405680458253298737 649474.296685313223861158
-6.791193446558602353 14.319883661833815225 0.000000000733221376 0.460486433328310185 0.000000000000000000
-8.536417365888485875 10.602075652718442100 0.000000000195751236 0.377199087143085143 0.000000000000000000
-5.534784524711727549 9.468664382773832600 0.000000000166520493 0.452221030042254724 1345220.000000000000000000
-4.656844800858049638 11.868998311047098682 0.000000000624362826 0.370872491407973515 0.000000000000000000
-6.222374274384903536 12.895353959444987524 0.000000000560244222 0.227353955719462986 707637.285495955031365156
-6.760901621236996561 11.954271824988705220 0.000000000522656172 0.042016667433387722 0.000000000000000000
-6.473808640503992962 9.502914286047824177 0.000000000167915758 0.394972451770817579 0.000000000000000000
-5.878547655430249819 11.678273775666927037 0.000000000852360283 0.152353863976884052 1322609.000000000000000000
-5.388688761138338279 11.730467808262666551 0.000000000684530251 0.239500362737347344 1256439.000000000000000000
-6.691795494265159405 14.231342912685544633 0.000000000280770146 0.444804638226229621 0.000000000000000000
-8.661373831897860143 9.907676291269673641 0.000000000917598434 0.469550256382190889 1315602.000000000000000000
-6.665129989482584172 11.468643743156743398 0.000000000736841354 0.045849401211009118 1285021.117420184426009655
-4.884239868770808179 12.635442921277494577 0.000000000837672285 0.367312029623146796 1343502.000000000000000000
-8.683832755772678880 13.428665526984001843 0.000000000308348245 0.460606244495386341 1263900.000000000000000000
-12.925973429552168881 4.412038948642419633 0.000000000000000000 0.059892513256150096 819469.000000000000000000
-14.649616151710901590 4.633031927842596431 0.000000000000000000 0.345281437606300812 819566.000000000000000000
-11.345364307105143098 3.746422926500321715 0.000000000000000000 0.292994392487660404 176840.118323375470936298
-13.075875712693621367 3.963090563805252931 0.000000000000000000 0.140145221987167362 811453.000000000000000000
-14.396941945744032409 5.875899268180527990 0.000000000000000000 0.364868919417486892 0.000000000000000000
-11.925496749740958080 6.551068686622648407 0.000000000000000000 0.355004013613809677 816842.000000000000000000
-12.429582154050240916 6.098081652090331595 0.000000000000000000 0.252073315591548108 819899.000000000000000000
-12.899599687215880905 4.023025135275854147 0.000000000000000000 0.118709121261376435 811470.000000000000000000
-13.740765964125506216 4.139042831863351424 0.000000000000000000 0.205731870261550376 814733.000000000000000000
-15.123886888125298356 4.298253056686150764 0.000000000000000000 0.434728527204450266 812619.000000000000000000
-12.445884386136217614 4.144956387750380777 0.000000000000000000 0.104351499850434445 817943.000000000000000000
-13.100851537896369692 5.832397995260746093 0.000000000000000000 0.212051453647783911 14258.785038597707170993
-11.042655180825233785 6.767962650820042114 0.000000000000000000 0.470569388379371900 818008.000000000000000000
-12.647518866365478729 5.506131401766609201 0.000000000000000000 0.144385127806584829 811872.000000000000000000
-14.364867151534875589 5.353253979582624389 0.000000000000000000 0.316796262259517625 818932.000000000000000000
-11.042258411059567180 -5.037528660417391002 0.000000000000000000 0.304329824524117998 570571.000000000000000000
-11.444803621311375963 -2.481003347162855199 0.000000000000000000 0.444753123537448947 0.000000000000000000
-13.936498764978612286 -5.479313671436760735 0.000000000000000000 0.258547611812499800 569706.000000000000000000
-11.113091407089472185 -6.658458031873035310 0.000000000000000000 0.447813997113474638 572653.000000000000000000
-10.184507978443534171 -4.588986437035460497 0.000000000000000000 0.450956061630235217 273679.499432638054713607
-12.376027359878159828 -5.556624361801250522 0.000000000000000000 0.164162678160809927 0.000000000000000000
-13.915152898091800893 -4.244123945105935825 0.000000000000000000 0.227144586710873841 0.000000000000000000
-11.881033673241462978 -6.567395023348374217 0.000000000000000000 0.360826014019082486 571590.000000000000000000
-11.988188164382172829 -5.346014378095084396 0.000000000000000000 0.173788011916027219 570774.000000000000000000
-15.148590435900651130 -4.333785130469946623 0.000000000000000000 0.438201567282050675 571758.000000000000000000
-13.726568542102807413 -6.179563860494088345 0.000000000000000000 0.316971801465618819 0.000000000000000000
-11.011558217297087836 -4.888104825152685073 0.000000000000000000 0.305486824727810358 0.000000000000000000
-15.143012956624353649 -4.403293683055585106 0.000000000000000000 0.435739469465504403 0.000000000000000000
-10.948459609850406338 -6.252443633911211052 0.000000000000000000 0.417496030498895720 42214.682467605969577562
-11.888542404939073549 -4.114998272913481081 0.000000000000000000 0.176744657811185812 554883.882954731467179954
-8.016525449366096012 -11.118024643419207820 0.000000000551146275 0.252298214334069515 0.000000000000000000
-5.908765494442920208 -10.708166039164536798 0.000000000240586337 0.231498228376986886 0.000000000000000000
-8.972279616634548205 -10.300645342272549243 0.000000000451292529 0.471192089467723008 0.000000000000000000
-8.129256777886457286 -11.187967635908915298 0.000000000893943259 0.266046571204326787 0.000000000000000000
-7.734944060887633199 -12.491378178824664502 0.000000000868170261 0.224939868356636263 0.000000000000000000
-6.434898902683720223 -13.851056940075395119 0.000000000639802999 0.381248210050368463 0.000000000000000000
-4.285731223739722040 -12.002850153591500870 0.000000000617187250 0.438945937661685825 0.000000000000000000
-8.135333044696960059 -9.595407972441742928 0.000000000601113604 0.450891704563801454 0.000000000000000000
-7.428113896200683186 -13.109722814195077234 0.000000000168380495 0.275524120132867589 0.000000000000000000
-8.431640241679996706 -10.005955416984997797 0.000000000114396888 0.428087312197342307 0.000000000000000000
-5.364936929774072105 -10.952463710824014598 0.000000000889651411 0.278997570336962708 0.000000000000000000
-5.809811275097235495 -13.907784975366388025 0.000000000625450628 0.421229980319093145 0.000000000000000000
-6.207757823838932154 -10.819457128694644155 0.000000000172738262 0.184668282090473035 0.000000000000000000
-5.978456222907301942 -12.263588591488666424 0.000000000368190959 0.165456786423262031 0.000000000000000000
-5.085913323259643626 -12.910535574772261214 0.000000000896084470 0.361597438999481047 0.000000000000000000
1.623050046138736491 -13.774249960296126361 0.000000000000000000 0.154677922088425679 1274017.000000000000000000
2.419416062370017162 -10.654198874401219044 0.000000000000000000 0.467206643427321211 1223010.000000000000000000
3.139632962979130859 -13.425291171680742153 0.000000000000000000 0.145942287685366823 1216344.000000000000000000
3.541291447646106150 -10.940084111592756955 0.000000000000000000 0.468193080472414203 976531.792858846369199455
1.546055010835434063 -14.887848292034266962 0.000000000000000000 0.319515611163208924 1045397.441360588185489178
2.799753417473152872 -11.382576866401910465 0.000000000000000000 0.347285252632916819 1250415.000000000000000000
2.000367696098246384 -12.117423889947716020 0.000000000000000000 0.214877899870388828 1209420.000000000000000000
2.831913005853217591 -13.600594579677226292 0.000000000000000000 0.105781343541869438 1189303.000000000000000000
1.707325177903424196 -13.445217399828440108 0.000000000000000000 0.115714018026280105 0.000000000000000000
2.085629006371630734 -13.614286775478925406 0.000000000000000000 0.074696324889288193 1275811.000000000000000000
2.179375726784099854 -11.660027193619297847 0.000000000000000000 0.289230185287004393 0.000000000000000000
4.420740812274974729 -13.343788003676648302 0.000000000000000000 0.372028084267709280 0.000000000000000000
1.746580155578162596 -14.173138077830662596 0.000000000000000000 0.190962692534677986 1259828.000000000000000000
-0.132490616053968752 -12.462377112413891567 0.000000000000000000 0.462941186306301211 1245163.000000000000000000
1.701433391650836402 -12.417942444810771363 0.000000000000000000 0.190057053384889929 0.000000000000000000
9.979814515638611994 -9.178704645687641772 0.000000000000000000 0.099229991819663396 0.000000000000000000
10.820387255885913547 -9.563081018265643607 0.000000000000000000 0.166465743860528453 1380326.000000000000000000
10.242346253435314907 -11.316816054187588847 0.000000000000000000 0.450817820279997117 1375588.000000000000000000
9.969256838123392583 -7.698696949628739183 0.000000000000000000 0.195637400736260320 1365132.000000000000000000
8.840322292703675089 -9.169071213813969834 0.000000000000000000 0.277460101416807936 978900.500038658617995679
9.873124378018239611 -7.656373176995066032 0.000000000000000000 0.208892050891376857 485827.910396500141359866
11.914294718287882446 -9.295946584629497522 0.000000000000000000 0.296420955797220387 0.000000000000000000
11.869427628517859930 -7.363140082338304637 0.000000000000000000 0.364580708896295180 0.000000000000000000
9.602206738666231089 -8.328425538382383309 0.000000000000000000 0.150823244229693232 1329368.000000000000000000
9.492671148135569226 -9.068114380002507247 0.000000000000000000 0.161252992566354947 1370266.000000000000000000
10.224736081256896369 -8.613305704381936323 0.000000000000000000 0.031376373136204561 1326266.000000000000000000
10.013734072862984448 -8.931678232206415657 0.000000000000000000 0.066582542022212685 1314748.000000000000000000
9.083669325466589228 -8.263703303627162100 0.000000000000000000 0.239648843097706010 1376201.000000000000000000
8.397174915791193683 -10.429871904336204480 0.000000000000000000 0.455453531621579699 1328885.000000000000000000
8.975306044627082258 -11.058332966453610524 0.000000000000000000 0.473265753662361510 0.000000000000000000
14.760478290116205713 2.320634450618989320 0.000000000000000000 0.456191816177508869 448793.000000000000000000
13.186633450417094338 -0.902170800839551146 0.000000000000000000 0.168741191637690691 0.000000000000000000
13.768147545373702556 -1.041153853341217017 0.000000000000000000 0.184836716250379313 456302.000000000000000000
12.882850264637365711 0.683325450400765644 0.000000000000000000 0.166822729467773212 452255.000000000000000000
14.481795928609228596 -0.421597113737521512 0.000000000000000000 0.182860772888735673 0.000000000000000000
12.949290568423325709 -2.428136371997892340 0.000000000000000000 0.434289942922822636 454117.000000000000000000
13.030217257492012095 -0.201454118060461040 0.000000000000000000 0.097543837576208950 448671.000000000000000000
13.399407635452380561 2.198730089402520349 0.000000000000000000 0.381975102580747183 0.000000000000000000
12.205027418224906555 -0.610222170743215830 0.000000000000000000 0.260696664747761653 454801.000000000000000000
12.703225883383954198 1.454811963911799344 0.000000000000000000 0.293406370740185107 451452.000000000000000000
11.935692758609519615 -0.755817594428001560 0.000000000000000000 0.314889430141482851 457121.000000000000000000
15.299906603009448602 -1.461504894587864811 0.000000000000000000 0.402424586542970641 448144.000000000000000000
11.331638904907668675 -0.821017720333148349 0.000000000000000000 0.418940007421817806 453894.000000000000000000
11.545379631034828449 0.636455097486194332 0.000000000000000000 0.372562355242149368 0.000000000000000000
13.175765261798961347 -1.089438486302961362 0.000000000000000000 0.199853763151460445 451951.000000000000000000
