-2.924647712609866446 2.684610245364327241 0.000000000000000000 0.245314993339369902 412122.935955727181863040
-0.852708846295414435 4.577735033571427081 0.000000000000000000 0.278838993614461406 0.000000000000000000
-2.780782177831644830 2.571347264801631116 0.000000000000000000 0.252617513341435507 632977.000000000000000000
-0.831083497243826241 3.231429479711851016 0.000000000000000000 0.280118976209787041 0.000000000000000000
-1.046987883715180923 1.517376477348213015 0.000000000000000000 0.474602235712894449 0.000000000000000000
-4.510628548958333539 4.627754852972176813 0.000000000000000000 0.422316315693925914 636194.000000000000000000
-4.248621396404235639 2.896670784055102921 0.000000000000000000 0.396329838616645891 0.000000000000000000
-1.710621151193486345 6.430143727066018222 0.000000000000000000 0.462782899511484713 0.000000000000000000
-0.964130610512073716 2.242712955815580056 0.000000000000000000 0.373262186153721531 637615.000000000000000000
-3.596374870437499816 5.185283500062369377 0.000000000000000000 0.331678986236051188 271748.740313315240200609
-0.109753399528424181 2.528671398568885564 0.000000000000000000 0.453254920175596432 633425.000000000000000000
-4.198197053466399709 4.803561258672608858 0.000000000000000000 0.382031427763431908 0.000000000000000000
-2.406089450758637671 6.405396119542944966 0.000000000000000000 0.448646327055679417 102896.277506133148563094
-0.560440305689697826 3.278073920294475307 0.000000000000000000 0.321632387890339377 632329.000000000000000000
-0.009448185223780287 4.330770870140598916 0.000000000000000000 0.408381016354220916 630762.000000000000000000
-2.381325733639651165 -5.254973663542998885 0.000000000000000000 0.244029208991817931 514213.000000000000000000
-1.026588165998642443 -2.678109080086080951 0.000000000000000000 0.307905377140532788 0.000000000000000000
-2.314584187358221801 -3.598348583891485042 0.000000000000000000 0.052934985263969517 509288.000000000000000000
0.107545264964748560 -2.817368898350109063 0.000000000000000000 0.462910430517164906 0.000000000000000000
-0.652392706777206954 -5.848806909464918213 0.000000000000000000 0.451272860199758652 514828.000000000000000000
0.243459709533011659 -3.654568877905044921 0.000000000000000000 0.447802169963762819 0.000000000000000000
-4.459133048587894166 -3.795211512163402912 0.000000000000000000 0.392607516991429761 0.000000000000000000
-0.212020449157676594 -2.281967790196430368 0.000000000000000000 0.463753647717314643 0.000000000000000000
-2.157898067202037584 -3.786791385335909865 0.000000000000000000 0.025666744781284240 0.000000000000000000
-1.229559756977762763 -5.419156986616834537 0.000000000000000000 0.328316742612530577 509698.000000000000000000
-0.168566568452068910 -5.225382220945987477 0.000000000000000000 0.441896085510465886 45568.387192037589557003
-2.149060020322363318 -3.730080110745011446 0.000000000000000000 0.034519387113189651 509473.000000000000000000
-1.829256600063629890 -5.405183196458990480 0.000000000000000000 0.280457218325813495 0.000000000000000000
-3.255467572249021835 -5.089910244541308693 0.000000000000000000 0.277851919760718435 0.000000000000000000
-3.571995213946761005 -5.250946618356671536 0.000000000000000000 0.336872043527658316 515130.000000000000000000
2.334919600861489641 -0.718555717176374120 0.000000000000000000 0.408877021834438026 318321.901128177589271218
3.753950629801222405 -0.742154729046434647 0.000000000000000000 0.189115601393505722 0.000000000000000000
4.314856801455802859 -1.854724142098850947 0.000000000000000000 0.331484022191028127 0.000000000000000000
4.686368460014949555 2.471409661593665152 0.000000000000000000 0.440097731509405954 569594.000000000000000000
6.214256196744471161 -1.387322252572500192 0.000000000000000000 0.390379887879605092 0.000000000000000000
5.696801532666794898 -1.159634922108148114 0.000000000000000000 0.294621057991191815 0.000000000000000000
5.470633330398360528 -0.870541192698797373 0.000000000000000000 0.230107870938683789 0.000000000000000000
5.775075651168088520 -1.664172094035924809 0.000000000000000000 0.371153291744215574 569122.000000000000000000
4.570012378953372867 -2.274846734493595424 0.000000000000000000 0.404270117232084281 0.000000000000000000
3.583194003032438513 2.439027784759002504 0.000000000000000000 0.464239546648410717 571127.000000000000000000
3.360583615376247835 -1.211928164951336484 0.000000000000000000 0.297832904556359968 436786.982406839029863477
6.040827756406617510 1.675344992049348836 0.000000000000000000 0.403010846090781194 0.000000000000000000
2.076574014635340415 -0.482150051775436017 0.000000000000000000 0.442806335857984623 0.000000000000000000
6.540608146209038409 1.575208898303281257 0.000000000000000000 0.456610526548795914 569064.000000000000000000
4.105423401384862281 -2.294399878690361660 0.000000000000000000 0.414202756641832537 266537.453211387677583843
10.166369650030926408 9.706867010929034478 0.000000000297145320 0.171030593054986468 638397.000000000000000000
8.401769259497374520 7.917505704781179432 0.000000000139681979 0.375155141367834677 632562.000000000000000000
10.979353217224403494 10.171418293084308004 0.000000000348159115 0.274102078894620016 0.000000000000000000
9.009639851950366207 6.925542660397399075 0.000000000449872604 0.398491818114147689 0.000000000000000000
11.205340475668153388 10.576410716207558238 0.000000000752413696 0.355320298553435499 635638.000000000000000000
10.280750459224483606 9.980314835489700442 0.000000000090164984 0.216372381237470768 637215.000000000000000000
7.813469812663779379 8.511522990594336591 0.000000000128909913 0.452320704591150036 0.000000000000000000
9.977751761630653249 7.748774229088249754 0.000000000694237548 0.186861627554360032 636697.000000000000000000
9.559385104895660845 8.975616097796148551 0.000000000478016159 0.144869669881057955 0.000000000000000000
10.049048832332129422 7.895499238660099728 0.000000000330522368 0.158325173681459708 631711.000000000000000000
9.745707753770609827 6.193436245354831726 0.000000000202563674 0.460682417175344305 629446.000000000000000000
10.643344816398293773 8.243256910767518875 0.000000000407438732 0.103623336031256785 638701.000000000000000000
10.450657404964179165 9.665022747382776558 0.000000000776046556 0.161968330810975614 632896.000000000000000000
8.221979514797563837 7.204709623391391204 0.000000000728945506 0.465031259760552818 0.000000000000000000
10.624428104084731928 6.478451966953254981 0.000000000022300762 0.400962715794631164 632542.000000000000000000
3.746902243441191604 12.468659883296428603 0.000000000000000000 0.289930652294122015 695667.000000000000000000
4.193771555542328500 11.472698061498915578 0.000000000000000000 0.461330935115109475 0.000000000000000000
2.109654370084374175 10.616977748097003342 0.000000000000000000 0.475326796379500316 690105.000000000000000000
1.796068972612761439 11.622961561706375733 0.000000000000000000 0.309772427851592036 0.000000000000000000
2.244646491572316549 11.538827170181409798 0.000000000000000000 0.309896064869519261 690600.000000000000000000
0.483098764827378679 12.181388524699922726 0.000000000000000000 0.383313931249503526 699280.000000000000000000
1.125851143383492348 11.976995909550050001 0.000000000000000000 0.316218476338553711 690256.000000000000000000
1.541018396620933428 15.056072186191942208 0.000000000000000000 0.347039745792064147 690399.000000000000000000
4.428306959224272532 14.034004739543803453 0.000000000000000000 0.396754204572756453 0.000000000000000000
0.503656113362957125 13.047199056225412761 0.000000000000000000 0.328819830425420179 693863.000000000000000000
1.477601209925750059 14.328844169334178815 0.000000000000000000 0.241739735486069890 697653.000000000000000000
3.313354387373808052 11.989306758131768049 0.000000000000000000 0.288029810578906864 696975.000000000000000000
3.566270328740368090 15.259491175782089911 0.000000000000000000 0.415609045541653399 0.000000000000000000
1.665930981004183353 15.664710763844409414 0.000000000000000000 0.441677149902193866 695204.000000000000000000
0.606860095467664395 14.232079407056929199 0.000000000000000000 0.351786414670318015 0.000000000000000000
-5.694859480066782886 13.815659822148225189 0.000000000506165122 0.415005611271776875 1343542.000000000000000000
-7.491455462568178625 9.937560316849046060 0.000000000638541803 0.342816957823544766 0.000000000000000000
-6.015064492845290545 11.606713489396385697 0.000000000160457962 0.129382323807634675 1323318.000000000000000000
-5.267110756316639275 13.280158106943915186 0.000000000600204201 0.380524649058573139 1260318.000000000000000000
-6.390272272368346052 11.344266920083100558 0.000000000114191298 0.090070839078116208 1316956.000000000000000000
-6.050572566365225669 9.281201444409198587 0.000000000302228840 0.448471208063332571 0.000000000000000000
-5.609626464720284034 11.758600723206191319 0.000000000624116319 0.200240339613721952 1275951.000000000000000000
-8.074674884281003884 12.361423677330675375 0.000000000285920875 0.264843846012444317 1275185.000000000000000000
-5.127131547871856654 12.696725221878443435 0.000000000303991932 0.334537270744365511 1103188.660321426112204790
-7.613392130801609703 12.545151034997447326 0.000000000805818430 0.214521013344248890 1310069.000000000000000000
-6.011416909529800456 10.567369374720907871 0.000000000700578402 0.241034534152869628 1261884.000000000000000000
-7.545690194167137932 12.813567614636808045 0.000000000167395402 0.241885461225108983 0.000000000000000000
-6.043993653781115860 11.641213888698164425 0.000000000033326382 0.123462206184385359 1322540.000000000000000000
-7.711815987041212850 10.766712213281298460 0.000000000627966294 0.242495312149833636 0.000000000000000000
-4.721989941632092069 10.354360759885810950 0.000000000164766868 0.432315442068878064 0.000000000000000000
-11.935403128350627000 3.641814117836525089 0.000000000000000000 0.227632170209203483 0.000000000000000000
-13.601230794436682814 5.976076906136039923 0.000000000000000000 0.275280979335281728 0.000000000000000000
-11.948049660558028862 2.939973633752799298 0.000000000000000000 0.332051369227937376 0.000000000000000000
-10.435433650858128019 4.179079218253285433 0.000000000000000000 0.415231504792115735 0.000000000000000000
-10.673484640989924443 6.330598661848238606 0.000000000000000000 0.463981162346811082 0.000000000000000000
-12.997511004644691113 2.322793141957575358 0.000000000000000000 0.412513278143019524 0.000000000000000000
-13.253347490884284099 3.516564453681740421 0.000000000000000000 0.223643949339620757 812699.000000000000000000
-13.247666328147424508 4.970131078791596657 0.000000000000000000 0.107910496674732820 571970.310541751212440431
-10.876111580277981972 4.088771464705668102 0.000000000000000000 0.343224238151374261 813248.000000000000000000
-12.952910307098141729 5.061916390376381081 0.000000000000000000 0.079155362235011101 815065.000000000000000000
-12.093866019379591492 5.062726767830218577 0.000000000000000000 0.129056543163056231 0.000000000000000000
-14.324874717495738707 4.963232504688381397 0.000000000000000000 0.291512018656740923 0.000000000000000000
-15.144537954459769580 5.163201657398073685 0.000000000000000000 0.441431734516908592 813592.000000000000000000
-11.892302635923860166 3.187315647795877727 0.000000000000000000 0.298090766300231069 779300.170546127716079354
-12.306229647109326208 2.398381696558288922 0.000000000000000000 0.403359742455823067 0.000000000000000000
-14.032539760552868557 -3.545904822676101631 0.000000000000000000 0.306435232728589357 0.000000000000000000
-12.391201827126584689 -6.261332149773446432 0.000000000000000000 0.281289719943995098 0.000000000000000000
-10.656425141822444047 -4.849009704789616571 0.000000000000000000 0.367790211773657227 575853.000000000000000000
-15.099295662158921161 -3.480604965365907688 0.000000000000000000 0.473141082481805864 0.000000000000000000
-12.735861152644279315 -6.642205444767997236 0.000000000000000000 0.341432939669361335 576313.000000000000000000
-13.198499078455158795 -6.535201960965852486 0.000000000000000000 0.333913562831890554 574062.000000000000000000
-12.624332292735566341 -5.442839902028643095 0.000000000000000000 0.133848830715966677 574986.000000000000000000
-12.483460511588287289 -2.241314592946874296 0.000000000000000000 0.425940727813382936 0.000000000000000000
-14.226457788732593812 -4.379205038939772976 0.000000000000000000 0.274713987560674888 570270.000000000000000000
-13.675985407634247082 -6.551867880021514878 0.000000000000000000 0.367611270792202738 574457.000000000000000000
-14.556671547699467695 -5.329718075886755280 0.000000000000000000 0.347437615219470086 0.000000000000000000
-11.163191425180263749 -4.729405847005989649 0.000000000000000000 0.276410126170149040 573465.000000000000000000
-12.255080120729113347 -5.483708129732913328 0.000000000000000000 0.162167926214835389 0.000000000000000000
-11.476755805336672722 -5.036715946388172327 0.000000000000000000 0.229046462783683874 0.000000000000000000
-13.750310855128148546 -6.218654555557255215 0.000000000000000000 0.324946181139450563 206000.236610864900285378
-5.910343222794950613 -10.982838231822764641 0.000000000211337970 0.196105671603370363 0.000000000000000000
-6.979741803682284917 -10.835795783699424533 0.000000000042470430 0.162329885608244295 0.000000000000000000
-6.896403932947592352 -12.244774747242043844 0.000000000259339252 0.097595811258184867 0.000000000000000000
-4.651862657642756638 -11.782951564006555856 0.000000000883738126 0.370975927915035253 0.000000000000000000
-8.066911831761130358 -10.490892445157673052 0.000000000687753635 0.321962409512438041 0.000000000000000000
-6.705110016246379701 -13.944157696354803733 0.000000000249458044 0.393947570717069651 0.000000000000000000
-6.080714318496807103 -12.186467926495698322 0.000000000514607701 0.142680702138456988 0.000000000000000000
-6.985994919890708310 -11.456780904929674492 0.000000000921820616 0.064733193093840805 0.000000000000000000
-5.248135665580225151 -10.826475720019354654 0.000000000786773779 0.308198972367970503 0.000000000000000000
-7.283224568817636246 -13.179866141490229836 0.000000000904464819 0.276506871452948333 0.000000000000000000
-5.328781531140021954 -12.009820946900449101 0.000000000367360761 0.255435596409888888 0.000000000000000000
-8.049050829243972416 -9.400003172563186737 0.000000000404686908 0.472213232092180968 0.000000000000000000
-7.474387716834385742 -12.184088222027730453 0.000000000094250605 0.155779485675107798 0.000000000000000000
-7.811392087290001562 -11.423706879674689674 0.000000000449971168 0.199259551159906012 0.000000000000000000
-5.619431978514656478 -9.347253040223073128 0.000000000607021600 0.464628007036311241 0.000000000000000000
4.780028006616729108 -12.301510012414473394 0.000000000000000000 0.469095157108885774 1212827.000000000000000000
4.173988668436850347 -12.473760801239684781 0.000000000000000000 0.357636982401159764 0.000000000000000000
1.730606804282775801 -13.498856934938459062 0.000000000000000000 0.114648501152609911 1273469.000000000000000000
1.356428722477847737 -15.265853518275770639 0.000000000000000000 0.394853119119452756 1272469.000000000000000000
3.710032872209299448 -15.397100310123056133 0.000000000000000000 0.449996215116964970 1194623.000000000000000000
3.960393342261709471 -11.202998630445463846 0.000000000000000000 0.469178180692695457 0.000000000000000000
2.776951004020128622 -14.442736238096056667 0.000000000000000000 0.222090018608603862 1249801.000000000000000000
-0.046149563963150807 -12.788398820283459756 0.000000000000000000 0.433066385915042096 1278551.000000000000000000
0.168635879073817857 -14.438704543829096849 0.000000000000000000 0.437974163142148709 1221467.000000000000000000
3.851184798546450239 -11.809232641748041104 0.000000000000000000 0.375865458616919057 1213860.000000000000000000
1.119437714138974194 -14.660795950033032042 0.000000000000000000 0.328133275371133626 0.000000000000000000
2.150753676685520865 -15.287894740347280020 0.000000000000000000 0.359647560111394815 1258755.000000000000000000
3.695428704094733341 -11.901971987654178520 0.000000000000000000 0.344531744482976243 1207355.000000000000000000
1.147753150384429821 -12.616880607057007424 0.000000000000000000 0.241951907430996566 0.000000000000000000
2.275431041829036438 -15.943379858283654116 0.000000000000000000 0.474959540583287987 1250310.000000000000000000
10.236428809328300460 -6.890850891119574939 0.000000000000000000 0.326220554557408227 1347413.000000000000000000
8.086649210679428990 -7.944477764209531223 0.000000000000000000 0.425862873352501559 1338710.000000000000000000
12.286714050092859551 -10.347199135333438491 0.000000000000000000 0.445451189000253545 1313350.000000000000000000
11.010739980034637497 -10.357247299924337014 0.000000000000000000 0.306135734992218356 0.000000000000000000
12.155170711203050260 -8.412612958549150477 0.000000000000000000 0.328705555808493310 1345064.000000000000000000
9.508297246892952970 -6.338880817806736623 0.000000000000000000 0.448203872376296053 0.000000000000000000
9.504700783838725187 -7.330676786183607518 0.000000000000000000 0.290033765187768799 1356829.000000000000000000
11.374887082350493728 -10.678017003710483124 0.000000000000000000 0.384865005616671640 0.000000000000000000
10.871292184049659468 -11.391929375432205518 0.000000000000000000 0.472736123640832451 0.000000000000000000
12.138759454828640827 -7.530347997269183580 0.000000000000000000 0.384748298244052211 1313742.000000000000000000
9.897840135300276287 -9.500217827523993464 0.000000000000000000 0.153790343587106970 0.000000000000000000
8.848007142615562870 -8.524792464744466614 0.000000000000000000 0.268916103642275139 0.000000000000000000
10.872662994003867709 -9.429956084581958109 0.000000000000000000 0.152546953903954313 0.000000000000000000
9.380152594614914463 -10.971732719270150369 0.000000000000000000 0.426354862074311169 0.000000000000000000
9.439164507609596910 -11.202100468938086308 0.000000000000000000 0.459865957580776086 1321746.000000000000000000
13.907445003416329499 -2.027432186827162308 0.000000000000000000 0.357096276470172946 0.000000000000000000
13.246132051394239326 2.274871012184772834 0.000000000000000000 0.397948431550154191 449189.483948987966869026
14.301872955429876910 -2.205019386758055866 0.000000000000000000 0.404880756149013366 448952.000000000000000000
15.710718774832733047 -0.581672075768048358 0.000000000000000000 0.399545486397320293 457701.000000000000000000
14.805466532114150979 -0.884698744866802778 0.000000000000000000 0.272357464769366009 0.000000000000000000
13.458258682729677957 -0.433920890264655412 0.000000000000000000 0.076649834394341976 456497.000000000000000000
12.589898077454678926 -2.431209074884297383 0.000000000000000000 0.454893363742130685 0.000000000000000000
12.757457662024386025 1.732157152815219092 0.000000000000000000 0.331523203849699466 452913.000000000000000000
12.561835870916366886 2.198305046154812370 0.000000000000000000 0.419722431664106554 0.000000000000000000
15.252762248385845822 1.646831599120547329 0.000000000000000000 0.417047649740679149 456963.000000000000000000
13.472050955236264613 -0.352993797548994959 0.000000000000000000 0.062410356402597636 450318.000000000000000000
12.138190063059749235 -0.482869397535406975 0.000000000000000000 0.263775770280180122 448718.000000000000000000
11.866987473209389847 1.352009134536565016 0.000000000000000000 0.379876716276814852 455882.000000000000000000
12.081836393151638376 1.945772190482511821 0.000000000000000000 0.426632096231700231 0.000000000000000000
15.226334810648463503 0.790712336031813567 0.000000000000000000 0.329976595649611404 164589.096664702199632302
