-2.424121790928859266 4.073692480330941557 0.000000000000000000 0.044071299326338527 635853.000000000000000000
-0.124918368075232322 3.516899410758332678 0.000000000000000000 0.385963733010582122 630347.000000000000000000
-1.034573711002974683 2.262189628042735379 0.000000000000000000 0.362857330951518509 310330.417057616927195340
-3.017358848440442554 5.114481734637815968 0.000000000000000000 0.256545469202313914 635590.000000000000000000
-0.395654481069714292 5.470648404345597626 0.000000000000000000 0.435273286232681134 88713.140858460319577716
-1.464758024113794965 2.560845208493885306 0.000000000000000000 0.275805600139615859 0.000000000000000000
-2.887165366110338915 5.126157298758069913 0.000000000000000000 0.246963823693927331 638668.000000000000000000
-2.795615582497572138 4.715305361822389685 0.000000000000000000 0.175379868966439562 0.000000000000000000
-4.552544217399848492 4.859151203521696161 0.000000000000000000 0.443729264427291825 0.000000000000000000
-2.450455685994919364 3.410465633863402513 0.000000000000000000 0.092043173194141098 635608.000000000000000000
-4.442255103959733553 4.550764415870333757 0.000000000000000000 0.406587471109563781 631500.000000000000000000
-0.356454651004370460 5.725016646949840471 0.000000000000000000 0.470868924808085454 238424.755891285079997033
-2.497614279627511813 4.374644201361688189 0.000000000000000000 0.096245329201009061 412425.122755735414102674
-2.541965423943976177 1.495391547204267368 0.000000000000000000 0.429400169721718350 367301.496000416227616370
-2.183093177258922157 3.162635617886918826 0.000000000000000000 0.130263302007443876 0.000000000000000000
-0.744052526278412230 -4.547629461481911939 0.000000000000000000 0.294181247493925824 0.000000000000000000
-1.031539130822468620 -5.927063642617127037 0.000000000000000000 0.423612286238586377 517558.000000000000000000
-3.417876388422369516 -3.042757542846218577 0.000000000000000000 0.255873849726504565 0.000000000000000000
-2.629996927492062042 -2.934132163558180739 0.000000000000000000 0.182680964547781044 509014.000000000000000000
-1.118304611303477802 -4.249327714618957863 0.000000000000000000 0.212998775363044318 516167.000000000000000000
-0.291454993358508052 -2.932458378694446477 0.000000000000000000 0.389836955931098239 0.000000000000000000
-3.234108432914673426 -1.763982780064690115 0.000000000000000000 0.416530342020374478 43586.659261072614754084
-3.677703708426282692 -4.871669002054879627 0.000000000000000000 0.307434727751220493 0.000000000000000000
-3.472657322324943951 -4.032456380892634584 0.000000000000000000 0.217922765452948752 509195.000000000000000000
0.311496053249563198 -3.470718292838397279 0.000000000000000000 0.464009991262408328 512585.000000000000000000
-0.458791420317521903 -4.513553469521267125 0.000000000000000000 0.339380551637317840 0.000000000000000000
-3.096437109827130829 -4.709428022799561298 0.000000000000000000 0.208784408876880601 517394.000000000000000000
-0.332939786038627006 -3.334149870828694073 0.000000000000000000 0.357136046101347582 323937.347717981494497508
-4.508049757662248247 -2.888460519144648853 0.000000000000000000 0.438770214280952309 173795.676183642237447202
-1.609138463315591849 -4.345835074931619246 0.000000000000000000 0.141316627565320291 513523.000000000000000000
4.278989036812999025 1.368518593464539634 0.000000000000000000 0.246776820415055165 572193.000000000000000000
3.237089968566401410 -0.709117180633799138 0.000000000000000000 0.260205504355931816 0.000000000000000000
3.191758683263865581 -1.646204506043153382 0.000000000000000000 0.375805803298804530 568944.000000000000000000
5.946787507252626170 0.884217311081214929 0.000000000000000000 0.299699215019524123 0.000000000000000000
5.928520608866263863 1.635467180844309087 0.000000000000000000 0.384430572929530590 0.000000000000000000
4.319481819781865184 1.501711466662175143 0.000000000000000000 0.269097418889997442 571942.000000000000000000
4.285253902331737308 0.936632576128932914 0.000000000000000000 0.171373113401307120 0.000000000000000000
2.938601483939206283 1.933298284471382855 0.000000000000000000 0.443898136671323162 0.000000000000000000
6.259855687385647016 -0.902323035727989109 0.000000000000000000 0.349896814127577227 578698.000000000000000000
5.106224577077629334 0.144884358447544964 0.000000000000000000 0.108612604088657611 575172.000000000000000000
4.024257299939669075 -0.084540523703797180 0.000000000000000000 0.088605072498571871 0.000000000000000000
6.547364272509340388 -0.687986612674207243 0.000000000000000000 0.382356404982516884 578281.000000000000000000
4.147220167552194248 -2.071777352202909483 0.000000000000000000 0.373942684870714248 79200.278844934640801512
5.967198898100285476 -0.447299104691935734 0.000000000000000000 0.270862472155497469 576615.000000000000000000
4.308067606254968318 -1.290295518389762863 0.000000000000000000 0.232210614375264274 575002.000000000000000000
10.832630480102439563 8.947625405623979233 0.000000000550492653 0.094422506771766571 637296.000000000000000000
10.845587110204846226 11.344531510921019191 0.000000000015329527 0.463713430177970454 635212.000000000000000000
9.418426482022679735 9.168645327076662355 0.000000000845665833 0.180207526347139907 0.000000000000000000
12.475517524366006583 9.824199932945193225 0.000000000544322314 0.424439357935323447 0.000000000000000000
11.416382800255025387 9.974779994082494383 0.000000000097111252 0.287888961728004711 636792.000000000000000000
11.063557839213533640 11.198957461908092270 0.000000000061311419 0.448163900464935316 635894.000000000000000000
11.692809455597963364 8.939686221384048892 0.000000000181587887 0.243349188762764845 0.000000000000000000
10.060155692459080257 7.237068162960621720 0.000000000479561013 0.269724504223384676 637783.000000000000000000
12.468614619738700000 8.839395852420167898 0.000000000523570895 0.379635026851346757 629408.000000000000000000
12.349667403200907501 7.866004531853710624 0.000000000284083585 0.389854510935593979 0.000000000000000000
8.720889945121832909 9.353920294978308903 0.000000000329729319 0.307713746743242589 621167.597431313013657928
12.335423562894854754 9.957415013931397496 0.000000000836652970 0.413625281879232753 634668.000000000000000000
12.791880177840726063 8.878284430786804293 0.000000000471959893 0.437501352152636469 0.000000000000000000
8.291053762482796685 8.405434768547458191 0.000000000223798536 0.370232589923197297 0.000000000000000000
9.948948316094616828 7.963051793367634801 0.000000000488856260 0.154406482868967077 0.000000000000000000
2.817956673313130711 14.631674295161898769 0.000000000000000000 0.256177852134458262 110565.301062359067145735
1.101172483481704711 13.270199083969838938 0.000000000000000000 0.219787353526055163 0.000000000000000000
2.382648353501050309 12.589127449642150580 0.000000000000000000 0.122747196861378000 0.000000000000000000
3.369234405561701617 11.463083378995785111 0.000000000000000000 0.371791940360495676 0.000000000000000000
0.932405711438908158 14.441366398028128160 0.000000000000000000 0.324767607494746702 0.000000000000000000
1.430015142772598891 13.956448944347178198 0.000000000000000000 0.201589241926023566 0.000000000000000000
4.269917428207376631 14.192241029915861006 0.000000000000000000 0.381478481209793996 693795.000000000000000000
2.854532848935852574 12.973060989176463664 0.000000000000000000 0.107325010201202165 628197.804627981153316796
2.840610602345608360 11.758723214398706602 0.000000000000000000 0.284929554983130662 207042.750892587966518477
1.802679680586220634 11.532391692464180721 0.000000000000000000 0.324800969127553074 0.000000000000000000
4.069153815045999600 11.534988404516065330 0.000000000000000000 0.437751387706034334 0.000000000000000000
3.677550908152928955 13.240294149265627865 0.000000000000000000 0.239482162869293025 213996.798061964305816218
0.931484490703929136 13.175019225448250992 0.000000000000000000 0.250680799201918991 693205.000000000000000000
1.937056205473937753 12.880868155063341263 0.000000000000000000 0.099923021694345887 0.000000000000000000
2.821263597191412842 15.727133833955544873 0.000000000000000000 0.444800493177953338 698778.000000000000000000
-6.546959878421802159 10.255903935461420318 0.000000000751139097 0.261057411504513615 310924.166575320530682802
-7.237488507909074720 14.286922149047653008 0.000000000601543956 0.463151693665223740 1320980.000000000000000000
-8.329588673071572913 11.200707457655973087 0.000000000041246955 0.299018884479211489 1295826.000000000000000000
-8.279054892864229132 11.940335501966764298 0.000000000077139800 0.278435712242285138 1278783.000000000000000000
-7.692896673026163867 13.074443116487222127 0.000000000328701810 0.294581336814194517 1263843.000000000000000000
-8.377624785011690278 9.699882799395165733 0.000000000408323590 0.461706738497706048 0.000000000000000000
-8.384515668881046935 11.953231762622776202 0.000000000313806182 0.297364078946961652 0.000000000000000000
-5.713244809690416481 12.461442264603023844 0.000000000370751803 0.224313515630053306 0.000000000000000000
-5.748111563997318818 11.113846498873542146 0.000000000359497325 0.205568626567439711 508339.394930937152821571
-6.794062132992369385 12.941528015539621066 0.000000000512318191 0.216722972341211545 1272574.000000000000000000
-5.803312070797777444 13.158807636889092052 0.000000000383413954 0.304167288721708118 1336750.000000000000000000
-7.933257568175731578 9.990778753307617777 0.000000000738087866 0.372951495612828421 1316506.000000000000000000
-8.412390792083559887 10.789546425139539210 0.000000000904157420 0.341464499963899326 313540.395660680718719959
-8.970768451663062137 10.868692591847921136 0.000000000314898267 0.426220312506503163 0.000000000000000000
-5.121585894772826109 9.796277868364848374 0.000000000237602942 0.445565324934382112 0.000000000000000000
-12.733121818668472258 2.317311047515174582 0.000000000000000000 0.410568889236320012 812135.000000000000000000
-10.609017681571724978 5.938588622304283859 0.000000000000000000 0.434753797890157556 0.000000000000000000
-13.700645014083775663 4.161285435964121149 0.000000000000000000 0.197610676104816196 819083.000000000000000000
-12.547128045328715729 5.499464653153610882 0.000000000000000000 0.145812376815800171 819863.000000000000000000
-13.297535432813774037 5.960048000505112853 0.000000000000000000 0.245736044775632184 0.000000000000000000
-12.307571000167406794 4.770439666326241834 0.000000000000000000 0.074032250596064747 813711.000000000000000000
-13.037709592340318565 5.978059035517906850 0.000000000000000000 0.233102272380686620 812226.000000000000000000
-11.407088673761629494 5.973926423831363408 0.000000000000000000 0.324297931741488799 812725.000000000000000000
-12.030843243685795940 5.717096279966876970 0.000000000000000000 0.217904511039297033 813453.000000000000000000
-11.992866337745129002 3.084173978977256425 0.000000000000000000 0.305872146980968096 817707.000000000000000000
-11.186436929534940177 6.105299803594959940 0.000000000000000000 0.368696596429680057 819183.000000000000000000
-14.250366972167725521 4.308972867007411445 0.000000000000000000 0.281419078797676414 342456.325298164563719183
-14.161512197929322809 3.881741404195303335 0.000000000000000000 0.292826999104948305 813801.000000000000000000
-10.941855678174530198 5.564186353707672339 0.000000000000000000 0.351484356234364081 813428.000000000000000000
-11.303130607596074242 3.491523918816430427 0.000000000000000000 0.325568153601691390 813278.000000000000000000
-14.151618735865632459 -2.745527172360295420 0.000000000000000000 0.421971221188844281 576841.000000000000000000
-10.561169722517941949 -3.961164805558471613 0.000000000000000000 0.403488742632285846 574444.000000000000000000
-14.206023023692496920 -3.102414459534960312 0.000000000000000000 0.381408624819479625 576289.000000000000000000
-10.378147459931557961 -4.672434401438980700 0.000000000000000000 0.416179145562737329 213385.669282021699473262
-11.839783493728253561 -4.529763855730564615 0.000000000000000000 0.157816098442621844 572772.000000000000000000
-10.419807884076620397 -5.638599953405643461 0.000000000000000000 0.441780424707816199 0.000000000000000000
-13.508186869235945693 -2.732584217317726161 0.000000000000000000 0.366356494207060457 569573.000000000000000000
-12.227726791378710658 -5.899298151463228557 0.000000000000000000 0.229395688168524403 571701.000000000000000000
-11.520293635684222266 -2.547032415893539348 0.000000000000000000 0.428000772495560455 0.000000000000000000
-12.514934612895853405 -5.268320066229764009 0.000000000000000000 0.108491917001351371 164742.142352952592773363
-15.042570432949183612 -5.087419587555134015 0.000000000000000000 0.421208503262413103 0.000000000000000000
-11.822498024484458412 -5.891445449887315888 0.000000000000000000 0.264247448124693751 335396.219328732986468822
-14.741300695975770196 -5.397574327718682063 0.000000000000000000 0.382361657497424734 569965.000000000000000000
-14.036014283867055852 -5.500902590262100489 0.000000000000000000 0.275579071236740081 114156.396093235642183572
-14.404463911754570304 -3.909733429936250726 0.000000000000000000 0.329618603670576160 0.000000000000000000
-8.063226124227274028 -10.647886936105818378 0.000000000239553467 0.303441866774827929 0.000000000000000000
-4.803990056267335440 -13.508391041405625188 0.000000000759559236 0.467773844849613984 0.000000000000000000
-5.782029449415251321 -13.457577904296558202 0.000000000852933009 0.351567220920111001 0.000000000000000000
-5.461834931624902190 -11.298139096762545464 0.000000000072452776 0.238400718922458676 0.000000000000000000
-4.970889974581433890 -13.108937692485550741 0.000000000831761776 0.399137727669672204 0.000000000000000000
-8.992391679379570846 -10.835529262889917135 0.000000000801146375 0.431905712947271259 0.000000000000000000
-7.112750517119094340 -13.813585935314597108 0.000000000349740414 0.376799386264745684 0.000000000000000000
-8.006643289730444479 -10.490673563634468124 0.000000000797208460 0.314148264664997567 0.000000000000000000
-4.802117618142846212 -11.877868740951965876 0.000000000441908757 0.345181739101529106 0.000000000000000000
-7.041391348372114223 -12.551327011794315425 0.000000000373064347 0.157300968782736056 0.000000000000000000
-6.830738457777854933 -14.217024620862000361 0.000000000019383700 0.442496029287423431 0.000000000000000000
-8.608267933274905914 -9.835111904557994222 0.000000000743299937 0.471629955074398644 0.000000000000000000
-5.997326634703909143 -12.784421597250416269 0.000000000191703904 0.229792188473416065 0.000000000000000000
-7.568528102281245395 -11.129699791496179273 0.000000000425544805 0.181816927433825631 0.000000000000000000
-5.116612721825342547 -10.570831927892772484 0.000000000680857315 0.352601935863160909 0.000000000000000000
2.900804377672720591 -14.330789070503584526 0.000000000000000000 0.213099952764689321 1275598.000000000000000000
3.447007738666739485 -12.853355268340012074 0.000000000000000000 0.212142044822763887 1225815.000000000000000000
2.561161933613657293 -13.843106524461612494 0.000000000000000000 0.108655479146516312 1240178.000000000000000000
2.055965108914500572 -14.183416212219974284 0.000000000000000000 0.168931175981421933 1248049.000000000000000000
3.619515247214755149 -11.934765398679655135 0.000000000000000000 0.330915118638575645 1258094.000000000000000000
2.226233024380857906 -12.533152927044611147 0.000000000000000000 0.133814633629137730 0.000000000000000000
1.703677896383173795 -12.282324333599472510 0.000000000000000000 0.209772612784233398 0.000000000000000000
1.843005457497103761 -15.189376385680311898 0.000000000000000000 0.351721100810010900 1242674.000000000000000000
3.548860798528655103 -11.665629636320520746 0.000000000000000000 0.359267488712188832 0.000000000000000000
2.359152790038636649 -13.847755145815275668 0.000000000000000000 0.101786887430690323 0.000000000000000000
1.518183321513889128 -14.408168856353578136 0.000000000000000000 0.248548327823470638 1199408.000000000000000000
0.558146968055743486 -13.232808528228337863 0.000000000000000000 0.316653840963542321 1253271.000000000000000000
2.440529777110689302 -15.122447622293901048 0.000000000000000000 0.329207272755647373 1212855.000000000000000000
4.189485130914956557 -14.443654562617847859 0.000000000000000000 0.390406108784744577 1284807.000000000000000000
1.953858382205899469 -14.388914538988736069 0.000000000000000000 0.209370633404142137 1209859.000000000000000000
11.786993693668010863 -7.194408713384611964 0.000000000000000000 0.374584253860866856 1316773.000000000000000000
10.917327749298680217 -7.237368647736304617 0.000000000000000000 0.283900295823955817 0.000000000000000000
10.415164129631104828 -11.189776071011294789 0.000000000000000000 0.428293168968998494 0.000000000000000000
12.556827458099006023 -8.469655808641382677 0.000000000000000000 0.398000436739700258 1404876.000000000000000000
10.940563475438816354 -9.248800540863980402 0.000000000000000000 0.138325769073144311 1326829.000000000000000000
9.257038100644439993 -10.475208017889567458 0.000000000000000000 0.359616606033032360 0.000000000000000000
11.268698934148989821 -9.206123013137245792 0.000000000000000000 0.183852917017255479 0.000000000000000000
10.614806419025718753 -8.875976256747501125 0.000000000000000000 0.053779775118084329 1330923.000000000000000000
8.723178133931165590 -10.775533872351157783 0.000000000000000000 0.458359728161720104 0.000000000000000000
10.231685975723808113 -7.459574725298446118 0.000000000000000000 0.226793262344031021 1294099.656526109902188182
10.991235749372005870 -6.221443494861616408 0.000000000000000000 0.457467965080101124 1328831.000000000000000000
12.695499439951300147 -8.131469876353689230 0.000000000000000000 0.433319521743269320 1387956.000000000000000000
10.331513832208589321 -7.341051540453098490 0.000000000000000000 0.246712744885657365 1397313.000000000000000000
10.592608670954168915 -11.073865041225667838 0.000000000000000000 0.410120356819414555 0.000000000000000000
10.945117412371878629 -9.472203092567765381 0.000000000000000000 0.166453118463045779 1361606.000000000000000000
15.173900956870813417 -1.139110426140079957 0.000000000000000000 0.351294218303956129 452479.000000000000000000
12.303204627147572126 -1.587074744945540239 0.000000000000000000 0.353142918015685536 457680.000000000000000000
13.698689700702256999 1.581330064309675487 0.000000000000000000 0.275391446135715423 356110.499147888098377734
12.873425283358944426 -0.065644247438928327 0.000000000000000000 0.119560761246854358 0.000000000000000000
13.710611409474802613 2.207977839957250499 0.000000000000000000 0.383685085358504541 0.000000000000000000
13.405334025713599999 -2.584872614311602312 0.000000000000000000 0.448709662132852349 0.000000000000000000
14.756214455387276274 -1.418336749669163899 0.000000000000000000 0.327134512228111962 0.000000000000000000
15.653470255873235928 -0.964854641916312539 0.000000000000000000 0.411678698594520109 195783.081230103096459061
12.602500289877808015 1.824708102250470976 0.000000000000000000 0.358279929817756637 449383.000000000000000000
14.281560629230323656 2.608300038109493180 0.000000000000000000 0.470178618308166485 0.000000000000000000
16.006558739382715117 -0.820573395181642185 0.000000000000000000 0.461664620751214783 454583.000000000000000000
15.052874975367830146 -0.034049396956554637 0.000000000000000000 0.269556356103648920 448042.000000000000000000
12.112532773058811486 -1.083902109678306358 0.000000000000000000 0.316746354260247331 0.000000000000000000
13.484125133284997844 2.693462992154518787 0.000000000000000000 0.466909439229924172 0.000000000000000000
11.583084431987639817 -0.129269722749741300 0.000000000000000000 0.349732430534840155 449331.000000000000000000
