-1.914685870148792990 1.659047437357644705 0.000000000000000000 0.402049770639868020 637814.000000000000000000
-3.039845423446753347 2.696948216936855491 0.000000000000000000 0.254038252313973867 0.000000000000000000
-0.131938503052841188 3.782660315945759688 0.000000000000000000 0.379424196639745859 0.000000000000000000
-1.261778641508051191 1.629800829089535386 0.000000000000000000 0.440056208589690134 460894.308997964428272098
-3.822052823557568146 1.843241435673995232 0.000000000000000000 0.458652206175631572 638875.000000000000000000
-0.632889874154915044 3.695030420602196664 0.000000000000000000 0.291749635723261624 0.000000000000000000
-2.983649891876102522 4.442457022828367741 0.000000000000000000 0.162434316490398106 638281.000000000000000000
-3.100364601813616616 5.351528577173756851 0.000000000000000000 0.300348698184092877 0.000000000000000000
-2.431936140930368140 6.264839751566357862 0.000000000000000000 0.423975967765205797 0.000000000000000000
-3.645138091302073224 5.961237511043408155 0.000000000000000000 0.443792992392644414 631180.000000000000000000
-2.047347476795926546 3.820338591732611366 0.000000000000000000 0.039588769182994761 632060.000000000000000000
-1.743196121941976706 3.088185634660020273 0.000000000000000000 0.169800240251336082 234908.723444664967246354
-3.253652151580836094 6.326793144089281284 0.000000000000000000 0.468601032650018789 0.000000000000000000
-2.016460417042747366 3.345840977591611587 0.000000000000000000 0.106094553666108080 64276.484188845162861980
-2.581906869515368630 5.495588513573385292 0.000000000000000000 0.291627693170860403 629495.000000000000000000
-0.529065340277762419 -5.280834531837850676 0.000000000000000000 0.395406927787747775 509412.000000000000000000
-4.313234607197645509 -2.593253511830646563 0.000000000000000000 0.432862370505940786 508550.000000000000000000
-3.886805897900946771 -4.503094241539440823 0.000000000000000000 0.310070092393051999 0.000000000000000000
-1.885853281359001654 -4.430274509530455873 0.000000000000000000 0.116868677867903711 0.000000000000000000
-4.332860340708904801 -4.363000501244529872 0.000000000000000000 0.379189896882181243 0.000000000000000000
-3.862830323788402520 -2.217120236295488045 0.000000000000000000 0.412823070290959548 510786.000000000000000000
-2.689669832587524123 -2.187055205884004039 0.000000000000000000 0.312849307534013410 517999.000000000000000000
-2.657645126090507404 -6.525553591625019578 0.000000000000000000 0.474586875808707898 509337.000000000000000000
-0.223746073209604324 -4.621321675141211394 0.000000000000000000 0.385267667316371965 474734.304698469233699143
-3.264723548353257065 -5.470843701939823056 0.000000000000000000 0.333691821202723449 517241.000000000000000000
-2.522676956149402461 -6.289569314370797137 0.000000000000000000 0.429824218757138332 516270.000000000000000000
-0.840438370835152604 -2.423784975025664590 0.000000000000000000 0.363441412538119402 0.000000000000000000
-1.563059685009144939 -6.282173786269938276 0.000000000000000000 0.443690339295570724 0.000000000000000000
-1.570759282004563495 -5.721486370454710979 0.000000000000000000 0.348440347600823763 0.000000000000000000
-2.080966027945834629 -5.582760314027022552 0.000000000000000000 0.303089466962132292 399339.885915925027802587
5.007302311598526678 2.120515391378469339 0.000000000000000000 0.386732413974660738 60028.483590534029644914
4.891210202526177220 -0.895536493409863077 0.000000000000000000 0.172685597384164474 575771.000000000000000000
3.056849395658545188 -1.002369434638824996 0.000000000000000000 0.315015177620050546 573283.000000000000000000
5.949358133067318199 0.561612648536157777 0.000000000000000000 0.274522592296390089 576982.000000000000000000
2.139135694628535145 -0.131167283487898773 0.000000000000000000 0.423915597191103721 569787.000000000000000000
2.656217657259171361 -1.386955825501862138 0.000000000000000000 0.412910873987744342 0.000000000000000000
5.745316808726754765 -0.365121718209326318 0.000000000000000000 0.228796351548299942 0.000000000000000000
5.609651228411366652 -2.032660415004623466 0.000000000000000000 0.410271163168638930 421919.250828530231956393
4.051737934521054463 2.592302038344424631 0.000000000000000000 0.468005871669246731 576275.000000000000000000
4.433725056088943184 -1.079044354011014395 0.000000000000000000 0.192267870885912073 570145.000000000000000000
4.743083629647328436 2.126424608676409811 0.000000000000000000 0.379933400517025843 576180.000000000000000000
6.434884997684521935 0.651667382532291173 0.000000000000000000 0.361308698541001672 308749.692237032577395439
4.678101886230811246 0.445953771749726835 0.000000000000000000 0.084442851484019740 0.000000000000000000
2.618877032664394200 -0.352870184452723445 0.000000000000000000 0.343567684007060503 0.000000000000000000
3.401705139065125838 2.269026607016554120 0.000000000000000000 0.449490334604573660 578014.000000000000000000
12.079287314595141822 7.438171800452347604 0.000000000257356710 0.385329776118810974 632981.000000000000000000
11.693370966289512225 6.739799814976249692 0.000000000304960774 0.426102767799312943 0.000000000000000000
10.509126731573179114 8.869193483531534028 0.000000000220882613 0.036795313897852941 378634.058418958564288914
9.699005343406268409 6.651976655196690125 0.000000000717431687 0.385244469890249297 633753.000000000000000000
8.203325930069393479 7.913313298794838246 0.000000000741910424 0.408239932725918131 424841.447106772800907493
8.529055427685902302 8.043209161644430338 0.000000000331998327 0.345841738464998327 629283.000000000000000000
8.853370283242259831 9.986718245724519605 0.000000000176729850 0.343009434689095394 523601.087864557048305869
10.818202328502723120 8.357082469752484144 0.000000000617569688 0.109264974071313511 250549.688200700242305174
12.527739698725794071 8.188917531604312572 0.000000000086037222 0.401881735681406338 0.000000000000000000
10.668083352996189817 7.971133269751369710 0.000000000762536823 0.148137202794590361 0.000000000000000000
7.934700370465339603 9.501630174284006358 0.000000000558342044 0.448832982343303377 101534.568033145187655464
9.456830864399863756 8.794075915340251015 0.000000000155172550 0.157735592665164293 634496.000000000000000000
8.660965210176419404 7.757771615248707064 0.000000000027733195 0.346296212117544744 0.000000000000000000
10.998473084007601486 10.539332118778926173 0.000000000177934736 0.334962877116324387 0.000000000000000000
9.222432365571732404 7.254807715617592301 0.000000000481214119 0.329399587425042550 421262.826777171052526683
2.584599906898739086 12.031995193322453375 0.000000000000000000 0.226081084741424909 411582.800336003361735493
3.780728164992504414 11.974747927447820572 0.000000000000000000 0.346603278434115647 697765.000000000000000000
3.801049560551679640 13.479169179800866374 0.000000000000000000 0.263875012961620969 0.000000000000000000
2.767297309153113893 11.409161012308976169 0.000000000000000000 0.341342034097338154 264555.665312347002327442
2.046821302101781814 14.473088689664091788 0.000000000000000000 0.219144909496518436 0.000000000000000000
3.342654001848492040 14.136139763826266247 0.000000000000000000 0.236004326750469062 0.000000000000000000
0.908603515382348070 15.389161789728643015 0.000000000000000000 0.454051693628198805 150218.976381484710145742
3.102733606737636318 12.305158338435049359 0.000000000000000000 0.220613402752230098 0.000000000000000000
3.314752792949746674 13.909524678586860702 0.000000000000000000 0.207897443929064119 0.000000000000000000
3.314651314909281332 12.988559855235786600 0.000000000000000000 0.182092068989292949 696425.000000000000000000
1.820759798640867899 14.272882709815416291 0.000000000000000000 0.199646884153962367 690158.000000000000000000
1.012313767774125406 13.648325231276292158 0.000000000000000000 0.244743086300172052 0.000000000000000000
4.448903107990480166 13.368895255551942469 0.000000000000000000 0.377211608408865862 0.000000000000000000
0.410056798686633250 12.430424332362376205 0.000000000000000000 0.374623617750794724 92451.783960039771045558
0.882752801850612223 11.843787411463038595 0.000000000000000000 0.363438937058647216 695088.000000000000000000
-7.311316130620998166 12.086235522825500510 0.000000000538647951 0.121966641459744743 1313609.000000000000000000
-6.314340230025613288 11.337056195831856087 0.000000000399832762 0.100588607991757034 0.000000000000000000
-5.218375778900137263 13.074121012298633104 0.000000000671055119 0.361299034100246719 1288879.000000000000000000
-8.627108297485088784 10.175713306607192976 0.000000000826569433 0.433923344804111877 1327450.000000000000000000
-4.763424934037168157 12.613383004971028711 0.000000000577044987 0.385114520925370962 0.000000000000000000
-4.333735331435089044 12.473938861182544358 0.000000000721634529 0.447985592698956436 0.000000000000000000
-8.851585672377414227 12.329005677885611192 0.000000000864932375 0.392772948592679805 0.000000000000000000
-8.645464799091742591 13.464559210546118706 0.000000000113398451 0.459702499838950118 1256007.000000000000000000
-8.364910657427737206 11.010239295736203857 0.000000000135792995 0.316742543726266645 1329054.000000000000000000
-5.748100321988894201 12.069405491646573836 0.000000000866969760 0.186117769800963839 1293798.000000000000000000
-7.914261908659017131 11.512164410172578854 0.000000000217338563 0.213789350812653822 0.000000000000000000
-9.120409543827813437 11.280736722240368053 0.000000000111208004 0.432564902139403462 1075972.107357216533273458
-5.400820191460089958 12.362179068385019676 0.000000000686058907 0.263311022677732764 1265280.000000000000000000
-4.488664931135351033 12.396182689051380876 0.000000000284364293 0.417543763000281398 0.000000000000000000
-4.736828466145900585 12.152589670773476627 0.000000000351548525 0.363887913757962145 1291608.000000000000000000
-14.667585457326925535 4.784356993764974142 0.000000000000000000 0.348874828751424226 358374.018031982763204724
-11.885017104739366900 5.620102159807291109 0.000000000000000000 0.220620097684803756 0.000000000000000000
-10.928654075167386850 5.657165349092165840 0.000000000000000000 0.360981711377888093 813164.000000000000000000
-13.041360106983852063 4.475775556526705223 0.000000000000000000 0.068313768756577964 592264.411525470903143287
-13.066255185856952892 4.227203348021115303 0.000000000000000000 0.100580012613530528 0.000000000000000000
-14.845080595281077152 3.343193537659946202 0.000000000000000000 0.444807737089375599 0.000000000000000000
-11.366144422345138665 3.204570381691024927 0.000000000000000000 0.351664865173659746 0.000000000000000000
-10.280032314158573215 3.574089863363041797 0.000000000000000000 0.474621664249564812 0.000000000000000000
-14.234271468777786041 3.395547379332602311 0.000000000000000000 0.350697637445793520 0.000000000000000000
-13.115959859947105670 1.997816539605977049 0.000000000000000000 0.471239782760228598 814561.000000000000000000
-13.984761184143906121 6.295907307978191980 0.000000000000000000 0.360629616149303389 816620.000000000000000000
-15.125182636453818219 5.118111802577828051 0.000000000000000000 0.436620764145844664 819390.000000000000000000
-14.527366961259833289 5.748661082019887125 0.000000000000000000 0.372752019793528122 0.000000000000000000
-14.769404569100400337 3.140454626210268163 0.000000000000000000 0.453059287573183256 58645.967900692456169054
-11.886535052078906816 2.929163867881126482 0.000000000000000000 0.338427125676461660 0.000000000000000000
-12.917686817646453434 -5.180861520674604037 0.000000000000000000 0.094609991934890933 577827.000000000000000000
-13.473639827059253449 -6.191181388326679524 0.000000000000000000 0.295534868447870913 577936.000000000000000000
-11.503873746975914472 -6.990586548798289890 0.000000000000000000 0.456926620565310859 577221.000000000000000000
-11.204880791780524874 -6.532270474836884055 0.000000000000000000 0.420395241455152890 0.000000000000000000
-12.372996322714699957 -5.442317573909210005 0.000000000000000000 0.146059744997135366 572220.150218470022082329
-14.161921310439783639 -5.111358811739569852 0.000000000000000000 0.268938641683109103 0.000000000000000000
-12.174800040332730333 -2.660017904187691240 0.000000000000000000 0.364218210329477710 576043.000000000000000000
-13.393484096622779944 -4.098714370895137016 0.000000000000000000 0.157642033343398463 0.000000000000000000
-12.318012986525271657 -6.605797060665689280 0.000000000000000000 0.342663963857336440 0.000000000000000000
-11.310372008662220367 -3.504424588169031018 0.000000000000000000 0.323141968164937787 0.000000000000000000
-14.163175545655589005 -6.935022088065103674 0.000000000000000000 0.468841588611535243 0.000000000000000000
-12.790868126777722225 -3.915348325894344672 0.000000000000000000 0.133425667213053711 48820.613404183175589424
-12.365890680927055456 -3.661684083684896063 0.000000000000000000 0.187461341300409950 571425.000000000000000000
-11.626604521522724056 -6.936682396554302521 0.000000000000000000 0.438501339897356235 574550.000000000000000000
-13.744295245643801451 -2.893868270086647154 0.000000000000000000 0.360126761013478403 0.000000000000000000
-5.028020916906855042 -13.265160337585905737 0.000000000133287566 0.409185879487004467 0.000000000000000000
-6.522265034650048143 -12.780499387003173339 0.000000000318833610 0.191690271192550499 0.000000000000000000
-8.193835788346945037 -13.730311004857636448 0.000000000311888187 0.440687307536605510 0.000000000000000000
-7.969520071225737468 -11.613343111891353487 0.000000000276634603 0.221283368145542420 0.000000000000000000
-8.425573434563249364 -13.331508626822698105 0.000000000633858868 0.415029226492325709 0.000000000000000000
-7.162418311798140813 -12.948608251094888999 0.000000000118676653 0.230715248323555860 0.000000000000000000
-8.050433694529436579 -12.453705601458505470 0.000000000196874074 0.268451915666333585 0.000000000000000000
-7.867189747577040926 -11.697094666855104350 0.000000000526847941 0.202296886278910987 0.000000000000000000
-9.194205594876093457 -10.960665884154463967 0.000000000649637340 0.458691454303946811 0.000000000000000000
-6.431680734102134700 -13.096879442751200529 0.000000000480117207 0.249844340551393707 0.000000000000000000
-7.467751833729553645 -10.389298772572542973 0.000000000222334064 0.269176297852291246 0.000000000000000000
-5.255094477725061886 -11.135680400934793610 0.000000000334047349 0.282848211006766825 0.000000000000000000
-7.486002275267597206 -13.568194352721514306 0.000000000160092556 0.353607771699938567 0.000000000000000000
-5.277998156044438005 -12.315919914966592330 0.000000000437793885 0.280001980753259050 0.000000000000000000
-6.283393502597665936 -11.994321216598409663 0.000000000498796432 0.093744687836965448 0.000000000000000000
0.908226422933245736 -15.389610618114305751 0.000000000000000000 0.454155555938623612 1271132.000000000000000000
0.791772543270971685 -15.343279327113028998 0.000000000000000000 0.459453827026154171 0.000000000000000000
3.821793776762911765 -14.386662983064651300 0.000000000000000000 0.330593637846307686 28624.139210769222700037
4.854426210381680207 -12.882746383788353128 0.000000000000000000 0.454546440855893352 0.000000000000000000
1.898011530043792972 -12.198098731943717965 0.000000000000000000 0.207250764345153327 150434.021147577906958759
2.569584925301159117 -12.671109814436407603 0.000000000000000000 0.115701825833062946 0.000000000000000000
3.091892957978039203 -14.753632562364137115 0.000000000000000000 0.295562855809443414 1215037.000000000000000000
2.754792886483848680 -15.192359516232798455 0.000000000000000000 0.349203021332355312 1247624.000000000000000000
1.884623672323373800 -11.645001428239927677 0.000000000000000000 0.301461150817313894 1279186.000000000000000000
-0.104504957408742299 -14.010073744692249420 0.000000000000000000 0.453847403887486067 330578.288965931453276426
4.214736996724290030 -11.813179984050259819 0.000000000000000000 0.424386887255556566 1271431.000000000000000000
2.946549707296933551 -14.746219224235732170 0.000000000000000000 0.283461680088070322 1270448.000000000000000000
2.132369220137017685 -13.115023147152314209 0.000000000000000000 0.046099617794050758 1229844.000000000000000000
2.975418448736728116 -11.460583354253293109 0.000000000000000000 0.342916433563645762 0.000000000000000000
3.448055860872104361 -11.828850398381351994 0.000000000000000000 0.325286414793574008 1005565.822095957701094449
11.151410426130615505 -10.651279793279213592 0.000000000000000000 0.363272205734578912 569672.682735911919735372
9.518896018063490061 -9.298241773998354276 0.000000000000000000 0.175457799155499500 1309419.000000000000000000
9.667149593650643524 -8.401894432553516978 0.000000000000000000 0.134537474146815605 1398010.000000000000000000
9.806622515301404164 -6.289429694588008601 0.000000000000000000 0.441804725764595396 1371698.000000000000000000
12.273186156127897206 -7.062323869008808153 0.000000000000000000 0.453249991195354196 0.000000000000000000
8.962024667744058704 -6.864852073989639258 0.000000000000000000 0.412127610522020904 1392434.000000000000000000
11.594567713945176379 -6.397792751213324358 0.000000000000000000 0.468029797130423142 1352939.000000000000000000
11.274323439400752989 -7.260445819486355923 0.000000000000000000 0.309072482832756346 0.000000000000000000
10.435519248937447756 -7.414078027270041282 0.000000000000000000 0.234475393763549589 0.000000000000000000
9.835874336430881826 -8.190157694257822030 0.000000000000000000 0.132954575209108194 1401129.000000000000000000
10.359060742048574966 -10.153971082644291712 0.000000000000000000 0.246552400343524603 594757.164287366205826402
10.036424344339616610 -7.545250948959185244 0.000000000000000000 0.217854127307687495 1373668.000000000000000000
10.852819197083448444 -7.947016246851852372 0.000000000000000000 0.167421872085697171 0.000000000000000000
11.852842356931853729 -10.933074600673018395 0.000000000000000000 0.467646275624535923 0.000000000000000000
10.358264962157246458 -8.498880570991135031 0.000000000000000000 0.043793585601415573 1322369.000000000000000000
11.552158356742539880 -0.530512604171111568 0.000000000000000000 0.366336831198938451 90652.262129083144827746
14.692440556300736532 1.125521121880690423 0.000000000000000000 0.282808756399899774 451422.000000000000000000
15.939927265327243688 0.974765245398472535 0.000000000000000000 0.459420463578057048 0.000000000000000000
15.653984550128395625 -0.155369918086498554 0.000000000000000000 0.377588585418258904 0.000000000000000000
14.323639486484685435 1.705457108570255675 0.000000000000000000 0.326372173596394088 455556.000000000000000000
15.041284007822333990 -0.813978016950615335 0.000000000000000000 0.302133256066464684 448125.000000000000000000
13.825593572485711746 -1.460698637254274512 0.000000000000000000 0.258022851167091727 0.000000000000000000
13.849247251687328841 0.325563592341952812 0.000000000000000000 0.078721867986823513 457461.000000000000000000
14.384222003184719441 -2.092575264034163940 0.000000000000000000 0.391937421636348149 453912.000000000000000000
11.131775495027055101 -0.579949085051539637 0.000000000000000000 0.441147254379855025 450529.000000000000000000
12.052460712184704050 -0.108121430670222438 0.000000000000000000 0.266016529655919765 0.000000000000000000
14.003320772998888444 -2.106566455813597916 0.000000000000000000 0.373891907554677383 219818.430620931001612917
12.533290243148901055 0.504358561499302027 0.000000000000000000 0.199860361926591706 395368.664677686349023134
15.880223223034171554 0.617496489520381719 0.000000000000000000 0.430331899151298436 451300.000000000000000000
14.105028161604542092 0.767757954712233959 0.000000000000000000 0.166637001544920532 0.000000000000000000
