-2.884936398438772365 4.281316418493798182 0.000000000000000000 0.131630834025773719 631781.000000000000000000
-0.166995296148975264 3.106149196409320634 0.000000000000000000 0.398008422020494745 0.000000000000000000
-3.874091221102622828 3.750781345830183078 0.000000000000000000 0.289054703364246379 99782.120259431627346203
-0.091175903022784305 4.182316788479433001 0.000000000000000000 0.389694753511913017 512437.268292465596459806
-2.353626775800787385 4.234380007439557225 0.000000000000000000 0.063611356454073897 630416.000000000000000000
-2.826791381392243174 3.561912334949911774 0.000000000000000000 0.116985532425087038 0.000000000000000000
0.010433802690822662 3.769521943687054844 0.000000000000000000 0.404880533558875155 633851.000000000000000000
-2.549098238018503437 4.712297292341219190 0.000000000000000000 0.155303569735201930 635031.000000000000000000
-1.978975909542204370 1.553917771734529829 0.000000000000000000 0.419038700100442030 636909.000000000000000000
-2.271392574464252245 5.816046487658462105 0.000000000000000000 0.342967573183827312 0.000000000000000000
-2.837677834434400026 4.066974381386186721 0.000000000000000000 0.107967843387718976 72949.988635893256287090
-2.872495201533457720 6.247155064419319004 0.000000000000000000 0.433667606228328617 634091.000000000000000000
-0.984397469568933481 3.686853584896537139 0.000000000000000000 0.229899219310299552 638669.000000000000000000
-0.896731053952120827 4.059344084412233045 0.000000000000000000 0.244515312551116526 0.000000000000000000
-0.646150650760105361 4.517850644163013740 0.000000000000000000 0.308300433938392071 0.000000000000000000
-2.592315435919144928 -3.062519738471184638 0.000000000000000000 0.158956064430494537 516553.000000000000000000
-0.441336264255249466 -2.423142816956036505 0.000000000000000000 0.416119430810899193 517590.000000000000000000
-3.994707076723973849 -5.336697423762856829 0.000000000000000000 0.402527038184983754 516004.000000000000000000
-3.520941735472303158 -3.143885432312089279 0.000000000000000000 0.261329781100757996 0.000000000000000000
-2.725286305384161611 -5.812514486171810546 0.000000000000000000 0.352249337926747230 51561.594988921598996967
-1.662624059791838471 -2.281769028333142657 0.000000000000000000 0.305519285463178913 0.000000000000000000
-0.392845332987380336 -5.422618450165621162 0.000000000000000000 0.430175209927755597 492858.841322312830016017
-2.944394239831251703 -1.584964921546005101 0.000000000000000000 0.428230168958327495 0.000000000000000000
-1.110464981573051846 -4.326872184000914778 0.000000000000000000 0.218852821025048078 0.000000000000000000
-4.035753487049035471 -2.841237049208367615 0.000000000000000000 0.367691405700722840 516699.000000000000000000
-4.424358302352288774 -3.506466524182802136 0.000000000000000000 0.392035655695426644 0.000000000000000000
-3.567267929111098468 -2.391709229497539280 0.000000000000000000 0.354347142234439805 511273.000000000000000000
-1.141179079189318601 -2.543470362269415475 0.000000000000000000 0.311748853893636158 0.000000000000000000
-1.863070986570106502 -2.331545553150951910 0.000000000000000000 0.286399464390279024 511880.000000000000000000
-4.375395795804179144 -3.641175754326920533 0.000000000000000000 0.379913795260427734 517917.000000000000000000
4.406507701244310127 -0.031021979440606095 0.000000000000000000 0.019968289012382998 569451.000000000000000000
3.985342429135066311 0.747085117591102077 0.000000000000000000 0.162839543698535399 571166.000000000000000000
5.372980423901757341 1.074199710098221017 0.000000000000000000 0.244559743364275606 0.000000000000000000
1.966601785570386118 0.384300063716391027 0.000000000000000000 0.459133303544985660 0.000000000000000000
3.446145232186529128 -1.466138765146618450 0.000000000000000000 0.322769739189312288 134718.441717723122565076
5.120286820780488135 -1.664771691240520601 0.000000000000000000 0.314770730678012589 570414.000000000000000000
3.966109234227789937 0.313962792590525175 0.000000000000000000 0.112501620321337786 0.000000000000000000
5.832225249984354321 0.025841312001791211 0.000000000000000000 0.234958388428408022 577838.000000000000000000
3.498350880742314484 -0.646001863528670395 0.000000000000000000 0.214408348962391637 0.000000000000000000
4.612941193991098032 -0.128594627322792754 0.000000000000000000 0.028840844356973115 569989.000000000000000000
4.733688369631237514 -1.867521867371588762 0.000000000000000000 0.334051958992953035 244606.805634387303143740
6.613668921133629475 -0.614578201044629679 0.000000000000000000 0.389729637784632821 0.000000000000000000
6.630965360069628112 1.450322481197325653 0.000000000000000000 0.456601293973506239 0.000000000000000000
4.484289199746267052 2.206870321014223091 0.000000000000000000 0.392132170322290974 0.000000000000000000
3.282974526296375206 -1.113108299985742899 0.000000000000000000 0.295505580579667970 0.000000000000000000
11.737518222306318805 9.398309014412657092 0.000000000703749100 0.273754464793343755 631673.000000000000000000
10.421679596163510695 6.614969123905872550 0.000000000284478155 0.374237209743736587 637180.000000000000000000
9.670421340438275948 7.650409076737457070 0.000000000293828435 0.226686963860234597 0.000000000000000000
9.847582232146189440 8.896846062781714082 0.000000000552533982 0.091679817444261055 0.000000000000000000
11.989762020195053438 7.970370983667756093 0.000000000113591809 0.323878346091476588 638540.000000000000000000
12.385559640406464510 8.029728482174729010 0.000000000536366804 0.385496375345457332 632933.000000000000000000
11.547682902732907095 10.920915238974217232 0.000000000791765862 0.436884788445974837 634116.000000000000000000
8.488307322021549695 9.596857484466543298 0.000000000409574868 0.362312639568069528 0.000000000000000000
9.400719257139060758 8.636600101655565354 0.000000000286664521 0.168667116564415992 632762.000000000000000000
9.105252533259871939 9.019628126682913916 0.000000000893351699 0.225303489381765115 636591.000000000000000000
12.446150242453624557 10.324979855604967227 0.000000000613813772 0.465559703380458878 0.000000000000000000
10.975956614734158734 10.060395119202059533 0.000000000451416206 0.256273100730040670 0.000000000000000000
8.740703953937314807 10.643054433121129421 0.000000000180705579 0.438460009902324366 638879.000000000000000000
10.002950949699769723 6.992909736725340331 0.000000000567721328 0.313733116223041952 632829.000000000000000000
9.704613929049690668 6.734538307982515626 0.000000000831256895 0.371124330576437400 0.000000000000000000
4.055919765025858048 14.602671828995415382 0.000000000000000000 0.387040917230749515 698179.000000000000000000
1.930282415533347340 10.817182515130147280 0.000000000000000000 0.443896693538368470 648837.469992713071405888
2.355828346963448450 11.875670256279171610 0.000000000000000000 0.249522304623832486 696626.000000000000000000
1.516971973312201571 12.111730876229989562 0.000000000000000000 0.253539641803855242 699158.000000000000000000
3.586890879895164641 11.387163049153391725 0.000000000000000000 0.403637402264988010 699387.000000000000000000
1.057120829944194096 13.684150484568764483 0.000000000000000000 0.238925717015708389 697106.000000000000000000
2.634327172311489829 10.988301982862459738 0.000000000000000000 0.410940599440975829 0.000000000000000000
4.965262900474586516 12.952893941750691198 0.000000000000000000 0.472385862209146135 693638.000000000000000000
4.058174291446889015 14.223855571757326288 0.000000000000000000 0.350411228788596985 0.000000000000000000
1.867828208645307964 14.271197512255779927 0.000000000000000000 0.195668699692529341 696032.000000000000000000
1.020139946811453369 13.547869842865761569 0.000000000000000000 0.239154426208587928 187963.766618808673229069
3.867188314534065974 11.953196093465596306 0.000000000000000000 0.360695722887481585 698684.000000000000000000
2.177344718040387317 13.753020992170261749 0.000000000000000000 0.089322239026474154 0.000000000000000000
1.697140746918816889 13.805613002635617192 0.000000000000000000 0.147555282688307282 672434.337434821412898600
0.791060866514654903 12.460419773495591045 0.000000000000000000 0.311125576605648380 699244.000000000000000000
-6.715809407252552710 10.237498874735399212 0.000000000127150578 0.262186898942474655 0.000000000000000000
-6.819959888223889877 12.513782896884620754 0.000000000448720705 0.141596728450644749 0.000000000000000000
-7.214198496270798344 11.787357255911837584 0.000000000254872808 0.086731872098772742 0.000000000000000000
-5.283460132712393786 11.690720799196592239 0.000000000103432056 0.258292346959719310 1252704.000000000000000000
-7.866838050590282627 10.334799436118631277 0.000000000470682966 0.317379840311641015 1299354.000000000000000000
-8.086473100051211560 13.691795532232907462 0.000000000161439439 0.424080624978181275 0.000000000000000000
-8.372329763383328682 9.981400483722516981 0.000000000098745606 0.423822585203613378 1304408.000000000000000000
-6.259821467562328046 13.446547390813712752 0.000000000191009522 0.317365406781370707 1296222.000000000000000000
-5.907623855422046155 11.769224361237970555 0.000000000394429904 0.147276523000792775 719689.904890696634538472
-6.496927340045208332 9.844014966649192289 0.000000000509630747 0.334528250155030238 1074579.526126255048438907
-4.864949550025030156 11.079443735707842578 0.000000000172904885 0.351592670075683844 80304.469502360865590163
-5.225320766893069013 13.147425622506810683 0.000000000892681770 0.369163124893437777 0.000000000000000000
-6.358233502217370159 13.613305928377023690 0.000000000859996658 0.342043562174119298 1333081.000000000000000000
-7.536585911088610423 13.847978412264099646 0.000000000050746941 0.402913572801987863 201738.710689419676782563
-4.252835122514428079 12.298835466602207944 0.000000000301607326 0.453727407361369128 0.000000000000000000
-10.485199843335280434 5.708618847451853107 0.000000000000000000 0.435912232195908189 0.000000000000000000
-15.138653002958918137 4.805989842931109202 0.000000000000000000 0.432912844365272109 814097.000000000000000000
-12.151150662945036984 2.364017336271579062 0.000000000000000000 0.415147693165501042 820044.000000000000000000
-11.514588845538181516 4.900036198561107170 0.000000000000000000 0.217092919775519727 819615.000000000000000000
-11.165208711727293789 4.606331667655600981 0.000000000000000000 0.276196588053066516 819451.000000000000000000
-13.413061037119970109 6.382985454169332940 0.000000000000000000 0.321166833841024513 0.000000000000000000
-13.722792515523622114 5.141940025787103075 0.000000000000000000 0.197128243717441753 0.000000000000000000
-10.943490253650422162 4.066817699345862458 0.000000000000000000 0.332991724506208620 815146.000000000000000000
-14.386985728967966125 2.843896415409472578 0.000000000000000000 0.435995418970988258 0.000000000000000000
-12.950342062134533094 6.534958362015292010 0.000000000000000000 0.325386937595471493 0.000000000000000000
-10.449163512352576788 5.216134757725175319 0.000000000000000000 0.414290150078036157 304393.808365153556223959
-13.736586237309921898 3.184654344529040504 0.000000000000000000 0.316998413381777699 0.000000000000000000
-10.329688083150958988 4.310979406865767416 0.000000000000000000 0.429636599369000338 813064.000000000000000000
-12.298514107958199659 2.643249482353141389 0.000000000000000000 0.361815095548752297 818146.000000000000000000
-10.751768541553401448 5.195140913025277918 0.000000000000000000 0.361026183978894522 0.000000000000000000
-12.623679132945985870 -5.773222310785531164 0.000000000000000000 0.191034002846412754 0.000000000000000000
-12.263481808664066008 -4.880115565514086207 0.000000000000000000 0.087482467745349179 0.000000000000000000
-12.626551077726755778 -2.214104927633721243 0.000000000000000000 0.428860726243384394 0.000000000000000000
-10.677499144347239124 -6.404024787147116093 0.000000000000000000 0.471497053013581191 48885.498455605578783434
-13.018823299741390187 -1.982977470266532372 0.000000000000000000 0.471564551986134395 576353.000000000000000000
-11.841975645678463280 -5.656754752507774597 0.000000000000000000 0.230511472447803845 0.000000000000000000
-13.406016373997593050 -3.452474873455527504 0.000000000000000000 0.246146676139346460 0.000000000000000000
-11.009472266355302850 -3.965772227695758545 0.000000000000000000 0.328135521572342770 0.000000000000000000
-10.442370716952503074 -3.591043639559579059 0.000000000000000000 0.447057316676393979 574904.000000000000000000
-12.786867420406219154 -2.096373639222087970 0.000000000000000000 0.449104471524470583 82230.172370922635309398
-11.695982023512970116 -3.031677698421466172 0.000000000000000000 0.339400903296900425 577122.000000000000000000
-14.656369842625933231 -5.284888672993546699 0.000000000000000000 0.361955693433247461 0.000000000000000000
-13.518060339647899326 -5.168875272381198371 0.000000000000000000 0.166834963738901915 0.000000000000000000
-12.571308355338986829 -5.465095438686512708 0.000000000000000000 0.139110213801697302 572557.000000000000000000
-11.562676547367548352 -5.984619171957805683 0.000000000000000000 0.306338356685802671 574070.000000000000000000
-6.716666639091696922 -13.008584482946888627 0.000000000256605476 0.228347364730082741 0.000000000000000000
-7.545060975282514626 -12.909501089792440709 0.000000000490442685 0.255605190043087904 0.000000000000000000
-4.775006702137777559 -11.134267756309512265 0.000000000612903566 0.363918032521793833 0.000000000000000000
-5.187508233634145149 -11.399693222384694735 0.000000000123624791 0.281088934555856484 0.000000000000000000
-8.721024752848519412 -10.007679303204696453 0.000000000094938327 0.465727826087174224 0.000000000000000000
-6.567124873962538523 -9.802356409518999669 0.000000000098037020 0.340512519819443416 0.000000000000000000
-7.259656003044637096 -10.454992289622111912 0.000000000689877175 0.242495778272469598 0.000000000000000000
-5.911998404880696611 -9.368578621086092184 0.000000000443439853 0.441206524473514272 0.000000000000000000
-4.370561333378341295 -11.932459178026684654 0.000000000536934139 0.422631105933969631 0.000000000000000000
-4.268349126858108633 -12.323030974897825729 0.000000000720803949 0.452033812250462019 0.000000000000000000
-6.107655238712924373 -10.951196993303028648 0.000000000788414583 0.175712305080687442 0.000000000000000000
-7.023566857320467705 -12.313270882183577015 0.000000000253162523 0.117325340382766402 0.000000000000000000
-5.562893992108945973 -11.637716403226667339 0.000000000899624279 0.208936666580385705 0.000000000000000000
-4.954256646001876874 -13.558933353910225250 0.000000000011522150 0.454825393908124265 0.000000000000000000
-5.017420021350025294 -11.552213626680829961 0.000000000843998324 0.307077486523157250 0.000000000000000000
4.035640647005472204 -12.969768507504328525 0.000000000000000000 0.308090394803128664 1254514.000000000000000000
1.098696065161693713 -11.248045777308050219 0.000000000000000000 0.423179503287031189 1207488.000000000000000000
-0.318369319558982844 -13.348392615993287080 0.000000000000000000 0.472914484105474875 1214627.000000000000000000
1.600541332252046756 -13.304331447116629406 0.000000000000000000 0.130878228228456017 1206435.000000000000000000
1.002119902166899168 -14.806407763540375910 0.000000000000000000 0.361424015239482532 682818.168976749293506145
4.155069538768807469 -11.702198983874215088 0.000000000000000000 0.428681056281266126 892780.368513247231021523
3.083622942716917059 -12.045793021226861796 0.000000000000000000 0.256618712756513212 1236199.000000000000000000
2.128591129803341087 -15.106342590206448762 0.000000000000000000 0.327887702138696169 0.000000000000000000
0.821718824624655064 -14.292616853082121153 0.000000000000000000 0.324697940314524591 1258663.000000000000000000
1.980298883383819764 -15.018883996799207381 0.000000000000000000 0.316622845146811827 1200622.000000000000000000
0.940790520728692958 -13.319599155820025516 0.000000000000000000 0.248484302798364032 0.000000000000000000
2.340721401708769633 -14.914330584264840596 0.000000000000000000 0.291620329475046514 1257264.000000000000000000
0.657512879423853835 -12.111875854029264588 0.000000000000000000 0.363828452179025597 1254768.000000000000000000
3.589602411680083982 -13.644872642363024440 0.000000000000000000 0.233118678632811327 1244123.000000000000000000
4.146620559858528843 -13.197426933824715434 0.000000000000000000 0.323296033604913213 1204500.000000000000000000
11.351385006409696388 -7.945522281899790151 0.000000000000000000 0.228462746183936555 1368022.000000000000000000
9.245590627153166707 -7.220950050864694880 0.000000000000000000 0.331700927053090178 0.000000000000000000
8.892657519377022979 -8.799225958557970628 0.000000000000000000 0.258239481266584636 0.000000000000000000
10.897879275973014757 -6.689335332036950632 0.000000000000000000 0.374071163651952365 0.000000000000000000
8.554124634780645664 -8.055011249081374558 0.000000000000000000 0.340926006354943800 1378990.000000000000000000
8.970167065781124549 -10.498227153021842284 0.000000000000000000 0.392723829423689663 0.000000000000000000
11.467950089178501116 -8.291304868813194062 0.000000000000000000 0.216260775018614543 1335662.000000000000000000
10.531416674352959362 -11.190521169778167021 0.000000000000000000 0.429486592567743630 1395283.000000000000000000
9.002931406436395889 -9.403531903323571584 0.000000000000000000 0.264790746223413087 1382388.000000000000000000
9.477208751904688810 -6.242059250264624382 0.000000000000000000 0.466093342713917724 0.000000000000000000
8.250174544143105138 -9.521438900309462383 0.000000000000000000 0.396637890558537098 0.000000000000000000
7.827616612180635869 -8.504439062683539774 0.000000000000000000 0.449927636916970575 903154.698607161873951554
9.848682704623630713 -9.987972250597023205 0.000000000000000000 0.234598531188004750 0.000000000000000000
11.611865224777824679 -9.441098842611847175 0.000000000000000000 0.257013288317400501 531673.671935123391449451
8.713918982270852709 -9.179076320545899392 0.000000000000000000 0.299675366198353277 1361629.000000000000000000
15.180179474377670346 1.539551190376579060 0.000000000000000000 0.395016634325864036 454925.000000000000000000
14.187579936323158947 0.761335344717372964 0.000000000000000000 0.175050674332564410 0.000000000000000000
13.786341545705580458 -0.245752318591114516 0.000000000000000000 0.061021035981254655 0.000000000000000000
12.598848636323660699 -1.592183872325940941 0.000000000000000000 0.323472813539849913 0.000000000000000000
11.437607814539765272 -1.587481879623645176 0.000000000000000000 0.465695872877726902 449245.000000000000000000
13.281103839342005557 -0.289715935119410906 0.000000000000000000 0.068348772762517301 449454.000000000000000000
11.496783234758767733 0.740790977950624874 0.000000000000000000 0.386511651979485560 450332.000000000000000000
16.184585662857998045 0.014626095957128830 0.000000000000000000 0.471210682092300270 454980.000000000000000000
12.325635756761082362 -2.019193086392176095 0.000000000000000000 0.412282290043110067 0.000000000000000000
13.648196407352219950 0.944071396552360720 0.000000000000000000 0.164686109681369736 159640.435071432701079175
15.477425722988813916 -0.814126461645433341 0.000000000000000000 0.372658067370737978 0.000000000000000000
14.858168277005889379 0.449735965541960492 0.000000000000000000 0.247313414174364726 456517.000000000000000000
13.800148834470846282 0.005431580355576622 0.000000000000000000 0.046191368905493489 448008.000000000000000000
15.106690005796350462 -0.767276859751393259 0.000000000000000000 0.308945838535857664 454579.000000000000000000
14.343566477190732300 0.094943504991068364 0.000000000000000000 0.143992997742511064 238735.434195268404437229
