-4.471077575194898124 4.730094942167722749 0.000000000000000000 0.421724806692394982 631262.000000000000000000
-2.479074551322426156 5.661060143261540389 0.000000000000000000 0.317785929729675287 0.000000000000000000
-4.532218728021581988 3.266907292902400783 0.000000000000000000 0.420158255619911047 0.000000000000000000
-1.195142855763869916 5.235623520058172886 0.000000000000000000 0.305516478673570513 636031.000000000000000000
-3.566614474426706316 2.850328023767500607 0.000000000000000000 0.297711871196367495 0.000000000000000000
-2.854795955356385750 5.351567870287661677 0.000000000000000000 0.281078958600848083 635510.000000000000000000
-3.596729420645398800 6.001312014094729363 0.000000000000000000 0.445058276568712052 0.000000000000000000
-2.142690467906980700 5.096065140158337670 0.000000000000000000 0.215746080839521126 637222.000000000000000000
-1.527362486315641421 6.131343048242801963 0.000000000000000000 0.419898825681684573 0.000000000000000000
-1.736944722690763498 5.471861857387172456 0.000000000000000000 0.296641531829978211 587195.657511132885701954
-1.888124772006723573 1.630703058229167945 0.000000000000000000 0.407780810394962889 637103.000000000000000000
-1.289568121335162409 1.766543621988418300 0.000000000000000000 0.415807126878085853 635486.000000000000000000
-2.662912829108377011 5.813964658300501576 0.000000000000000000 0.350050153559367527 0.000000000000000000
-1.590532233221352953 1.778911713392382410 0.000000000000000000 0.394427294101225068 637118.000000000000000000
-2.086379036046832613 4.859464298466990684 0.000000000000000000 0.175324188446101425 0.000000000000000000
-2.644100281197047320 -4.577729156828064916 0.000000000000000000 0.140423370366976635 508692.000000000000000000
-0.938243538906376240 -4.012609997179302113 0.000000000000000000 0.236261853722639914 0.000000000000000000
-3.438617450977151879 -5.048763518343476697 0.000000000000000000 0.294597195795122169 0.000000000000000000
-3.279136977581014634 -5.663907997327539690 0.000000000000000000 0.364411749618580527 518100.000000000000000000
-2.223684740220909450 -4.689875931004055865 0.000000000000000000 0.142551940215128986 0.000000000000000000
-3.355281953229637626 -4.418797118402905788 0.000000000000000000 0.216991331167242063 0.000000000000000000
-4.095293201104937886 -5.122652641173969457 0.000000000000000000 0.394060554466051205 0.000000000000000000
-1.174764331480246282 -2.886460359780359752 0.000000000000000000 0.263169255740494601 513553.000000000000000000
-0.069899867334632201 -2.742921148777063944 0.000000000000000000 0.440307039129832323 512623.000000000000000000
-4.269865620137157869 -2.135791391039489007 0.000000000000000000 0.475339288126876258 516391.000000000000000000
-2.539851976984336623 -2.271983116899769950 0.000000000000000000 0.292487537196502112 514449.000000000000000000
-4.241260105397272717 -3.140561634356552112 0.000000000000000000 0.377746494121292575 0.000000000000000000
-1.356703782079056841 -3.501527017923831142 0.000000000000000000 0.174956687599619160 0.000000000000000000
-1.935204411599374730 -2.082961166559052835 0.000000000000000000 0.326977266040822834 508459.000000000000000000
-3.253097769334678091 -3.266042492324118474 0.000000000000000000 0.209250872821110129 0.000000000000000000
5.374434737187637090 0.990087255461420956 0.000000000000000000 0.233269485125778775 102409.354256495062145405
4.830295362467489362 -2.271858607640299343 0.000000000000000000 0.407455856011227524 576597.000000000000000000
3.262442855394430907 -0.343349967922506050 0.000000000000000000 0.231299121353139819 56911.426579194121586625
5.887565494193628624 -1.402225608619572794 0.000000000000000000 0.349071203557689114 0.000000000000000000
2.227587476347179241 -1.024725564951794343 0.000000000000000000 0.446420532702978101 0.000000000000000000
5.116559046690158041 2.023018961998596765 0.000000000000000000 0.374968109290028329 573499.000000000000000000
6.950507738828669346 -0.719879661037468588 0.000000000000000000 0.452569228466714768 0.000000000000000000
2.948875448838889746 0.737944044765917129 0.000000000000000000 0.308303295193723292 574382.000000000000000000
3.814151012150451159 0.518965170152819955 0.000000000000000000 0.155168934938193392 574520.000000000000000000
3.679701336732571715 -2.461329768520043260 0.000000000000000000 0.462102845900683123 570784.000000000000000000
6.256013211337033475 1.417796729995879357 0.000000000000000000 0.399558747204592835 577882.000000000000000000
3.003040583299724453 -1.723998033153295584 0.000000000000000000 0.408067709235594711 0.000000000000000000
4.253067794576687710 1.389627466392647781 0.000000000000000000 0.251292500694692944 572084.000000000000000000
5.517966529076916871 -1.759394074305753231 0.000000000000000000 0.359961560448619933 0.000000000000000000
2.556891724236260988 0.190146259635276343 0.000000000000000000 0.350468087800383410 578604.000000000000000000
12.486686051346595150 7.439235819888584622 0.000000000138323354 0.445633041306093380 0.000000000000000000
12.355741989858161745 7.091600474328339843 0.000000000415179556 0.461274612361938341 630660.000000000000000000
12.364334617829781493 9.652853046957664773 0.000000000733310115 0.393843554373081606 636053.000000000000000000
11.566439279717142696 10.301732949429174724 0.000000000097948548 0.348803507730894080 0.000000000000000000
11.994090496822190417 10.361492746734446868 0.000000000799057833 0.407988363944291943 0.000000000000000000
8.673562642994978589 9.905636627731956523 0.000000000834008387 0.360127349968493715 0.000000000000000000
10.447198667876843814 10.928440456213996512 0.000000000340565396 0.382730006261372768 635043.000000000000000000
8.813683950640964326 10.341143205263211513 0.000000000146534092 0.390456517786387514 439662.920756574254482985
9.704055869021289027 11.200851620910581730 0.000000000928716601 0.445198765966306920 129637.988838721503270790
10.770360317270899486 10.228979394769433853 0.000000000659590992 0.270579133647069980 635153.000000000000000000
10.858371407695507571 9.439840095341182291 0.000000000780098979 0.152352805272865294 638119.000000000000000000
7.755415366817520528 9.412935012189732831 0.000000000073775050 0.475373710411708950 632149.000000000000000000
10.078246447309894052 7.335467859028237392 0.000000000621574856 0.252158490232810228 0.000000000000000000
12.506130793732060269 10.141522088606750529 0.000000000079686937 0.456331854727404618 0.000000000000000000
10.578470961937618711 7.524425258348268919 0.000000000487181037 0.218620550283430026 629881.000000000000000000
1.911899224278878595 14.731421756200262507 0.000000000000000000 0.269803179230940438 262093.230825128237484023
3.077693986617072053 15.656397692304206970 0.000000000000000000 0.443846618246815205 0.000000000000000000
1.931938714610207164 14.733827244674095880 0.000000000000000000 0.269239887400798905 0.000000000000000000
4.876694240042974471 13.088594411295680686 0.000000000000000000 0.454315803810279362 0.000000000000000000
4.404643871151155743 12.029428014161917204 0.000000000000000000 0.430541492489244337 0.000000000000000000
3.789003894579763720 15.035078916329739585 0.000000000000000000 0.406353201815912224 693044.000000000000000000
4.028183193725778821 13.086487377472206362 0.000000000000000000 0.303773454281589916 690821.000000000000000000
1.608438017551669708 14.601124054558608734 0.000000000000000000 0.269047756148911577 690868.000000000000000000
2.527362019151388139 12.550521286227636963 0.000000000000000000 0.133810529758068453 0.000000000000000000
1.625935886194166402 12.073703484460983404 0.000000000000000000 0.248708233945945850 695234.000000000000000000
0.612468050531548180 15.121110237932036569 0.000000000000000000 0.449581313426115126 0.000000000000000000
1.764174690260208678 15.753061804286421221 0.000000000000000000 0.452585519518224011 693417.000000000000000000
1.007349073743020407 11.438968572414994540 0.000000000000000000 0.403855671903088187 0.000000000000000000
2.268028777160103093 14.601723453807039732 0.000000000000000000 0.236255934633873343 0.000000000000000000
3.596516069334692922 14.794455591926967131 0.000000000000000000 0.351521316779526416 694561.000000000000000000
-7.938392893434153663 12.437110296034324719 0.000000000608723977 0.249667723471573760 1299052.000000000000000000
-9.072798393477345513 12.326481790200647382 0.000000000437988042 0.430697054014465897 1278411.000000000000000000
-4.634917258048446342 13.018837219095521718 0.000000000712501112 0.439198757489188241 0.000000000000000000
-6.265654871845061535 9.783751559694136901 0.000000000458861549 0.352584081863358711 1290214.000000000000000000
-7.694108691077610196 9.442651477275548544 0.000000000802723044 0.437396707514800143 0.000000000000000000
-7.646650719479785252 12.839365397946005842 0.000000000544565307 0.256569044670548918 1039848.282136010588146746
-7.355271417810817169 9.292157274376938503 0.000000000837397548 0.443308069585970410 1313749.000000000000000000
-6.596096653641288832 12.934650272067862886 0.000000000327088568 0.216636571307624592 0.000000000000000000
-5.320827901364453716 13.316574743397655567 0.000000000019946530 0.378810655384775874 0.000000000000000000
-5.887807296563217996 11.205318455960115998 0.000000000010356558 0.175869510685968705 0.000000000000000000
-9.298675337585555312 12.225860020113229254 0.000000000022715615 0.466044628234818015 1162308.843717681244015694
-7.963658550167651562 10.342325879385169785 0.000000000273134721 0.327632286509306370 1260552.000000000000000000
-8.044884275939651275 13.084396012381153795 0.000000000190384951 0.336141061585171597 0.000000000000000000
-7.532659005469815483 9.911182464768208078 0.000000000285015060 0.350021690890228498 1316078.000000000000000000
-4.868499948595654381 11.746511756465839227 0.000000000121171805 0.332232395004892656 0.000000000000000000
-14.666146537490917012 5.440573566844163267 0.000000000000000000 0.372302465235503588 0.000000000000000000
-12.756709921441458988 5.187715814372066525 0.000000000000000000 0.088858341578341757 0.000000000000000000
-11.550624162687723739 7.108518875497254363 0.000000000000000000 0.471390363254313105 0.000000000000000000
-12.061594926783742565 2.893077892196095124 0.000000000000000000 0.331840325824717675 818274.000000000000000000
-13.639675531360037297 2.546000729585723210 0.000000000000000000 0.405297027169939206 818633.000000000000000000
-12.357104526099620401 2.755048138387779844 0.000000000000000000 0.340660379380595291 0.000000000000000000
-13.232066854907390763 3.682223599640577660 0.000000000000000000 0.196252955824397168 528630.179385661031119525
-13.435462956147071978 5.894116765923767431 0.000000000000000000 0.247229925758550489 812801.000000000000000000
-13.724713216166902541 5.728526755914527868 0.000000000000000000 0.256340896316363531 812134.000000000000000000
-13.691679587412927788 4.713549393934844289 0.000000000000000000 0.174546821073486680 816230.000000000000000000
-13.187747340285772779 4.475695008114914053 0.000000000000000000 0.091662153821058689 814798.000000000000000000
-12.321717436288986747 6.911972565158978732 0.000000000000000000 0.394828639427414030 814770.000000000000000000
-12.606607639459342707 5.644010735335625917 0.000000000000000000 0.168971892236309235 0.000000000000000000
-12.142204795395013406 4.029712900118799013 0.000000000000000000 0.152039752915586579 0.000000000000000000
-11.937320974463544232 6.442455888763633176 0.000000000000000000 0.336840084085341995 818333.000000000000000000
-12.479958703079919502 -2.702028036522142074 0.000000000000000000 0.346343907672203022 569264.000000000000000000
-11.980597910356173941 -4.442812439571704353 0.000000000000000000 0.136875809713855018 0.000000000000000000
-12.001150831662011242 -5.277191885278961436 0.000000000000000000 0.164220343553381387 572979.000000000000000000
-10.341380568062156442 -4.601891368102618785 0.000000000000000000 0.422941963636656593 351408.349431719223503023
-10.575996811910506779 -6.281120339859030288 0.000000000000000000 0.472581574722230335 519707.501883923483546823
-12.034626536031083788 -2.051214844658958203 0.000000000000000000 0.473133947079035999 0.000000000000000000
-11.269872329666197786 -6.743346018669363673 0.000000000000000000 0.442436245080348789 571842.000000000000000000
-14.446186258311589867 -4.908671490236184098 0.000000000000000000 0.311492494029840084 574935.000000000000000000
-15.235717765996808382 -5.250267259510907003 0.000000000000000000 0.460389756520158455 578037.000000000000000000
-10.704007555265349083 -3.892514223108784588 0.000000000000000000 0.383483674206975156 68455.341885803136392497
-14.088742646446663187 -3.391216298437875754 0.000000000000000000 0.331602613465678542 0.000000000000000000
-14.104583282112185927 -5.654077888818896724 0.000000000000000000 0.300215979276882428 564814.081385458935983479
-11.642889416843921424 -7.113507849321107024 0.000000000000000000 0.465125781470896671 576974.000000000000000000
-12.143128791321275983 -4.285135919195129262 0.000000000000000000 0.122533382326267051 574451.000000000000000000
-12.226606896696452509 -7.254639416896703885 0.000000000000000000 0.456620877380605195 0.000000000000000000
-4.196327966604357584 -11.510501021676406097 0.000000000453772174 0.453476895745175246 0.000000000000000000
-8.151723704866185471 -13.349796625222019486 0.000000000640585553 0.383514883449436794 0.000000000000000000
-7.606300788754657205 -11.186197015292641765 0.000000000876391922 0.182008841878491839 0.000000000000000000
-6.312319617756844359 -14.130053326060316721 0.000000000065472677 0.433495541264116158 0.000000000000000000
-6.331942250348903123 -11.057250218150395327 0.000000000872226903 0.137152905575407491 0.000000000000000000
-6.354452378793069123 -12.393473975203187720 0.000000000067628328 0.137175931268939844 0.000000000000000000
-6.841537491509964042 -9.508502962894246124 0.000000000596831259 0.391622827099708082 0.000000000000000000
-5.805690813480484103 -13.328020462055185646 0.000000000268052864 0.329501770069060118 0.000000000000000000
-8.733252302353889718 -12.308952804395675074 0.000000000281829027 0.371535145018372148 0.000000000000000000
-7.807741963898941151 -11.552267827064708783 0.000000000394689362 0.193909438999661954 0.000000000000000000
-5.284649131106664122 -11.755861674361197444 0.000000000929331234 0.258117424210467961 0.000000000000000000
-7.518865765133329049 -12.585340593591640257 0.000000000660484930 0.207713968339132499 0.000000000000000000
-8.842410643979947693 -12.553262256313709955 0.000000000489776911 0.403905941350817033 0.000000000000000000
-5.959167797278058565 -9.706339030922041644 0.000000000803928051 0.382152252662444125 0.000000000000000000
-6.258632531580662572 -10.030547820590733465 0.000000000571015398 0.310630591293850067 0.000000000000000000
2.508685612001976928 -14.657310367281795038 0.000000000000000000 0.247792945061982961 1246894.000000000000000000
0.695948414095878154 -12.585969703971063183 0.000000000000000000 0.316869636289006551 1215202.000000000000000000
4.014773424121662160 -14.519780051263877496 0.000000000000000000 0.372311855236699740 0.000000000000000000
3.979115863850986479 -13.949809190702266548 0.000000000000000000 0.316661054577160928 1216618.000000000000000000
2.258715613737965811 -11.310378409394823862 0.000000000000000000 0.350418612084495040 0.000000000000000000
3.785522095695645461 -11.120885916006502114 0.000000000000000000 0.462667518922674381 0.000000000000000000
2.852275788957317815 -11.203227996585225057 0.000000000000000000 0.380518830042368084 0.000000000000000000
3.188452602537573011 -12.877674719587135499 0.000000000000000000 0.167985493782975365 805983.881084922817535698
0.741788439890450846 -15.080023934241536310 0.000000000000000000 0.428663557278025520 1264786.000000000000000000
2.927760026538141158 -13.483141845038813855 0.000000000000000000 0.111967541225771947 1223380.000000000000000000
1.796534200023155670 -13.419314904430045488 0.000000000000000000 0.099162307595311028 0.000000000000000000
0.674648109456940759 -11.895007196903272018 0.000000000000000000 0.384812068430704535 0.000000000000000000
1.411602759616135572 -12.048550689407138137 0.000000000000000000 0.273688773085137116 1193502.000000000000000000
4.174159255585348838 -13.657609102236438758 0.000000000000000000 0.334825226079783433 1252353.000000000000000000
3.609913356375021198 -14.043663103705073425 0.000000000000000000 0.265170800178167021 0.000000000000000000
11.595883184256532417 -9.350415288294344762 0.000000000000000000 0.247339094158327055 0.000000000000000000
12.101229484666166769 -8.687606771179376963 0.000000000000000000 0.313999153234323314 0.000000000000000000
9.654296168624973973 -7.858655659642446167 0.000000000000000000 0.198330417058923375 786333.907983872690238059
11.938138267140637083 -9.887989817243877155 0.000000000000000000 0.347600394469978036 1350118.000000000000000000
9.567124802714502607 -10.186060425034961341 0.000000000000000000 0.287652426471791067 1327150.000000000000000000
9.461148918836068233 -8.008032211629531716 0.000000000000000000 0.203601510463018887 1348962.000000000000000000
12.256865109373094924 -8.716745436869748787 0.000000000000000000 0.341603993543567019 1399403.000000000000000000
10.429317485054196979 -10.368662970973113957 0.000000000000000000 0.284580285042554504 0.000000000000000000
10.674914178189668590 -7.378639413898400612 0.000000000000000000 0.247272096855562978 1362959.000000000000000000
10.276800070886194405 -9.505505450587504512 0.000000000000000000 0.133332265277950585 1321864.000000000000000000
9.373781511373623587 -10.016324340107615853 0.000000000000000000 0.281610478777184148 1107301.240023330785334110
10.426029813773611821 -10.793781971322726321 0.000000000000000000 0.358989451971242768 1076056.108569192700088024
12.048680889935640792 -10.313050598280803172 0.000000000000000000 0.409343626090963308 0.000000000000000000
12.179698993614437086 -8.842026967383240788 0.000000000000000000 0.328219113574576504 1402355.000000000000000000
11.229827308959665189 -9.496899987808911092 0.000000000000000000 0.205715026514593335 1353261.000000000000000000
12.724314783756314640 -0.160678410159505597 0.000000000000000000 0.148244226770792881 454725.000000000000000000
11.399497345962647188 1.552829829035508036 0.000000000000000000 0.467682674443831770 450058.000000000000000000
15.626320560695443618 -1.496913850153735570 0.000000000000000000 0.452579531178592731 133670.486315445858053863
13.206166716521877902 0.555206656213643734 0.000000000000000000 0.113294706021424649 0.000000000000000000
15.146346415362241800 -0.318663170125397910 0.000000000000000000 0.291396767950237723 448458.000000000000000000
14.592751595604360304 0.696252845209182514 0.000000000000000000 0.222799058498307195 452624.000000000000000000
15.154142852865657431 -0.953107602098903772 0.000000000000000000 0.331314713607368860 457185.000000000000000000
15.839079603338584334 1.394972534543839071 0.000000000000000000 0.475001233018199187 451927.000000000000000000
14.603589334414749601 1.273726995646783822 0.000000000000000000 0.290474246202063913 0.000000000000000000
11.973342416048051717 1.015257690424395509 0.000000000000000000 0.330518438007523008 452543.000000000000000000
13.657145588388040380 -2.317140091827410764 0.000000000000000000 0.401978566961876893 448908.000000000000000000
13.972091577220892233 0.441515073666881197 0.000000000000000000 0.108385998330112587 455289.000000000000000000
11.624286431565325373 -1.497554002070028423 0.000000000000000000 0.429637755440389568 449927.000000000000000000
13.942014365771765227 -1.784483016000453226 0.000000000000000000 0.317143726458013531 450604.000000000000000000
14.056161024800607251 -2.166724524090803516 0.000000000000000000 0.386144710806408109 452743.000000000000000000
