-2.445333592781926857 1.866677778914090480 0.000000000000000000 0.361864030165886807 0.000000000000000000
-3.701157593700229231 4.696402228134590295 0.000000000000000000 0.294488883415642444 633322.000000000000000000
-2.337764466629551396 1.432224822002503783 0.000000000000000000 0.437919632460135211 0.000000000000000000
-2.131258225217063984 5.785793033351594339 0.000000000000000000 0.338345759243561528 0.000000000000000000
0.220085653638027401 3.793844015390810398 0.000000000000000000 0.441999187352555889 0.000000000000000000
-2.010151024610453696 4.285774712160534072 0.000000000000000000 0.083180331697489993 635036.000000000000000000
-4.369711828098300721 3.545828213928343686 0.000000000000000000 0.381263269685458539 634344.000000000000000000
-3.544650575194167708 2.042245699854110086 0.000000000000000000 0.400925243557872901 633990.000000000000000000
-4.195656985349572210 5.494042105815446497 0.000000000000000000 0.447939276086355809 633390.000000000000000000
-3.902500245090780417 2.374167233754377992 0.000000000000000000 0.398314712611425481 633980.000000000000000000
-3.079509519990779154 3.265212840587887744 0.000000000000000000 0.183865381660155786 323957.433738752268254757
-3.366427408245677988 5.343001949340400181 0.000000000000000000 0.325403166672016186 0.000000000000000000
-3.187351770240571369 3.652993944806140814 0.000000000000000000 0.170897355095730868 636989.000000000000000000
-4.652336830690660285 3.314872888200667500 0.000000000000000000 0.438769381946347847 636313.000000000000000000
-4.718070989193876130 4.366289390714852559 0.000000000000000000 0.446486614092669376 0.000000000000000000
-1.387305227148965647 -5.115807207460096429 0.000000000000000000 0.267875605401229122 491497.065895107341930270
-1.421390477406876851 -3.666824554484708010 0.000000000000000000 0.154362449693527470 97088.442026032425928861
-3.652539431874406883 -1.829682703055605320 0.000000000000000000 0.442972622765211765 45839.804362695947929751
-2.005479496299183317 -5.228042632826454650 0.000000000000000000 0.242495279303918371 99259.967414379585534334
-2.486146756113506662 -3.162637002782695994 0.000000000000000000 0.135778903281121466 0.000000000000000000
-2.574038483867322036 -5.783767711091558184 0.000000000000000000 0.341840507406037331 0.000000000000000000
-2.197119509620264921 -4.611609298933697865 0.000000000000000000 0.128942300372945490 513502.000000000000000000
-4.164247681366950005 -5.019621565159841481 0.000000000000000000 0.394681881543777369 30579.141382194644393167
-4.089998194412802768 -5.284803244306281123 0.000000000000000000 0.410063522525016655 511065.000000000000000000
-2.981913570054114171 -3.911974074827322845 0.000000000000000000 0.129042506133165813 0.000000000000000000
-3.629661054900969130 -3.025000006147528619 0.000000000000000000 0.288887720727081632 518015.000000000000000000
-3.302914825903175533 -5.234922720847716704 0.000000000000000000 0.303262664919378144 512244.000000000000000000
-2.074071540318890516 -3.271832064132634166 0.000000000000000000 0.114916578243491024 401728.989573948900215328
-4.295005257477514604 -5.284738906803196024 0.000000000000000000 0.439678879286709068 513749.000000000000000000
-3.861233040640801306 -3.025460892597263474 0.000000000000000000 0.324503172881244473 512511.000000000000000000
6.326757174556000507 1.399526128758302290 0.000000000000000000 0.407437117334052190 0.000000000000000000
3.480355895811040323 0.481312088466839927 0.000000000000000000 0.203160992158810200 570538.000000000000000000
2.494591367488592670 -0.703898987471158755 0.000000000000000000 0.381087243025879152 87613.462006373942131177
5.642318539662691812 -0.727561545685996292 0.000000000000000000 0.238977761263507699 172134.110893476899946108
3.933132729625731017 2.310554078514339693 0.000000000000000000 0.423515351952591823 572240.000000000000000000
4.867945128806950628 -2.142782952442404021 0.000000000000000000 0.385794607451812099 0.000000000000000000
5.457374904937865701 1.721496878879810399 0.000000000000000000 0.348822333017008601 0.000000000000000000
3.579963605762235712 2.189178899656163857 0.000000000000000000 0.423290609665744055 578338.000000000000000000
2.181941546840620028 1.201674746723358833 0.000000000000000000 0.467388879153807169 0.000000000000000000
2.249959472367910607 0.187294186991221273 0.000000000000000000 0.404898716562927807 572737.000000000000000000
4.053796035244011442 0.464219130964048377 0.000000000000000000 0.116364746056904889 0.000000000000000000
4.203079099450617306 -0.354311053936021358 0.000000000000000000 0.083902051627429086 578114.000000000000000000
5.534563492220221370 -0.020647849775935475 0.000000000000000000 0.181899999697526710 575283.000000000000000000
4.496125326001663147 -1.537743958609473882 0.000000000000000000 0.273239509246769707 578307.000000000000000000
2.889750072721341656 0.933941208254715161 0.000000000000000000 0.333773976332691069 578521.000000000000000000
12.491921396107807496 9.539757643691359590 0.000000000085918447 0.407635247100063158 0.000000000000000000
11.951776541198944059 10.518465582600475372 0.000000000846491526 0.422278307468675618 632474.000000000000000000
12.436470787809886573 9.929481215826076124 0.000000000194708447 0.426803151693743277 0.000000000000000000
8.063117109091715307 10.059897314853918360 0.000000000135297120 0.466931359880467634 634608.000000000000000000
11.219792659804195267 6.231792235402267011 0.000000000276679769 0.467582931787934586 638704.000000000000000000
10.411421050243742314 7.189487896577273496 0.000000000196936159 0.273539060495997355 0.000000000000000000
9.992618176442086053 10.830916492928841066 0.000000000135661632 0.370649583174941954 637818.000000000000000000
11.634076267545495398 11.054802628709238022 0.000000000744152303 0.464804726525839484 613450.116293579572811723
9.989915569491508052 9.642340945427399390 0.000000000219112323 0.168904843445236791 0.000000000000000000
11.406398110614164310 6.534052765313494326 0.000000000122348972 0.431564421709094925 0.000000000000000000
11.396478055042225108 7.232854314893910619 0.000000000641469357 0.325202651610121241 636042.000000000000000000
12.723817446977697898 9.078237573911069447 0.000000000524045217 0.428676390034507748 634903.000000000000000000
8.741663814178593839 9.728843214460546562 0.000000000047054832 0.333077348659735484 439649.691954178211744875
10.072523122433885590 11.093781707968052075 0.000000000391228995 0.414246291955915558 634976.000000000000000000
8.234976230853062518 7.350681193852588002 0.000000000550913906 0.448589742526064539 629986.000000000000000000
2.183414251342512546 15.665183387426907302 0.000000000000000000 0.426178465585144439 692939.000000000000000000
-0.133932900425883961 12.764243701494978112 0.000000000000000000 0.449254415166030596 694647.000000000000000000
2.808952528562623119 11.893895158253272371 0.000000000000000000 0.260329815049719693 0.000000000000000000
0.387001352922704600 14.940872129313705230 0.000000000000000000 0.456436132181019194 0.000000000000000000
0.276229686406058716 12.469393073639992053 0.000000000000000000 0.393984205168457002 694462.000000000000000000
2.396593271402079228 12.822485556149677777 0.000000000000000000 0.081646029706061343 699578.000000000000000000
0.521742639509139905 13.492269754640847879 0.000000000000000000 0.325318940917609267 698360.000000000000000000
1.071389886526757040 12.698491931114805453 0.000000000000000000 0.247540322888087638 0.000000000000000000
4.819370238128826145 13.889758051911499592 0.000000000000000000 0.456089724677710084 698446.000000000000000000
1.394726949001276139 15.123887767825358708 0.000000000000000000 0.369184942477485178 0.000000000000000000
3.921340030252947528 13.263948691987371475 0.000000000000000000 0.282850363670162142 0.000000000000000000
4.538473117371313315 12.187486753522861704 0.000000000000000000 0.437995545123002983 0.000000000000000000
1.909434157085559747 12.396394237516904724 0.000000000000000000 0.174121975792090322 0.000000000000000000
0.563905154670270137 11.827174259539168233 0.000000000000000000 0.407725715905888464 0.000000000000000000
1.353668889189290292 14.882026801125773474 0.000000000000000000 0.335131427619838163 696014.000000000000000000
-8.025025645038464717 10.511412586577391082 0.000000000259766170 0.314019552186766415 1319701.000000000000000000
-8.280812706262018708 9.870810532190434472 0.000000000334372256 0.427498241297179338 1249619.000000000000000000
-4.419613701126982264 10.736296905409119518 0.000000000585610690 0.447490863797242955 1292611.000000000000000000
-8.937687145756040508 12.024717735446204259 0.000000000813715372 0.396740428510823029 1281548.000000000000000000
-5.182628549788987904 11.674376741274919311 0.000000000385499260 0.276326137979468089 1272513.000000000000000000
-9.081914453386421116 10.550334554344543037 0.000000000364190369 0.466762651874458978 1309411.000000000000000000
-5.190836886277566009 12.671578653792449742 0.000000000598585243 0.322520015891012368 1257043.000000000000000000
-7.224865318806479308 13.360164688956384538 0.000000000073131715 0.303376523674569964 0.000000000000000000
-8.557027704744697871 11.970441559549175992 0.000000000401378794 0.328233615384786515 1257460.000000000000000000
-7.871389669251302124 11.150721673115018717 0.000000000252618688 0.226478706185740758 250064.183361809147754684
-4.842010798760682633 12.208756768987045760 0.000000000549482452 0.347942034035635783 1346304.000000000000000000
-8.592425831829661576 12.483153989379957238 0.000000000614717592 0.357959317015131673 0.000000000000000000
-7.918996015761678109 12.742336331472614575 0.000000000103843558 0.278345895061902826 1312644.000000000000000000
-4.549733743739814429 11.010124869464902986 0.000000000359637386 0.408786919013711614 0.000000000000000000
-6.964810134186460999 12.567128888571405199 0.000000000205067199 0.155762234877140804 1303684.389208928681910038
-11.733695856469173791 4.340315238495378480 0.000000000000000000 0.184261093735956366 545443.146471243002451956
-10.453572095706151757 3.942338969685353689 0.000000000000000000 0.422752580649446874 439746.616990175796672702
-11.310820635412964563 2.435407348344569733 0.000000000000000000 0.464105108965053526 0.000000000000000000
-11.333263027661677924 3.458381230980193344 0.000000000000000000 0.325183054631102531 817636.000000000000000000
-10.181377337464933674 5.257734950849251909 0.000000000000000000 0.462438848289784543 810833.000000000000000000
-14.016102310089257443 3.693830406127420307 0.000000000000000000 0.288298258793197648 815103.000000000000000000
-15.097435184951963905 4.934006938853852553 0.000000000000000000 0.427296144982735271 454747.897975967673119158
-15.079738356311290559 4.226504294915478077 0.000000000000000000 0.429041964312131985 0.000000000000000000
-13.845869935102944837 6.635771607750442946 0.000000000000000000 0.395024778035198587 818787.000000000000000000
-15.251627354206020115 5.296133948920420664 0.000000000000000000 0.464916026726009790 819375.000000000000000000
-14.748512797368800165 3.995263940734655073 0.000000000000000000 0.381621405877092146 0.000000000000000000
-13.534511551156640508 4.855659932835862058 0.000000000000000000 0.149615861867515548 10259.657554548793996219
-11.280565757849755570 4.699934097093686702 0.000000000000000000 0.255375243423262344 0.000000000000000000
-13.748141890850195779 6.403446975098832539 0.000000000000000000 0.351582810852399785 820267.000000000000000000
-12.980821675142458105 2.480245999125849643 0.000000000000000000 0.385010811795869712 812002.000000000000000000
-13.801044334346904918 -3.370732733373624335 0.000000000000000000 0.298498842538242160 576996.000000000000000000
-14.214983103833375822 -6.187130599363412031 0.000000000000000000 0.374229642124973561 573175.000000000000000000
-14.426939125326038393 -2.996055826953485379 0.000000000000000000 0.422268859294291754 0.000000000000000000
-13.282570351113903939 -6.563009299486189718 0.000000000000000000 0.342663375548139526 575715.000000000000000000
-11.797236504049157801 -6.555463395709649532 0.000000000000000000 0.365402686961377510 0.000000000000000000
-11.159449137905911087 -5.884246361191026509 0.000000000000000000 0.347694581741303244 577978.000000000000000000
-14.400583948268399936 -3.573189599084135359 0.000000000000000000 0.356608662190343984 571026.000000000000000000
-10.820620468371528133 -4.347051247448552758 0.000000000000000000 0.342248631345636489 570066.000000000000000000
-15.219655324129170992 -3.856664943963303838 0.000000000000000000 0.468856726161750559 0.000000000000000000
-13.100659493617314411 -4.079021784394280203 0.000000000000000000 0.125008622719402634 575649.000000000000000000
-10.046701551824460452 -4.572506953131250107 0.000000000000000000 0.475601576821061078 317107.494432822335511446
-10.646438500902505098 -5.169276681138193830 0.000000000000000000 0.378188390080389014 576225.000000000000000000
-10.145389448867121018 -4.330001796990627483 0.000000000000000000 0.461688066255155904 0.000000000000000000
-12.308408543812454639 -2.607337996789690582 0.000000000000000000 0.367577025756678166 0.000000000000000000
-11.815071980936341589 -4.417176529998745771 0.000000000000000000 0.166428110052130235 570683.000000000000000000
-7.782285873689802180 -11.378479805689330817 0.000000000272340876 0.196555215196895505 0.000000000000000000
-6.511063697603192146 -9.149516659415187547 0.000000000208086197 0.456518925952116517 0.000000000000000000
-6.953474573597101305 -11.134719276965435952 0.000000000577530362 0.110592547276671380 0.000000000000000000
-6.841217797183503535 -12.729712298317764407 0.000000000709281524 0.179994641816996731 0.000000000000000000
-6.282122901450159169 -10.389606027405504207 0.000000000011581143 0.248656044436308815 0.000000000000000000
-4.309701620419777335 -10.604038477743035429 0.000000000448231509 0.474873347623517739 0.000000000000000000
-5.261337155576626401 -9.778886928410130963 0.000000000669128781 0.432357254770942612 0.000000000000000000
-8.601715776106365396 -12.959570591961670161 0.000000000553185129 0.398794325970462604 0.000000000000000000
-7.329216824848115763 -13.673580372004968453 0.000000000649042863 0.361792412438203148 0.000000000000000000
-8.338406499572267094 -12.343439355932124712 0.000000000731150582 0.306792368141783955 0.000000000000000000
-4.497246826548281895 -12.143347632657381041 0.000000000321211741 0.405410217563142439 0.000000000000000000
-7.772199904934126380 -13.684105054308133731 0.000000000044506516 0.393817370864551930 0.000000000000000000
-9.297410817372606218 -11.898996356983449374 0.000000000928622914 0.458251483952635763 0.000000000000000000
-7.390112215334902146 -13.943447239601063359 0.000000000230193348 0.410592722583025760 0.000000000000000000
-6.119122490791938596 -12.253351453482263622 0.000000000541255960 0.144628177396256968 0.000000000000000000
0.500415473868228489 -13.881056823109579668 0.000000000000000000 0.344120410862239712 1254518.000000000000000000
2.534164077056503928 -14.550207929716332700 0.000000000000000000 0.229544082693065726 1211882.000000000000000000
1.558837740123512949 -12.260111028872143990 0.000000000000000000 0.227801550672091901 1243869.000000000000000000
4.654411929019459215 -13.710237102469063686 0.000000000000000000 0.420603029820260099 0.000000000000000000
3.052656197394290505 -15.317579695924214533 0.000000000000000000 0.385208061468174490 0.000000000000000000
0.088507155124880305 -12.210175636291710433 0.000000000000000000 0.443053837785236770 0.000000000000000000
2.968391599310061135 -12.260403892998436248 0.000000000000000000 0.213328566706208311 1120810.094958985922858119
2.382486201341093679 -12.711004773745703034 0.000000000000000000 0.101106228287724365 0.000000000000000000
0.902915450007233278 -12.515344576552362099 0.000000000000000000 0.288929980985464963 0.000000000000000000
3.400776430279192741 -10.885803808689640704 0.000000000000000000 0.466059930358052377 1245884.000000000000000000
2.195657576072695960 -15.478651965947243241 0.000000000000000000 0.392893982785495699 1254732.000000000000000000
2.750536647515036570 -11.658877757663754338 0.000000000000000000 0.297448833420936642 1199281.000000000000000000
0.530933203770806883 -14.868892440440323099 0.000000000000000000 0.428660687079223002 1198214.000000000000000000
3.660315453854818823 -12.170216423090323588 0.000000000000000000 0.307616073923098476 1251339.642344072461128235
3.022683926330884674 -11.017944274006438832 0.000000000000000000 0.420401784433472092 1266507.000000000000000000
10.957068319069730222 -9.741888389596303099 0.000000000000000000 0.205883237521883755 0.000000000000000000
12.245122944147688315 -8.297535263195857880 0.000000000000000000 0.348476743410863987 1339901.000000000000000000
8.766482308961194292 -7.780108583979935766 0.000000000000000000 0.328109164693852484 0.000000000000000000
11.749635112196310516 -7.189557677900422661 0.000000000000000000 0.370670032687206719 0.000000000000000000
12.898034816680370440 -8.692565259045444748 0.000000000000000000 0.455929684954787362 1389639.000000000000000000
10.854723366886096514 -10.400722470826671895 0.000000000000000000 0.303715367143210069 1407155.000000000000000000
10.267672108330986092 -6.749243872981701031 0.000000000000000000 0.350746600901090555 0.000000000000000000
9.774080082987985918 -7.780818976193916825 0.000000000000000000 0.197507664286338508 0.000000000000000000
8.398968636246923580 -9.996951526036021107 0.000000000000000000 0.409867058055559785 1380097.000000000000000000
11.909822528838020617 -7.083632424495451829 0.000000000000000000 0.403668415893919608 0.000000000000000000
8.552471371852066184 -7.387586621051777769 0.000000000000000000 0.398462192379126778 410199.549776010564528406
9.029883777034456216 -8.341228166158138890 0.000000000000000000 0.244310587592578704 80310.004121623031096533
11.626189068969434715 -9.303963095264359495 0.000000000000000000 0.248946689604967214 1347046.000000000000000000
11.734081935008433106 -10.426579311085749424 0.000000000000000000 0.384600953788457822 0.000000000000000000
10.302382078856002323 -8.461188353986978328 0.000000000000000000 0.050753291917975160 1339397.000000000000000000
15.903249310862742405 0.995557367375948132 0.000000000000000000 0.454688622833558154 0.000000000000000000
12.737330933667898591 2.068913756453540920 0.000000000000000000 0.386642600018818727 455877.000000000000000000
13.340980616157244398 -2.631973968761905702 0.000000000000000000 0.457671959288899810 451494.000000000000000000
13.597463223964130208 -2.687623881076661281 0.000000000000000000 0.465785561366064582 451142.000000000000000000
13.878195073040910046 -1.107406420480021136 0.000000000000000000 0.200975943621823055 451442.000000000000000000
13.050280812768294325 0.950814583423810422 0.000000000000000000 0.186713713379035307 0.000000000000000000
11.146463526585764114 0.201111609656092427 0.000000000000000000 0.428253946595766488 0.000000000000000000
15.820707359729992092 -0.690936525970914373 0.000000000000000000 0.423452116217369223 451446.000000000000000000
14.528257672328425798 -1.941224175905818194 0.000000000000000000 0.379016521743158696 451838.000000000000000000
12.819447048107758036 0.545766419368241995 0.000000000000000000 0.159751118077753995 457343.000000000000000000
14.291308437318578584 -1.758723311504201137 0.000000000000000000 0.332385041427532113 0.000000000000000000
15.797951308888013244 -0.728334165111196641 0.000000000000000000 0.421439602916339695 0.000000000000000000
13.560689687532875070 -2.338135780885273185 0.000000000000000000 0.405179724771849825 452180.000000000000000000
13.776652275150356175 -2.641719839887989529 0.000000000000000000 0.459474886704846208 449517.000000000000000000
13.321958015920714047 -1.324058617044477915 0.000000000000000000 0.232866417574786350 451908.000000000000000000
