-3.288274523781355985 2.310849031514823793 0.000000000000000000 0.335767097215093013 631729.000000000000000000
-3.957127080217516024 5.576738707339301548 0.000000000000000000 0.426311143387172353 0.000000000000000000
-3.265917851884557077 4.549653541408661184 0.000000000000000000 0.214565037619554783 630232.000000000000000000
-2.150583188737774876 1.240663119281592675 0.000000000000000000 0.472214042413709456 634091.000000000000000000
-2.400335773561301789 1.340123752192754258 0.000000000000000000 0.454782981432813871 637319.000000000000000000
-1.570320536291387459 2.133095388969150186 0.000000000000000000 0.336128120763129090 636714.000000000000000000
-2.906766643824373997 2.059021258571398505 0.000000000000000000 0.345900897539934360 636161.000000000000000000
-1.436601591899064223 3.746108964838726241 0.000000000000000000 0.148667491808869151 634713.000000000000000000
-1.974964806036568321 2.095631378731981354 0.000000000000000000 0.323571672660142917 634114.000000000000000000
-4.759895723290143543 4.496508661278213914 0.000000000000000000 0.458691293714065251 636459.000000000000000000
-0.081749606516217849 2.792732069502974035 0.000000000000000000 0.434372235155526809 633289.000000000000000000
-0.374827898624620681 4.919180407256408039 0.000000000000000000 0.382455053831991354 633570.000000000000000000
-3.658731656247492303 5.497303935102189953 0.000000000000000000 0.379621019973850171 635208.000000000000000000
-3.018800490404702774 2.940197188673511874 0.000000000000000000 0.216752203993860554 0.000000000000000000
-0.803157919762342520 1.837168032856795863 0.000000000000000000 0.448332682354310064 633393.000000000000000000
-1.085513913903279004 -2.045926901043462642 0.000000000000000000 0.389374848180152278 411550.040599586325697601
-2.143756548041094945 -4.568970580115773394 0.000000000000000000 0.122599472645096741 517128.000000000000000000
-3.098198780616490122 -5.333288358174496757 0.000000000000000000 0.297346337476561751 0.000000000000000000
-3.673025578591501805 -3.246854315278215886 0.000000000000000000 0.276933454003043589 0.000000000000000000
-2.907346089498159092 -5.773056214235198880 0.000000000000000000 0.354623297341512933 516368.000000000000000000
-2.356776405070696523 -5.452799282063550024 0.000000000000000000 0.278823170906120354 0.000000000000000000
-0.466250795313003064 -2.676267845914262811 0.000000000000000000 0.385698615329646166 178230.791840471472823992
-2.143703381693816912 -5.797412748433164786 0.000000000000000000 0.340268741401980490 309827.732454589451663196
-4.133863630887877783 -2.039964339423048223 0.000000000000000000 0.469156133634070327 0.000000000000000000
-1.960825359560611325 -1.410244705860424608 0.000000000000000000 0.444826408478531998 509691.000000000000000000
-4.010487237538984395 -2.556765290059051399 0.000000000000000000 0.392201612710993019 516806.000000000000000000
-2.755079187829556187 -5.513534844069819307 0.000000000000000000 0.302300801996844726 512153.000000000000000000
-3.940341160003807186 -1.987236723774392200 0.000000000000000000 0.452252093814929423 508432.000000000000000000
-4.470532768823509251 -2.700650110678804339 0.000000000000000000 0.447466517026067045 0.000000000000000000
-3.393775137370922845 -5.321536009546669277 0.000000000000000000 0.325381196050224863 0.000000000000000000
6.506778383201269556 1.450207150375039777 0.000000000000000000 0.438500897705119463 577887.000000000000000000
3.842394237850867977 -2.499950800598885525 0.000000000000000000 0.460186436129283227 572919.000000000000000000
2.042067360503286633 0.316493595791926430 0.000000000000000000 0.444151581057021794 169942.001693081081612036
3.644443497271490529 -1.902448219724315992 0.000000000000000000 0.372023754387783179 575916.000000000000000000
3.374669270121313236 -1.679813144395855273 0.000000000000000000 0.361170767521632352 578224.000000000000000000
3.230866184443768496 -0.134562734905871478 0.000000000000000000 0.229972212689865674 572205.000000000000000000
6.955375121209684153 1.023133894570271485 0.000000000000000000 0.471367261149448880 0.000000000000000000
5.239703199170580028 -1.265258713231743881 0.000000000000000000 0.259238428667379783 0.000000000000000000
4.990185316975955132 1.829476691632421881 0.000000000000000000 0.335826439470459426 574736.000000000000000000
5.918629310921340370 1.919076917337045884 0.000000000000000000 0.422671443348158649 575480.000000000000000000
2.563231891282948816 0.870470999958880443 0.000000000000000000 0.380613998863592429 0.000000000000000000
6.993500590624422308 0.553966779743933269 0.000000000000000000 0.452643185641210422 0.000000000000000000
2.932245749084427366 -1.164130389411881739 0.000000000000000000 0.349784340990124565 573758.000000000000000000
5.989833277505830722 0.213198814356043154 0.000000000000000000 0.265710259348788891 0.000000000000000000
2.451078090675882670 0.130812711295539896 0.000000000000000000 0.368423567745888358 572846.000000000000000000
8.158952324031535142 7.974805180323248699 0.000000000264800421 0.411935033708295539 633655.000000000000000000
9.999579943069244692 6.967900254401350857 0.000000000370449613 0.318155750496275702 0.000000000000000000
12.710433876048401913 9.187106634754561796 0.000000000809933447 0.429298120258887306 634717.000000000000000000
9.476164636532510954 6.663439411849624072 0.000000000237916972 0.397097810091891823 0.000000000000000000
11.414669051275739164 6.824932116182239383 0.000000000854614360 0.387229006060322067 632595.000000000000000000
8.256274588646027368 8.362169807080848116 0.000000000754892780 0.377642276304309410 630761.000000000000000000
11.386798965526441663 8.646374579352874790 0.000000000644013651 0.187329477127469807 631635.000000000000000000
7.881191049213200017 8.036931763616141922 0.000000000844966817 0.455839971444850556 635571.000000000000000000
10.373440732944239073 6.931527160091951245 0.000000000891422972 0.318543907672279913 633745.000000000000000000
12.146266044886228741 7.413800384012009026 0.000000000000228462 0.397462296703242957 629376.000000000000000000
12.540197446415383808 8.907384565180246128 0.000000000823219487 0.393043853268362942 631946.000000000000000000
10.966573080569089527 9.408573678873091595 0.000000000002368138 0.160749829498053887 638404.000000000000000000
11.891723170508660345 8.560516457031861037 0.000000000893948933 0.278417951002117636 636199.000000000000000000
11.912092260204280691 7.933965310072663257 0.000000000689719561 0.314209440937564366 630700.000000000000000000
8.867888772552957377 10.788483260723094048 0.000000000384085673 0.444371762779479429 637185.000000000000000000
2.236552701132383358 14.304764716632559995 0.000000000000000000 0.183908768075991880 0.000000000000000000
0.977559982114431070 14.224775001713068079 0.000000000000000000 0.294951684567258343 698430.000000000000000000
3.133431184887579324 13.049071038853602644 0.000000000000000000 0.148074014035123130 0.000000000000000000
4.313868158037784006 14.798257613400311428 0.000000000000000000 0.444664583828534410 0.000000000000000000
4.425781197634633735 12.505838587673936857 0.000000000000000000 0.397159266251649601 693984.000000000000000000
2.320839451718570423 13.890369328753683575 0.000000000000000000 0.109307500148139933 0.000000000000000000
4.390239048495949703 14.513675538075204940 0.000000000000000000 0.427395904281686945 605737.653102056588977575
1.402576252057053274 14.267401151410213700 0.000000000000000000 0.242320213911836113 698726.000000000000000000
2.495899885384170958 14.572299555214767608 0.000000000000000000 0.232491330827220122 690585.000000000000000000
1.004826667953393926 11.404918915247455047 0.000000000000000000 0.409047383782188467 691174.000000000000000000
4.499510313693348529 14.582563936367304080 0.000000000000000000 0.450388536830355346 0.000000000000000000
0.147562308500268968 12.492740583679283972 0.000000000000000000 0.413992165693392311 695670.000000000000000000
0.943383429764808934 12.593915137028798057 0.000000000000000000 0.276137329124934106 0.000000000000000000
1.178074423926899872 12.096026922601925691 0.000000000000000000 0.294453014120153955 695001.000000000000000000
0.415033654453835443 12.746392725304316329 0.000000000000000000 0.354867667416176757 0.000000000000000000
-5.498307829534980762 12.826815414631852263 0.000000000523334545 0.294862692766910905 0.000000000000000000
-6.381382839663341855 10.344181697886119409 0.000000000415218234 0.251281814002685899 0.000000000000000000
-6.673324866521499921 9.616940029983775062 0.000000000266399761 0.372164759338051543 1209227.497775409836322069
-7.255849376681031693 13.750835198158910089 0.000000000215706130 0.371402881633495496 1306701.000000000000000000
-7.449008047618851158 9.242483994895314581 0.000000000202932100 0.456165816856384188 0.000000000000000000
-5.131156118481141171 13.154705741914707318 0.000000000278749976 0.382417052220579867 1300440.000000000000000000
-6.160316911185535815 13.394740161829343350 0.000000000793226326 0.313862671053481590 1249081.000000000000000000
-7.705225151936089034 9.735657754682831566 0.000000000695472821 0.391139895145153571 1322898.000000000000000000
-7.695943941322641813 11.290079109976304039 0.000000000279615987 0.187714532969653541 1286543.000000000000000000
-8.147307550313673374 13.213642982980626783 0.000000000385054192 0.365233974957398400 1330452.000000000000000000
-6.562517778135386948 14.077885607015391045 0.000000000187974380 0.418739451536184748 1325878.000000000000000000
-8.744740768647259799 11.111639922024693306 0.000000000206029279 0.374333000050614317 0.000000000000000000
-5.565352269795806883 9.633963450582603727 0.000000000492904481 0.423919691679984445 0.000000000000000000
-8.761232126568000211 12.144016494400650785 0.000000000757637495 0.369317305486922043 1290141.000000000000000000
-4.333946354806511359 11.402991274946078448 0.000000000439060071 0.431100907539168632 0.000000000000000000
-12.348136956197784286 4.921504624214489532 0.000000000000000000 0.077579289813795055 815497.000000000000000000
-11.882769374680906438 6.739860359490108976 0.000000000000000000 0.388280038536580663 813369.000000000000000000
-13.199971000163509771 4.104850868614187576 0.000000000000000000 0.132165511739317648 815001.000000000000000000
-15.193400819194618379 4.135877824850887841 0.000000000000000000 0.451964613832933737 0.000000000000000000
-12.694206514141134434 4.431299819683347962 0.000000000000000000 0.043139852030223171 0.000000000000000000
-12.281132694358397828 7.082973110672537764 0.000000000000000000 0.425424274760683285 746639.155044869869016111
-12.054607921438183382 5.840125900636389922 0.000000000000000000 0.233818445306532202 0.000000000000000000
-11.067107574849289975 4.687049022502014495 0.000000000000000000 0.293397028396890303 815135.000000000000000000
-11.909782234781244981 6.806035826765746144 0.000000000000000000 0.397178878941839786 817772.000000000000000000
-14.968353932984385324 4.672381147771416998 0.000000000000000000 0.402001995016550484 813591.000000000000000000
-12.375765795248089063 4.670634018573665891 0.000000000000000000 0.060147332671692151 817886.000000000000000000
-12.503892600216046205 3.222669835315499220 0.000000000000000000 0.255998854805514986 820289.000000000000000000
-11.634724501609222003 5.664241388010175626 0.000000000000000000 0.257761179334399515 812776.000000000000000000
-12.685884783593131431 2.567389550731717929 0.000000000000000000 0.367145512865529378 810927.000000000000000000
-12.624916098121390817 3.374780704587616142 0.000000000000000000 0.227300475697496646 811029.000000000000000000
-12.362683621740096385 -5.100308587268139071 0.000000000000000000 0.096361931700856149 0.000000000000000000
-12.445809712194259689 -2.342485980415648594 0.000000000000000000 0.409186298619335254 570570.000000000000000000
-11.899003769991875146 -6.697636391602887151 0.000000000000000000 0.380370199331651726 577783.000000000000000000
-11.775383777789500073 -2.137638265365546353 0.000000000000000000 0.473093706793850710 576531.000000000000000000
-15.007481595742827807 -3.798687247225196018 0.000000000000000000 0.436395773654179531 0.000000000000000000
-13.538921232681406792 -6.606657735461567427 0.000000000000000000 0.365628015687151475 0.000000000000000000
-11.995745970649000611 -5.336312122640340050 0.000000000000000000 0.171656004665542428 573900.000000000000000000
-13.718923654596917316 -2.227743448531549486 0.000000000000000000 0.461517391173390412 573213.000000000000000000
-13.504401307931306775 -6.808040624054329193 0.000000000000000000 0.395661132793025727 572083.000000000000000000
-14.283027910924783299 -6.486672411369660551 0.000000000000000000 0.420125888412029858 0.000000000000000000
-11.982269854827034550 -4.176589232007260399 0.000000000000000000 0.156885906368675943 570819.351534977671690285
-14.892152352196498910 -4.271611705901567468 0.000000000000000000 0.394755537380369614 0.000000000000000000
-12.358740652161845475 -2.077663719911236662 0.000000000000000000 0.456925117116674384 0.000000000000000000
-14.577569734065129126 -4.843560368663693438 0.000000000000000000 0.333575345587724392 569141.000000000000000000
-13.917351505314984550 -6.090972363117391097 0.000000000000000000 0.325722971127738292 0.000000000000000000
-7.589304528266028527 -9.324921539392944325 0.000000000374176737 0.449986541608612345 0.000000000000000000
-4.355787990649406360 -10.865679361851606544 0.000000000673947176 0.449762704550199899 0.000000000000000000
-6.347208676349717749 -9.232554352073329085 0.000000000546975750 0.445505939589181665 0.000000000000000000
-6.016199303609544025 -9.745736478708527883 0.000000000333233388 0.372026897079748620 0.000000000000000000
-4.901610801779289872 -10.044433285012898338 0.000000000450041037 0.441094289575609422 0.000000000000000000
-7.658051229001766380 -10.938082354947054498 0.000000000738145600 0.215106402655739992 0.000000000000000000
-4.525902809206264088 -11.408208633364226969 0.000000000133881254 0.397080583385490571 0.000000000000000000
-6.451578105891590198 -11.594559665858623632 0.000000000013398862 0.054661545659056815 0.000000000000000000
-5.740234214306482841 -13.002155833221781478 0.000000000185814049 0.288067040977646738 0.000000000000000000
-4.826911413627618330 -10.849300574907974948 0.000000000594236726 0.372947248724199543 0.000000000000000000
-8.965160596795946901 -10.627290967332488236 0.000000000518202788 0.442121023401326363 0.000000000000000000
-7.150082227073821350 -12.874567743844149703 0.000000000558482151 0.217644377697531616 0.000000000000000000
-8.964112417573801395 -11.536796013944380590 0.000000000610551651 0.399045755455430085 0.000000000000000000
-6.460914943256331533 -10.668404545072341705 0.000000000144608285 0.192140718483002654 0.000000000000000000
-7.951806445139638413 -13.395945394701181286 0.000000000234941739 0.367610149110509710 0.000000000000000000
-0.200111636826142941 -12.679623108765987638 0.000000000000000000 0.464028117991159228 1247686.000000000000000000
-0.114842505042554735 -14.330898562754416758 0.000000000000000000 0.475165093579018094 1285887.000000000000000000
1.061655462470159295 -13.482024438986776715 0.000000000000000000 0.229756486983286323 1233736.000000000000000000
3.090140466475987946 -15.759568798679550738 0.000000000000000000 0.462043558473313798 1202549.000000000000000000
3.443227424151871663 -13.266899041450205488 0.000000000000000000 0.197641175990642848 172941.077320993848843500
4.675351835722736382 -13.956560802221533280 0.000000000000000000 0.434374519180530105 0.000000000000000000
-0.167996632928360340 -13.047625551850257963 0.000000000000000000 0.447813231026223502 0.000000000000000000
0.495350313068315007 -14.762095306348776091 0.000000000000000000 0.421232602606280371 1196167.000000000000000000
2.106675098909920330 -15.726621743499823225 0.000000000000000000 0.438161047888009747 1227870.000000000000000000
1.581058553033387382 -15.281320807204632928 0.000000000000000000 0.381449614416750016 1264623.000000000000000000
2.374261796775139821 -14.893090087668459987 0.000000000000000000 0.287920420628332785 530532.004206398269161582
3.355100932546676518 -11.818460744280441688 0.000000000000000000 0.316973302367276832 0.000000000000000000
-0.082068084139108974 -13.068970575581772664 0.000000000000000000 0.432226278127619989 1213305.000000000000000000
3.521181985733567998 -13.715593976715293678 0.000000000000000000 0.225489181025493229 1283636.000000000000000000
3.480250340822446109 -14.680977498566280204 0.000000000000000000 0.322769316988244070 0.000000000000000000
9.844122614833755947 -9.419884319495086089 0.000000000000000000 0.147425157866292011 334952.623292485717684031
9.111672479056487362 -10.790546288411091425 0.000000000000000000 0.420378911787848752 0.000000000000000000
12.527994014963358183 -10.186356058992641849 0.000000000000000000 0.463821404025571871 1375428.000000000000000000
8.162882670622362724 -8.705515122679001294 0.000000000000000000 0.388211269961162675 1369548.000000000000000000
10.040417244959780163 -9.300370732169211507 0.000000000000000000 0.110698342094683141 0.000000000000000000
9.995793378215042324 -7.147276263247281491 0.000000000000000000 0.287476737098674440 0.000000000000000000
11.302195750112648653 -9.057734584653124088 0.000000000000000000 0.179777061733316451 1337225.000000000000000000
11.955335055519743293 -10.363993176172851207 0.000000000000000000 0.403347170080585182 1378730.000000000000000000
9.073906720741856446 -10.356417030899860876 0.000000000000000000 0.361685838644971336 1313690.000000000000000000
8.734359976136518711 -8.125201628554679090 0.000000000000000000 0.306506921874688198 0.000000000000000000
11.342593499665673207 -7.804888568404670046 0.000000000000000000 0.243221062625862100 0.000000000000000000
10.425193837809665354 -7.777299243868233347 0.000000000000000000 0.170855081284316729 0.000000000000000000
9.469027308624429651 -7.644524068481487689 0.000000000000000000 0.248340158241242503 0.000000000000000000
9.877266298081259777 -7.461219871371899792 0.000000000000000000 0.240425074067509792 0.000000000000000000
11.054860517376255302 -6.843385598416188209 0.000000000000000000 0.357039886565366449 598018.708894573617726564
13.145732186707306255 -1.875384720657685245 0.000000000000000000 0.332811627069774241 454770.000000000000000000
13.832380515749623129 -1.200731850200107420 0.000000000000000000 0.214347943501262239 457004.000000000000000000
15.425919354293256447 0.547188849843171732 0.000000000000000000 0.349003870688436857 0.000000000000000000
15.078969831756204201 -1.067916367091786611 0.000000000000000000 0.330414861781592240 0.000000000000000000
15.036163174429848510 -1.832835133616203427 0.000000000000000000 0.413822788240093276 0.000000000000000000
11.695850494667201502 0.768871928804438998 0.000000000000000000 0.355056288330253433 0.000000000000000000
14.081405191672839550 -0.958297936055225175 0.000000000000000000 0.191822060559728030 0.000000000000000000
11.741487501806444627 -0.528492616300251794 0.000000000000000000 0.333684960695466104 448824.000000000000000000
14.711793941147432108 -0.966773143862906137 0.000000000000000000 0.267359284807712094 449487.000000000000000000
13.767495898488014916 -0.890097667877050469 0.000000000000000000 0.159380099753929777 0.000000000000000000
13.375820802159331890 2.249522970098669639 0.000000000000000000 0.391072682762481805 454374.000000000000000000
14.211570082298624840 1.795023944248608005 0.000000000000000000 0.332829248021802471 454800.000000000000000000
15.495979495532122172 0.591687427927701792 0.000000000000000000 0.363120756588709903 450464.000000000000000000
15.036715933176441951 0.373436321499451052 0.000000000000000000 0.274304070488514684 449153.000000000000000000
13.041545946349641483 0.614024877915464451 0.000000000000000000 0.138840797680327838 0.000000000000000000
