-2.438551531212381107 4.468517483749366193 0.000000000000000000 0.107888159304483311 0.000000000000000000
-1.896801080597423805 5.014754156678849384 0.000000000000000000 0.210398959434609789 0.000000000000000000
-2.846107539522838792 6.224640616694502526 0.000000000000000000 0.428621849802436394 633924.000000000000000000
-3.810056193467250552 3.398955159905447498 0.000000000000000000 0.290063435482844301 629869.000000000000000000
-3.344789973979925168 3.033683084278303355 0.000000000000000000 0.246471946581949902 559461.256527619902044535
-2.257636889536709823 6.350084252255135731 0.000000000000000000 0.438047363190364414 89833.931033695203950629
-3.019138700120223007 1.859244680306006536 0.000000000000000000 0.386158388779834660 637063.000000000000000000
-3.773346635926359660 3.767064671654691832 0.000000000000000000 0.270921768897689597 636005.000000000000000000
-1.206094601765036023 3.085703178753354869 0.000000000000000000 0.236008929110495647 630484.000000000000000000
-1.166279721904755595 3.483163343660037548 0.000000000000000000 0.207681240575918247 630477.000000000000000000
-3.590561347660551572 5.766858834220923491 0.000000000000000000 0.409809618176160573 638523.000000000000000000
-2.544537200571616697 2.431087751273825148 0.000000000000000000 0.264782388839891247 0.000000000000000000
-3.994237225312227579 1.984068532403104657 0.000000000000000000 0.459083236585687338 634275.000000000000000000
-0.662281720323931511 4.263537785617051767 0.000000000000000000 0.292106224193428410 0.000000000000000000
-1.829032273431973499 5.625797169764994443 0.000000000000000000 0.318448876440417805 144132.315055503742769361
-0.593466790201648609 -1.800748188893228408 0.000000000000000000 0.475995822678514868 0.000000000000000000
-2.435259893784713636 -3.164918643368395568 0.000000000000000000 0.132954108119423431 0.000000000000000000
-2.917332053794907676 -1.633710126750667069 0.000000000000000000 0.418547761945095576 511369.000000000000000000
-0.847597099487500394 -5.967226381105684929 0.000000000000000000 0.447330009899588765 517801.000000000000000000
-0.685982248991877541 -5.454775142773929275 0.000000000000000000 0.395226688977347418 175115.814723528601462021
-3.795128264427821918 -4.982233590921050670 0.000000000000000000 0.335855305095513035 510382.000000000000000000
-0.875282160771473472 -2.720810936883200970 0.000000000000000000 0.322716074103401585 509447.000000000000000000
-1.113079846293359987 -5.634328765626737123 0.000000000000000000 0.371730906532083849 511773.000000000000000000
-2.730758287873660262 -2.002153876312153802 0.000000000000000000 0.346554320368210600 498200.456950131338089705
-3.852661533521898996 -3.011120466590257116 0.000000000000000000 0.324382461752962037 0.000000000000000000
-3.583406141452407656 -1.589597931718463864 0.000000000000000000 0.472675872000634045 513082.000000000000000000
-2.097128835220828602 -2.702950435512513128 0.000000000000000000 0.213384434985982252 285628.961240485426969826
-3.001295320152128632 -5.412162506773587012 0.000000000000000000 0.301595851380151325 0.000000000000000000
-1.002473836442010713 -1.946831527222441460 0.000000000000000000 0.412225135936271136 0.000000000000000000
-1.791665393167178433 -3.680156707983431197 0.000000000000000000 0.091181169580565463 516430.000000000000000000
4.002090228135363859 2.413953617477359703 0.000000000000000000 0.438616071946680230 573672.000000000000000000
2.834188009679786902 1.737655387595629097 0.000000000000000000 0.430281119598458051 577011.000000000000000000
4.909945999869828270 -0.717584323738273522 0.000000000000000000 0.145679419303300167 0.000000000000000000
4.545441180026291050 0.010220483215998001 0.000000000000000000 0.005858857231030130 325211.267288305854890496
3.882753239427765291 2.494307791204497970 0.000000000000000000 0.457385475559730637 0.000000000000000000
3.542635129475953271 2.324649557454769422 0.000000000000000000 0.448064850807931292 0.000000000000000000
4.508301736412005489 0.001897166303955784 0.000000000000000000 0.001102054268364627 572161.000000000000000000
2.478590050103119058 -1.460859641483195137 0.000000000000000000 0.446234771844942590 447543.804106908326502889
2.486661169589232223 -1.518843972474376969 0.000000000000000000 0.451163946854804876 576649.000000000000000000
2.079880351889463963 -0.481769940333027002 0.000000000000000000 0.442215269420087265 569146.000000000000000000
2.171022322055907949 0.666722687976511685 0.000000000000000000 0.434106272865646459 578695.000000000000000000
5.991094015523686700 -1.946350542733341404 0.000000000000000000 0.434266401576084593 535286.186717398697510362
4.995362763774981119 1.500421156600461492 0.000000000000000000 0.279953228807301446 578665.000000000000000000
4.416262633600509524 2.538096184376041897 0.000000000000000000 0.451292097015627058 0.000000000000000000
5.117209744043635489 -2.027791181308981283 0.000000000000000000 0.375813076239457033 573092.000000000000000000
11.078719913369424077 10.236597608734717468 0.000000000574846695 0.292026308924398070 629897.000000000000000000
8.951066808299378508 9.172455749151566806 0.000000000349829965 0.258658827792314416 634678.000000000000000000
9.133236783732819219 10.598593921367196913 0.000000000813423787 0.389854116090198100 0.000000000000000000
10.408573895386123098 7.412347686508473643 0.000000000904715458 0.234490878004765535 0.000000000000000000
7.918152006423011535 8.201268180755491244 0.000000000522934759 0.442334874499597019 637055.000000000000000000
11.378545187040709052 8.145081661167395737 0.000000000203568557 0.212996908399667534 637153.000000000000000000
8.656930512368720798 9.766742206327945652 0.000000000263463155 0.349462627336802334 632014.000000000000000000
12.645823324135358590 9.433517125590306307 0.000000000074805225 0.427966445389874273 450139.964897420548368245
10.576251826801632561 11.393218483912653127 0.000000000808912770 0.465524996622011911 635774.000000000000000000
8.022649817853892529 7.893508991429627919 0.000000000738558093 0.439625284184350984 0.000000000000000000
10.239470210280188667 9.279488958238047758 0.000000000469599950 0.094942749516789382 633319.000000000000000000
8.109767054890081539 8.142885688566488867 0.000000000237000694 0.411604398642618441 0.000000000000000000
11.755452804143830647 9.895219820152663104 0.000000000384292949 0.322296666897564588 292824.580378137878142297
9.982991394610664315 9.096320067052461766 0.000000000892118254 0.088308017634208993 638596.000000000000000000
11.531151704715373540 10.616086463606091428 0.000000000143116863 0.389745364354946222 638028.000000000000000000
0.317729405994867264 11.703161439233127794 0.000000000000000000 0.455792251925536351 694817.000000000000000000
2.406471934549422542 15.529173442032044861 0.000000000000000000 0.401287459891494447 697946.000000000000000000
2.565021152982487784 15.844747333378679244 0.000000000000000000 0.459080065699324191 690299.000000000000000000
0.816458562004384047 13.035778768086853319 0.000000000000000000 0.273908186898054684 225901.870182735176058486
2.988096846071379264 11.592860950774030115 0.000000000000000000 0.321621128964232617 0.000000000000000000
4.362765877103704781 11.574665405603100865 0.000000000000000000 0.471548190524299971 697489.000000000000000000
3.855125497483107733 11.259301277352951942 0.000000000000000000 0.449813220710237882 692704.000000000000000000
1.211555395965830728 14.992808169278637465 0.000000000000000000 0.365357731356905024 0.000000000000000000
0.669528034523462878 12.108059797482273012 0.000000000000000000 0.362461632828170288 693754.000000000000000000
1.172144623575711808 12.705857891550222050 0.000000000000000000 0.230751258986745117 72086.838197862263768911
0.811318708907244779 13.764162931108680610 0.000000000000000000 0.284991629861941209 0.000000000000000000
0.006869533580111404 12.875508104695144951 0.000000000000000000 0.420904908873688588 0.000000000000000000
2.486853633413907971 14.149885810582524925 0.000000000000000000 0.157843976242925121 0.000000000000000000
3.041906653097224744 12.605468470996310515 0.000000000000000000 0.173735554845207585 697677.000000000000000000
1.043128951523572212 14.318271777780699594 0.000000000000000000 0.295607794800372803 0.000000000000000000
-5.521155084582007433 9.774714255948463659 0.000000000704439575 0.406516221612469197 1346060.000000000000000000
-8.586332632097700923 13.105276010559377298 0.000000000262309003 0.411292668956560636 1274914.000000000000000000
-6.766088206318534581 12.347494008016628442 0.000000000925639516 0.111470791943782135 1334301.000000000000000000
-8.397670730829343455 13.183819608138600543 0.000000000772988347 0.393817574960331429 0.000000000000000000
-5.852631123652554557 13.833998229743993846 0.000000000216396704 0.406209874441914975 253608.599120514205424115
-5.447104101065624704 11.655317512038749328 0.000000000767348860 0.229355033625344151 0.000000000000000000
-6.109417192957246279 10.072267381587375112 0.000000000894915445 0.312012688677102135 0.000000000000000000
-9.024919670890607648 11.582156027450379199 0.000000000142232369 0.409298107259767840 1249466.000000000000000000
-7.513672522359673422 13.172426362951087597 0.000000000116334988 0.292395520192339997 1280412.000000000000000000
-8.713929101230164065 11.780618961930894528 0.000000000508360432 0.353337701328257647 1342829.000000000000000000
-6.687077941205855858 10.370922915952466070 0.000000000777221868 0.238698437642203026 0.000000000000000000
-6.194054051535053063 9.190288496880036462 0.000000000005479996 0.457897315060273813 0.000000000000000000
-6.650542304304195795 9.338879475842537303 0.000000000010217807 0.421488518206828755 835491.588018188136629760
-8.581780522023237268 10.878150631231832790 0.000000000538064554 0.361503383119408106 1293500.000000000000000000
-5.265362502810748246 10.606355382512409946 0.000000000266482172 0.327461583637672526 1304706.000000000000000000
-11.490179078674033875 4.135950619179513232 0.000000000000000000 0.237620139661165575 811837.000000000000000000
-12.317393965357151586 2.902575391739830035 0.000000000000000000 0.317001525578191223 812958.000000000000000000
-12.562370032909234041 4.369852377190449388 0.000000000000000000 0.060052969982492398 0.000000000000000000
-14.653198097308456127 4.481584506181134131 0.000000000000000000 0.347508928448647447 159638.266829675325425342
-12.229300349122215863 5.653969381852447462 0.000000000000000000 0.190406038084603463 0.000000000000000000
-11.549457040400872287 2.731607120885542361 0.000000000000000000 0.397657858397742092 812955.000000000000000000
-14.275234633990246280 3.249275726641478013 0.000000000000000000 0.372706427460921641 818048.000000000000000000
-14.603442458576898488 3.872951942700923578 0.000000000000000000 0.364709631714577764 814270.000000000000000000
-12.031100853218068991 7.039565415524069891 0.000000000000000000 0.428637622138252128 817691.000000000000000000
-13.252459052502770120 7.261696311564253214 0.000000000000000000 0.458822104189567426 0.000000000000000000
-12.108348673615374480 4.314945312296896596 0.000000000000000000 0.125016834813337446 813960.000000000000000000
-13.365986051686846281 6.864655996279996231 0.000000000000000000 0.397039639103374420 0.000000000000000000
-11.356506989241660577 6.055553996981729803 0.000000000000000000 0.340712215885412228 817786.000000000000000000
-10.461162212597463039 3.778120170810804979 0.000000000000000000 0.431072764309631096 811614.000000000000000000
-11.240771114691579413 5.047118007081309088 0.000000000000000000 0.270191274923472946 815785.000000000000000000
-12.548181270194945114 -5.596790039215550294 0.000000000000000000 0.162390789566613181 575583.000000000000000000
-11.546138563902232477 -3.748480559613075247 0.000000000000000000 0.263708897149267429 0.000000000000000000
-12.315545277069196217 -6.936866224246256429 0.000000000000000000 0.399290480864885611 572480.000000000000000000
-12.888200702481579896 -4.782364486366016187 0.000000000000000000 0.036049261538825546 0.000000000000000000
-13.680962659753292954 -6.368612832653478328 0.000000000000000000 0.340262503134807159 575494.000000000000000000
-12.698373904336449414 -7.176810567610159453 0.000000000000000000 0.434384238288551550 0.000000000000000000
-12.992263326622310871 -4.499105314353277763 0.000000000000000000 0.058735885758305906 572054.000000000000000000
-12.876720848250791107 -4.741543750913541189 0.000000000000000000 0.031151543879408269 573375.000000000000000000
-11.555872956966394938 -6.398681742710399689 0.000000000000000000 0.363850765640823137 577736.000000000000000000
-10.730160560811926374 -5.238517152554294398 0.000000000000000000 0.366701072757663171 578558.000000000000000000
-14.974704721579268352 -6.097383004666070860 0.000000000000000000 0.472002472924890948 574845.000000000000000000
-11.110729763848322449 -3.598931170886994213 0.000000000000000000 0.342098488566171366 573318.000000000000000000
-12.262948479017909520 -5.659343304460549007 0.000000000000000000 0.188601823561453608 145952.840974184131482616
-14.710730704227529486 -6.288702754346162216 0.000000000000000000 0.452229389231947887 575456.000000000000000000
-10.692599919226037031 -3.264933556602894082 0.000000000000000000 0.436535487174588122 573007.000000000000000000
-7.121350226705689401 -9.386675230714020657 0.000000000812936494 0.418357376282336768 0.000000000000000000
-5.851420422155758416 -13.787054283513176856 0.000000000212317536 0.398637912814101769 0.000000000000000000
-7.571709811968655224 -12.309287777223651972 0.000000000881483783 0.182455251135973273 0.000000000000000000
-5.280022873969588026 -12.528365843837864446 0.000000000692079506 0.295979783097596205 0.000000000000000000
-6.923121466263783219 -9.406695706247573341 0.000000000788944281 0.410528761930792796 0.000000000000000000
-7.426233575905778039 -14.006884312512957180 0.000000000669060387 0.423176713322010734 0.000000000000000000
-5.053064792986338816 -13.045600451000883169 0.000000000670465758 0.380677071492004082 0.000000000000000000
-8.323334950753332961 -10.834267113925477588 0.000000000384411698 0.323758903906242956 0.000000000000000000
-7.588078156900261995 -10.618744394359932670 0.000000000317835677 0.247169483320015482 0.000000000000000000
-7.250977679371508167 -10.369653563785158568 0.000000000511124373 0.255918193226016055 0.000000000000000000
-7.027230154061689049 -9.287095017116568485 0.000000000205380676 0.433429253236496337 0.000000000000000000
-5.558836561429631118 -12.303754573157434038 0.000000000243962282 0.233454716357615222 0.000000000000000000
-4.268194755614249658 -11.209394765666456095 0.000000000081943823 0.448358431518024181 0.000000000000000000
-8.633870280585316692 -11.773908351594664978 0.000000000497224013 0.339041289775387167 0.000000000000000000
-4.139344250500132105 -11.135725051234706129 0.000000000717292300 0.473550761840072720 0.000000000000000000
3.898512120964344074 -13.250477594740589282 0.000000000000000000 0.278812128135398851 303727.883185238228179514
2.138963406935639799 -12.592666141793637635 0.000000000000000000 0.126704452932773742 0.000000000000000000
1.824464825635601084 -13.532927147572381799 0.000000000000000000 0.101690619381335903 1202241.000000000000000000
2.895419433664510933 -15.800854942141750570 0.000000000000000000 0.460352328531990984 879347.579092175816185772
3.323330303152503440 -12.789554473466546725 0.000000000000000000 0.196441682695278480 0.000000000000000000
2.940657155478477058 -11.167909880695018998 0.000000000000000000 0.390667413529166563 1228043.000000000000000000
0.396907249357488168 -12.334696756028780129 0.000000000000000000 0.383912095956639721 0.000000000000000000
3.068617984024806677 -15.610028667712677830 0.000000000000000000 0.435489855729986330 0.000000000000000000
1.644672902867860609 -14.098213053017504492 0.000000000000000000 0.191101558018548889 921110.430709394626319408
3.641510170586676143 -14.170994328705811327 0.000000000000000000 0.282146774667148492 1202377.000000000000000000
3.615790135601829380 -11.143724758511108774 0.000000000000000000 0.443008194972632274 0.000000000000000000
1.212747745809322542 -13.332243233864607745 0.000000000000000000 0.200144054062500104 0.000000000000000000
1.636362693804879642 -11.639840703450959225 0.000000000000000000 0.316979105320503274 1238571.000000000000000000
2.267696049285776283 -11.099895570601614025 0.000000000000000000 0.387816688033132573 1252141.000000000000000000
3.472603182230917795 -11.472841573778357116 0.000000000000000000 0.379782865851498119 1192841.000000000000000000
9.379012489805946373 -8.070937301612850945 0.000000000000000000 0.208597739756766265 1281575.406472289469093084
11.575643694972525211 -10.118085717145129721 0.000000000000000000 0.325485867208387625 1360134.000000000000000000
10.665087157471063506 -8.011232426286090558 0.000000000000000000 0.141486639563558725 0.000000000000000000
12.927958585792001855 -8.823566292223006258 0.000000000000000000 0.461348198920165375 1373626.000000000000000000
8.371416526507145406 -7.887052936561289584 0.000000000000000000 0.382234702718141695 0.000000000000000000
12.884397485107625059 -8.783928981039961670 0.000000000000000000 0.453440236406207398 1393972.000000000000000000
11.260942830491272204 -8.883089576451929759 0.000000000000000000 0.165746616209604875 947067.351727740839123726
9.950692394624070403 -11.201010403348066191 0.000000000000000000 0.435942570056168710 1309289.000000000000000000
9.993589195249898083 -11.292530022171316517 0.000000000000000000 0.450656056741360334 1407348.000000000000000000
8.274222483921414906 -8.799951551611092881 0.000000000000000000 0.368411547404292661 0.000000000000000000
9.623458333946556920 -7.190929850105033161 0.000000000000000000 0.301737918582022202 863440.901904068887233734
9.114735745779150022 -10.195208149034010958 0.000000000000000000 0.335223697133081477 0.000000000000000000
11.878053050746283148 -6.547699087223580960 0.000000000000000000 0.472398111677601429 113268.341871546057518572
11.753485526601959776 -8.620912654371712946 0.000000000000000000 0.252821000233876159 1314754.000000000000000000
8.026421191894272056 -9.386906470825643112 0.000000000000000000 0.427496924978765847 0.000000000000000000
11.512601047190962333 -1.015113271434795905 0.000000000000000000 0.402397195760125281 456179.000000000000000000
14.813742609218589763 1.692417135668749184 0.000000000000000000 0.370148730495914235 0.000000000000000000
14.533885569368784729 -0.397507312960537373 0.000000000000000000 0.189860991997566231 455001.000000000000000000
15.775501728605684448 0.077706036815009843 0.000000000000000000 0.398520198059948427 0.000000000000000000
14.642176253046876866 -2.203570741555785695 0.000000000000000000 0.428542890400792464 0.000000000000000000
11.997779338108111702 -2.202476559733107742 0.000000000000000000 0.471420783131024368 292727.894652575021609664
13.431356971259242883 -1.772029894755870139 0.000000000000000000 0.307782864682371538 455861.000000000000000000
13.201893405520005231 0.626526164536057473 0.000000000000000000 0.124347446114366558 449629.000000000000000000
12.742205614213972353 0.304051942505795536 0.000000000000000000 0.151873418181342756 314260.726535715395584702
14.046615582851615045 2.325396418789653197 0.000000000000000000 0.412504031498476254 452598.000000000000000000
13.256404370170495000 -0.695637196960887660 0.000000000000000000 0.130868854489772479 454802.000000000000000000
13.351324414151404696 1.339907474885166261 0.000000000000000000 0.234750602030167649 454433.000000000000000000
13.512134786987074264 -0.701846724516331788 0.000000000000000000 0.121751001776571499 455390.000000000000000000
12.197369462637832171 1.614417845561054721 0.000000000000000000 0.368868245600928069 457327.000000000000000000
11.157409504499865349 -1.141963118107123698 0.000000000000000000 0.469078401722528460 449079.000000000000000000
