-1.794323265220061581 4.894641783308721905 0.000000000000000000 0.197089242480381233 0.000000000000000000
-3.759259225288363204 2.617069309222244122 0.000000000000000000 0.350573943659522547 0.000000000000000000
-3.327596800020482082 5.330595661591834400 0.000000000000000000 0.319478869565928303 0.000000000000000000
-4.619575020619214989 3.755861897325827758 0.000000000000000000 0.421510626925984289 0.000000000000000000
-2.804836352613763850 3.594106754578427765 0.000000000000000000 0.110772968382903181 0.000000000000000000
-2.723813759294497316 6.216020039950048925 0.000000000000000000 0.422337414579116055 633535.000000000000000000
-2.213237787802315726 5.889435919378058770 0.000000000000000000 0.356124393597529731 0.000000000000000000
-2.154348414923947796 3.199545474587180749 0.000000000000000000 0.124386491539817748 631673.000000000000000000
-2.917667345651328237 2.434138368043066158 0.000000000000000000 0.284634442764526541 0.000000000000000000
-0.376255173251074215 4.654225476807036799 0.000000000000000000 0.361971707822078104 631996.000000000000000000
-0.633953580236127023 2.400538430024551584 0.000000000000000000 0.392712892902286947 635502.000000000000000000
-1.110530964523746889 3.553722233187388113 0.000000000000000000 0.213149423729235149 330334.161259377317037433
-2.259235241562676411 5.511141353355466954 0.000000000000000000 0.288667928614479263 635648.000000000000000000
0.267645525501098380 4.161580646718802790 0.000000000000000000 0.452729046469437901 632735.000000000000000000
-0.297455446061694440 5.123424104154416625 0.000000000000000000 0.412773521725406656 629798.000000000000000000
-1.703239079073259665 -4.414064730304277262 0.000000000000000000 0.135982972267203350 180326.176571021846029907
-4.499329145754240145 -3.404814290353141537 0.000000000000000000 0.408631770415326445 0.000000000000000000
-3.123727668216630171 -4.454414732283362710 0.000000000000000000 0.184081036919080898 514649.000000000000000000
-1.605220433758948406 -2.313740398157851264 0.000000000000000000 0.303958458416732524 306647.358280478569213301
-1.676771333856338808 -2.456979599914190793 0.000000000000000000 0.275511240778675781 0.000000000000000000
-3.066312423206478233 -4.906421668181955908 0.000000000000000000 0.231248994274480563 0.000000000000000000
-2.313750099177539266 -2.543588184210985759 0.000000000000000000 0.240011517231952520 509402.000000000000000000
-3.090262211291902705 -5.864788929042362042 0.000000000000000000 0.381520349705638306 515004.000000000000000000
-3.463996704385857939 -3.474606434792983034 0.000000000000000000 0.227277561904747766 0.000000000000000000
-2.744311690510618629 -3.170577335149507014 0.000000000000000000 0.154673045549515165 66136.690515950089320540
-2.932896781087551918 -6.057865143843982558 0.000000000000000000 0.404215319962801578 80460.882704801464569755
-4.254720264641671079 -4.453659419921932816 0.000000000000000000 0.369670668748170894 0.000000000000000000
-4.640372541086234648 -3.086064278458148458 0.000000000000000000 0.447983037344331481 509424.000000000000000000
-0.982390158225207255 -4.195015311934790603 0.000000000000000000 0.233779983462586882 149650.660987237148219720
-3.428210672122853797 -2.990791947506418413 0.000000000000000000 0.262891351449899169 512324.000000000000000000
5.570405072038257188 -1.681609387791470400 0.000000000000000000 0.352930961426738243 0.000000000000000000
6.114263235038419175 -2.061587959022293415 0.000000000000000000 0.463828853697923704 578046.000000000000000000
3.514614047152053722 2.050854008100966741 0.000000000000000000 0.405791088618056739 0.000000000000000000
2.779903227427596324 1.895682675917019111 0.000000000000000000 0.457372512400916365 523394.938379909843206406
4.688318966221039830 -0.385356915437591596 0.000000000000000000 0.075168306677994984 578666.000000000000000000
5.100954679851752438 1.082195658334328181 0.000000000000000000 0.218809737436974822 570401.000000000000000000
6.800277479764589295 -0.990703833850925530 0.000000000000000000 0.443689650905999766 571610.000000000000000000
4.062545975442169777 -2.323758578078684245 0.000000000000000000 0.420744656707722653 573487.000000000000000000
5.795314243197886128 -0.584261765570619818 0.000000000000000000 0.250782839848536054 574466.000000000000000000
5.590092540364539175 0.649586046190472999 0.000000000000000000 0.223765633289664811 295679.354124354023952037
3.525979055562937337 0.616186059164207656 0.000000000000000000 0.207418234077905439 0.000000000000000000
2.058526970990672389 -0.308459402059798271 0.000000000000000000 0.441062533938849144 575920.000000000000000000
4.419786204751628311 -0.065369779127981142 0.000000000000000000 0.020445721260319114 0.000000000000000000
5.523500291399689566 -1.928096753958858489 0.000000000000000000 0.386691403964559366 0.000000000000000000
6.052826084307069365 -2.002299316568468601 0.000000000000000000 0.448822902089702158 576815.000000000000000000
11.696067499079644492 11.083200663354997317 0.000000000083957161 0.474613055616613932 0.000000000000000000
10.631623283593304663 9.105029480840725498 0.000000000149559835 0.081284816267381349 0.000000000000000000
10.938089363939015541 8.429805245342301134 0.000000000300031577 0.120206567625758556 637899.000000000000000000
10.733910766239590728 6.614642124778520760 0.000000000050390063 0.380343093042271374 635810.000000000000000000
8.725000696108466514 7.557275945893724867 0.000000000929526411 0.355978188022409103 0.000000000000000000
11.621917895327117165 6.608952268736416613 0.000000000844949939 0.438435000545695119 629523.000000000000000000
10.461514129792826466 6.110479693590419537 0.000000000811715539 0.462859535176115278 317763.066593844851013273
9.217949958216932416 9.725111827650783525 0.000000000498588730 0.263624474214652349 630537.000000000000000000
11.134976619340351434 6.649977427043881839 0.000000000473094846 0.393729396587672476 635250.000000000000000000
12.648202153843458362 7.755110526387635872 0.000000000330390754 0.446357629652018306 0.000000000000000000
11.503497423139766198 8.968654229784963405 0.000000000553579300 0.210850798111349741 631867.000000000000000000
12.557117770867446183 8.442226787396950982 0.000000000638378201 0.398665210477324117 0.000000000000000000
11.611317441008264240 7.550294855277615902 0.000000000414072061 0.308578054103451682 0.000000000000000000
9.107427333938563407 7.767807294733736434 0.000000000119297284 0.279218455051208736 639050.000000000000000000
10.866387761790486266 10.426778308564628617 0.000000000730477776 0.308689722751066320 638190.000000000000000000
3.674745368147094737 12.532622830396338287 0.000000000000000000 0.273143704437587509 0.000000000000000000
1.213803998827975184 11.722035135822325813 0.000000000000000000 0.341432807292160578 615415.583343758480623364
1.809554789056284863 11.381594237495530564 0.000000000000000000 0.350245064519315530 0.000000000000000000
4.629596028991744383 13.758876853149105912 0.000000000000000000 0.417945997146664361 0.000000000000000000
0.600181421818476668 12.514922843794096252 0.000000000000000000 0.337549403497187317 414352.656012561346869916
1.740135444651820684 15.853971781199046376 0.000000000000000000 0.471059501536857883 695541.000000000000000000
0.426728692378005592 11.702355008852167728 0.000000000000000000 0.440729314786193427 0.000000000000000000
2.963947474192246911 15.560186175749455728 0.000000000000000000 0.421713182545176424 0.000000000000000000
3.601733968130663488 14.794720817572763139 0.000000000000000000 0.352152713857848354 0.000000000000000000
2.441249411871233566 13.962144402731063053 0.000000000000000000 0.123535524323485038 0.000000000000000000
3.224975328095807559 15.229655156450649045 0.000000000000000000 0.382158367184037229 659640.890267658396624029
4.578390662270201084 12.835894042588213537 0.000000000000000000 0.407542608144024987 692133.000000000000000000
1.416636571218055307 12.708454932756785283 0.000000000000000000 0.192350437005793518 0.000000000000000000
1.064282189588630523 11.288686895705849267 0.000000000000000000 0.420288192832121710 0.000000000000000000
3.680385914268717862 14.378394320656243011 0.000000000000000000 0.309827094259922164 0.000000000000000000
-6.533461071724505409 13.150708369784267049 0.000000000060984534 0.255999783923395285 1314498.000000000000000000
-5.507290336502333794 13.066358491806402853 0.000000000306221093 0.323595747813691548 1256493.000000000000000000
-4.410265790231217231 11.128701201637062113 0.000000000889810432 0.426871631857584255 0.000000000000000000
-5.451238763802136233 11.098919044377405285 0.000000000162849004 0.253381309152621303 24791.629655964399717050
-7.056112817392791392 12.694251916553621840 0.000000000373691354 0.182018587196884907 0.000000000000000000
-4.589200866470369178 11.181930385108509896 0.000000000677441602 0.393645364691613486 1277370.000000000000000000
-9.104918715497481330 11.570583254538131968 0.000000000026513226 0.423650850684917812 1316822.000000000000000000
-7.179559437729579940 10.009075140145775151 0.000000000042089550 0.312775646713178090 1306510.000000000000000000
-7.036983930412162636 11.549530026507413893 0.000000000095517112 0.061989844423616595 0.000000000000000000
-7.792282865329842600 12.675579149374193833 0.000000000021900444 0.253595891353091518 1266581.000000000000000000
-7.992060937819591260 9.492394259476425233 0.000000000921331705 0.453023234416361109 871102.954007961321622133
-8.997592030587350465 12.982165266705461448 0.000000000479003985 0.461231324988217062 1316163.000000000000000000
-8.271126287151901124 13.336357483314305483 0.000000000623156173 0.396125046248909152 1285940.000000000000000000
-7.097644364899500680 10.412298145426104767 0.000000000784952924 0.240131665567307639 1323606.000000000000000000
-7.390720633082835889 12.222856943883465775 0.000000000775133138 0.147386313684920695 0.000000000000000000
-12.824225629700778839 2.317941538568707216 0.000000000000000000 0.410848094976363321 818290.000000000000000000
-12.488869163729802381 2.677594852808666381 0.000000000000000000 0.350372716587257660 810665.000000000000000000
-12.015124284497201046 5.921487281010604953 0.000000000000000000 0.249617683211178665 819573.000000000000000000
-13.121642228241219286 2.110393283346807092 0.000000000000000000 0.452081316935844468 819144.000000000000000000
-12.559260523274248911 4.867510105181832358 0.000000000000000000 0.042795049321999096 0.000000000000000000
-13.211648903640343278 6.852486510708049927 0.000000000000000000 0.387923004137159966 816222.000000000000000000
-11.400124644231411253 3.161562526984548871 0.000000000000000000 0.353124449026653575 814124.000000000000000000
-14.180078275524643061 6.060317417691159392 0.000000000000000000 0.354615589369883577 764473.828904752037487924
-12.175956720253129362 6.805026987368980151 0.000000000000000000 0.382295279503921837 820253.000000000000000000
-13.810498911919742326 2.819845455303016557 0.000000000000000000 0.377172097829249708 0.000000000000000000
-10.830999354858539263 6.373941289109832375 0.000000000000000000 0.447246013205014392 813066.000000000000000000
-14.310550594345313513 5.199556404913436403 0.000000000000000000 0.298724909396287652 811319.000000000000000000
-13.221616283727179564 3.343244714935762030 0.000000000000000000 0.249047967069204734 813355.000000000000000000
-10.778486458901344491 6.030151602171507363 0.000000000000000000 0.417759088964670455 819934.000000000000000000
-12.869467589392531437 7.125255695904191278 0.000000000000000000 0.426183154348776072 663050.553317386773414910
-13.508825331413113702 -3.718479405787132208 0.000000000000000000 0.218872120965699357 577170.000000000000000000
-12.517070330169961068 -3.860811899508600042 0.000000000000000000 0.146489279249682719 199622.441262830601772293
-13.560849819464625199 -6.071328888594925033 0.000000000000000000 0.285099035938722378 573218.000000000000000000
-12.016483188841856844 -4.464623943795225536 0.000000000000000000 0.129644915887983492 256954.312939746392657980
-13.014248399881001461 -4.522262257586594281 0.000000000000000000 0.060169261157111673 575601.000000000000000000
-12.990402479249791412 -5.945367643545751868 0.000000000000000000 0.225627797615193887 0.000000000000000000
-10.298515062363495787 -3.527083723923401415 0.000000000000000000 0.475027879500410977 573622.000000000000000000
-10.073987323646949932 -4.813591795314066779 0.000000000000000000 0.470968567268986116 571498.000000000000000000
-11.556984119497787589 -4.404991229933083119 0.000000000000000000 0.211524270481450560 448531.786317476537078619
-12.180859536703851020 -7.223919872922984098 0.000000000000000000 0.453048709180689346 0.000000000000000000
-12.058731574819207211 -5.951844586458126862 0.000000000000000000 0.250485124917063151 0.000000000000000000
-11.335589527114240838 -3.041847542194395793 0.000000000000000000 0.376432534200547453 577496.000000000000000000
-14.003419240796683098 -5.391545310450145401 0.000000000000000000 0.261134060068571483 572625.000000000000000000
-12.275015652705004499 -5.970798846657690895 0.000000000000000000 0.238050709637119301 0.000000000000000000
-10.842153391991105948 -4.108830284516272968 0.000000000000000000 0.347988357521129998 578644.000000000000000000
-4.443435495990281758 -12.838394891433825507 0.000000000126244819 0.453707612512383007 0.000000000000000000
-4.299148079352653973 -10.659455168882294274 0.000000000346414023 0.472592208084102405 0.000000000000000000
-6.756322726179161187 -14.021089632327505825 0.000000000401797960 0.407533216612585791 0.000000000000000000
-9.190004980731293571 -12.448289924305303344 0.000000000720119637 0.456541195448384118 0.000000000000000000
-8.071792018168476801 -14.027272448404643157 0.000000000552233575 0.472704875873382946 0.000000000000000000
-8.299410777866260247 -10.867547784694480129 0.000000000904195796 0.317203954483702921 0.000000000000000000
-6.971429782603594028 -10.524191419702043859 0.000000000092786590 0.215621234903762171 0.000000000000000000
-8.599191368219152309 -10.547075791106548692 0.000000000699808146 0.391812971161397905 0.000000000000000000
-7.879063461283215553 -12.917717740109175395 0.000000000110371680 0.294451907398149360 0.000000000000000000
-6.730829824044086251 -11.756753330601409147 0.000000000696485802 0.006752759547790241 0.000000000000000000
-7.185901844601122690 -12.628005938416148268 0.000000000820236885 0.180051226476477505 0.000000000000000000
-6.748766262564779517 -12.318870512163188735 0.000000000753021098 0.106284538299763323 0.000000000000000000
-6.152497825116829411 -10.782161622025553172 0.000000000118902358 0.195426094040429571 0.000000000000000000
-7.594522268597478920 -13.799256279162573691 0.000000000290662032 0.398715809529611442 0.000000000000000000
-5.400227242751229895 -11.785574020089137903 0.000000000351065836 0.237730960625373522 0.000000000000000000
3.466743847066321660 -12.345206199123587965 0.000000000000000000 0.261195043709943286 0.000000000000000000
3.618299014045387452 -14.929021204958315749 0.000000000000000000 0.372608842129030893 480562.450323799857869744
3.813066363701453909 -11.241210251810274556 0.000000000000000000 0.447942983936197137 0.000000000000000000
1.890306057250077609 -13.028734527856901337 0.000000000000000000 0.090632169950358679 0.000000000000000000
3.130079356650194100 -11.398949468655395378 0.000000000000000000 0.363110282010839169 1256813.000000000000000000
2.019205482841012422 -13.553472993377402744 0.000000000000000000 0.074728903710496272 670292.046318104490637779
4.464857424280367582 -12.757223173072041789 0.000000000000000000 0.390781248166597650 762618.375741602038033307
2.589050016739899096 -14.816524171263129261 0.000000000000000000 0.277909771947449147 197285.803055697906529531
4.121848407220635835 -12.478531534292832461 0.000000000000000000 0.348794104810551064 0.000000000000000000
1.447015564083061312 -11.996471854062578544 0.000000000000000000 0.277512726198450355 0.000000000000000000
1.840731932619914746 -15.650171313965703490 0.000000000000000000 0.431757743123269422 1272417.000000000000000000
2.435373222317443354 -13.473450199613882461 0.000000000000000000 0.039389858425295680 1188669.000000000000000000
4.956526903139995888 -13.576376100761503807 0.000000000000000000 0.470334958936411196 1245215.000000000000000000
4.993847294501332357 -13.487768959968882143 0.000000000000000000 0.475439866275565948 1203446.000000000000000000
3.756207907691802905 -14.625628428888479249 0.000000000000000000 0.349059017211968636 0.000000000000000000
8.711303856682077296 -7.992514282629792355 0.000000000000000000 0.319322105393002542 1389445.000000000000000000
11.742912213614971506 -9.813111078296424594 0.000000000000000000 0.311762583946105509 0.000000000000000000
12.949548450386966891 -8.627161117566872761 0.000000000000000000 0.465484848785014949 1315856.000000000000000000
7.900604183159421368 -7.784820582419972546 0.000000000000000000 0.466727427753426183 1334207.000000000000000000
12.373395451094813424 -9.980987724723178189 0.000000000000000000 0.421539175994921578 0.000000000000000000
12.382299063134075467 -9.707751034489502828 0.000000000000000000 0.400694467440159741 0.000000000000000000
12.663717082233381106 -10.044310262708039616 0.000000000000000000 0.471908674533472128 1338351.000000000000000000
9.724022512378649452 -9.437646209711886058 0.000000000000000000 0.163497171334043678 0.000000000000000000
9.269520797271178836 -10.004538971251825785 0.000000000000000000 0.291807191112962161 1319934.000000000000000000
8.449739886935342170 -8.511309290172761166 0.000000000000000000 0.339578694053237318 0.000000000000000000
9.398686925358086697 -6.263805752887974698 0.000000000000000000 0.467381159196044005 0.000000000000000000
12.558973350035381955 -9.862005266062919162 0.000000000000000000 0.440685706676368139 0.000000000000000000
12.471919927528226424 -9.777632623272790369 0.000000000000000000 0.420320208094795478 1368831.000000000000000000
10.482144912666257142 -9.952561173224315993 0.000000000000000000 0.212676588431628538 1398225.000000000000000000
8.608892883862106160 -7.046285796870352947 0.000000000000000000 0.429821576209004408 1398908.000000000000000000
14.521260467358834134 1.423525485504105070 0.000000000000000000 0.301880976402364443 0.000000000000000000
13.749584860915197382 0.277954062852141248 0.000000000000000000 0.060826934621968844 455691.000000000000000000
11.120753658956724408 0.044542326747502844 0.000000000000000000 0.431471596284016767 454648.000000000000000000
14.567080424075150802 -0.985330744278709370 0.000000000000000000 0.249962001243231896 0.000000000000000000
14.832322645887265011 1.532115439980545446 0.000000000000000000 0.350830062754368011 0.000000000000000000
12.375327096499567858 1.319827182153940015 0.000000000000000000 0.309422855323254753 456707.000000000000000000
13.015298902744513398 1.352405621275475145 0.000000000000000000 0.252654968119634005 0.000000000000000000
15.877313979446698866 -1.256327738415228934 0.000000000000000000 0.469385261325160286 0.000000000000000000
11.931822609148621694 0.497792319028091068 0.000000000000000000 0.299624124948816628 448869.000000000000000000
11.789568339776939965 -0.044417425392182262 0.000000000000000000 0.312303583256067552 0.000000000000000000
13.104359881175371427 -1.326229417140806888 0.000000000000000000 0.242860863329527082 454103.000000000000000000
13.949915942119066159 -1.078406496773151479 0.000000000000000000 0.200448610387104403 0.000000000000000000
13.821067264056040358 1.484445400400947968 0.000000000000000000 0.261904028806163480 457914.000000000000000000
11.398884950560921325 -1.545280353067538970 0.000000000000000000 0.467014397930344272 0.000000000000000000
12.188262227202390164 0.580872275704483632 0.000000000000000000 0.261419450187760471 264349.938586877600755543
