-1.669855480834151473 3.104075318103711290 0.000000000000000000 0.174936657570031351 0.000000000000000000
-0.427924063667099119 5.824669952945644269 0.000000000000000000 0.474515791035419909 636196.000000000000000000
-0.641432561883051644 1.898859926511691443 0.000000000000000000 0.457020966017678221 0.000000000000000000
-1.504615424827746795 2.051882116688223068 0.000000000000000000 0.353916289279689655 0.000000000000000000
-1.052938516746202424 2.353905328600248925 0.000000000000000000 0.347907376684739700 0.000000000000000000
-4.103477767273798982 2.775778871099880085 0.000000000000000000 0.384017287702371646 637015.000000000000000000
-2.659718376604850665 4.679320220801638897 0.000000000000000000 0.157688434052308590 0.000000000000000000
-2.193791546032222151 3.194995109680468293 0.000000000000000000 0.124341290953487588 0.000000000000000000
-3.293887629638641457 2.752642616055108071 0.000000000000000000 0.273999647814368918 261849.717279868229525164
-3.973235426074379628 4.776851644154588072 0.000000000000000000 0.343975460048462800 636961.000000000000000000
-3.640296029267902966 5.839695779074266291 0.000000000000000000 0.425501606498585483 636656.000000000000000000
-3.092434291918018996 2.366404951164921222 0.000000000000000000 0.309344845085161468 637096.000000000000000000
-3.920544122786966845 3.105363559919502414 0.000000000000000000 0.327533726248365131 340622.558901609561871737
-0.326560272330181534 3.610360788878141047 0.000000000000000000 0.347850448998170858 637575.000000000000000000
-1.119741451527819009 3.914647969645282277 0.000000000000000000 0.202953704262478912 635610.000000000000000000
-0.698609119172507453 -2.497993504941903531 0.000000000000000000 0.372521230997182207 0.000000000000000000
-2.792524663136456642 -1.914375841677946166 0.000000000000000000 0.364444206197779064 508416.000000000000000000
-1.961090707621607532 -1.662804381450964986 0.000000000000000000 0.400205134278967423 0.000000000000000000
-2.189225046156874299 -2.411858910140097567 0.000000000000000000 0.263562844076941527 515919.000000000000000000
-1.048130477705093044 -5.779828868750671589 0.000000000000000000 0.399775131383404869 510831.000000000000000000
-3.664049709074680639 -3.530456951863860660 0.000000000000000000 0.258606510380388677 0.000000000000000000
-0.645151413503388671 -1.919555506950794133 0.000000000000000000 0.453745371774226802 478703.361625145247671753
-1.042769659954006611 -4.682981165230957643 0.000000000000000000 0.258597101289906539 512273.000000000000000000
-3.182048930973958800 -3.375451470243199026 0.000000000000000000 0.188434727096878751 509356.000000000000000000
-2.338200522658250957 -2.096984848964467130 0.000000000000000000 0.319648382740809811 51494.194391905948577914
-3.648870689491045649 -2.059131014655541048 0.000000000000000000 0.409417983789234385 517499.000000000000000000
-4.643919741801056489 -4.821045896962310451 0.000000000000000000 0.456269398547463845 0.000000000000000000
-3.157922970070986768 -3.385802979519028977 0.000000000000000000 0.183782610092340232 511957.000000000000000000
-3.171295837435020637 -6.382417247945387118 0.000000000000000000 0.472541290329637820 425941.580609700933564454
-1.270446881625788560 -4.218407401898608633 0.000000000000000000 0.185503441330441943 516196.000000000000000000
2.675237587481527957 -1.368629068227232182 0.000000000000000000 0.408245140509356286 575852.000000000000000000
4.588833458901153683 0.049116153910745905 0.000000000000000000 0.015910907202025548 0.000000000000000000
4.848751792809030015 -1.658811072086405991 0.000000000000000000 0.300628982339846640 578547.000000000000000000
4.198425893105532936 2.392997121279984984 0.000000000000000000 0.428947278308819346 577462.000000000000000000
5.134762671181637650 -2.455361297861351488 0.000000000000000000 0.449839497593839843 574259.000000000000000000
4.967364339662726280 0.240929004301585648 0.000000000000000000 0.091407478119639451 574748.000000000000000000
5.077462176137292893 2.587399898217769945 0.000000000000000000 0.470332638639473943 0.000000000000000000
2.788565758843674747 0.564895451815389249 0.000000000000000000 0.323540742324872566 568834.000000000000000000
4.332620579769001168 -0.576673436478630674 0.000000000000000000 0.107464113408756071 84715.933620564508601092
2.263274088394640948 0.568830889213939539 0.000000000000000000 0.413717355155367728 0.000000000000000000
5.869895012435931037 -1.442603320794482613 0.000000000000000000 0.352049769583082650 572232.000000000000000000
4.582427564146111187 -0.092508553324563980 0.000000000000000000 0.020446889571648235 572860.000000000000000000
5.277324300302734805 -0.302593699683810169 0.000000000000000000 0.146245200704887890 0.000000000000000000
3.177731114095370124 0.392507695490121378 0.000000000000000000 0.248208549052740896 0.000000000000000000
5.340343226597790149 -0.900721580693969348 0.000000000000000000 0.217399254923436147 0.000000000000000000
10.574369860627161444 9.740772609243494529 0.000000000908646144 0.178940705194983618 489618.955470128741580993
12.626438126337673040 9.727389958209316845 0.000000000701167968 0.441873104758313873 634353.000000000000000000
9.858016973191082499 6.914803963591253932 0.000000000679419800 0.332980486955281985 636072.000000000000000000
12.644425694929164905 9.606756231147043579 0.000000000899159418 0.437161025991867958 630272.000000000000000000
10.420839438511167785 8.716587357672819891 0.000000000078709958 0.015325600145882258 0.000000000000000000
10.374842827837312598 9.370006840451651442 0.000000000175480153 0.109238024345863188 637288.000000000000000000
11.439523621735444792 6.668988552478429810 0.000000000345253542 0.413239951171902209 634612.000000000000000000
9.944721594277480037 8.124874862053568236 0.000000000015081271 0.130125614559839009 0.000000000000000000
12.315036893919847572 8.604149849503851755 0.000000000032981515 0.352824512980723481 638150.000000000000000000
10.357048535309319348 10.137453286926184859 0.000000000002441172 0.243652659045443615 630283.000000000000000000
7.846643765160339790 8.745513052095326145 0.000000000391803329 0.444491909641814509 638707.000000000000000000
9.420543561869484606 9.968053153173386249 0.000000000459102703 0.269798537125384208 636239.000000000000000000
9.095731909834958273 6.597777496807175623 0.000000000395201557 0.438066609196958445 632549.000000000000000000
12.206527171224088590 10.289464420398985567 0.000000000680613614 0.428020295118768157 632008.000000000000000000
11.744678475688882457 8.814895450046467573 0.000000000413559347 0.250545623934507189 0.000000000000000000
0.205664976104190406 13.488080441980939028 0.000000000000000000 0.381232895383244008 696819.000000000000000000
4.423237567341371523 12.995201420972801287 0.000000000000000000 0.375634680371592755 0.000000000000000000
2.139976183240685170 11.737891843148396731 0.000000000000000000 0.276227247024409706 0.000000000000000000
3.688718497700534282 11.144273014286506296 0.000000000000000000 0.449751029025784121 693484.000000000000000000
3.321529283708977154 13.098622740601545189 0.000000000000000000 0.178777237841259401 0.000000000000000000
2.654424365609837633 14.422328865297636469 0.000000000000000000 0.211811952048231777 697480.000000000000000000
2.827446821070737304 14.241446194501177658 0.000000000000000000 0.192943945495380048 0.000000000000000000
3.063940978949356353 15.063582168888649093 0.000000000000000000 0.343650454229013080 693297.000000000000000000
0.493392923098602165 13.803904959502398597 0.000000000000000000 0.341273964525067530 69875.987151321882265620
0.008907059219881991 13.579368240499688270 0.000000000000000000 0.417921288233697619 690633.000000000000000000
-0.216290980327602356 13.665455383315393334 0.000000000000000000 0.459799622546992692 535325.404221389093436301
3.746786389400676764 14.550791818421293655 0.000000000000000000 0.338789606174430491 689829.000000000000000000
1.724633715273467649 14.266917329236859402 0.000000000000000000 0.207158315367668239 0.000000000000000000
2.988275694145100747 14.509870602022347796 0.000000000000000000 0.248559010806012698 0.000000000000000000
2.252108549733319087 13.429031920287004098 0.000000000000000000 0.030832356352895374 690787.000000000000000000
-4.258063822175874868 12.720419520110214151 0.000000000300877820 0.475422448812556353 1270320.000000000000000000
-7.747841795708290569 13.678316240221228384 0.000000000498007030 0.390894657438408233 1298587.000000000000000000
-7.962013612260714801 12.000462415333741362 0.000000000675075592 0.224751968232510785 1308021.000000000000000000
-4.963846292094351575 13.391993006069721872 0.000000000544352967 0.432842217933373408 927909.524955927045084536
-8.125575610905332979 12.167261497587617214 0.000000000920400526 0.260663037466794090 0.000000000000000000
-6.284698955722821445 10.311166725495763075 0.000000000426612208 0.261699472972745761 1284764.000000000000000000
-7.174309428737586813 10.750410007693480097 0.000000000753636893 0.188543010991515186 531628.430690928711555898
-6.664275921988060070 13.470415524681669694 0.000000000154083193 0.310324858401888337 1258524.000000000000000000
-5.157195189852400219 10.548988195752075470 0.000000000412023165 0.349002550176766346 1333803.000000000000000000
-8.174909124118521220 11.550260951946526689 0.000000000358266837 0.258821186430600869 1325466.000000000000000000
-4.457162788957433008 12.410243382708866733 0.000000000564937759 0.423638705660373260 456230.642540612490847707
-4.519342784246613398 11.477273872800264343 0.000000000697681038 0.396730703122656347 1281349.000000000000000000
-7.304433253546108951 9.777240266070899466 0.000000000230298705 0.358229887209965570 571861.476117603247985244
-7.375916780040775222 10.130234658584672758 0.000000000750749940 0.303466730890157688 1276349.000000000000000000
-8.074943106515316771 10.863118456201002360 0.000000000575018005 0.283056681947853550 1346797.000000000000000000
-13.150287993140592491 6.222292600870407142 0.000000000000000000 0.279277053948879195 0.000000000000000000
-14.580750586853639561 6.024293450806536221 0.000000000000000000 0.406390975929381948 305575.417957545723766088
-10.533170322680719622 3.682919336110457298 0.000000000000000000 0.425654414631417732 812331.000000000000000000
-13.441673766849731919 4.071029314737931060 0.000000000000000000 0.167324997658358593 819843.000000000000000000
-10.404199936123662340 4.387348098945439645 0.000000000000000000 0.414665466858379406 811059.000000000000000000
-14.132535575453795573 4.731376373867560048 0.000000000000000000 0.253190431972309782 814772.000000000000000000
-13.084316172791995214 3.545599122059128749 0.000000000000000000 0.207694789201074481 814949.000000000000000000
-12.568375018737365068 2.811386012475513230 0.000000000000000000 0.325787985195645280 817139.000000000000000000
-13.258034977159171675 5.805753392558524517 0.000000000000000000 0.218552534641779705 819498.000000000000000000
-10.753204025531347909 2.963013391884092851 0.000000000000000000 0.460057637562810484 820135.000000000000000000
-14.125853032491862749 6.263764507885770882 0.000000000000000000 0.372754557893620331 430938.802624559320975095
-12.254723695362425673 2.280309069045819204 0.000000000000000000 0.425291203087751479 0.000000000000000000
-11.075764134626297164 4.915351318700289518 0.000000000000000000 0.294756344168212059 357439.409496034553740174
-12.227994177653100039 4.947166467233056864 0.000000000000000000 0.098295907960048903 810587.000000000000000000
-10.786434866729576854 3.114716714316459356 0.000000000000000000 0.438629169453936207 816423.000000000000000000
-11.247486628495744654 -4.763550049696162247 0.000000000000000000 0.261663379328734569 574434.000000000000000000
-14.855058457837357011 -4.564398765253409707 0.000000000000000000 0.382319580076402488 479527.489841617702040821
-12.366153555625034599 -4.410296467475618876 0.000000000000000000 0.077490244760347812 571678.000000000000000000
-12.117980532709870189 -5.840929193049009704 0.000000000000000000 0.228459482005800907 570049.000000000000000000
-10.988702758907159307 -3.316929021104678021 0.000000000000000000 0.388443551399069831 572075.000000000000000000
-13.237629395036499602 -4.914325627322527090 0.000000000000000000 0.102074652920308526 0.000000000000000000
-15.156217165899461108 -4.906119536256219327 0.000000000000000000 0.437256430425529641 0.000000000000000000
-13.793003853480378496 -3.823890284570721665 0.000000000000000000 0.243001567051674749 0.000000000000000000
-13.398251938607019795 -3.317269545107815354 0.000000000000000000 0.266078333307291859 573148.000000000000000000
-13.353378402233625266 -6.586604474899369066 0.000000000000000000 0.350438372335193038 578775.000000000000000000
-10.983883099975836117 -5.817919310752392548 0.000000000000000000 0.366736769829388132 0.000000000000000000
-14.448106930947647086 -5.270372763302074937 0.000000000000000000 0.325824328125626395 490692.641485374362673610
-13.076735186030113312 -3.285708754815624300 0.000000000000000000 0.250560150418065342 577820.000000000000000000
-14.172055946089505696 -4.673346665390996080 0.000000000000000000 0.260071153670675737 570664.000000000000000000
-10.951536860569158094 -4.599803099016622099 0.000000000000000000 0.314292154799956924 575967.000000000000000000
-4.721675724675463925 -12.857581530311792406 0.000000000046749312 0.411344766403349993 0.000000000000000000
-6.336791223938896600 -9.108881446705044738 0.000000000728715747 0.467430459879115967 0.000000000000000000
-7.291682181154903297 -14.043620893233745406 0.000000000927458966 0.423170897585060712 0.000000000000000000
-6.716564751022686686 -9.398859874785786772 0.000000000884356834 0.410602931638033630 0.000000000000000000
-7.420972521819135359 -10.272945267310841899 0.000000000615606873 0.283630199511179848 0.000000000000000000
-7.369229306988030359 -13.392438108883119696 0.000000000027966023 0.317075145344171805 0.000000000000000000
-6.161695406387114105 -12.814787938105761000 0.000000000691707779 0.219168055015986379 0.000000000000000000
-6.247011022842111849 -10.046115935118844931 0.000000000366704503 0.308556271596795439 0.000000000000000000
-5.968768243178945276 -9.417867267303607903 0.000000000842937910 0.429649354714341181 0.000000000000000000
-7.309494519972631110 -9.228362871531485823 0.000000000833128375 0.452335834112834845 0.000000000000000000
-5.907326547007414774 -11.362385347432452321 0.000000000080766439 0.160026405418474044 0.000000000000000000
-4.842016475081153182 -11.570461108036798947 0.000000000760546332 0.337937750733596387 0.000000000000000000
-7.391046223509209590 -9.481853012278484982 0.000000000386254754 0.412669287925476358 0.000000000000000000
-4.157219633771730649 -11.100681642767677104 0.000000000370151149 0.471848030834619347 0.000000000000000000
-5.895519929184418473 -9.554741065479928963 0.000000000759769964 0.411306425401216758 0.000000000000000000
2.394561338543459428 -12.550059345831327207 0.000000000000000000 0.129845748291701479 0.000000000000000000
4.563941949836069156 -12.920619319250324253 0.000000000000000000 0.402370867638299323 0.000000000000000000
0.925839477845965209 -12.976949024534809141 0.000000000000000000 0.256648387068088790 1265505.000000000000000000
4.942314285736768120 -13.705771518109729712 0.000000000000000000 0.470994790764007409 1204464.000000000000000000
3.118280483186720797 -12.968315412219709515 0.000000000000000000 0.150120048904006792 1261257.000000000000000000
3.473715155534428334 -14.599419087333590284 0.000000000000000000 0.310903193747255113 1278350.000000000000000000
3.825968204921502913 -12.531101866950084656 0.000000000000000000 0.297117743206143037 0.000000000000000000
0.338217384667274690 -14.573098383745008988 0.000000000000000000 0.424137447013214430 1271826.000000000000000000
1.841177523576328801 -15.592816546351192741 0.000000000000000000 0.421747733802043279 1284801.000000000000000000
4.532229450444310359 -12.694751724121132952 0.000000000000000000 0.405150753353468007 0.000000000000000000
3.175036821428531386 -10.904258615180115299 0.000000000000000000 0.448100028186249222 510710.571119126339908689
3.327687122286745236 -13.545203577736959488 0.000000000000000000 0.183378775261424209 1257413.000000000000000000
2.876237747060875094 -11.378366679142724038 0.000000000000000000 0.351500839456347414 1207545.000000000000000000
4.147641784391045583 -11.697793581034048316 0.000000000000000000 0.428194557254258312 1209290.000000000000000000
-0.185633865939280579 -13.329054322603232308 0.000000000000000000 0.449188928141010024 1224048.000000000000000000
11.128286094539522111 -9.407788385071800263 0.000000000000000000 0.181837220742491146 1390320.000000000000000000
10.369968346568445128 -8.340883271550419309 0.000000000000000000 0.071575162966841077 1337611.000000000000000000
11.646400976381677594 -8.124012204688645156 0.000000000000000000 0.257087391465909865 0.000000000000000000
10.768978975269945408 -10.117719441483693288 0.000000000000000000 0.251868501131804312 1374777.000000000000000000
12.428296977189827288 -10.149847887729020357 0.000000000000000000 0.445478476740486018 0.000000000000000000
11.827978439495471008 -7.848596918023462266 0.000000000000000000 0.308276496097547759 1389148.000000000000000000
12.552420608771273081 -8.566518686430418583 0.000000000000000000 0.395506882704731055 1344098.000000000000000000
9.008497725896729591 -10.512250672006260288 0.000000000000000000 0.390451673525112064 0.000000000000000000
12.084980967420852593 -7.190826465559246650 0.000000000000000000 0.413254159039321778 0.000000000000000000
9.283429232707939960 -8.979472626438953498 0.000000000000000000 0.192770633937373509 0.000000000000000000
8.970828191910774407 -9.817175400839362354 0.000000000000000000 0.308059852785254884 1187785.139772691763937473
11.046479971469111092 -7.063452976900443048 0.000000000000000000 0.320743694312405125 298312.399354949186090380
8.785097575436607187 -6.732835231193902814 0.000000000000000000 0.449760216310598482 1341618.000000000000000000
10.869066249686682113 -10.204271911937414785 0.000000000000000000 0.271971948369307603 1399221.000000000000000000
9.407557940991218004 -9.466862705516954080 0.000000000000000000 0.208792041928120037 0.000000000000000000
14.555992349409386577 2.509181297468439986 0.000000000000000000 0.470068205351507840 457067.000000000000000000
15.326574387762915919 0.236594779936271593 0.000000000000000000 0.320888020128515417 148436.910086116462480277
15.736981145765771117 -1.126165429694919728 0.000000000000000000 0.436953507267486663 448901.000000000000000000
13.254237079587982251 -1.110248224959091035 0.000000000000000000 0.199199134942761646 452855.000000000000000000
14.813922778900982635 0.726096065952879788 0.000000000000000000 0.259286030639218790 0.000000000000000000
14.240611028738003441 2.394681650770756676 0.000000000000000000 0.432712680181706888 454529.000000000000000000
11.034546351758249827 -0.546119626171725270 0.000000000000000000 0.456771979800641492 452895.000000000000000000
13.426557618529752602 1.950600032747784596 0.000000000000000000 0.338729353579656056 0.000000000000000000
15.822389404894716236 0.459485568541890987 0.000000000000000000 0.414295892204855298 454230.000000000000000000
15.836414518929483819 -0.883683032224704790 0.000000000000000000 0.436593439876959255 0.000000000000000000
14.045739487497710840 -2.090508256224616002 0.000000000000000000 0.372900151428338988 455959.000000000000000000
11.203450866309914602 0.442411115904470131 0.000000000000000000 0.423722201819767275 0.000000000000000000
11.300176999558145141 -0.316002126305582109 0.000000000000000000 0.403196181272424459 0.000000000000000000
12.346061439397512771 2.234148978686109288 0.000000000000000000 0.442703525963112354 0.000000000000000000
11.558770861869694713 0.542909999592994352 0.000000000000000000 0.365747143260302388 448070.000000000000000000
