-2.152773640586142623 2.788401979453727364 0.000000000000000000 0.197120333576935314 638787.000000000000000000
-3.279539811175703257 5.778133221111236395 0.000000000000000000 0.382195541402321259 629764.000000000000000000
-1.118325259063320365 3.575466758990304861 0.000000000000000000 0.210753352534203825 636565.000000000000000000
-3.365346122163788589 4.792189595031233651 0.000000000000000000 0.254392564326190840 630117.000000000000000000
-2.196576397392936197 4.450073952282453504 0.000000000000000000 0.100316843087860541 629753.000000000000000000
-4.295244229667285474 4.589828799773559176 0.000000000000000000 0.383784783159110132 371302.912972767604514956
-1.783182440976281757 2.677150010198789065 0.000000000000000000 0.232054961719242225 636004.000000000000000000
-3.851523028185754427 5.595374423142366993 0.000000000000000000 0.415585996282890502 635365.000000000000000000
-4.640794034933606760 3.435605046097843562 0.000000000000000000 0.432243377829890918 0.000000000000000000
-2.096350291375287611 4.003311739126986346 0.000000000000000000 0.035188719632441301 0.000000000000000000
-0.883508429693326658 5.012807594107707487 0.000000000000000000 0.316266531237301807 0.000000000000000000
-1.952171208540197211 3.203776575131883408 0.000000000000000000 0.133871870262229825 0.000000000000000000
-3.867511041028935725 1.884957867585560720 0.000000000000000000 0.457803629817898405 0.000000000000000000
-1.883810081642881773 1.472247338787471715 0.000000000000000000 0.435766401826175931 638185.000000000000000000
-3.427828973556874104 2.710007972432347145 0.000000000000000000 0.295944447111629150 0.000000000000000000
-2.730855257726720886 -2.202399167444097472 0.000000000000000000 0.312097719214766867 509323.000000000000000000
-2.099916704293911085 -2.384656923351651248 0.000000000000000000 0.269607985755898005 508850.000000000000000000
-1.525564170771075423 -1.737183451457782191 0.000000000000000000 0.405106615759228295 512707.000000000000000000
-1.980824107316439431 -5.261672775447180150 0.000000000000000000 0.249218946155050636 514384.000000000000000000
-0.127641580487671685 -4.758685832828051687 0.000000000000000000 0.410020571883533413 512170.000000000000000000
-3.062376932261074103 -2.190562102260747768 0.000000000000000000 0.334805686520228518 0.000000000000000000
-2.239988061613042980 -3.323688777540723116 0.000000000000000000 0.100941222952119547 0.000000000000000000
-4.428673587893183772 -4.618772966281776249 0.000000000000000000 0.407952293348769368 0.000000000000000000
-1.784620116150616775 -2.475080881572779390 0.000000000000000000 0.265806164688382418 511298.000000000000000000
-0.342401153723243479 -4.290782489272637612 0.000000000000000000 0.348815879869183942 514713.000000000000000000
-4.439048379092932706 -4.761397438829582995 0.000000000000000000 0.418423934569547351 515345.000000000000000000
-3.379141462041167276 -5.603864781716563215 0.000000000000000000 0.364630904488901120 513883.000000000000000000
-2.661041014638669377 -1.564093202292966334 0.000000000000000000 0.420338122466942909 57989.790483249555109069
-4.153317513494448221 -4.112376599608953853 0.000000000000000000 0.340053938349890172 0.000000000000000000
-4.210195152520231687 -3.930933001345019662 0.000000000000000000 0.347959424127233519 0.000000000000000000
3.407308504842425201 1.357242747774261460 0.000000000000000000 0.311685680899929540 573674.000000000000000000
4.436912180001057138 0.613410062453994320 0.000000000000000000 0.109863028804216098 0.000000000000000000
4.580131794016614855 2.354265438807479960 0.000000000000000000 0.418416849656854106 0.000000000000000000
5.786862972556869877 -0.471216624063646727 0.000000000000000000 0.241758957117166107 0.000000000000000000
2.638170618273828261 0.780968972548290341 0.000000000000000000 0.362052644541801083 0.000000000000000000
2.753856350069818770 1.270088240858630035 0.000000000000000000 0.386587131222315528 576528.000000000000000000
4.053442033572070891 0.332917595870769023 0.000000000000000000 0.101216928560280681 578565.000000000000000000
6.912497590809505432 -1.152540291437729181 0.000000000000000000 0.473762413306980656 574620.000000000000000000
4.634273831897072427 0.620040209552037869 0.000000000000000000 0.112219342615229978 574598.000000000000000000
5.099870020678098470 2.306607590337899971 0.000000000000000000 0.422720835249921489 576512.000000000000000000
3.130762455068263783 0.257795621339196368 0.000000000000000000 0.250789492007837067 574240.000000000000000000
5.002285397360575203 -0.103459991479528210 0.000000000000000000 0.088914866967453460 0.000000000000000000
3.198772769213943601 0.018971043239304840 0.000000000000000000 0.234467958361148643 574437.000000000000000000
3.920135507829876520 0.441667807784536015 0.000000000000000000 0.131808637155796660 577581.000000000000000000
6.306540244708428666 -1.037727298206339244 0.000000000000000000 0.368699922419295223 0.000000000000000000
9.572723712812230445 6.733702086737316961 0.000000000495495850 0.379167345983527637 631666.000000000000000000
11.485317951216700294 8.594086914616450912 0.000000000579005171 0.205813616817400069 636575.000000000000000000
7.751106894498239974 8.091322795767679210 0.000000000031092988 0.475761662757091808 0.000000000000000000
10.430419927633826305 11.409789772461099489 0.000000000614719525 0.466913887022835650 306129.697766711644362658
9.122567516519254127 9.637253188121503555 0.000000000271669641 0.267466466527767788 633885.000000000000000000
9.793392978175990748 6.114899414575996950 0.000000000535440015 0.472242478721298875 631338.000000000000000000
10.882539304467233165 6.152613295961327999 0.000000000130851723 0.464808254831726608 0.000000000000000000
12.362991146210765336 8.138128855156271158 0.000000000555381094 0.375895350776103587 17119.081435665928438539
10.264794745386380370 9.768797282779459579 0.000000000007164688 0.179531200226580173 0.000000000000000000
10.898207550184354275 8.566290226534917451 0.000000000125456620 0.104366197339469335 0.000000000000000000
12.461351299198200948 9.686184940729376081 0.000000000858973894 0.412008486223895576 0.000000000000000000
11.188486765543853352 9.852017128114127331 0.000000000402031130 0.245387270040331423 635868.000000000000000000
9.246179140700846233 10.712494386954993786 0.000000000600436977 0.396353987495677684 0.000000000000000000
11.396108214147758986 9.235126741915513193 0.000000000017613744 0.206564253046795904 633946.000000000000000000
8.998721005736012302 7.090120517284117518 0.000000000912287196 0.376891527379125457 633025.000000000000000000
0.273398842861774294 14.184374201695753470 0.000000000000000000 0.401316255337278549 290217.453643600107170641
0.578521804561703878 13.786760402225324285 0.000000000000000000 0.325851174373512298 161296.707159304030938074
2.520348640401409046 12.176704155070005697 0.000000000000000000 0.198661948553323753 0.000000000000000000
3.021574380587868092 13.819875147699590912 0.000000000000000000 0.156055182758813360 693439.000000000000000000
0.632362120528209726 15.002971875036100968 0.000000000000000000 0.431943235691425009 698121.000000000000000000
1.417954627743348572 11.000393165297181142 0.000000000000000000 0.437105295095853108 698393.000000000000000000
4.589170004477213460 13.677810929436210685 0.000000000000000000 0.408133256111349429 545291.801688305335119367
2.523745119246091573 13.486251281292606308 0.000000000000000000 0.050315674002278168 0.000000000000000000
2.409694892431230251 14.117178656430439787 0.000000000000000000 0.150267545855559626 697493.000000000000000000
1.171072420145828019 11.667768965372816936 0.000000000000000000 0.353729053124539949 246314.182052097632549703
2.299870303515789249 13.197640326717147374 0.000000000000000000 0.015364702261195759 359567.044933014025446028
3.631459405750458558 13.769138511224586097 0.000000000000000000 0.247234517214990901 695421.000000000000000000
2.827365083569029824 13.773657220672253843 0.000000000000000000 0.124698794003818308 598621.530853852396830916
1.630399046189032530 12.059111385821839946 0.000000000000000000 0.250551466040722481 691489.000000000000000000
3.698115144464273474 12.214521244698735458 0.000000000000000000 0.307916025649189129 693678.000000000000000000
-9.191721577786880815 10.887414438278332440 0.000000000348895656 0.462206701202742098 1269050.000000000000000000
-8.063547887519108670 11.894388585471258324 0.000000000096468595 0.239282407192911384 1293763.000000000000000000
-7.029455254706389766 12.126610023861520204 0.000000000189162856 0.089527332776517449 1283883.000000000000000000
-6.880989029204939378 12.880293811352210298 0.000000000037843388 0.207286823272353121 921327.266129217576235533
-7.721958446889008343 12.710604540544187202 0.000000000810377858 0.248739106465409449 1285003.000000000000000000
-4.280151157826472819 12.146089631211635762 0.000000000307628626 0.443563342739282940 1339132.000000000000000000
-8.563339367866738883 9.993763794671011169 0.000000000027703093 0.446432389432321330 1320728.000000000000000000
-7.956181558444272106 10.583403266570847734 0.000000000466473980 0.296384977510139758 1306788.000000000000000000
-7.011330442052135403 9.325911554302432904 0.000000000573807001 0.426281198503104364 1291581.000000000000000000
-6.385151511970011740 10.836233109212004777 0.000000000368610371 0.168057406784476920 0.000000000000000000
-4.946070228856981110 10.212340239088021576 0.000000000277495534 0.415534396690983521 1264551.000000000000000000
-6.005543613308720552 12.748214680346332983 0.000000000928142388 0.223700868104989237 0.000000000000000000
-5.461147206796889364 12.562919000814099846 0.000000000774004323 0.271519928631290208 1320872.000000000000000000
-6.184164803062527582 12.419611331863416481 0.000000000735030625 0.157987576308151523 1295602.000000000000000000
-6.720028656862191418 13.041236350075914530 0.000000000592206814 0.234118981236774992 0.000000000000000000
-13.648510473483266736 3.529672461114929050 0.000000000000000000 0.259936030974782573 818554.000000000000000000
-14.537858679807117213 4.383938283697689009 0.000000000000000000 0.329252610845406968 0.000000000000000000
-12.676125889544012537 4.167406937827408342 0.000000000000000000 0.089144734709835832 818081.000000000000000000
-11.869802660787829751 3.382560735562903265 0.000000000000000000 0.271195940634484545 813763.000000000000000000
-10.599177902187253864 3.694290591570681404 0.000000000000000000 0.414109342089718169 815001.000000000000000000
-11.250593509478722609 6.524481472879018362 0.000000000000000000 0.414156653949255105 813320.000000000000000000
-11.155427899345479403 4.307448447155639570 0.000000000000000000 0.285096721219299298 810907.000000000000000000
-11.779515006810342470 4.073841351087702733 0.000000000000000000 0.196957061033922326 0.000000000000000000
-12.585190010800308968 4.696157059289936875 0.000000000000000000 0.023002812913681871 815068.000000000000000000
-12.763821976411355408 3.878915833478390862 0.000000000000000000 0.139338665089837138 252125.107489862682996318
-14.987946433358510845 5.554864593039311238 0.000000000000000000 0.432912684773599787 203027.168761799985077232
-14.034098396556307975 3.627712323406016903 0.000000000000000000 0.297760617080453871 0.000000000000000000
-11.364820460794105017 3.010347272800377727 0.000000000000000000 0.377259860322372687 0.000000000000000000
-13.481097298839081589 6.927407697950608068 0.000000000000000000 0.413708796841052218 818841.000000000000000000
-13.387455307791068293 6.981304243107508967 0.000000000000000000 0.417513322159151434 811053.000000000000000000
-12.884447448005806436 -4.791990145370732535 0.000000000000000000 0.036350729007525374 571757.000000000000000000
-10.926765993967652690 -3.467624896992214545 0.000000000000000000 0.382113131417849139 0.000000000000000000
-11.709912297272804693 -5.524836800590996688 0.000000000000000000 0.231754246219879612 552103.231505489908158779
-14.787640777378852519 -4.249340852279394731 0.000000000000000000 0.377185855093975397 578187.000000000000000000
-10.112501047520790820 -5.088889158751205954 0.000000000000000000 0.469022411863695532 0.000000000000000000
-13.332572891838871953 -3.940168450264285305 0.000000000000000000 0.169239396653429880 578217.000000000000000000
-12.031637474760332296 -3.489590163870162076 0.000000000000000000 0.240029382172022687 0.000000000000000000
-14.369837453095719582 -4.470919893827368874 0.000000000000000000 0.297508421659428812 411765.958691864856518805
-11.663150891533152986 -2.868585847031641656 0.000000000000000000 0.366702206526847263 572325.000000000000000000
-14.461343738777676649 -4.380696809606106967 0.000000000000000000 0.315879295860435672 0.000000000000000000
-12.234059032380805832 -3.418454660012254731 0.000000000000000000 0.235361384812670021 572411.000000000000000000
-10.590745015815555163 -4.517943236130909312 0.000000000000000000 0.379329381160255497 0.000000000000000000
-10.464184522747487449 -4.801916966315862290 0.000000000000000000 0.401423044196620393 573706.000000000000000000
-13.253909850830725148 -5.768812362786701620 0.000000000000000000 0.212490734411585475 578090.000000000000000000
-10.723346512327529112 -3.161257395318203045 0.000000000000000000 0.442598196292986967 0.000000000000000000
-5.244568566722712433 -11.211725360102974491 0.000000000299764826 0.279983871832111597 0.000000000000000000
-8.807008151935884044 -10.247154152897577362 0.000000000331411460 0.451908373542918129 0.000000000000000000
-7.657327372998793180 -10.188955552181180764 0.000000000026537187 0.316762187570392484 0.000000000000000000
-8.407332585777334444 -12.597636802174418946 0.000000000574325137 0.336500889132618664 0.000000000000000000
-9.069694945561328936 -11.817126418623768558 0.000000000440214753 0.416929917684104590 0.000000000000000000
-7.314394802745788127 -10.702064649482215586 0.000000000346629964 0.207602177877983768 0.000000000000000000
-6.913096316024347487 -13.378655280942368222 0.000000000257114615 0.295530749649759228 0.000000000000000000
-5.219259714065830558 -11.019985017612231815 0.000000000355447891 0.296759033416088447 0.000000000000000000
-6.566408879822899891 -9.817475798661831732 0.000000000352040753 0.337857717193542517 0.000000000000000000
-4.453353878389871845 -11.606550850111796436 0.000000000244440524 0.406659742879724895 0.000000000000000000
-5.618432365181388555 -12.537623233481413720 0.000000000160773903 0.245925393734885228 0.000000000000000000
-7.821698774545706279 -13.224129713083765836 0.000000000647522724 0.329443370140075797 0.000000000000000000
-8.911010415899871973 -10.378880446045942065 0.000000000727888747 0.454654503681114430 0.000000000000000000
-6.914743676598957833 -12.589753393158433781 0.000000000140048713 0.157553295614174443 0.000000000000000000
-4.297623420668790217 -10.743854366255940036 0.000000000090740720 0.467096597246343226 0.000000000000000000
0.180942845588306450 -12.824659035838033461 0.000000000000000000 0.392132926990007569 1268047.000000000000000000
-0.281175336425967315 -13.780715631693428946 0.000000000000000000 0.474683873852602023 1230089.000000000000000000
2.792435476751412349 -15.634655787888782186 0.000000000000000000 0.427662367095731522 11052.367646259177490720
3.642812185994766416 -13.300048594903376653 0.000000000000000000 0.233240310730185613 0.000000000000000000
0.233311561392943539 -12.434283687979746702 0.000000000000000000 0.403398866144301704 1214214.000000000000000000
2.264506314256388819 -10.827220907508097625 0.000000000000000000 0.436360192572953498 1282735.000000000000000000
1.331297257950053714 -13.880588321548163577 0.000000000000000000 0.208638626766628088 0.000000000000000000
0.720730316112833780 -14.732509809988242111 0.000000000000000000 0.387246039628335814 279766.579366904101334512
3.207004222285121386 -11.061560832366254203 0.000000000000000000 0.423870933515312853 0.000000000000000000
2.844284980582074684 -14.938917564510685310 0.000000000000000000 0.309578801044170571 0.000000000000000000
2.260800534789997762 -11.140404194589796916 0.000000000000000000 0.380648946303803803 1267439.000000000000000000
3.557448639811457536 -12.167259559907844135 0.000000000000000000 0.294127297657045483 594724.804783498635515571
3.502428510400565465 -14.473924834383877780 0.000000000000000000 0.297903050837146244 1258010.000000000000000000
1.731784202308997545 -11.831895758233148541 0.000000000000000000 0.278847360753543383 0.000000000000000000
2.954524056065507498 -12.245785686317303131 0.000000000000000000 0.214255817973655588 123459.123055267977179028
9.829542050244750584 -8.400712572347364571 0.000000000000000000 0.109600947001592106 1350063.000000000000000000
9.734303107686056222 -6.179471531849582533 0.000000000000000000 0.463544264861902366 1388758.000000000000000000
9.502062454478183540 -9.717979007432251848 0.000000000000000000 0.226592055235442236 0.000000000000000000
7.932124211375962020 -8.314663817745167051 0.000000000000000000 0.435977269473372009 0.000000000000000000
11.303343164567936086 -7.446777305698681459 0.000000000000000000 0.285205847679011804 1345001.000000000000000000
11.480237361278144093 -7.147254954078184674 0.000000000000000000 0.346045117441836525 1388944.000000000000000000
9.209591029774413684 -10.096158737270082284 0.000000000000000000 0.310989068973600180 1132293.452601926401257515
12.201286721919334610 -9.131392230694372003 0.000000000000000000 0.338357593554555858 1330750.000000000000000000
12.583088473003288144 -7.959343051744314224 0.000000000000000000 0.422768391502183372 1382536.000000000000000000
12.086102983939870370 -9.312063799510264417 0.000000000000000000 0.326380277465369517 1317733.000000000000000000
11.351234155549253302 -6.322751009288306356 0.000000000000000000 0.461159740243564653 1391210.000000000000000000
10.875334416443555696 -8.410156079608476887 0.000000000000000000 0.112198069421043781 1368480.000000000000000000
11.277038575615510041 -9.172831313974000977 0.000000000000000000 0.182742095480073585 1310663.000000000000000000
10.295142002228029554 -8.709757778078479618 0.000000000000000000 0.010516499747022521 0.000000000000000000
10.549111747673604711 -8.720301703795449555 0.000000000000000000 0.037482608872935391 0.000000000000000000
11.228135797251677985 -0.638624627149023683 0.000000000000000000 0.426989670469971827 457963.000000000000000000
11.661546144383581947 -1.065535991084750611 0.000000000000000000 0.382870240494255720 450754.000000000000000000
15.545954250006449371 0.921123275727817825 0.000000000000000000 0.391119824623266887 454551.000000000000000000
12.346059873897154091 1.326946503780010778 0.000000000000000000 0.313866618554655308 58.936426910047224226
13.912203758581856761 -1.086727113636039910 0.000000000000000000 0.199476324928537563 451634.000000000000000000
13.300971894008778662 -1.054538706537966997 0.000000000000000000 0.187789964449027874 0.000000000000000000
13.196703895337504875 1.962342858866237272 0.000000000000000000 0.345801921092688869 453681.000000000000000000
11.636827572645977114 0.662668979753044063 0.000000000000000000 0.358468032884783405 0.000000000000000000
12.330603094931001706 1.412984377806068004 0.000000000000000000 0.326818611146633686 454540.000000000000000000
12.872177286285007014 0.582300494751974207 0.000000000000000000 0.156300451330483897 0.000000000000000000
11.438102547383117269 1.643419352768440422 0.000000000000000000 0.471463096633208012 454047.000000000000000000
14.808959653573552373 -1.518048045802664836 0.000000000000000000 0.346277435582064808 0.000000000000000000
13.004584201055596537 0.399245412838076019 0.000000000000000000 0.118086569305695319 449584.000000000000000000
13.493685206266571086 0.453672751481161207 0.000000000000000000 0.079084997056116088 448722.000000000000000000
14.527356257954444629 0.632720708752821936 0.000000000000000000 0.207083817014613619 456889.000000000000000000
