-2.934679878133857667 1.403309294143178843 0.000000000000000000 0.458854108981837205 635501.000000000000000000
-3.353379250165029468 3.436229661791490031 0.000000000000000000 0.211254437835576903 290993.309087398403789848
-3.561793041857197029 2.426491612862351932 0.000000000000000000 0.349062167033972526 634129.000000000000000000
-1.753194478293059078 4.998298931945287293 0.000000000000000000 0.216928119433992372 637543.000000000000000000
-0.547990621254024091 5.708147171651332563 0.000000000000000000 0.444733921348430095 0.000000000000000000
-0.935465070923692132 5.543185033497650238 0.000000000000000000 0.377209075708042962 635588.000000000000000000
-0.963713138489906695 1.653906315918701075 0.000000000000000000 0.460342280282402483 638788.000000000000000000
-2.748473511917588041 5.138021597484769387 0.000000000000000000 0.238747376362547753 636415.000000000000000000
-2.139029162844765963 2.951575345390995420 0.000000000000000000 0.168508101601059418 636666.000000000000000000
-3.152825147988120857 2.520085611330395547 0.000000000000000000 0.291398624794273087 631300.000000000000000000
-1.407692323386404487 4.266288265180291361 0.000000000000000000 0.165732919689483560 0.000000000000000000
-1.721405295607281616 4.083118883925111575 0.000000000000000000 0.101660554708647613 0.000000000000000000
-3.633282221713666882 2.944819998474426992 0.000000000000000000 0.297271461812624815 307389.242999873938970268
-4.527303204702045392 2.747688132786070714 0.000000000000000000 0.452583112300468438 0.000000000000000000
-3.085490112226126680 1.607513211177304724 0.000000000000000000 0.432278131707455771 0.000000000000000000
-1.868504992348659188 -1.298979084041841814 0.000000000000000000 0.466678624188220259 0.000000000000000000
-2.741892521584661235 -4.234629099165894139 0.000000000000000000 0.105796718965478639 510855.000000000000000000
-4.225458944880009504 -2.173871455595416169 0.000000000000000000 0.464929044380947509 0.000000000000000000
-4.636284951513898633 -2.879868722936859804 0.000000000000000000 0.460332874522818458 511348.000000000000000000
-1.979362680513856887 -3.170663395584097266 0.000000000000000000 0.137451865301001119 118109.371913223934825510
-0.041527759266784814 -4.033256258985563392 0.000000000000000000 0.395871963432285034 0.000000000000000000
-3.387877536518582033 -5.306771570043833819 0.000000000000000000 0.322671383087658414 513850.000000000000000000
-0.521901707891673450 -3.711331862220643707 0.000000000000000000 0.311085607834643563 516209.000000000000000000
-3.889274845790798185 -3.317811447796615187 0.000000000000000000 0.308022131055991633 509735.000000000000000000
-0.936438566582363685 -1.728515108448144044 0.000000000000000000 0.451411451368210759 510478.000000000000000000
-1.426818489209535468 -4.691789695457096343 0.000000000000000000 0.205781950938791452 517964.000000000000000000
-0.715176338918929178 -3.847908499389620651 0.000000000000000000 0.275109587444328840 515004.000000000000000000
-4.503617687429335881 -5.070059225470803455 0.000000000000000000 0.451866746117048246 0.000000000000000000
-2.998435962815375611 -3.209578961697956423 0.000000000000000000 0.179132238365868196 0.000000000000000000
-1.336168691157163302 -4.723945215036275513 0.000000000000000000 0.221505049972119478 0.000000000000000000
3.900001693428980953 2.159518231143141342 0.000000000000000000 0.399130760232067727 578306.000000000000000000
3.254169661684493065 0.523409794851265153 0.000000000000000000 0.243091975513898106 0.000000000000000000
5.376061028788948093 -2.201262427280862966 0.000000000000000000 0.419941500155883940 0.000000000000000000
5.576176765500554744 1.513315449826332593 0.000000000000000000 0.328638511708733705 0.000000000000000000
4.554888237301671694 -1.549815536830580598 0.000000000000000000 0.275449698903064255 572565.000000000000000000
6.320331403157645411 0.531841903137548866 0.000000000000000000 0.335445716084614820 573350.000000000000000000
3.181041582110041066 -0.051052668829001266 0.000000000000000000 0.237777039268006779 0.000000000000000000
3.578329924555836428 0.101240709334540074 0.000000000000000000 0.167766783248601919 573121.000000000000000000
2.909455467241861992 1.392656064807443306 0.000000000000000000 0.378330107528229931 570764.000000000000000000
2.559747285752736801 -0.889313332296267633 0.000000000000000000 0.382554814895222361 0.000000000000000000
5.115957958791034876 1.388217472319080770 0.000000000000000000 0.268862662930686946 577032.000000000000000000
5.111267744860937157 -1.859190135584569470 0.000000000000000000 0.346905618201569343 572268.075867473962716758
2.746559878321376491 -1.325766640091631920 0.000000000000000000 0.393495354848920065 0.000000000000000000
4.363218616401485228 1.318520850566860414 0.000000000000000000 0.235833102770152098 573772.000000000000000000
3.454585548769482983 -1.626298801978510511 0.000000000000000000 0.345344806428262596 569227.000000000000000000
10.980346019951358727 10.625991252173911050 0.000000000880300167 0.348157925006723989 90102.772113684317446314
9.905976473557059236 10.003172594461336331 0.000000000323992943 0.233472392102823112 0.000000000000000000
12.274161150979914225 7.498370342808642341 0.000000000391480094 0.408006259309486696 421392.165917027450632304
11.842375083668528646 7.636191212450508026 0.000000000729247970 0.330859047793062799 636153.000000000000000000
11.432351812448239059 10.140147126000575994 0.000000000692157253 0.311840081914424250 639048.000000000000000000
8.292768668347664018 8.744311913230498945 0.000000000556899658 0.364993643949276636 0.000000000000000000
10.467406463246337722 7.122438290492842938 0.000000000786773300 0.285871781253628943 0.000000000000000000
11.928595818884348390 10.769028169385645555 0.000000000163157012 0.452788942008810480 332795.258021653047762811
11.040023851999528404 8.716597696583381349 0.000000000217198660 0.124793014679484809 637634.000000000000000000
11.995663185257342320 7.100350079827035366 0.000000000480913840 0.412336771248590139 635779.000000000000000000
10.208690759686243510 7.899444352865042873 0.000000000085149983 0.150670239389079086 0.000000000000000000
8.485221243811132297 8.430585691013103400 0.000000000873588659 0.335371457230045633 0.000000000000000000
8.950649594511848051 10.229833146379393227 0.000000000172973630 0.359402568725253946 0.000000000000000000
9.257320725474667000 6.674259781478135700 0.000000000195479418 0.412218331224554979 0.000000000000000000
10.187292621527692660 8.368057469184813968 0.000000000038301798 0.072023285063557249 635268.000000000000000000
3.353829841366996245 11.826871060851605222 0.000000000000000000 0.315618340271966669 693367.000000000000000000
2.693889669412418364 13.869455726550764751 0.000000000000000000 0.123472441285879322 0.000000000000000000
3.843983956061842733 13.771076725807908758 0.000000000000000000 0.283072637867700871 0.000000000000000000
1.253373674846830932 12.591205653804378173 0.000000000000000000 0.228098389767435600 0.000000000000000000
4.423825331833074692 12.512870951147952781 0.000000000000000000 0.396401703281422824 0.000000000000000000
3.127716605259645899 13.189217514428737132 0.000000000000000000 0.142257115370237719 0.000000000000000000
3.238863774955769159 14.248215983649783922 0.000000000000000000 0.236424502601020742 695165.000000000000000000
2.978344244889571168 13.904860467529458035 0.000000000000000000 0.160251872546256335 694767.000000000000000000
1.853954207420730471 10.900669219075449945 0.000000000000000000 0.431734837415822525 693371.000000000000000000
1.203200153632995484 12.360911666964907951 0.000000000000000000 0.259337766310859252 696366.000000000000000000
2.135320637858568737 15.837199554423076364 0.000000000000000000 0.457339255347580353 694556.000000000000000000
4.949657973568862168 13.129368429955881936 0.000000000000000000 0.466818801369023262 9487.776944308034217102
1.219083816555160960 14.984626358062611118 0.000000000000000000 0.363403435237444783 166701.274062644952209666
2.592988131267750518 12.868843984838909122 0.000000000000000000 0.086022213086203059 597363.445667923078872263
3.076373750517435113 11.054921574335493162 0.000000000000000000 0.417036714755153748 692125.000000000000000000
-6.106894416801508463 9.522606670717033595 0.000000000220230118 0.404587637773083986 1254181.000000000000000000
-6.006701699040323916 9.741343627272836869 0.000000000343687597 0.373343569577927525 1348372.000000000000000000
-7.556729935610710491 11.124626915560185125 0.000000000107727893 0.180618477674096028 1254283.000000000000000000
-5.017849750908774276 11.393517670939543152 0.000000000207199253 0.310968203141328614 0.000000000000000000
-6.036346080577366102 14.258036988298654180 0.000000000640515255 0.466550143710399490 0.000000000000000000
-8.442568153575738421 11.500282032537844756 0.000000000732237413 0.307238810471497870 1256820.000000000000000000
-7.947092629975203160 9.625500757079064940 0.000000000050220784 0.428664096419673235 1330656.000000000000000000
-7.387201459707431361 10.514039269504774410 0.000000000772942647 0.242940402026751295 1292808.000000000000000000
-7.043818833834072812 10.765764701333612408 0.000000000226459745 0.177511149466527129 538862.049857730744406581
-9.172122710033416837 12.720876979439186272 0.000000000523047789 0.469416793961350720 1270895.000000000000000000
-8.323439584036675498 13.238398750201268328 0.000000000544043569 0.390527861846531599 0.000000000000000000
-5.044503355891194474 11.782826563316291413 0.000000000558214875 0.301045582098039999 1249197.000000000000000000
-5.845127622343527563 9.550028403829699641 0.000000000712975493 0.415435440915445653 1306629.000000000000000000
-8.990169710879904130 12.595350900172716635 0.000000000261602366 0.431130290963141150 0.000000000000000000
-8.023548987227508533 11.771127056217832063 0.000000000735709261 0.230315664270149545 0.000000000000000000
-12.765754968627636146 4.165257712026852133 0.000000000000000000 0.089751230490962147 141770.105932812672108412
-10.870922501159340001 3.566127649350514961 0.000000000000000000 0.381431256600639090 820151.000000000000000000
-14.042483294348249601 4.834861410413709315 0.000000000000000000 0.238517093938854452 818643.000000000000000000
-11.525125223408307917 5.850799749227858726 0.000000000000000000 0.294226267503565508 186645.793491780059412122
-10.386919322839421653 5.108561172388112581 0.000000000000000000 0.421355440536464843 0.000000000000000000
-11.848120560281413916 6.878299487696169834 0.000000000000000000 0.412956679303203678 818673.000000000000000000
-11.190181428836506683 5.417576599411034088 0.000000000000000000 0.300486665735579528 41725.118478595752094407
-13.385677979678632710 4.606791098914326810 0.000000000000000000 0.120541762698373994 20539.765030720140202902
-13.221514237444143447 4.736883145938985074 0.000000000000000000 0.091194280387625323 812976.000000000000000000
-12.276164069159598569 3.552179333447783804 0.000000000000000000 0.210941777155706667 812572.000000000000000000
-13.185477512330001204 5.394104159040737478 0.000000000000000000 0.150134107924709076 818750.000000000000000000
-12.474611339830822487 5.987254983634340277 0.000000000000000000 0.231590334490035077 814285.000000000000000000
-14.644403145145924228 4.007059686256034148 0.000000000000000000 0.363375447563199561 817681.000000000000000000
-12.230157180059993749 6.576432115661249966 0.000000000000000000 0.341328385343048601 0.000000000000000000
-13.326638318986548271 6.600075218905157470 0.000000000000000000 0.351154389704579351 817783.000000000000000000
-11.885100450207664480 -5.299829653879222668 0.000000000000000000 0.182999531821864098 0.000000000000000000
-13.187993114275309736 -2.289878019573583945 0.000000000000000000 0.423492258690540024 578799.000000000000000000
-10.273041202178177400 -4.224586702243506409 0.000000000000000000 0.442076382240388255 571623.000000000000000000
-14.799656831658431599 -3.248167155594351652 0.000000000000000000 0.446825587368859800 570202.000000000000000000
-12.173580008428301014 -7.101810440284327619 0.000000000000000000 0.432586105933393084 537889.758142643375322223
-12.183367680459978644 -5.054416045575657712 0.000000000000000000 0.114870592140219746 0.000000000000000000
-13.839253097103538792 -4.914048657149955091 0.000000000000000000 0.204859968988138769 575774.000000000000000000
-14.015515411197036144 -3.030996951841510079 0.000000000000000000 0.368154078242868443 0.000000000000000000
-13.366157366134244100 -7.142631447908576625 0.000000000000000000 0.443414191112293243 0.000000000000000000
-10.409371879929754101 -5.017386537174473027 0.000000000000000000 0.414851359696112643 574489.000000000000000000
-13.070880179335771842 -5.245031352981246897 0.000000000000000000 0.117279741874130039 0.000000000000000000
-10.344663865632490740 -3.950624572946250801 0.000000000000000000 0.440868170084928346 169150.491310682671610266
-13.213713451122778508 -3.376494608114177343 0.000000000000000000 0.243160649868412321 461351.518710789794567972
-10.398513609613543096 -5.836253066573258153 0.000000000000000000 0.459398359383823340 576998.000000000000000000
-11.445228941988197846 -5.130483370883098360 0.000000000000000000 0.239328731288022734 0.000000000000000000
-4.805343290831666003 -12.835270621590654017 0.000000000873096091 0.396426574851790448 0.000000000000000000
-5.362958823263108243 -13.224970743576234256 0.000000000396328693 0.361717913797989676 0.000000000000000000
-4.204109063913459288 -11.684726102579542584 0.000000000652055981 0.450625402717353629 0.000000000000000000
-9.108713962825834898 -12.233152128661901159 0.000000000237583365 0.433146607228078961 0.000000000000000000
-4.459421166413713777 -13.084300544229819252 0.000000000343159834 0.471968702785334870 0.000000000000000000
-4.629909765338198646 -10.084235419153229074 0.000000000092797973 0.473707095593751015 0.000000000000000000
-8.297032399722011675 -11.154008854403697271 0.000000000070069128 0.296177948478548558 0.000000000000000000
-8.575751844709213145 -12.947458826094875306 0.000000000221764268 0.393757929332939183 0.000000000000000000
-7.477799678767873992 -10.989356893030112872 0.000000000044894273 0.185170891611260574 0.000000000000000000
-5.871895721084949393 -13.955206077681262755 0.000000000075116476 0.424836743540751682 0.000000000000000000
-6.632526895786655885 -14.159934981188254000 0.000000000211561211 0.432501481476731620 0.000000000000000000
-5.494825555539047279 -9.934561031823745836 0.000000000850609206 0.385485477850952385 0.000000000000000000
-5.344769568603051191 -9.825257323656684250 0.000000000415215256 0.416844675902382777 0.000000000000000000
-6.608615753464889941 -14.149472048734370588 0.000000000756696016 0.430858806156446728 0.000000000000000000
-9.187766267714261303 -12.295354048482396436 0.000000000842405964 0.449286729527585027 0.000000000000000000
3.558548035211055449 -11.599983137776980868 0.000000000000000000 0.369673871322896808 0.000000000000000000
2.526753118404022391 -11.591684557995499461 0.000000000000000000 0.301994152453401388 0.000000000000000000
1.319767149393900718 -12.142927478974783639 0.000000000000000000 0.271082919949959533 1257529.000000000000000000
0.013030298492627011 -13.905222233718053104 0.000000000000000000 0.428578434566477540 1238036.000000000000000000
0.267498279564709562 -12.729922221837119523 0.000000000000000000 0.381013169933961560 0.000000000000000000
3.850300639659785418 -14.303614508801754113 0.000000000000000000 0.326176062293382085 0.000000000000000000
1.659316131176753917 -14.244522975813580956 0.000000000000000000 0.210214539750045948 347815.165569577831774950
4.762072130325099906 -12.869543177518890431 0.000000000000000000 0.438676759459821597 1248578.000000000000000000
-0.016282808802499455 -14.407296645741656249 0.000000000000000000 0.464819365910781324 0.000000000000000000
1.198820705063228909 -10.879333951955647564 0.000000000000000000 0.472551172617927784 1231621.000000000000000000
3.342522478163938882 -12.189481195504358269 0.000000000000000000 0.264084326086028720 1234793.000000000000000000
2.154145899213312898 -14.487342403593638451 0.000000000000000000 0.217979089322037994 1263036.000000000000000000
2.038405294661350897 -13.354392416115967279 0.000000000000000000 0.054530072151134069 1212116.000000000000000000
4.552501862096240082 -14.351966721985700559 0.000000000000000000 0.439149324144148645 0.000000000000000000
0.129367069586349748 -12.486897598159030665 0.000000000000000000 0.417395498319670710 283651.559515278902836144
7.854058166280291964 -8.045060230952417513 0.000000000000000000 0.460105663176561819 1359448.000000000000000000
11.531486608498411783 -7.527131929790854770 0.000000000000000000 0.301172963514237058 1333503.000000000000000000
11.715311813255915752 -6.871794422524372337 0.000000000000000000 0.409593305800710683 1394704.000000000000000000
11.253791575233114131 -11.181261649930769764 0.000000000000000000 0.456038231239072001 1351101.251334997592493892
9.291377771247475437 -8.730152566984605400 0.000000000000000000 0.187044073765525926 0.000000000000000000
10.656691111509264402 -7.999279062529934592 0.000000000000000000 0.142805589393842192 1394213.000000000000000000
9.556075502692323198 -9.838196043398223622 0.000000000000000000 0.237039003385289604 0.000000000000000000
8.679642911529438010 -8.783662057379309829 0.000000000000000000 0.296113076102517747 1375773.000000000000000000
10.707611780477337859 -7.082304466016265287 0.000000000000000000 0.299139342341085135 548675.945973171852529049
10.762806355826311844 -8.912336558552981458 0.000000000000000000 0.080580526583274983 534700.222474580048583448
9.516004008143113424 -6.182345844955183800 0.000000000000000000 0.473785150725901993 0.000000000000000000
11.006389322501801686 -9.588280110754263674 0.000000000000000000 0.189071643819816809 1326706.000000000000000000
9.143554187162880709 -9.386368247644453433 0.000000000000000000 0.241039994858640444 0.000000000000000000
9.691743264081834397 -8.265823713840596554 0.000000000000000000 0.143314744555309653 0.000000000000000000
11.493316706616850453 -7.293890433153722874 0.000000000000000000 0.327074188108144648 1311422.000000000000000000
12.635588062291969180 -1.464892342841739747 0.000000000000000000 0.301227477559234569 0.000000000000000000
13.252817897302879402 2.162265106113935076 0.000000000000000000 0.378436947464568851 0.000000000000000000
14.668708623309148820 -2.418243292677768164 0.000000000000000000 0.463847315293920370 0.000000000000000000
13.256772521366258388 0.200770819045558185 0.000000000000000000 0.061487926119257526 451291.000000000000000000
14.669401607368481422 0.106406375915050200 0.000000000000000000 0.201975682900195713 0.000000000000000000
15.308445241259835967 -0.179591451511984856 0.000000000000000000 0.316568825831868739 435471.920963086769916117
13.429082655749818187 -0.615220945188765578 0.000000000000000000 0.108499367702404537 0.000000000000000000
12.707998878987226021 1.826273401457604972 0.000000000000000000 0.350081052427299699 451982.000000000000000000
15.917007555762173965 0.025993565311106397 0.000000000000000000 0.423539171059208241 454403.000000000000000000
14.387785242344408587 -0.226776854299514607 0.000000000000000000 0.155950454021359680 0.000000000000000000
12.301780903338050521 1.108099704944810027 0.000000000000000000 0.293023257657933744 369251.081256606383249164
13.277396276461885805 -0.254095509918733864 0.000000000000000000 0.064427079882262442 0.000000000000000000
11.314399638987101326 0.953160869125225352 0.000000000000000000 0.430165423032801419 451973.000000000000000000
11.134419437620209692 -0.753447108853669167 0.000000000000000000 0.448573002148900501 456334.000000000000000000
13.405832279799458462 0.047617690576245972 0.000000000000000000 0.025484261042119663 0.000000000000000000
