-1.017103750278960828 1.611062110278828063 0.000000000000000000 0.462331393170260452 0.000000000000000000
-0.591737629376795859 2.640397276524561576 0.000000000000000000 0.371192442458837313 636715.000000000000000000
-2.208220216927299084 2.518869572932216361 0.000000000000000000 0.244380339299724025 638357.000000000000000000
-3.914305641017684412 1.870884895040813900 0.000000000000000000 0.464997962756277305 635388.000000000000000000
-3.105921436429917026 5.548812662448334265 0.000000000000000000 0.331682151209554410 0.000000000000000000
-2.274360520786971485 4.996138469313119224 0.000000000000000000 0.196977909105423815 0.000000000000000000
-0.357372941264252397 5.205795397314892270 0.000000000000000000 0.411942461257684245 636001.000000000000000000
-2.355049318954800519 6.413304450126398493 0.000000000000000000 0.449619094225560456 0.000000000000000000
-1.274834603950360856 2.362123524425704613 0.000000000000000000 0.323742052831222316 637800.000000000000000000
-1.223538731879798558 3.983346687746339043 0.000000000000000000 0.185153396935595183 0.000000000000000000
-2.866458606677444898 4.014099939585591414 0.000000000000000000 0.110629311168176495 0.000000000000000000
-2.248260126108899914 1.690753321987687130 0.000000000000000000 0.391677547094642642 635712.000000000000000000
-1.996055248511120261 2.074054837458148892 0.000000000000000000 0.326806869068413997 541027.853027506032958627
-2.843076219105392433 1.956698555028033359 0.000000000000000000 0.359676744357825429 638846.000000000000000000
-4.040068043633431749 5.695240923842559866 0.000000000000000000 0.451662462529715869 0.000000000000000000
-4.084008790360493357 -2.929103841554852483 0.000000000000000000 0.367594947189679222 515906.000000000000000000
-4.797574069802160501 -4.327212499876920582 0.000000000000000000 0.459175107452094833 508729.000000000000000000
-4.630660720446022616 -2.773583881530411244 0.000000000000000000 0.467128774619099074 0.000000000000000000
-1.769515026921610890 -5.615445121370803427 0.000000000000000000 0.319392524224028695 511161.000000000000000000
-1.619116209763272973 -2.720200978092918387 0.000000000000000000 0.237497425746754004 0.000000000000000000
-0.015057235923910913 -2.716648275716500915 0.000000000000000000 0.451135315797956238 44045.229518587206257507
-2.813604168366354852 -1.745652253695239464 0.000000000000000000 0.394437721816322362 0.000000000000000000
-1.370987669110085960 -5.920000894672765135 0.000000000000000000 0.394624646875649576 0.000000000000000000
-1.714711485238125555 -5.512920795289997677 0.000000000000000000 0.304832367855591035 509965.000000000000000000
-3.100685110052883608 -4.346046843905947199 0.000000000000000000 0.170681594762739641 457282.650171356392093003
-2.378788606203923184 -5.038655359028305192 0.000000000000000000 0.205646759240285720 518231.000000000000000000
-2.531514854593984509 -1.431989730783625792 0.000000000000000000 0.440402476791552089 516613.000000000000000000
-2.018771681415741259 -3.404670895452523105 0.000000000000000000 0.096430476483489971 0.000000000000000000
-0.878976655982193322 -2.872560361641258275 0.000000000000000000 0.305433454618962708 0.000000000000000000
-2.989361073309011907 -5.952677426153050178 0.000000000000000000 0.389619438792596973 512357.000000000000000000
3.872478762242940853 -2.382085528059392665 0.000000000000000000 0.438560426055969954 0.000000000000000000
2.463656521389572696 -0.662545377195507768 0.000000000000000000 0.383977627699156443 0.000000000000000000
3.418630842251553670 0.913354175695821890 0.000000000000000000 0.253962407016419367 0.000000000000000000
5.789407147931280306 2.235772953054172785 0.000000000000000000 0.457302239495455398 575650.000000000000000000
5.998902437882096095 -1.256968262610541620 0.000000000000000000 0.346094688804633566 0.000000000000000000
5.279215411393513691 -1.449898662703345220 0.000000000000000000 0.291340669669779562 69963.418697523666196503
5.746615615620190631 -0.970762480520990789 0.000000000000000000 0.279180351111971425 405473.657753348932601511
4.204044027765364788 2.172474670570171185 0.000000000000000000 0.389994311438659036 577991.000000000000000000
4.719924547521450187 -1.976705813226955710 0.000000000000000000 0.353059424267220534 577904.000000000000000000
5.201275298481524700 0.617367355946200402 0.000000000000000000 0.164369288595812790 570654.000000000000000000
4.374276512755512769 1.422526081564142952 0.000000000000000000 0.253998293843947398 573140.000000000000000000
2.878476994977655412 -2.099705482510051624 0.000000000000000000 0.473713133035456979 0.000000000000000000
4.833645773342576391 -0.109632324685456098 0.000000000000000000 0.060176583833785428 575348.000000000000000000
4.056885064914182770 2.173148907151951637 0.000000000000000000 0.394718774750384971 0.000000000000000000
6.963129562960202357 -0.956689906436876125 0.000000000000000000 0.468247887962231435 0.000000000000000000
8.946537437985622176 7.902573545739372207 0.000000000736244229 0.289497052954062362 630345.000000000000000000
10.337582770254575948 7.457511024254756649 0.000000000493747982 0.226285711841587772 0.000000000000000000
8.140759561148065870 9.653441506798419169 0.000000000508300017 0.423193149427609994 630542.000000000000000000
10.149432660892662383 9.869407396939994470 0.000000000790571779 0.199630547118893220 634478.000000000000000000
11.364133144478675064 10.211219500682975792 0.000000000522903532 0.314470806978383310 0.000000000000000000
10.759476494428136917 10.243136353001069949 0.000000000506167805 0.272425431846864297 233346.911914461787091568
12.715247362864078084 9.310411602231596362 0.000000000214146556 0.434496729732143483 0.000000000000000000
12.656497441861969122 8.187123829189834723 0.000000000406169548 0.424243846215486164 631918.000000000000000000
10.303771910765483710 7.092940614628640894 0.000000000474231319 0.290297366494562170 635015.000000000000000000
10.711014505380093809 11.047818297896386142 0.000000000403665469 0.408383193809404577 257694.166860830358928069
10.556626886362357354 8.027030837506389460 0.000000000536642472 0.132113800589986785 0.000000000000000000
8.017809384045950338 9.080872332611919617 0.000000000339363837 0.418112704021406989 637511.274024561163969338
9.710553096205549295 10.512616047543533071 0.000000000857829073 0.329450310861664097 635050.000000000000000000
8.975531323996662536 6.420770950678925004 0.000000000916314531 0.475788707540925448 0.000000000000000000
12.298792696296121818 10.037234170730947369 0.000000000149830785 0.415430401318933828 632783.000000000000000000
1.964178063127289597 12.658882933447022978 0.000000000000000000 0.128301105613403105 0.000000000000000000
0.724730319215974306 13.607430834603395198 0.000000000000000000 0.292858380819376762 689663.000000000000000000
0.142368993630897472 12.382450539272513268 0.000000000000000000 0.421883701119557197 0.000000000000000000
3.991556467929485041 12.782346755678368311 0.000000000000000000 0.308176087955806199 0.000000000000000000
4.196443109938241989 13.607721786890600413 0.000000000000000000 0.337051379844521548 698862.000000000000000000
0.130798879610845992 12.513438199807360718 0.000000000000000000 0.415584348895102651 0.000000000000000000
3.466613611402038053 12.916824163921976520 0.000000000000000000 0.211724455997026995 0.000000000000000000
1.791126630170874812 14.917219347989158607 0.000000000000000000 0.307805443226000230 694977.000000000000000000
2.675712235987986354 15.334543882486128652 0.000000000000000000 0.371408916764465746 254696.251460210944060236
3.356239381789190457 14.693366366173519211 0.000000000000000000 0.311056684118370119 690848.000000000000000000
2.737937509898243249 14.799396763300753932 0.000000000000000000 0.280491475051351691 666906.614231571322306991
3.754440656991745229 12.567873283383889316 0.000000000000000000 0.282792410701507735 298634.890794972889125347
1.504652877645944908 12.372475982685084972 0.000000000000000000 0.218653640755522322 699476.000000000000000000
1.166075947145631897 11.918791363676451311 0.000000000000000000 0.319162615979504516 696284.000000000000000000
2.020252662334246718 14.349874711958067408 0.000000000000000000 0.199157186839522965 692386.000000000000000000
-5.712232789146185929 10.946955953504110326 0.000000000341795908 0.227497012904781387 0.000000000000000000
-6.392902073710349242 9.731175954863399369 0.000000000830528125 0.357060121050805201 1286294.000000000000000000
-6.018456458893833627 13.770692640157191633 0.000000000388016938 0.385090262767992297 1211950.959302485221996903
-4.808939740992888012 10.304726082023989875 0.000000000195849512 0.424688615834804273 1345181.000000000000000000
-8.981904444697057954 13.061297665776288923 0.000000000600334925 0.465739146971102136 1341153.000000000000000000
-6.161638136154483192 11.817645717752375489 0.000000000380712708 0.103230334686674710 1257082.000000000000000000
-7.970943835973009151 13.845904453509767507 0.000000000798630640 0.436008339808192591 855880.624998360872268677
-7.688181855292221201 9.517388495547173477 0.000000000106508418 0.424850901023376748 0.000000000000000000
-5.106674420272356407 13.183103289127648949 0.000000000415771254 0.389027408264124686 653919.234831613022834063
-7.213042804890566373 13.333833922304091146 0.000000000543639456 0.298312652598816952 1261406.000000000000000000
-5.959039526677155862 11.235097627266970477 0.000000000108073389 0.162285029697585348 1335748.000000000000000000
-6.152406223502469018 11.725105922201882080 0.000000000828508798 0.103381910283740497 0.000000000000000000
-7.683763963996474544 11.922342097248829873 0.000000000516799887 0.173352221326531886 0.000000000000000000
-8.195694153166773077 9.648549764702723408 0.000000000500337062 0.449244811131447319 1153673.746158634778112173
-7.499725435291479059 14.014791180353975975 0.000000000889660727 0.428480892578894212 929392.715126796974800527
-12.173779997413046061 2.798567931388413754 0.000000000000000000 0.341068286623110895 0.000000000000000000
-12.448203527939909918 3.347225019687473768 0.000000000000000000 0.236391233693147990 0.000000000000000000
-11.062258994805374002 3.545122673453158235 0.000000000000000000 0.354498190869528718 0.000000000000000000
-10.500702623095573784 4.898363928696219283 0.000000000000000000 0.396199077255489973 811590.000000000000000000
-11.586581859840823228 6.595408906167110175 0.000000000000000000 0.389704354334731273 733693.711866049794480205
-14.231619127556879079 6.770759214226767853 0.000000000000000000 0.452511172144924867 818379.000000000000000000
-12.766339717519526786 2.397125856077860995 0.000000000000000000 0.396766191924328770 816471.000000000000000000
-10.408706759431177957 3.781212727166650911 0.000000000000000000 0.439601929250036827 0.000000000000000000
-11.234794622330495528 4.030399231809344229 0.000000000000000000 0.286722521278653775 815696.000000000000000000
-13.531415203206242026 7.199125363425948443 0.000000000000000000 0.461194052147432088 819766.000000000000000000
-12.923844437180759925 2.065741057936013370 0.000000000000000000 0.455664231230975159 819003.000000000000000000
-14.279818603631115437 3.037706335427602600 0.000000000000000000 0.398590853347682517 813805.000000000000000000
-12.662729061386480467 6.746488903363534462 0.000000000000000000 0.359701652584407505 0.000000000000000000
-10.987929874741841019 2.867941912796874604 0.000000000000000000 0.440799779072163000 508390.197240475914441049
-14.803810229154542810 3.720355105481170543 0.000000000000000000 0.407926784824949706 0.000000000000000000
-14.377046929925883845 -6.797331189666470763 0.000000000000000000 0.471958788630072290 0.000000000000000000
-10.595471473437422461 -4.015074630683644230 0.000000000000000000 0.394818101496822671 0.000000000000000000
-12.976994891669534127 -7.242602530945277728 0.000000000000000000 0.448044594473338331 0.000000000000000000
-13.711206468044432327 -3.661568258626251016 0.000000000000000000 0.250610383381025315 576932.000000000000000000
-12.399045712252108942 -4.774866433442098490 0.000000000000000000 0.058432369175144251 0.000000000000000000
-11.103738091774987495 -5.892222946706083597 0.000000000000000000 0.356489605572023971 577652.000000000000000000
-14.171939231856994112 -4.765795688242393524 0.000000000000000000 0.260487536010397980 570710.000000000000000000
-12.170832129449570047 -4.784481471931002261 0.000000000000000000 0.098402450139931943 574937.000000000000000000
-12.455139149102121721 -6.914129578841504475 0.000000000000000000 0.391601624804446324 0.000000000000000000
-11.887547915497226114 -6.153218647319388168 0.000000000000000000 0.295980980350924627 0.000000000000000000
-13.346998707425193231 -2.312024306190832768 0.000000000000000000 0.426216691365948974 0.000000000000000000
-13.403019776710635824 -3.680865991910561519 0.000000000000000000 0.212468310041241809 572745.000000000000000000
-12.075785565593973203 -4.890429733703863135 0.000000000000000000 0.119439142460717282 0.000000000000000000
-14.532571369767742553 -2.823205206038713833 0.000000000000000000 0.456590579190247980 0.000000000000000000
-14.727716252322522905 -4.004267302999353184 0.000000000000000000 0.377616063465953278 0.000000000000000000
-6.776824420056283493 -10.901062233264854129 0.000000000780386360 0.144926464549033962 0.000000000000000000
-5.418446508192405808 -13.229394969645026592 0.000000000754367940 0.355700875614822942 0.000000000000000000
-5.769129442546133468 -12.120609609199991752 0.000000000024735085 0.185872215707207855 0.000000000000000000
-7.565047106257698495 -10.016681195327716836 0.000000000848564784 0.335575060195862585 0.000000000000000000
-5.902329991864686320 -13.576032277676947757 0.000000000147167409 0.360751283175949233 0.000000000000000000
-6.314439934723178105 -10.960433664003403464 0.000000000097887695 0.153545243858051128 0.000000000000000000
-7.373364689030092123 -10.717262997290237792 0.000000000637436628 0.210774502105905176 0.000000000000000000
-6.275489271314147466 -12.144514536200027521 0.000000000073269293 0.110995530736587300 0.000000000000000000
-4.591164602104765180 -11.280339652745361434 0.000000000050942403 0.389451218952306111 0.000000000000000000
-7.961278048238069616 -13.885623253298927438 0.000000000862728707 0.441221909040306448 0.000000000000000000
-7.271243219064854379 -14.054168725778341198 0.000000000496227082 0.424153612022096504 0.000000000000000000
-7.054895620553416791 -13.824214693412519850 0.000000000112008846 0.376962419910197355 0.000000000000000000
-5.297975545849474166 -12.817367366387099281 0.000000000499466189 0.321375785547841186 0.000000000000000000
-9.341182558125249003 -11.745702754450137562 0.000000000018375438 0.464969286310710828 0.000000000000000000
-7.352310230950879877 -13.527601943111092098 0.000000000035744910 0.338513598406624816 0.000000000000000000
1.148184893672558271 -12.279245763582313344 0.000000000000000000 0.276159310452399220 1238731.000000000000000000
1.367189522227255871 -11.507424683415267808 0.000000000000000000 0.359209847569655849 0.000000000000000000
3.593424049707415691 -15.121202016973036564 0.000000000000000000 0.397635313082490838 0.000000000000000000
4.461498409315324487 -13.711256253581842302 0.000000000000000000 0.386899593999768920 828661.705039150197990239
3.059489056583430511 -13.038987324676751811 0.000000000000000000 0.135995026545645603 1245315.000000000000000000
0.730321783603009589 -12.396185546131913924 0.000000000000000000 0.326082573184039493 0.000000000000000000
0.309502227838613031 -12.711409569918567186 0.000000000000000000 0.374655045330016867 0.000000000000000000
1.188015719059842157 -14.571997653741430412 0.000000000000000000 0.308184546744062871 1083272.845928337890654802
3.014040904698974899 -13.221525810893664854 0.000000000000000000 0.121539434037083366 1093811.623532617930322886
2.581786443104644668 -14.404047766699932254 0.000000000000000000 0.205523274993578281 1230317.000000000000000000
4.150798806102228511 -14.165503912028055922 0.000000000000000000 0.360289335257972576 968409.134102360461838543
2.999005603441551759 -14.057975226395718948 0.000000000000000000 0.182699725307703953 1225726.000000000000000000
2.612789223150544071 -11.448711503922606170 0.000000000000000000 0.329246942539444309 1283998.000000000000000000
1.471352514195228389 -11.428904224359397901 0.000000000000000000 0.363293102230116516 0.000000000000000000
2.483800470215964840 -15.818008903552849276 0.000000000000000000 0.453273069456540945 0.000000000000000000
11.147979504636449377 -7.690798698939545375 0.000000000000000000 0.234489232683384008 1408355.000000000000000000
12.781503305916217528 -8.583952197743212054 0.000000000000000000 0.436001941023900608 0.000000000000000000
11.119192700634060955 -10.667630980233512972 0.000000000000000000 0.363687713740531104 0.000000000000000000
12.497629930807802268 -9.742445085203577548 0.000000000000000000 0.421894390650887186 0.000000000000000000
8.380534562079665406 -9.898102861244245432 0.000000000000000000 0.403665543794018034 1384436.000000000000000000
9.161616722711704242 -10.497545311613215802 0.000000000000000000 0.372294663318630981 0.000000000000000000
11.738108927477794552 -7.600641973259919304 0.000000000000000000 0.319899536377900140 0.000000000000000000
10.349860358758872891 -8.564508090249702832 0.000000000000000000 0.032215323359095237 1349911.000000000000000000
10.709108514645043542 -6.469067591943002071 0.000000000000000000 0.404713372022946827 1066972.539724626112729311
11.663175350819237508 -11.036275890926667387 0.000000000000000000 0.464585500079809310 0.000000000000000000
10.566508770233106418 -8.718605942043588186 0.000000000000000000 0.040596132158537801 1350734.000000000000000000
9.013940442420004473 -6.639928096047656325 0.000000000000000000 0.439405228570877215 1298226.303529740078374743
9.508658880209768682 -9.420848480213798837 0.000000000000000000 0.189594997405883980 0.000000000000000000
11.464283786553684408 -10.424339905813333473 0.000000000000000000 0.355239271871408469 0.000000000000000000
8.161852281013141308 -9.450763628448713760 0.000000000000000000 0.407522004176155583 247791.010841252224054188
15.123383518859567332 0.060615484515385495 0.000000000000000000 0.282254586379647510 0.000000000000000000
14.156929227362528678 0.291733665579886225 0.000000000000000000 0.120837788171155480 449922.000000000000000000
13.976895004971565228 -0.840009118086568085 0.000000000000000000 0.164892040471520618 456455.000000000000000000
15.893718289941196176 -0.110101594438277578 0.000000000000000000 0.419793969409570589 0.000000000000000000
11.686269509831401336 -1.947044929086141352 0.000000000000000000 0.473261566746348949 0.000000000000000000
12.255435226737377619 -1.361201283602862411 0.000000000000000000 0.329321561298987375 0.000000000000000000
14.982215406006698544 2.270191702993300531 0.000000000000000000 0.468809524459487814 456007.000000000000000000
13.993953270547063283 -0.833374032774706452 0.000000000000000000 0.165338189446181977 0.000000000000000000
14.781044769778469927 -2.132145433583705341 0.000000000000000000 0.429696416014783145 456962.000000000000000000
11.388965625828015860 -0.218173200039938675 0.000000000000000000 0.385478503844454479 451041.000000000000000000
14.057415053255784443 -0.808869057730820629 0.000000000000000000 0.167569470314991947 0.000000000000000000
12.616370899782536341 1.424888143147733821 0.000000000000000000 0.297280372574138585 0.000000000000000000
15.292942498927658335 -0.175473577745637044 0.000000000000000000 0.313749620357268721 457877.000000000000000000
13.046824141671825359 2.329668698866490306 0.000000000000000000 0.413615718063537696 413494.793302082747686654
15.250210311013404407 0.814018502682259282 0.000000000000000000 0.335517868488848958 449968.000000000000000000
