-2.553246236058654528 1.900486606142478996 0.000000000000000000 0.358170670981421857 0.000000000000000000
-4.008162765419472251 2.513827084052381089 0.000000000000000000 0.396544296925356587 633854.000000000000000000
0.194054322049774269 3.529892058150910117 0.000000000000000000 0.441716152303947507 0.000000000000000000
-3.709125349270673055 3.532606844870238127 0.000000000000000000 0.266304925698803763 0.000000000000000000
-1.965258076152590183 1.327401510512800753 0.000000000000000000 0.459384376683060924 636063.000000000000000000
-3.651744246029505980 2.602434694481090105 0.000000000000000000 0.337950815389103432 637223.000000000000000000
-4.450830604601125451 5.140284686620304022 0.000000000000000000 0.449607134356153459 0.000000000000000000
-3.390993710723786414 2.807043338061623761 0.000000000000000000 0.279164241466131779 0.000000000000000000
-3.988189438349026616 2.786544418156949643 0.000000000000000000 0.365551522238869608 0.000000000000000000
-2.207621291713007139 2.237069623554376996 0.000000000000000000 0.294537842919970649 636084.000000000000000000
-3.130868913414384114 1.937777604575571244 0.000000000000000000 0.380775449271442967 631982.000000000000000000
-1.334109463156671893 3.407460166519938660 0.000000000000000000 0.185798634665654577 631290.000000000000000000
-1.619542529967456401 6.326556480126012794 0.000000000000000000 0.448620169184207218 339564.988510504947043955
-3.309075210412189438 3.702076043239508785 0.000000000000000000 0.190262556226688029 629978.000000000000000000
-0.227997194057260266 3.291249742656888078 0.000000000000000000 0.377228862920037156 630844.000000000000000000
-2.947973197751126762 -4.300104780693125406 0.000000000000000000 0.142967104863502587 0.000000000000000000
-4.712372005937913499 -4.144493345588475819 0.000000000000000000 0.439700573068270761 278251.107609135331586003
-0.268586905637936690 -3.527886091913210009 0.000000000000000000 0.360416972627369936 10425.675757961815179442
-4.600629585027195212 -4.813384021801272006 0.000000000000000000 0.448591448758798916 27889.302747355508472538
0.180777348640799529 -2.954127693786492426 0.000000000000000000 0.465553250068184543 0.000000000000000000
-2.480360914001611849 -5.136481185178639386 0.000000000000000000 0.225436617032392900 0.000000000000000000
-2.097954887169090288 -3.863803252935168242 0.000000000000000000 0.028947539761036870 0.000000000000000000
-4.805519677680066160 -4.038570885014254763 0.000000000000000000 0.454731598778304158 510474.000000000000000000
-1.947302100377071854 -3.236517727723362992 0.000000000000000000 0.128939184730036904 234109.196422666049329564
-2.433769707297956053 -3.203686338593165317 0.000000000000000000 0.126192315065047717 516140.000000000000000000
-0.330034644441012270 -3.529441070941551573 0.000000000000000000 0.349598695100244605 511179.000000000000000000
-2.126974922597091755 -5.045111746159596677 0.000000000000000000 0.207013969741849296 433744.991455887735355645
-3.107784894550832622 -4.260937156033999251 0.000000000000000000 0.165178642191093433 0.000000000000000000
-0.049765486293329629 -2.770562951625775039 0.000000000000000000 0.441240129044067675 510738.000000000000000000
-2.152803894843194676 -5.973172354756008495 0.000000000000000000 0.371427176621209831 513125.000000000000000000
4.262634753913871144 1.683551963762951020 0.000000000000000000 0.302512204908623850 578484.000000000000000000
6.195666345884113468 1.249189205445199624 0.000000000000000000 0.372743069383030312 362612.384226860827766359
2.264907392041278555 1.257390405610120832 0.000000000000000000 0.459035952151276516 577014.000000000000000000
5.560100630802951471 -0.720383497999586897 0.000000000000000000 0.226069082702589630 0.000000000000000000
5.828166027857621501 0.988791099773081661 0.000000000000000000 0.292654290857547128 32911.841479370727029163
2.687738801573949843 1.271677810024256727 0.000000000000000000 0.396373422158994626 568891.000000000000000000
3.610710571765782362 -2.472334764045928779 0.000000000000000000 0.468057179131734447 0.000000000000000000
6.373857590722117550 1.034587280885468807 0.000000000000000000 0.378865130790546067 0.000000000000000000
2.884282466136313783 -1.045947488369771916 0.000000000000000000 0.344939868058388610 0.000000000000000000
5.983794323275406946 -0.625133667227265155 0.000000000000000000 0.284453039556505027 578250.000000000000000000
6.803559649573917234 -0.589766048220474848 0.000000000000000000 0.421203837690778793 572507.000000000000000000
2.845185631436456752 -0.532454986487012838 0.000000000000000000 0.312166155373829524 575382.000000000000000000
4.410890615565444151 0.862239727528862243 0.000000000000000000 0.154314578093340843 571263.000000000000000000
4.325585893536100457 -2.027762152528628459 0.000000000000000000 0.361880873774517442 570034.000000000000000000
5.114273627468983285 1.130416343100146159 0.000000000000000000 0.227473628402210054 0.000000000000000000
11.266909230928924046 6.637590834013655794 0.000000000627751770 0.404687011106707795 0.000000000000000000
11.246110053393113759 10.112430720303516196 0.000000000796457994 0.288310052469579525 638680.000000000000000000
9.967891687958600144 9.503693359966854715 0.000000000301987726 0.148304308899537191 631478.000000000000000000
11.186782008991817960 8.143421817987674061 0.000000000107978356 0.184274727757916146 101983.562983982148580253
11.573462918705196500 10.668431554064557787 0.000000000924912742 0.401514942962090338 531967.684094184427522123
10.574365738797913750 11.126449186409187675 0.000000000319660723 0.418957143705781021 638311.000000000000000000
9.481196506038493510 9.364783479809934974 0.000000000903385028 0.187600668805587650 439060.851142105238977820
11.146821417933583831 11.315524931442762835 0.000000000430174099 0.471992540371079128 0.000000000000000000
11.097210579213667714 9.248358145531836882 0.000000000230544703 0.160835707421073421 0.000000000000000000
10.632741625240820227 8.028881469259196990 0.000000000889995838 0.136371540689098791 630171.000000000000000000
11.894453635047481654 7.141801011154695900 0.000000000746383112 0.394474829967588425 0.000000000000000000
12.074425533579272951 10.719101626149576845 0.000000000831436935 0.462870261283099327 0.000000000000000000
8.701249068136045040 6.994216493862303707 0.000000000513589500 0.424726940492920868 637467.000000000000000000
9.469200286910117725 8.609794918174447531 0.000000000639434790 0.157206988379531454 53483.183371343278849963
10.963170920686254206 8.012406831515209049 0.000000000149002848 0.170054251274692703 633253.000000000000000000
4.426609441991762317 13.142604249126852878 0.000000000000000000 0.373644891402551416 690404.000000000000000000
1.894795732327868576 14.040681563214263861 0.000000000000000000 0.157008170614822612 0.000000000000000000
3.563951741110184201 14.645019985745506119 0.000000000000000000 0.327615985636527662 695106.000000000000000000
2.448536766705413648 12.601573283745839404 0.000000000000000000 0.121936260062865773 698782.000000000000000000
4.645310389272239604 11.960467803794015751 0.000000000000000000 0.473736663955598991 0.000000000000000000
4.886810163608601876 13.064988175462350029 0.000000000000000000 0.456440401330426349 695941.000000000000000000
4.827230017422343700 12.985058679430936834 0.000000000000000000 0.447286277315413983 698390.000000000000000000
4.046813133377152205 13.055996865457863976 0.000000000000000000 0.307718161108944122 0.000000000000000000
4.264703581715354908 14.451330538908001344 0.000000000000000000 0.402522842472751441 691554.000000000000000000
4.296210121878220711 12.638611964164525148 0.000000000000000000 0.367612218339386954 693659.000000000000000000
0.288405790757174540 14.096247838095544935 0.000000000000000000 0.392768137747932455 694529.000000000000000000
-0.231101997719648455 12.973816467763796823 0.000000000000000000 0.460366841911173219 0.000000000000000000
2.246223040525515913 13.213126459425831527 0.000000000000000000 0.019363572833042651 630125.267641335027292371
3.848377079925082267 14.907897974076524505 0.000000000000000000 0.396314786023013732 692784.000000000000000000
0.214306918594754481 14.374624224684545482 0.000000000000000000 0.425452452890177579 693138.000000000000000000
-7.188861575040937701 10.182483074664814282 0.000000000229887055 0.283688240881973863 165793.995006244076648727
-8.919199871363245435 10.995954507673978640 0.000000000896798283 0.410099658856500182 1283961.000000000000000000
-6.940664973239544011 12.285351635367794287 0.000000000832046552 0.106940954168948013 1329979.000000000000000000
-8.070087538608431643 11.786183822149755684 0.000000000402428451 0.238721865378321019 1271968.000000000000000000
-8.514345078165023395 10.932227145075179564 0.000000000737169978 0.346648943652240249 1347120.000000000000000000
-4.247403972901558689 10.906464722612573937 0.000000000074693151 0.465709982360286046 1285224.000000000000000000
-4.298572235901350069 11.784899308309469745 0.000000000894734281 0.433912903923037663 0.000000000000000000
-8.347346231954942297 12.119445235480204914 0.000000000673893810 0.296420247732810338 1332739.000000000000000000
-6.446322498635061571 13.421898324586511109 0.000000000663333349 0.305845495818472368 0.000000000000000000
-7.568504416690434056 13.212003456355127184 0.000000000834114550 0.303234995396486740 820252.224861282156780362
-8.142326962909676169 11.590572375152969897 0.000000000203173141 0.252315223016299883 521675.439066846447531134
-4.763103597257162036 10.988015403455550612 0.000000000079827014 0.374121726597013760 0.000000000000000000
-4.809854360207578949 12.457077773149897837 0.000000000292976260 0.366808455507041442 0.000000000000000000
-6.169603148307311713 14.058448572694425494 0.000000000406203183 0.426328658643299774 0.000000000000000000
-8.638837647146131005 12.770248537784135934 0.000000000191124764 0.387230411208430270 1336765.000000000000000000
-11.552255971301173432 3.481041327045291567 0.000000000000000000 0.293885364018734940 817403.000000000000000000
-11.686998222210341680 4.011421277340142311 0.000000000000000000 0.216716910018980913 0.000000000000000000
-11.365604319311229276 2.380852375411747435 0.000000000000000000 0.467016416165457582 816837.000000000000000000
-13.625517745472064846 3.121547779207910267 0.000000000000000000 0.315415355305798339 810837.000000000000000000
-14.057664478392338125 3.157242989621957818 0.000000000000000000 0.356425870228673614 0.000000000000000000
-12.531092986288255631 3.023592261003757997 0.000000000000000000 0.289702789306362340 0.000000000000000000
-13.289693981749707063 2.595491500750313207 0.000000000000000000 0.376106964109714892 391178.889577821304555982
-11.577354235160244755 3.544099292106623444 0.000000000000000000 0.282963518491687827 819255.000000000000000000
-11.501898566102825683 5.375370689245561273 0.000000000000000000 0.247702852488878522 437676.219689498655498028
-13.838776542934519753 2.287597587336210214 0.000000000000000000 0.460764326233319643 814857.000000000000000000
-12.547185744034946353 5.068441674762752314 0.000000000000000000 0.073975571393446210 815045.000000000000000000
-13.504856449633548365 5.951793432299857578 0.000000000000000000 0.262248655557908106 817539.000000000000000000
-10.587975011358276234 5.741252092053436229 0.000000000000000000 0.421756407513894038 817551.000000000000000000
-12.004513150348252282 3.456632514881757601 0.000000000000000000 0.247437507212895036 0.000000000000000000
-12.767094154603844558 3.929401739535769433 0.000000000000000000 0.130621417695063302 0.000000000000000000
-14.435302608663464596 -4.601782522727224212 0.000000000000000000 0.307280639874762673 570396.000000000000000000
-12.709185868429877075 -3.565250189772104505 0.000000000000000000 0.193601952345325151 237819.491578581481007859
-13.415357014947888459 -7.314886352168679551 0.000000000000000000 0.474527792923265634 0.000000000000000000
-11.312688929374861146 -3.193462265868457273 0.000000000000000000 0.359645869464377710 0.000000000000000000
-12.098371602825720217 -4.737184149340568418 0.000000000000000000 0.110051327458010939 575395.000000000000000000
-13.830640161045629100 -6.576174147839162210 0.000000000000000000 0.384772756334370691 575556.000000000000000000
-12.534682708052644173 -2.111671013968326793 0.000000000000000000 0.447603507565958236 574999.000000000000000000
-11.793937720892296639 -5.972233934410202671 0.000000000000000000 0.278598134868190683 571287.000000000000000000
-11.510568074104526204 -2.374374348970524906 0.000000000000000000 0.455174706684760788 574198.000000000000000000
-12.257135659195229849 -6.954931176716210750 0.000000000000000000 0.404390133630256221 0.000000000000000000
-15.140644952882047036 -3.876258238134445921 0.000000000000000000 0.454420117222186781 0.000000000000000000
-14.609293486167084453 -3.383843897632060393 0.000000000000000000 0.405622517531648463 537306.147295423434115946
-13.454527705390676218 -2.967150417729143008 0.000000000000000000 0.325214467598737789 577117.000000000000000000
-12.452188825439266751 -4.241524889248847074 0.000000000000000000 0.089139195202366142 39947.442216005809314083
-11.727004269856278640 -5.287787093814053208 0.000000000000000000 0.205325179597367707 569733.000000000000000000
-6.176059279591298079 -13.758438188183260920 0.000000000857936619 0.374598522490697805 0.000000000000000000
-8.513429860646395397 -13.660831875102669386 0.000000000690100559 0.467384794897529432 0.000000000000000000
-6.849030715335802988 -9.467357545260588481 0.000000000660409056 0.398958868692199708 0.000000000000000000
-7.091787640009679983 -13.212049774645821643 0.000000000199001267 0.271891908087468548 0.000000000000000000
-6.340399865334800822 -11.819538430301989251 0.000000000376767289 0.072116947785887259 0.000000000000000000
-7.937374609269497228 -12.651345271029637019 0.000000000448299332 0.270756427395371535 0.000000000000000000
-8.109849232433251842 -11.938012980957562803 0.000000000514043354 0.248552202233611352 0.000000000000000000
-7.166123217980407745 -10.841584674431809177 0.000000000318469364 0.173363703578053391 0.000000000000000000
-5.481803830139569733 -13.904290809553897290 0.000000000603614441 0.446857081373074838 0.000000000000000000
-5.301783218054172409 -10.167449916315719705 0.000000000654235942 0.374960129988712254 0.000000000000000000
-7.580149402259635849 -10.922895377240637416 0.000000000199155543 0.206480204572246223 0.000000000000000000
-7.737825549360222155 -10.761226187823512035 0.000000000670572147 0.246515097191164489 0.000000000000000000
-8.513421194610783616 -10.647660018433958484 0.000000000512868141 0.369529040451509638 0.000000000000000000
-4.479948400832378219 -10.721923673532819166 0.000000000303114142 0.438626284563124635 0.000000000000000000
-7.493116694404688083 -12.086319471206754983 0.000000000689085130 0.150376647906356353 0.000000000000000000
4.793732397072926865 -13.569629560553384096 0.000000000000000000 0.441384741761148669 1226739.000000000000000000
3.510191622906538633 -13.978914021862948402 0.000000000000000000 0.244006620677523656 494763.970888243289664388
2.454409452837002625 -15.775668603421229008 0.000000000000000000 0.445471494148704406 1219741.000000000000000000
3.454377809385539067 -11.101164611772894375 0.000000000000000000 0.435634408908974646 1237220.000000000000000000
2.397310697272631685 -15.695433366546675202 0.000000000000000000 0.430828749553505974 1195386.000000000000000000
3.357144404352496281 -13.434877051408012250 0.000000000000000000 0.184452674817513457 0.000000000000000000
0.313627390455550770 -14.952647248124007362 0.000000000000000000 0.467791336740318031 1268112.000000000000000000
3.419053142476180973 -14.853113957625335928 0.000000000000000000 0.340737083353044312 1197414.000000000000000000
3.910067606829866538 -12.102886635689236172 0.000000000000000000 0.349994100222562832 535646.146221005707047880
0.839243430793045531 -13.006042767037254038 0.000000000000000000 0.270791501773770593 0.000000000000000000
1.894670606142177416 -11.704854059895172469 0.000000000000000000 0.290711193619819730 1268370.000000000000000000
2.164707733973047610 -11.894805185670895398 0.000000000000000000 0.247952022764471258 1222124.000000000000000000
1.016512073823663265 -15.600855304192545958 0.000000000000000000 0.475973440310223317 1196022.000000000000000000
1.588506624065011197 -15.793677969866889654 0.000000000000000000 0.467574496485700764 1282251.000000000000000000
3.009116093903074329 -15.014602166443793863 0.000000000000000000 0.331939896716730853 1249568.000000000000000000
9.116832885464940972 -8.725362589935951263 0.000000000000000000 0.218163952429143992 1349731.000000000000000000
9.331182508736411307 -8.041702838466743941 0.000000000000000000 0.218534303366319627 1333550.000000000000000000
11.211876642015559113 -11.278133166226664841 0.000000000000000000 0.469422101876106779 1350274.000000000000000000
9.386771450917398951 -9.794036267866404799 0.000000000000000000 0.250293409780661669 1344439.000000000000000000
8.861776952971919030 -9.974729865184759348 0.000000000000000000 0.340513762417977983 779356.458288474124856293
11.148176479299051422 -11.204015230673020298 0.000000000000000000 0.453512156690691115 442022.007662216492462903
10.283285166560766299 -8.491575063672318180 0.000000000000000000 0.046112572646086536 1347239.000000000000000000
9.684729894340520673 -10.401324027168335817 0.000000000000000000 0.312860665838294361 0.000000000000000000
9.256534242421212255 -10.208561390661898827 0.000000000000000000 0.321156408526256876 1312901.000000000000000000
11.402267546818389832 -7.531803510693257486 0.000000000000000000 0.284832291679943006 0.000000000000000000
11.320711290223080425 -7.472454987762262135 0.000000000000000000 0.283520153525235519 1326610.000000000000000000
11.322376408406684689 -7.226553856088634653 0.000000000000000000 0.318691043196596691 1405950.000000000000000000
9.645227042045700472 -10.027996431006437561 0.000000000000000000 0.256607465037074545 1354523.000000000000000000
10.698579034179168445 -10.434537361258973576 0.000000000000000000 0.302369440637425102 1387715.000000000000000000
11.068997409101662299 -10.634763600405293005 0.000000000000000000 0.355032216553532398 1316670.000000000000000000
15.053105984286730745 -0.748061310868537110 0.000000000000000000 0.298903316169087663 450241.000000000000000000
13.656625954795925892 0.761125038106030383 0.000000000000000000 0.133474207002212630 451010.000000000000000000
13.078990924983960653 0.817270875825224841 0.000000000000000000 0.163965064804514976 0.000000000000000000
13.516367390097016710 -1.338469746426754092 0.000000000000000000 0.232013971725870516 448204.000000000000000000
12.549399202905339834 -0.800672260860931129 0.000000000000000000 0.224901835253846827 450629.000000000000000000
14.328789764622898772 -0.380892333341477207 0.000000000000000000 0.155113461947065961 448970.000000000000000000
15.036883793485820604 0.056520343361724665 0.000000000000000000 0.266820370455330580 0.000000000000000000
14.465074299462331808 0.405013062058325213 0.000000000000000000 0.178990362333446229 457851.000000000000000000
14.814516265538776096 0.729542832168379674 0.000000000000000000 0.259667262867661397 450905.000000000000000000
13.687833252064779188 -1.603858401481653262 0.000000000000000000 0.279092220920271861 0.000000000000000000
14.635243604458429090 1.165894352071306761 0.000000000000000000 0.280489837079552329 237220.252321832464076579
11.638691029028748858 -1.085478208098443753 0.000000000000000000 0.388118706606357389 84141.590302873941254802
11.452319177423790464 1.205464313600354442 0.000000000000000000 0.427329723297134423 452479.000000000000000000
12.349737302504573577 0.007813228999136362 0.000000000000000000 0.212369109089734248 194118.491218619485152885
14.390087205943142834 -1.775294854592179838 0.000000000000000000 0.342361215439451916 452342.000000000000000000
