-0.499913393453746302 2.708452583884355835 0.000000000000000000 0.377519081496321685 10121.000000000000000000
-1.736443767167465069 4.241021921534049000 0.000000000000000000 0.112041498807505455 10200.000000000000000000
-1.436666804769668904 6.236788326801464777 0.000000000000000000 0.442875515717746526 10536.000000000000000000
-4.099213775893758793 4.897606464976475671 0.000000000000000000 0.373876985797851946 10123.000000000000000000
-2.928300837255160438 2.535476917643706862 0.000000000000000000 0.269141146931264730 10374.000000000000000000
-0.403858480840810496 3.332446821662100156 0.000000000000000000 0.345099258242682172 0.000000000000000000
-2.788729760801761604 2.405276661277023109 0.000000000000000000 0.280786806829111446 0.000000000000000000
-0.631807458854610426 4.491050803595346252 0.000000000000000000 0.308997663881641960 10062.000000000000000000
-3.686702402113255062 5.785661798185989468 0.000000000000000000 0.422621167996128699 10524.000000000000000000
-0.189993974987855307 4.964136340840243911 0.000000000000000000 0.415293215077567668 10264.000000000000000000
-4.567466320077853581 3.196387799617315117 0.000000000000000000 0.429652306697592468 10047.000000000000000000
-3.852841559181481301 5.370097136888518641 0.000000000000000000 0.387460022791814240 0.000000000000000000
-3.020697252270679201 3.313807020608272147 0.000000000000000000 0.170287999319253591 10860.000000000000000000
-1.992392532506620073 5.427296642216094646 0.000000000000000000 0.277830292740680773 3000.337513933140144218
-4.553576209723736667 2.770254221405450412 0.000000000000000000 0.454997747347275661 0.000000000000000000
-2.624955367736179213 -1.337871314190881789 0.000000000000000000 0.459115551483733952 8768.000000000000000000
-4.431214975403082512 -4.175956893120242874 0.000000000000000000 0.390591432642604763 8919.000000000000000000
-4.502971038783885049 -2.815538930942668827 0.000000000000000000 0.443379468792454656 0.000000000000000000
-1.541502426529525627 -1.464476657141134508 0.000000000000000000 0.450535860125981125 486.483332854183345262
-1.384585630188283956 -5.207135577014856409 0.000000000000000000 0.281559555922764659 8619.000000000000000000
-1.178286458178485541 -5.295758019526478400 0.000000000000000000 0.315811962687949588 8366.000000000000000000
-2.223446010089025204 -3.527418357815786276 0.000000000000000000 0.064903335019761865 8716.000000000000000000
-2.092404648374296627 -5.899207078937545923 0.000000000000000000 0.359006510493695918 0.000000000000000000
-3.973109802903201704 -2.201366780806138568 0.000000000000000000 0.428619257448496438 8715.000000000000000000
-2.167691279828698026 -6.211961886823739398 0.000000000000000000 0.413782537612916279 8428.000000000000000000
-3.618660903510863669 -3.133851832687027716 0.000000000000000000 0.277328121389907367 8753.000000000000000000
-1.363473703798273151 -2.183778170134894392 0.000000000000000000 0.343249456531153185 8549.000000000000000000
-2.292489653943149186 -6.205843016616764629 0.000000000000000000 0.412406345208475800 8230.138811216354952194
-2.940509468040160002 -3.095322997909771612 0.000000000000000000 0.186588927993466186 0.000000000000000000
-4.764691915744790229 -3.513669616313792154 0.000000000000000000 0.451681798936877377 0.000000000000000000
5.458433901869255145 -0.647654743225022700 0.000000000000000000 0.203829174130112173 803.554458304149648029
4.659730437060746411 2.253886975534245440 0.000000000000000000 0.401238845720819248 6242.618614019306733098
6.544660793977541857 1.297453432334684686 0.000000000000000000 0.428853181527709904 0.000000000000000000
3.400878047484988009 1.026946166095749291 0.000000000000000000 0.269647865389586072 7939.415443690896609041
4.317550565338369672 2.182665195868902508 0.000000000000000000 0.389419506358883227 9343.000000000000000000
3.270619266384063195 0.754578823682243716 0.000000000000000000 0.259086074042183423 3583.777636162294129463
2.609981404175564457 0.468724586174943392 0.000000000000000000 0.349461378059279015 9290.000000000000000000
3.477902880309834632 -1.026506754818426126 0.000000000000000000 0.259652574015402537 9294.000000000000000000
4.914303580492208390 2.538824445356534287 0.000000000000000000 0.456528913983790530 0.000000000000000000
6.369006653575303822 -0.663639900212054323 0.000000000000000000 0.350915291271064356 9470.000000000000000000
6.898093315704560524 0.329626760551910813 0.000000000000000000 0.428860682171827878 0.000000000000000000
4.709222031728933722 -2.380503845662955253 0.000000000000000000 0.424300174166518107 9960.000000000000000000
3.649436170887964792 1.512511440876881386 0.000000000000000000 0.309918447006102438 9588.000000000000000000
5.247271033688375219 -0.686395500613789844 0.000000000000000000 0.178688129069415891 9606.000000000000000000
2.509493814337372175 0.387003839633238200 0.000000000000000000 0.363849151525749648 9307.000000000000000000
9.625272565404838332 10.396464156067276363 0.000000000188965366 0.316215557731518992 0.000000000000000000
8.750213842408930631 9.247630252080577762 0.000000000293698523 0.296760256027656932 10985.000000000000000000
11.873027186912290531 8.577131829010209429 0.000000000040011400 0.274778189122997896 0.000000000000000000
10.242439091479901947 7.661700888846652902 0.000000000807629784 0.191312043725322845 0.000000000000000000
10.368276885405050436 6.781965541783748996 0.000000000686627103 0.344748729020403377 0.000000000000000000
12.874662573078524019 8.393738221848858316 0.000000000632585856 0.455875290025380908 10132.000000000000000000
8.618823428068573378 8.628829747756080693 0.000000000722829402 0.307599949646950310 10503.000000000000000000
10.532007795158561336 8.026218304458565100 0.000000000046169531 0.131044459219001791 10982.000000000000000000
11.249561249182461253 7.814606250423213218 0.000000000599279798 0.230125889940063555 10163.000000000000000000
8.109303737558244407 9.897662961075216259 0.000000000851227405 0.446149984474267625 309.934541948037292514
7.877236379471153072 8.356678139888355616 0.000000000043538483 0.444406186467309783 10802.000000000000000000
9.131088034128637787 7.846381297859429615 0.000000000352802225 0.267511426602666580 10095.000000000000000000
11.819571802539897476 6.757225954519585187 0.000000000729681549 0.436725477705616316 10103.408809264477895340
8.306327587898978848 7.641868019606737228 0.000000000098123758 0.411458721782332226 10323.000000000000000000
9.805043646182753037 6.276334316538460634 0.000000000427750819 0.444110058645327432 10216.000000000000000000
1.987108828667727867 14.872150966648545634 0.000000000000000000 0.290802137137660621 0.000000000000000000
0.388695414312731358 13.673182066076947194 0.000000000000000000 0.353873878894439664 2774.626683753073848493
4.144241269507714875 12.712329168455072548 0.000000000000000000 0.337832748922310189 0.000000000000000000
3.524861530420793088 11.527433774549832535 0.000000000000000000 0.376763728844103307 8153.093952705615265586
2.655804267641071359 11.476381285359918749 0.000000000000000000 0.325633395711463380 0.000000000000000000
1.048734775848405798 14.562741487390033157 0.000000000000000000 0.324007381139429784 6036.967868412401003297
1.202099739332304074 13.773268068458046187 0.000000000000000000 0.220331679900640148 6625.832961306642573618
4.243104161183296696 11.527867748056760178 0.000000000000000000 0.460999485487307570 0.000000000000000000
1.481698399334523408 11.083037086650872283 0.000000000000000000 0.419234039922365798 11259.000000000000000000
4.123508626281947365 14.462293863210680556 0.000000000000000000 0.382324836959430259 0.000000000000000000
3.767801018871669516 15.372651206669235791 0.000000000000000000 0.452081293164626752 0.000000000000000000
0.104683191026621797 14.408512648539369749 0.000000000000000000 0.445589713390517617 0.000000000000000000
4.127637078325631315 11.457150696639011755 0.000000000000000000 0.454913034700804852 11135.000000000000000000
4.346842584088634887 12.928233150020954412 0.000000000000000000 0.363986475971692536 11844.000000000000000000
0.034049221818957108 12.585673139639617091 0.000000000000000000 0.428034810338282445 0.000000000000000000
-4.939477367388876772 12.179011842053864001 0.000000000169983842 0.329805719128430874 0.000000000000000000
-5.723437634696500353 11.620876438973207101 0.000000000158275329 0.180663197759436456 21573.000000000000000000
-5.406192867555140502 11.013874240167531582 0.000000000182261211 0.267341511870565929 21186.000000000000000000
-6.762510250683968493 11.666742284268208252 0.000000000814496623 0.010638752059626902 0.000000000000000000
-5.358801798583975540 13.807234845498447484 0.000000000821149625 0.443776194670057078 21601.000000000000000000
-6.875266393287660982 11.572374644502753327 0.000000000739864330 0.036311695225174231 17408.248908603265590500
-8.963403205317723277 11.662765646919645235 0.000000000160297232 0.397748463021226406 8832.532661403294696356
-6.116232401850937528 12.624452017190195718 0.000000000418468102 0.194420587074566859 0.000000000000000000
-5.036567278531438596 10.987992279477360569 0.000000000782791429 0.328828469739374241 0.000000000000000000
-5.821481841160527360 9.802538716872208013 0.000000000658043279 0.376270051524951687 21593.000000000000000000
-8.086953415880667961 10.709175132390665652 0.000000000837183048 0.300194628926618301 0.000000000000000000
-5.987153407431602403 11.934710483566766115 0.000000000876245469 0.138233395056274994 0.000000000000000000
-4.505376800758473799 12.952243167743915819 0.000000000682159487 0.453199251169284445 21664.000000000000000000
-8.679390914720578110 10.646837324764078403 0.000000000247774542 0.395277098813063721 21323.000000000000000000
-7.387060144887211521 10.210321717454490908 0.000000000728646312 0.291189225176591071 21573.000000000000000000
-14.395020870466725071 6.638697913749238566 0.000000000000000000 0.453015944617920552 8652.284126536163967103
-14.501123803533612744 5.836435501894372102 0.000000000000000000 0.376580044549728432 13611.000000000000000000
-11.046143454026378095 4.725125665261025176 0.000000000000000000 0.297240410499850505 13417.000000000000000000
-10.672685583500767237 5.727169493672072953 0.000000000000000000 0.407130016174231502 13489.000000000000000000
-12.414126728532675514 2.915527957227893374 0.000000000000000000 0.311339410966779417 835.046614160760100276
-11.830625679807214468 5.046288066222841984 0.000000000000000000 0.169839768325706381 2737.141302129653468000
-11.229758526665257534 3.747720929033475201 0.000000000000000000 0.310248633975780674 2769.768358383058966865
-10.413537969534118588 3.358895655367134747 0.000000000000000000 0.470194571836721531 13553.000000000000000000
-12.087790728964122877 3.049137903062107746 0.000000000000000000 0.304787648144994816 0.000000000000000000
-12.116308234482215056 5.989510203297837343 0.000000000000000000 0.251779331298727482 13412.000000000000000000
-12.002335162337031349 6.977159341349924659 0.000000000000000000 0.419771325923943672 0.000000000000000000
-10.528082280663531023 6.051701843560830518 0.000000000000000000 0.457301402614091190 0.000000000000000000
-13.716518653134675887 3.315538235842806269 0.000000000000000000 0.296550132549902534 0.000000000000000000
-12.579044217624137048 4.200488110654734264 0.000000000000000000 0.086528544910243158 13862.000000000000000000
-11.478452182637532530 3.308389519683991864 0.000000000000000000 0.324749560490554368 0.000000000000000000
-11.376109350455717362 -4.764806356997177694 0.000000000000000000 0.238791777321166215 0.000000000000000000
-13.668575411772344808 -2.242487722391507177 0.000000000000000000 0.455773708909849473 9576.000000000000000000
-13.222953931561582053 -5.779727642978576441 0.000000000000000000 0.211766527257879700 0.000000000000000000
-12.771721507785793293 -6.857159073688988471 0.000000000000000000 0.378895003469892300 698.277717852983528246
-11.907135581666468127 -2.246829830209095658 0.000000000000000000 0.447172322650376264 0.000000000000000000
-13.515280617544329189 -6.337830484303503376 0.000000000000000000 0.321579308533406327 0.000000000000000000
-13.392166110340467000 -6.126523667869275158 0.000000000000000000 0.279044572322652229 9092.000000000000000000
-13.077328267522318583 -4.741982021721258711 0.000000000000000000 0.065855206294798310 1098.475839685151640879
-10.856568914898087286 -6.616176830592842784 0.000000000000000000 0.473039739889419331 9007.000000000000000000
-12.078983163902371700 -6.051724528885910281 0.000000000000000000 0.264424929255071051 9799.000000000000000000
-11.776791362728920021 -6.383384220188482061 0.000000000000000000 0.340635607583770761 0.000000000000000000
-11.663997979477562339 -2.207858725791841170 0.000000000000000000 0.469306091547884108 1313.999769354379623110
-12.859299106805369917 -2.629687561913570004 0.000000000000000000 0.357112962483082497 9495.000000000000000000
-14.372133546035692930 -3.671719102600315754 0.000000000000000000 0.343366063678415878 0.000000000000000000
-13.986716678912623379 -3.396112622336020959 0.000000000000000000 0.317829560540743239 0.000000000000000000
-9.150610859753239623 -10.611336676199353946 0.000000000906663520 0.473220577500794215 0.000000000000000000
-8.591387975191857151 -13.635151734933357304 0.000000000124689194 0.473653024114201626 0.000000000000000000
-5.546380616891847914 -13.571724938091934476 0.000000000192366594 0.390514917504471037 0.000000000000000000
-8.739188866504948194 -11.408101726869748660 0.000000000736727367 0.361848957502571067 0.000000000000000000
-7.143234135066515833 -10.903247364902927785 0.000000000261460959 0.161787470154790669 0.000000000000000000
-6.534860671435193780 -11.828437817104610730 0.000000000704770647 0.040218556387573483 0.000000000000000000
-8.464315118549663453 -11.991759758142794823 0.000000000092023972 0.312431257331204082 0.000000000000000000
-6.076207303795331249 -13.019788062914487980 0.000000000418737319 0.258435276750790865 0.000000000000000000
-5.935052645112856240 -9.680990636754271961 0.000000000828829269 0.387904161577171447 0.000000000000000000
-6.385705710839652660 -11.843806147197492251 0.000000000824750004 0.065647901580645665 0.000000000000000000
-8.684937974442153319 -11.917267695191553045 0.000000000072837834 0.349765067795879958 0.000000000000000000
-8.330830236447932080 -11.257838672104607980 0.000000000425896083 0.296298477496647616 0.000000000000000000
-8.566375529245268794 -11.737100396773692879 0.000000000052381065 0.326888453598623341 0.000000000000000000
-7.923003372623135476 -13.491703308130285066 0.000000000065652589 0.378498267863951243 0.000000000000000000
-6.082269385632397274 -11.416594683374521324 0.000000000490923125 0.127629649810498069 0.000000000000000000
4.507221200217876422 -12.411317673695771546 0.000000000000000000 0.416720181959470470 20653.000000000000000000
2.638402455700850080 -12.891474800153380542 0.000000000000000000 0.087420285098870745 20988.000000000000000000
3.901940780479090876 -14.369307158056743745 0.000000000000000000 0.340374740295985301 0.000000000000000000
3.999703295885465248 -12.639698054205815936 0.000000000000000000 0.317713710592439691 3740.629642375478852045
3.776331951010273524 -11.173557889697264045 0.000000000000000000 0.453999790442438822 0.000000000000000000
2.591538247925125660 -15.880158175416207555 0.000000000000000000 0.465795044789701851 20028.000000000000000000
2.750978785278816119 -11.935251934454495171 0.000000000000000000 0.250123588698381860 20871.000000000000000000
3.693313661711344231 -14.590994192364254545 0.000000000000000000 0.336704584277626562 20606.000000000000000000
2.470787115983625881 -15.767761287736345110 0.000000000000000000 0.444212994733087396 20427.000000000000000000
4.646379875854733221 -13.194761508913565251 0.000000000000000000 0.412301676226375979 20943.000000000000000000
4.107513717136975551 -14.591418227853930389 0.000000000000000000 0.393170521300973852 0.000000000000000000
1.574433091565485832 -13.488211725061690416 0.000000000000000000 0.140580430742686668 20109.000000000000000000
4.596311289642503795 -11.997924441444405730 0.000000000000000000 0.462860641643954462 0.000000000000000000
1.571863558017116524 -15.718267081308882283 0.000000000000000000 0.455593831829497253 20468.000000000000000000
1.021253349241311170 -13.452017393125242251 0.000000000000000000 0.236101450067995683 20425.000000000000000000
11.881821232051956727 -8.032307718652422324 0.000000000000000000 0.301886059822810360 22263.000000000000000000
8.313776093480466756 -9.787520371956803800 0.000000000000000000 0.404869117350345753 22786.000000000000000000
11.481841604931139145 -9.027099512476729259 0.000000000000000000 0.209207093539398287 22984.000000000000000000
11.006973444112029270 -11.151717926170340078 0.000000000000000000 0.437441200919121309 0.000000000000000000
8.963416320585649189 -9.775859807425433701 0.000000000000000000 0.304751732474688952 0.000000000000000000
11.759723676224563604 -8.987164496046771589 0.000000000000000000 0.256390588272050135 22397.000000000000000000
12.675186681442129455 -9.925670339243378493 0.000000000000000000 0.464158031216385103 22741.000000000000000000
11.459242975053342661 -9.743921191571812912 0.000000000000000000 0.264845506055830127 22184.000000000000000000
8.986056895063693872 -8.636624876852360799 0.000000000000000000 0.242227682295261620 0.000000000000000000
9.726107389370572065 -10.137888921367542494 0.000000000000000000 0.267408494202155511 22231.000000000000000000
10.268353670044987780 -9.185145751905572808 0.000000000000000000 0.077740328799761213 0.000000000000000000
7.799439207390673978 -8.518696844730007101 0.000000000000000000 0.454696608102036437 22472.000000000000000000
11.827941666638189133 -9.753523514254558435 0.000000000000000000 0.318145739639256908 22522.000000000000000000
11.159023189891966510 -6.829171355421938649 0.000000000000000000 0.366301042120149745 0.000000000000000000
8.942182094084946797 -7.012008288386470944 0.000000000000000000 0.393910727244593029 22086.000000000000000000
13.911253076609886747 1.812299688855004032 0.000000000000000000 0.320684878261216721 0.000000000000000000
12.929989421510081016 1.920671895642357407 0.000000000000000000 0.350613514320927355 0.000000000000000000
14.469240944809964589 -1.707718407063733457 0.000000000000000000 0.338538170800351423 7378.000000000000000000
12.000785676857656625 0.169565656748693810 0.000000000000000000 0.276139822802050905 0.000000000000000000
12.887403757252426928 -0.350723911677118916 0.000000000000000000 0.131462813594248246 3251.468298686389061913
14.935205848469211176 -1.641827379801315656 0.000000000000000000 0.377121042612687696 7140.000000000000000000
14.115809954434974216 -1.920897521946735464 0.000000000000000000 0.347904955989734199 7302.000000000000000000
14.587438331287637894 2.519930791204860299 0.000000000000000000 0.473933158160909362 0.000000000000000000
12.096651151196351037 1.633496684064877247 0.000000000000000000 0.383258036002034619 0.000000000000000000
11.565580284046177439 -1.044881590085870116 0.000000000000000000 0.396276082715924294 7533.000000000000000000
14.137513759305198491 -2.503228853835156809 0.000000000000000000 0.446087609179322941 7259.000000000000000000
14.607328679769430835 -1.686242382752709101 0.000000000000000000 0.348032161934399453 7360.000000000000000000
14.349408345629415251 -2.242201299813564752 0.000000000000000000 0.413782029652219774 0.000000000000000000
15.743602031904073257 -1.124948211215630156 0.000000000000000000 0.437916481683816861 4975.460252557439162047
11.660345315277364620 -1.759708750743877781 0.000000000000000000 0.453937719605317147 7757.000000000000000000
