-3.913336552369112820 4.619193317088805983 0.000000000000000000 0.322247642257927513 634100.000000000000000000
-4.339524672572139252 3.439919744366141785 0.000000000000000000 0.379480945968016847 631578.000000000000000000
-0.565424835076511978 3.537967260528380731 0.000000000000000000 0.308149847714190295 569381.543640188057906926
-2.430055750975332884 2.735304577915945057 0.000000000000000000 0.207926663037001053 635323.000000000000000000
-4.135017887685475735 4.325278195114479196 0.000000000000000000 0.343328707288768131 634105.000000000000000000
-2.364646427560300079 2.060333699746246694 0.000000000000000000 0.326404929251777332 0.000000000000000000
-3.219608498238633931 2.564609677207705829 0.000000000000000000 0.291621698705373023 636054.000000000000000000
-0.374291903083050048 4.561830413401323447 0.000000000000000000 0.356438332187368812 496325.768263809208292514
-3.287487776410200180 4.968125345354271083 0.000000000000000000 0.265465803523795896 634444.000000000000000000
-2.127232836792722459 3.668215225173932836 0.000000000000000000 0.045911477250236518 553071.137387253227643669
-1.897083281674228239 3.839200895222965926 0.000000000000000000 0.065002488197227620 635589.000000000000000000
-2.050974443374615763 6.474908444710350430 0.000000000000000000 0.461781341853925664 635282.000000000000000000
-1.957877863901496873 3.139701723017811918 0.000000000000000000 0.143987174057095879 0.000000000000000000
-3.938691548284170452 5.241741752560488798 0.000000000000000000 0.384110989815389881 0.000000000000000000
-1.422719623748180284 4.897328515386472958 0.000000000000000000 0.233150936343224396 633592.000000000000000000
-3.254953756536301146 -2.838967134665407954 0.000000000000000000 0.258024688429428162 0.000000000000000000
-4.496506580334520109 -4.953732972484552910 0.000000000000000000 0.441491171847359365 515917.000000000000000000
-3.803313346402728001 -3.310459524428280176 0.000000000000000000 0.294066586142583353 0.000000000000000000
-3.899654791201676574 -2.455966318916499969 0.000000000000000000 0.388222586660209534 0.000000000000000000
-0.229860968414615646 -3.856379549177760602 0.000000000000000000 0.361541309045734616 246683.812252442090539262
-2.699969034211388230 -6.279160817102058090 0.000000000000000000 0.432574316535786541 513123.000000000000000000
-3.654942978111655805 -4.119216489463230602 0.000000000000000000 0.252248363147460797 0.000000000000000000
-0.258590631212172350 -3.165017684338284898 0.000000000000000000 0.379066304180235014 490402.343992246198467910
-2.100240236630986246 -4.141138766822415107 0.000000000000000000 0.052824581545455135 0.000000000000000000
-3.889714114540395951 -5.811903714344873961 0.000000000000000000 0.448869255373147202 518357.000000000000000000
-0.143254337247794739 -5.476644941549059453 0.000000000000000000 0.471114411678707878 0.000000000000000000
-1.452514406181048212 -5.474875926188131459 0.000000000000000000 0.316699747292050471 515887.000000000000000000
-2.530427506267153959 -5.377741896042335767 0.000000000000000000 0.269293360703815154 0.000000000000000000
-3.761756222676396089 -2.113168825752008484 0.000000000000000000 0.414502603853140805 0.000000000000000000
-1.480449764107995891 -3.427893972053365435 0.000000000000000000 0.161235571952714679 359184.566663521283771843
4.712020108069187252 1.222478026545999796 0.000000000000000000 0.220019338820196114 573622.000000000000000000
3.919209535181135795 2.514142981739504012 0.000000000000000000 0.459249701747977745 573261.000000000000000000
2.712886017781352965 1.542673117789947534 0.000000000000000000 0.422297256351356398 572840.000000000000000000
2.538365098083688931 -0.584840891590074463 0.000000000000000000 0.367176763287009655 578199.000000000000000000
3.886751136821382957 1.335057118482822824 0.000000000000000000 0.262331439371184305 570289.000000000000000000
4.464395661488492983 1.977257029199998017 0.000000000000000000 0.351422686805098416 571482.000000000000000000
6.921686872705842042 0.243884578957795306 0.000000000000000000 0.431237134780629972 0.000000000000000000
6.186589511280962128 0.059318796379339900 0.000000000000000000 0.298253406109082353 570238.000000000000000000
5.009349332997755866 2.068081089202298717 0.000000000000000000 0.377755287538351470 569322.000000000000000000
2.922930260036867178 0.672571695358750499 0.000000000000000000 0.307792753021011056 0.000000000000000000
4.066286432151300367 0.436448758341491216 0.000000000000000000 0.111311187138590242 570656.000000000000000000
3.413787235224102989 -0.231831109154105791 0.000000000000000000 0.200408516884973298 0.000000000000000000
4.572757295112125142 -0.439723477784658201 0.000000000000000000 0.078821291668810467 370568.202701282047200948
6.239364184414309733 0.681057787018087168 0.000000000000000000 0.330365195273210788 520294.907734125328715891
5.918361254300998908 0.864356750594818535 0.000000000000000000 0.293539860041587719 573786.000000000000000000
9.460945922770010341 9.306747746729250537 0.000000000175223599 0.184960047989113002 635005.000000000000000000
8.369101633975304821 8.742301493786342803 0.000000000481932731 0.351391295853074714 638633.000000000000000000
10.721666931186977223 9.460362974701109096 0.000000000410376673 0.142123021250230269 631539.000000000000000000
11.119241325443599777 8.675610163220602189 0.000000000542166441 0.139369730606653336 576418.006728890002705157
11.163563115100179957 8.277851941444950512 0.000000000319143483 0.168215524897829621 415262.891698222781997174
10.165675248564836508 9.053614557991480183 0.000000000636243781 0.062016193553921323 0.000000000000000000
12.202301550849361078 8.269675794404710345 0.000000000751399155 0.342204867338315455 0.000000000000000000
9.035591864066372381 9.283848359862885147 0.000000000700569774 0.250937694831662894 636235.000000000000000000
10.557040264552540521 10.311383612507409424 0.000000000212015471 0.276745148706442512 636290.000000000000000000
11.211800087334006903 10.625299709625410927 0.000000000307703505 0.363538231522816169 0.000000000000000000
8.903545525252630100 10.028784042373015239 0.000000000162325646 0.340969730325335174 635574.000000000000000000
11.740644436901190417 7.335132984406736334 0.000000000350194239 0.351227879880027405 0.000000000000000000
11.698213156803888069 8.282445577306653206 0.000000000027254031 0.255328666770175128 635351.000000000000000000
9.111417452620878876 10.491632342643393727 0.000000000763825193 0.376589370648322375 637941.000000000000000000
8.742434250143306329 10.255645568630239239 0.000000000255815319 0.389044574056000181 636267.000000000000000000
3.954911617312652616 14.927617100500480518 0.000000000000000000 0.411958711237274122 696138.000000000000000000
2.929610514859595227 13.187859795980051203 0.000000000000000000 0.107266806224335792 692195.000000000000000000
3.668319053270315599 11.588697810789085452 0.000000000000000000 0.383105450895423749 698142.000000000000000000
0.888398562610636877 11.557741320476536018 0.000000000000000000 0.400219589846510904 691898.000000000000000000
3.155428802733703630 14.891855757093589219 0.000000000000000000 0.322617266404910730 0.000000000000000000
1.324363933164742546 15.369976652461588174 0.000000000000000000 0.414028527323847706 697810.000000000000000000
2.233326816231430367 15.144348888469629344 0.000000000000000000 0.333073720500200177 692518.000000000000000000
1.582670937911277997 12.920019541519026873 0.000000000000000000 0.148273156458708977 692650.212895340402610600
1.891037740806241096 15.777990067598015145 0.000000000000000000 0.452405467756750779 696805.000000000000000000
2.423533753957078485 15.783187337470231171 0.000000000000000000 0.446583828740940270 695555.000000000000000000
1.118994014684061344 14.882053621679355970 0.000000000000000000 0.358736572883330829 694136.000000000000000000
2.751053230721111742 11.007961373521251147 0.000000000000000000 0.410699738403269732 0.000000000000000000
2.113502973892766867 13.893988433370958901 0.000000000000000000 0.116767198257921256 694848.000000000000000000
0.102688745316782334 12.957076225873970898 0.000000000000000000 0.401773909209864888 692126.000000000000000000
2.071865932626239637 11.344438474406086215 0.000000000000000000 0.347281053970979636 692056.000000000000000000
-8.777221114851176509 11.792234423363016305 0.000000000112796000 0.364679036033295656 1288765.000000000000000000
-5.803531791817724717 12.857038311659973573 0.000000000350970446 0.260928771495521017 1312136.000000000000000000
-8.531834071809935693 13.518135763110741721 0.000000000613100665 0.451531843856477710 0.000000000000000000
-6.192013465542821393 11.451866189951966035 0.000000000548439793 0.107279808428961704 0.000000000000000000
-4.733490964435275394 11.785916963400994817 0.000000000778772573 0.356454286534307940 1278788.000000000000000000
-6.565164877311633340 9.373866661975428727 0.000000000211886447 0.416148386352301836 0.000000000000000000
-5.582031197972780134 12.326414558739317684 0.000000000294318538 0.231597057935376605 1270680.000000000000000000
-4.607833237797811954 13.031553030368110413 0.000000000624819075 0.444492893762482633 1263304.000000000000000000
-8.945878939158420806 12.816821511802393374 0.000000000094047590 0.439564330757402977 1329355.000000000000000000
-8.491098405730900467 11.722872634019450899 0.000000000246009866 0.313457549509477851 1318660.000000000000000000
-7.507593355355476561 12.546007409212629469 0.000000000787749596 0.201251897866612905 0.000000000000000000
-8.893522238516768041 12.022781376031096201 0.000000000257434457 0.388897903140469403 1283789.000000000000000000
-7.510485589009975094 9.991632422283673876 0.000000000453738746 0.335434399307939946 1312977.000000000000000000
-7.017213749094763031 10.956370646104071298 0.000000000884465407 0.144123187356639121 1308435.000000000000000000
-5.462577839010953618 13.325763461628113760 0.000000000240151158 0.363772950052984212 767165.132276744931004941
-11.308828754034507824 5.838126165655573629 0.000000000000000000 0.321739375341313694 815172.000000000000000000
-12.004302083680753910 5.360048013942360079 0.000000000000000000 0.173324275120179672 818753.000000000000000000
-12.620038510474172355 3.010156024395722163 0.000000000000000000 0.290641276481019895 0.000000000000000000
-12.089455187929429414 2.856974331866902972 0.000000000000000000 0.336044156395124360 0.000000000000000000
-14.765360503480387422 4.892110012900314331 0.000000000000000000 0.367683369293246742 0.000000000000000000
-13.546952292708619225 4.944887349611978955 0.000000000000000000 0.155663754384749525 818937.000000000000000000
-14.189405167770477334 2.479446644601816185 0.000000000000000000 0.463221419602515450 817857.000000000000000000
-13.729687396043361858 4.276088427105425360 0.000000000000000000 0.194212776534409853 815672.000000000000000000
-14.446857909333477465 4.827654288725627296 0.000000000000000000 0.310128457983335881 0.000000000000000000
-12.283841109758583343 6.535231205030986423 0.000000000000000000 0.332028839412430721 811170.000000000000000000
-14.038520649599091072 3.941684505253569615 0.000000000000000000 0.268613471803008652 0.000000000000000000
-11.703263139527612324 2.899302570587977801 0.000000000000000000 0.358448674420214664 812487.000000000000000000
-14.169365127277917082 3.991746672824973530 0.000000000000000000 0.285598310058077065 812276.000000000000000000
-14.559622879761093373 5.940116210480430148 0.000000000000000000 0.395072153122145442 810580.000000000000000000
-12.097008478636450235 2.373900011279165501 0.000000000000000000 0.415961173587305333 815017.000000000000000000
-12.538277076425126566 -2.149354511280969326 0.000000000000000000 0.441018579933654897 575768.000000000000000000
-12.767794866421450450 -6.677497771070399324 0.000000000000000000 0.347659317058964690 578277.000000000000000000
-12.654581312141296223 -5.418534459702540218 0.000000000000000000 0.129097770939014533 570651.000000000000000000
-10.438291007254949960 -3.288498104687135104 0.000000000000000000 0.472542322774450796 570514.000000000000000000
-11.157228597436420259 -3.422381402914382864 0.000000000000000000 0.353412368499918639 201437.271649644622812048
-10.387039493551403879 -4.394357725741580900 0.000000000000000000 0.417553522446138192 572332.000000000000000000
-12.712180161936357692 -3.853698695173505939 0.000000000000000000 0.143443854985744718 564163.557069024187512696
-12.922003039313896267 -3.908934885262006720 0.000000000000000000 0.138870155528852623 445724.680730734777171165
-11.916481553236934587 -6.667536993528752731 0.000000000000000000 0.374327875817877131 0.000000000000000000
-13.293733272707191517 -3.391631961074720092 0.000000000000000000 0.246327995622695861 0.000000000000000000
-14.114391138315541596 -5.767943138561462568 0.000000000000000000 0.313154843296848340 0.000000000000000000
-14.160895882287698910 -3.374684534440880679 0.000000000000000000 0.343081605478456952 0.000000000000000000
-11.327896889562484972 -4.693766503136972190 0.000000000000000000 0.246926125588338152 573101.000000000000000000
-13.100602724169185365 -3.960152560579590197 0.000000000000000000 0.142673957001823198 570844.000000000000000000
-11.391073024202652775 -5.542224186468056146 0.000000000000000000 0.279629245896793777 572115.000000000000000000
-6.260281443805403967 -10.987184682475110264 0.000000000750360938 0.154465856875115520 0.000000000000000000
-8.852841104390375193 -12.714489761705140225 0.000000000885995827 0.416821668831368897 0.000000000000000000
-4.690284402548686060 -10.690974598489468406 0.000000000081552978 0.407021613008101302 0.000000000000000000
-7.189402018615972167 -13.467371553860095545 0.000000000844046395 0.319920493448341448 0.000000000000000000
-7.797932634262481066 -12.524848014115557149 0.000000000697397051 0.237455590459992233 0.000000000000000000
-8.992109934612848576 -11.060087088873379102 0.000000000239571743 0.419183624405779554 0.000000000000000000
-5.040269646049527985 -12.069293117188522046 0.000000000409771763 0.307924668843652993 0.000000000000000000
-8.251337167685575125 -9.770532201806666706 0.000000000216661795 0.437919097334987129 0.000000000000000000
-6.585687716481766429 -12.301209861363767928 0.000000000798591615 0.106398864543264082 0.000000000000000000
-8.485072383843689892 -10.690691064260734677 0.000000000234310924 0.361322997310780547 0.000000000000000000
-6.427693583143440748 -11.375553622649110963 0.000000000809868010 0.081484656724868376 0.000000000000000000
-4.355708760336405305 -12.912906383165140056 0.000000000423339551 0.473578200236821401 0.000000000000000000
-6.599190780154513547 -10.601350039252137591 0.000000000358333104 0.199212532250160862 0.000000000000000000
-5.071163944210392849 -11.942762082338974849 0.000000000878464243 0.298732985965884767 0.000000000000000000
-4.809077798639673773 -10.226353643648481651 0.000000000004437030 0.433015829055648782 0.000000000000000000
1.778419844841823805 -14.171725646727278303 0.000000000000000000 0.187694745020983017 0.000000000000000000
2.587737348332458609 -12.809903008409541769 0.000000000000000000 0.094599662044745667 1201036.000000000000000000
0.186404442679851234 -11.814822032985494715 0.000000000000000000 0.462989861089680377 709132.995968055911362171
2.917857829800873937 -15.507194877104495845 0.000000000000000000 0.410478896359071421 746266.879697262309491634
0.785595892943665830 -12.209631725932016622 0.000000000000000000 0.335148877935753653 1195505.000000000000000000
2.751776277151462224 -11.301589087677820444 0.000000000000000000 0.359441888035912038 0.000000000000000000
2.387206386606700814 -12.566305355603542893 0.000000000000000000 0.126859196558953641 604995.337268532719463110
0.725821891527267615 -12.659727798078977301 0.000000000000000000 0.307025264976116208 0.000000000000000000
1.024946764221795981 -11.011797782068484253 0.000000000000000000 0.466074418721127426 0.000000000000000000
1.212413296500268078 -12.069996502741940247 0.000000000000000000 0.293579672530738855 1215811.000000000000000000
2.622457935906381543 -12.610271111509632647 0.000000000000000000 0.129302584627134148 0.000000000000000000
4.905232208992158505 -13.809385763096418742 0.000000000000000000 0.467856094285151236 0.000000000000000000
3.291929319876907289 -12.655348038578805969 0.000000000000000000 0.203376653492080284 1205090.000000000000000000
3.782948594018838762 -13.275058894072943261 0.000000000000000000 0.258178159738796598 1239153.000000000000000000
3.460880622196244705 -11.972900323496972419 0.000000000000000000 0.306865548732987325 0.000000000000000000
11.617626452109552915 -8.768174365186936825 0.000000000000000000 0.227653762801713955 1381122.000000000000000000
9.356123844785782850 -8.487442930243430439 0.000000000000000000 0.181344757190599060 1336749.000000000000000000
8.362961269504264550 -8.368538480595226758 0.000000000000000000 0.358743880079370858 0.000000000000000000
11.252400648176031694 -9.338310122844626804 0.000000000000000000 0.192608775654535547 0.000000000000000000
10.140954530323631033 -7.212227034245231039 0.000000000000000000 0.271716084281103276 0.000000000000000000
9.718134015037261264 -10.224154825066523955 0.000000000000000000 0.281847677383772421 0.000000000000000000
8.251890884115047342 -9.514212389805900116 0.000000000000000000 0.395916138446284149 1372386.000000000000000000
10.825415515613212136 -7.139594928357211323 0.000000000000000000 0.294757231638872574 1336200.000000000000000000
9.817779293987010547 -6.336917562350381949 0.000000000000000000 0.433233449018167682 1387377.000000000000000000
8.993891591532566565 -11.037230219698315636 0.000000000000000000 0.468375358861394753 1384927.000000000000000000
9.693602820683530297 -9.994392871794632427 0.000000000000000000 0.247308849891577642 1348237.000000000000000000
12.948306890619932119 -8.962447197644953789 0.000000000000000000 0.466290477468918385 0.000000000000000000
10.872355886917331347 -6.133979347387435332 0.000000000000000000 0.467637419416930933 1391949.000000000000000000
9.719756953250362486 -9.081013020592804352 0.000000000000000000 0.125152586562726403 0.000000000000000000
9.157155311147272769 -10.841067220602782939 0.000000000000000000 0.423865611290087096 0.000000000000000000
12.082487762181109758 1.856171155544029228 0.000000000000000000 0.414326037914457823 448178.000000000000000000
13.435579436042996093 1.351639662034946232 0.000000000000000000 0.235047386678986864 0.000000000000000000
12.569555397273765251 -1.831011822645986831 0.000000000000000000 0.362037895767804541 0.000000000000000000
15.227586811757907626 1.300759412897353418 0.000000000000000000 0.375254449960412184 57610.172009079498820938
13.902029067318146360 2.297846231948219575 0.000000000000000000 0.403064900924803793 0.000000000000000000
15.867379911557026873 0.288529978018632782 0.000000000000000000 0.417642811713409945 302155.731184924952685833
13.716660199255226615 2.079055598479254030 0.000000000000000000 0.361515482890534867 0.000000000000000000
15.974073437867026826 -0.831124289340163358 0.000000000000000000 0.456727223256808812 0.000000000000000000
12.945618941648534772 2.092975987225023538 0.000000000000000000 0.378339090536655931 456718.000000000000000000
14.396959694901656945 0.062897778139893640 0.000000000000000000 0.152958383526212494 0.000000000000000000
13.352327544670320236 -0.686287294877380605 0.000000000000000000 0.123650516336714353 0.000000000000000000
12.560742071721133328 1.365591372543489612 0.000000000000000000 0.294562923566860813 265694.502219923189841211
12.255396492353353821 0.983441114799977312 0.000000000000000000 0.285866878808802127 0.000000000000000000
13.251353244121121477 -2.597379782002816828 0.000000000000000000 0.453318259023064996 0.000000000000000000
15.387831672352287882 -0.319630258271598133 0.000000000000000000 0.333787370300937192 0.000000000000000000
