0.148870394383244037 3.808297205968487642 0.000000000000000000 0.429224652218583302 637226.000000000000000000
-0.948931256849344873 1.927572000450659795 0.000000000000000000 0.420333648165744311 187246.612232713727280498
-2.745887273690376329 5.503028988602592264 0.000000000000000000 0.300035349183945921 147575.774993060738779604
-3.474025696920472583 5.243958915375531049 0.000000000000000000 0.324062549180423820 637411.000000000000000000
-3.397215273145024472 3.931011798924518352 0.000000000000000000 0.203131114731850138 633075.000000000000000000
-1.705596298750670758 5.825063313952704824 0.000000000000000000 0.358421589153573417 0.000000000000000000
0.216253008299134658 3.381558842219932970 0.000000000000000000 0.450196233223484732 634483.000000000000000000
-4.620060622872972367 3.737137442139532251 0.000000000000000000 0.421798901542045634 0.000000000000000000
-1.905466124608831135 6.178819726769384957 0.000000000000000000 0.412419761611151015 639123.000000000000000000
-2.475637660508750670 2.008459601308487219 0.000000000000000000 0.337309457231025456 634373.000000000000000000
-2.826979312754673845 1.560443890129266986 0.000000000000000000 0.426989470243906322 0.000000000000000000
-2.777819907793696697 2.355015237196110611 0.000000000000000000 0.288599595869943215 0.000000000000000000
-1.930386885351688786 2.495951323118577037 0.000000000000000000 0.255102078175134694 634988.000000000000000000
-1.151586648599911555 2.792193210085483823 0.000000000000000000 0.277772538887201714 0.000000000000000000
-2.211727739954745253 5.216129828535605029 0.000000000000000000 0.236283071318864751 324704.831045399012509733
-2.768225732803139216 -4.152806210054229119 0.000000000000000000 0.102221634539738232 513921.000000000000000000
-3.369125018686723649 -6.082878473235725281 0.000000000000000000 0.437634348466871492 515180.000000000000000000
0.365444659906879410 -4.164122886300655857 0.000000000000000000 0.470105149932204258 0.000000000000000000
-3.169867663271609626 -2.767067407877679130 0.000000000000000000 0.257635664826503130 510839.000000000000000000
-3.058507117081855853 -2.358829303535231237 0.000000000000000000 0.307682621348466578 511410.000000000000000000
-1.188229213240057591 -5.304181275482759084 0.000000000000000000 0.315929781069595350 0.000000000000000000
-3.475179108643969617 -3.386612201145672074 0.000000000000000000 0.234687137280648467 518156.000000000000000000
-2.777210099468920834 -5.064407541052655226 0.000000000000000000 0.228622260677974587 509670.000000000000000000
-2.882785321599724782 -5.751663894866223536 0.000000000000000000 0.349610853350283413 0.000000000000000000
-1.452984696430291489 -2.948406431522373694 0.000000000000000000 0.220770678705404733 512232.000000000000000000
-1.858620273055543004 -3.616150732998409278 0.000000000000000000 0.086340560855410850 512826.000000000000000000
-2.586555423841961687 -4.775979910720191235 0.000000000000000000 0.168238037418655617 0.000000000000000000
-1.571741544493598042 -3.151499336728193601 0.000000000000000000 0.179673637259225388 0.000000000000000000
-0.383445020077782639 -3.357362855155257453 0.000000000000000000 0.347345193994042400 0.000000000000000000
-3.177699706372549837 -3.671542512103978417 0.000000000000000000 0.168437467203817692 515465.000000000000000000
5.613088166620642916 1.626419626692861886 0.000000000000000000 0.348887812168005795 0.000000000000000000
3.900529333558254486 2.509340115527314730 0.000000000000000000 0.459205652713501278 0.000000000000000000
3.026731208190340805 -0.649770856984959844 0.000000000000000000 0.289190959477123533 572634.000000000000000000
3.104140039787511185 0.342762976630821115 0.000000000000000000 0.258594498628676839 578122.000000000000000000
6.857385765483258844 1.172464901523486480 0.000000000000000000 0.466490624615195693 0.000000000000000000
7.058018239976213692 -0.087609151986245443 0.000000000000000000 0.453622101663244459 0.000000000000000000
6.620031148792003606 -0.221290467244980527 0.000000000000000000 0.377356600961064437 0.000000000000000000
3.959163115428716573 -0.451398235244406421 0.000000000000000000 0.127370276341239902 577133.000000000000000000
6.492653161694247999 0.956452164651761416 0.000000000000000000 0.391302433754547263 0.000000000000000000
3.562840084601279766 1.952040701893071439 0.000000000000000000 0.386228559297907559 575884.000000000000000000
3.947481299174614211 1.525285513151372729 0.000000000000000000 0.289306558666798164 299239.026642406999599189
4.427982944430108425 -1.407498125816368351 0.000000000000000000 0.250563596944644584 576559.000000000000000000
3.587268685891089159 0.297279425101178163 0.000000000000000000 0.173453206786113368 0.000000000000000000
3.458813974716653306 1.956006686933451588 0.000000000000000000 0.395355915387156531 570596.000000000000000000
4.340092914526467283 2.480400759212441741 0.000000000000000000 0.441818684271758910 0.000000000000000000
10.416752852190663603 7.329083479428428305 0.000000000691081268 0.249142293785703850 634253.000000000000000000
11.072236623936161592 9.176282339233614138 0.000000000128695677 0.150448273974357727 636291.000000000000000000
10.819955841064565760 6.258455567590379687 0.000000000262502101 0.444457515942910941 0.000000000000000000
9.878072301814416534 10.180162112429661292 0.000000000417571927 0.264487025035352319 636713.000000000000000000
9.679731975683914413 11.278053176631210874 0.000000000499967848 0.459419136288290397 249008.740518284990685061
9.677675799760764974 6.487543917008668615 0.000000000007204511 0.413969450041534626 0.000000000000000000
11.782154739859407755 8.576487201530923699 0.000000000048954632 0.258697051855613702 638172.000000000000000000
8.481792629518889015 9.343495266995125448 0.000000000767164369 0.347457574747257303 0.000000000000000000
9.482232607632901988 10.987121970561096518 0.000000000345931182 0.421843656836267011 0.000000000000000000
11.111722987889374181 8.353418058582429140 0.000000000376617941 0.153844091448786968 636799.000000000000000000
10.818199670513740429 11.198115903023753148 0.000000000051980631 0.437627102766912968 0.000000000000000000
8.592534743514820050 7.350301317126969103 0.000000000432083118 0.396791714498350490 631334.000000000000000000
8.562497184791528326 9.818916661976155424 0.000000000612659770 0.368626672004621514 635599.000000000000000000
9.924209661838670371 10.036468151367623491 0.000000000640274023 0.237951780869615992 0.000000000000000000
11.406308769396202862 6.915448703848753986 0.000000000323507081 0.372783941144970210 635630.000000000000000000
0.751368113337769206 12.012593922535364399 0.000000000000000000 0.360978816144435999 690996.000000000000000000
1.812234237518342450 14.593585028944694670 0.000000000000000000 0.252329282985310710 271151.958935701579321176
4.099691058392033405 12.783210791804057394 0.000000000000000000 0.326648134622995800 695852.000000000000000000
0.442337344425051460 14.519494518640861713 0.000000000000000000 0.403380770029691416 697520.000000000000000000
2.584023957001988947 12.940477213265781486 0.000000000000000000 0.074599027305602597 697573.000000000000000000
3.302427745442884088 14.589706603227542203 0.000000000000000000 0.290505532943231337 0.000000000000000000
2.004237043835137122 12.714276005774658884 0.000000000000000000 0.116172246120584549 699173.000000000000000000
3.808405526899556470 12.994761748911416888 0.000000000000000000 0.267463529181373227 0.000000000000000000
3.634424225990680934 13.898855688672922426 0.000000000000000000 0.256805247311223228 697087.000000000000000000
3.926652445381178858 13.519704146818133594 0.000000000000000000 0.287062975220330086 696894.000000000000000000
0.916167418877001705 14.125824441969177414 0.000000000000000000 0.294558805831116099 0.000000000000000000
1.358119613839195550 11.911035544312030154 0.000000000000000000 0.299081022446154976 532639.373364807455800474
1.069676701151711873 11.059597145325447798 0.000000000000000000 0.454719468438336549 0.000000000000000000
1.447504384103577513 10.893338472048613497 0.000000000000000000 0.452977880439213332 0.000000000000000000
2.345842697570431401 13.075910436455414398 0.000000000000000000 0.035818676314079860 698916.000000000000000000
-4.871024744674524065 11.336974743215979089 0.000000000246980655 0.338576454770841084 0.000000000000000000
-4.594895034815066559 11.685498687207260815 0.000000000872188918 0.380997405000878697 1267158.000000000000000000
-7.233437293864757756 9.221317073029121403 0.000000000435882362 0.450704994086390143 0.000000000000000000
-5.731852133344558453 12.680217907702816760 0.000000000244668046 0.246630794031093420 1327349.000000000000000000
-5.259041037071361835 12.190048274270784745 0.000000000441804359 0.275569377799098347 694358.564107240876182914
-7.524670099706171733 11.732919433554318545 0.000000000165301354 0.141235360062457155 1281862.000000000000000000
-7.875677136093589326 13.173073287399789777 0.000000000754388485 0.328069724660013440 0.000000000000000000
-6.822287800382496492 13.434389874043423774 0.000000000381380247 0.304083973443149080 0.000000000000000000
-7.381232430816574208 14.048948080578956166 0.000000000125133670 0.428079698630746297 1256538.000000000000000000
-7.317735421419245156 10.698010073265429298 0.000000000769492300 0.208520454123619609 1276490.000000000000000000
-6.085838275524655394 11.505469001154475350 0.000000000596355621 0.121267600410601001 720341.733512681093998253
-4.753634628658075734 11.943743708592217345 0.000000000401649507 0.354916443813968419 1318848.000000000000000000
-8.462341053788088985 9.670151060964556677 0.000000000251644867 0.475394664690496072 160657.146415411581983790
-8.180604609407359007 10.758836845394215587 0.000000000197004354 0.308858244732784670 1347596.000000000000000000
-6.951837768504141479 10.354195118927032482 0.000000000595396075 0.244603608229267050 0.000000000000000000
-13.087732184701076577 5.955302496880817031 0.000000000000000000 0.231663779747775245 812038.000000000000000000
-13.171710800701832866 5.718999060605755247 0.000000000000000000 0.198370510233671665 0.000000000000000000
-12.214423502099696961 4.395265716129021172 0.000000000000000000 0.101656829924201261 816918.000000000000000000
-12.088830149367723266 3.319754377512849075 0.000000000000000000 0.261431460222725065 811292.000000000000000000
-10.536996797223265432 6.015056219412165284 0.000000000000000000 0.452617813168317007 814245.000000000000000000
-15.229237165144922983 5.422067461236156127 0.000000000000000000 0.466560547294329053 818838.000000000000000000
-14.126144391545627954 2.860618105371520503 0.000000000000000000 0.403471836656829175 0.000000000000000000
-11.398283718340744386 3.970456529377400567 0.000000000000000000 0.264886936972699771 811079.000000000000000000
-15.354074284864218214 4.586258407822817240 0.000000000000000000 0.471014496743197342 813967.000000000000000000
-11.325618460425415535 5.512272829789294448 0.000000000000000000 0.286857542160669221 811847.000000000000000000
-10.358424963636361227 4.217791950482594032 0.000000000000000000 0.427336225445201612 816262.000000000000000000
-13.854104100042977876 7.088539830659692065 0.000000000000000000 0.464892241463793043 44305.994009411137085408
-14.728249965970947599 5.487823072899884913 0.000000000000000000 0.385563376280641357 816242.000000000000000000
-13.353033307275111952 4.659871539142032226 0.000000000000000000 0.114121803587494616 0.000000000000000000
-11.300940413575675692 3.879675719444265702 0.000000000000000000 0.287684144122322016 296115.909572924836538732
-12.648647975352570683 -6.040600985786094057 0.000000000000000000 0.237133823913460801 574996.000000000000000000
-14.361112659757916177 -6.733896601941617988 0.000000000000000000 0.461659150760132642 575270.000000000000000000
-13.790478560089367122 -3.105580689346250978 0.000000000000000000 0.333721350066257139 576347.000000000000000000
-14.977601054390595081 -5.666976344329616389 0.000000000000000000 0.438385410439135703 574909.000000000000000000
-12.068273406398622782 -5.172951116185060982 0.000000000000000000 0.143592478648323002 576659.000000000000000000
-11.475972179340455881 -5.137924654453636109 0.000000000000000000 0.234599199948194309 0.000000000000000000
-13.224741146513542489 -2.853414946306180866 0.000000000000000000 0.329900113192267641 0.000000000000000000
-10.976857270147378998 -3.393274152230476126 0.000000000000000000 0.382157737420135646 575652.000000000000000000
-12.712033903181739092 -5.969144055349763889 0.000000000000000000 0.224401671430400157 569887.000000000000000000
-11.179840400319442040 -5.543904442772153551 0.000000000000000000 0.312184004682157179 0.000000000000000000
-12.661908707512889549 -2.946605933028011215 0.000000000000000000 0.301332241249685162 83785.097133223607670516
-10.726645867573198601 -4.866438711790499028 0.000000000000000000 0.355585349507931525 576105.000000000000000000
-10.752529042433875972 -4.591920209826902521 0.000000000000000000 0.349786130557274033 571071.000000000000000000
-14.142923489653693281 -3.385475396727648523 0.000000000000000000 0.339445857103971071 577239.000000000000000000
-11.349680146307965956 -3.338399271180011674 0.000000000000000000 0.337113522773177798 0.000000000000000000
-6.586832181040698231 -11.333928109457973576 0.000000000814345844 0.072881286128902434 0.000000000000000000
-5.712429275509345317 -11.509547158324904714 0.000000000265066012 0.185529264808216299 0.000000000000000000
-5.250000589429959952 -12.013588210743415985 0.000000000177556649 0.269330568002198123 0.000000000000000000
-6.509916769402323666 -13.752461583377844079 0.000000000857959665 0.362239443516872650 0.000000000000000000
-7.166719698313610110 -14.235877558325238823 0.000000000428831563 0.452003286862658282 0.000000000000000000
-8.029362416348387654 -11.287709232206848853 0.000000000002619800 0.243389586008716852 0.000000000000000000
-5.835680523582031931 -9.652460068091722079 0.000000000147587388 0.399391986683506839 0.000000000000000000
-7.698339175440251481 -13.008729718056622815 0.000000000529921214 0.285788337565969608 0.000000000000000000
-8.431587369856927694 -11.476667700531214322 0.000000000801734001 0.305852498097861969 0.000000000000000000
-8.079159257820810680 -12.451497120985212774 0.000000000880337473 0.272755515610976718 0.000000000000000000
-5.267010638816654655 -11.341707456901430007 0.000000000182870685 0.269585815105751692 0.000000000000000000
-6.763513826261964290 -10.466489781867851505 0.000000000463583620 0.221698239667935726 0.000000000000000000
-4.259844669465277178 -10.969789110216927597 0.000000000425667727 0.460236161883279149 0.000000000000000000
-7.087068901977195523 -11.466382201521849282 0.000000000813547109 0.077385672413516238 0.000000000000000000
-5.214170769433247976 -13.430919415036813191 0.000000000833023830 0.406603275210924153 0.000000000000000000
2.146365278233965945 -12.564889679168331327 0.000000000000000000 0.131124074162530552 1256153.000000000000000000
2.033442012236292840 -12.336979867554223489 0.000000000000000000 0.175748253149280470 1239151.000000000000000000
2.099769749687652620 -12.012454474569365104 0.000000000000000000 0.229004504843164536 0.000000000000000000
0.992171256052996164 -13.525220110087349923 0.000000000000000000 0.243271732495524529 0.000000000000000000
1.890192462761564496 -10.858614299895856803 0.000000000000000000 0.437858987411628764 1264366.000000000000000000
0.386710097558698562 -12.017516717927980707 0.000000000000000000 0.413283761502390379 1239884.000000000000000000
2.443859362280902836 -13.784555071814400762 0.000000000000000000 0.092515699323765604 1126984.190356889972463250
3.111496629634635802 -11.664935314814973921 0.000000000000000000 0.318609227659222782 1227389.000000000000000000
0.858116548344793451 -14.073789801525828480 0.000000000000000000 0.298970925661427078 1220612.000000000000000000
1.193022578120919608 -12.209946434411941496 0.000000000000000000 0.278366145478219473 1248886.000000000000000000
1.217736178924010870 -14.632248947667148897 0.000000000000000000 0.312903280095284952 0.000000000000000000
1.132018408499263717 -12.439800988847949270 0.000000000000000000 0.261046183455509728 1247477.000000000000000000
1.925137919149177312 -13.456458483230248291 0.000000000000000000 0.079650249244102633 1188920.000000000000000000
3.889978615632515346 -14.048350039722160787 0.000000000000000000 0.309391323605883395 0.000000000000000000
0.310917847707344763 -13.618500571020307532 0.000000000000000000 0.365717679458720746 1279451.000000000000000000
12.192186406353426875 -8.689356557950015159 0.000000000000000000 0.330191954286119471 0.000000000000000000
11.226092755937575163 -10.055394305404339761 0.000000000000000000 0.278057400193855664 289990.890915421769022942
10.437818241456465529 -11.215469767635145359 0.000000000000000000 0.432921831932114864 1361808.723265641834586859
10.997020759065234685 -9.982010246099870088 0.000000000000000000 0.245790444891605175 0.000000000000000000
11.210760112325598215 -10.617015249328199289 0.000000000000000000 0.362148440106351166 1313693.000000000000000000
8.764092875013327344 -10.209825801250485000 0.000000000000000000 0.380742779680777410 0.000000000000000000
8.848499966983574438 -10.969214144574806369 0.000000000000000000 0.472312345339841122 1349535.000000000000000000
12.280758260090124168 -6.979054662291622080 0.000000000000000000 0.463841015886781560 0.000000000000000000
8.963460264583483550 -7.628271774424683294 0.000000000000000000 0.314576874677867935 1371221.000000000000000000
11.672432152424757845 -9.992267331956314891 0.000000000000000000 0.322096862226831260 0.000000000000000000
11.103401715773967950 -8.275551470027323830 0.000000000000000000 0.159164152387155450 1348618.000000000000000000
12.025725643141207399 -9.163453717562175527 0.000000000000000000 0.309023927253558484 1334986.000000000000000000
8.392360198867546472 -9.029240273488490232 0.000000000000000000 0.350749033367191987 1126452.689098287373781204
11.577308090700260124 -10.090003068764458405 0.000000000000000000 0.322086155874904911 347109.912542212463449687
10.318473166307008171 -10.557160398770086829 0.000000000000000000 0.317265374096520614 1324356.000000000000000000
14.250127278938995445 -1.807243425486986466 0.000000000000000000 0.337293587340659951 454224.000000000000000000
14.113290713270638221 0.361319980933192064 0.000000000000000000 0.119650798249063758 451945.000000000000000000
13.731930882810821970 1.726047328005039239 0.000000000000000000 0.300931838344357883 451962.000000000000000000
13.740990403672974196 -1.220621716221693243 0.000000000000000000 0.214430632862347481 0.000000000000000000
14.505986393205496654 -2.501023356949100052 0.000000000000000000 0.465444583176122473 451304.000000000000000000
13.329755855276706811 0.028934141076165341 0.000000000000000000 0.038004379479627003 454941.000000000000000000
15.068573976390998936 2.237940534967405082 0.000000000000000000 0.472789775154343450 456102.000000000000000000
13.106732415360880850 -2.693103829147038830 0.000000000000000000 0.473471281246850895 0.000000000000000000
13.165478857349485864 -1.541707986902632221 0.000000000000000000 0.275641473380270119 448299.000000000000000000
15.413477026675998616 1.111648062509624113 0.000000000000000000 0.384973983938835473 344447.626533330651000142
15.200277163354380505 1.794410523520455270 0.000000000000000000 0.428328906276880250 452348.000000000000000000
11.624178784248655916 1.142440981482842677 0.000000000000000000 0.395270058489190002 0.000000000000000000
11.979519705612140967 -1.589663458005951435 0.000000000000000000 0.392223274346392425 449473.000000000000000000
14.227029072634337581 -0.505339357091635910 0.000000000000000000 0.150331498669664804 449121.000000000000000000
15.742287332553411616 0.378572532450377697 0.000000000000000000 0.397768413497771645 457651.000000000000000000
