-2.506414965890189972 2.218077967005505524 0.000000000000000000 0.301017867480163070 0.000000000000000000
-2.849766499066683778 4.186752471244768792 0.000000000000000000 0.117915939196752917 150487.442902643262641504
-0.425245980363758880 2.874363814844898002 0.000000000000000000 0.373451638684920872 635959.000000000000000000
-4.400628418443973899 4.459341958521616078 0.000000000000000000 0.395015202041118396 59235.172572483686963096
0.011432877297988088 4.571372376616163358 0.000000000000000000 0.422300247901776449 629403.000000000000000000
-0.539965933682764132 4.422379195329265045 0.000000000000000000 0.320571780444076415 0.000000000000000000
-0.943536764162273167 5.312706887825380697 0.000000000000000000 0.345134314847595047 0.000000000000000000
0.049205055448084845 4.007182024939730525 0.000000000000000000 0.411745887558793544 0.000000000000000000
-2.632332635524412545 6.337567838967704148 0.000000000000000000 0.440830056024983818 245097.479295658617047593
-3.923175839966002165 3.339324104319533859 0.000000000000000000 0.312507633987479050 0.000000000000000000
-2.392562553192500108 5.972935544785405781 0.000000000000000000 0.371650974078693463 637729.000000000000000000
-1.881323519096608887 4.640852638776983063 0.000000000000000000 0.149628622384337301 0.000000000000000000
-0.461577439469759043 4.059248267524923293 0.000000000000000000 0.321612908938099074 0.000000000000000000
-3.512316587577392735 4.994310997065154467 0.000000000000000000 0.297623877489526900 0.000000000000000000
-0.258901730210901737 4.845574859753368102 0.000000000000000000 0.394881178185456982 637083.000000000000000000
-0.841729927614591089 -5.580708833058166007 0.000000000000000000 0.392969493424101368 284574.072283902904018760
-0.533927538026159332 -2.519223557202997288 0.000000000000000000 0.392540342943482112 0.000000000000000000
-0.791139365222125579 -2.319329182646330256 0.000000000000000000 0.382981876894887829 515380.000000000000000000
-1.210008976078553511 -3.196041783158630523 0.000000000000000000 0.224035294487944264 0.000000000000000000
-2.761508684134808433 -2.741141368674252732 0.000000000000000000 0.223392988251295860 510262.000000000000000000
-2.159203657557576594 -5.083423033514761435 0.000000000000000000 0.213240291277394578 515309.000000000000000000
-4.754991455414170787 -3.796513633765357110 0.000000000000000000 0.445273901780486647 0.000000000000000000
-2.493859481107569387 -6.313178353350148875 0.000000000000000000 0.433479047431768849 0.000000000000000000
-3.736607242818155150 -4.716021375913307168 0.000000000000000000 0.301705565336836623 510458.000000000000000000
-0.599129355344334313 -2.817817311796427138 0.000000000000000000 0.352034102577968799 0.000000000000000000
-3.193022715132336931 -5.159007642785867098 0.000000000000000000 0.280673262661349232 340775.585654514725320041
-2.094737980491694795 -5.759697471567975846 0.000000000000000000 0.334217867830811644 0.000000000000000000
-2.973101669637836064 -2.787029123652185358 0.000000000000000000 0.234112575261590822 0.000000000000000000
0.010996513805297932 -2.637820579099318330 0.000000000000000000 0.461871523033642983 9580.334456630029308144
-0.649167457680627780 -2.270978059417086303 0.000000000000000000 0.406746359604761298 510566.000000000000000000
4.507186327367532108 1.633902871942435109 0.000000000000000000 0.290304834629821151 0.000000000000000000
6.135329615986224283 -1.675374451278582866 0.000000000000000000 0.414552385681434821 0.000000000000000000
3.094722530586938358 0.079767529830707395 0.000000000000000000 0.253384451461167115 569732.000000000000000000
2.679108027785685131 1.255534543033830275 0.000000000000000000 0.396012025471704610 538350.461921963375061750
5.230049471444975673 -0.624756591786769233 0.000000000000000000 0.169081454239747964 576540.000000000000000000
6.020526024971763590 -1.164799940874113426 0.000000000000000000 0.338828659928665843 0.000000000000000000
5.228223346367935065 -0.985005621532697107 0.000000000000000000 0.216318261157061570 574349.000000000000000000
5.377288956069217640 -0.875162929891903252 0.000000000000000000 0.218660461158862146 575038.000000000000000000
2.799549530302866795 -1.706969955109803871 0.000000000000000000 0.430739486653874903 572581.000000000000000000
4.079345576165559706 -0.391682945820385653 0.000000000000000000 0.104177096232369412 0.000000000000000000
6.038014311078062413 -1.454118405890525212 0.000000000000000000 0.374627806350476655 332154.877728246559854597
4.259645680270553569 -1.225658242333875769 0.000000000000000000 0.222482166302474776 576225.000000000000000000
2.828101067148994119 -0.961027301911550280 0.000000000000000000 0.345704962257570581 578062.000000000000000000
3.363096168604090330 -0.159164805632919792 0.000000000000000000 0.207100741013015344 569688.000000000000000000
3.342887377714609975 -1.881569707949877435 0.000000000000000000 0.394323496212818259 0.000000000000000000
11.710061981864399172 6.802836123935080082 0.000000000087757530 0.418777234239179841 631720.000000000000000000
11.813599757150257119 10.462064847815236490 0.000000000789018884 0.398518693769792709 635104.000000000000000000
8.216807432828385771 8.713609644847155167 0.000000000056202157 0.378578097764153187 0.000000000000000000
10.280465108655775452 10.406646490400774496 0.000000000514854420 0.291065286622967712 0.000000000000000000
12.585900932552441134 7.406781486624080202 0.000000000707614195 0.463715106793644083 637480.000000000000000000
9.454768669895564415 10.176437562115005164 0.000000000487717459 0.296373607970680741 0.000000000000000000
12.245665024345202099 7.825845756259765196 0.000000000104514140 0.375868553007383033 635530.000000000000000000
12.315154713129565778 9.689980416611669867 0.000000000685168619 0.388541821820563071 0.000000000000000000
11.858498405623091543 10.608763312832017789 0.000000000034166038 0.423210859855706445 633102.000000000000000000
8.889615069996228414 10.151301991941046765 0.000000000315552428 0.357342890562031668 634656.000000000000000000
10.030673643525341632 9.855040975116876822 0.000000000793338464 0.201920698972849866 636804.000000000000000000
8.594359035931971036 7.936779199420283426 0.000000000503940116 0.342359182141915686 0.000000000000000000
11.121347606362538940 6.706194998395363704 0.000000000809352114 0.383681140202141668 631331.000000000000000000
11.628466698567118343 8.318518131278350936 0.000000000082130021 0.241544767275495315 634252.000000000000000000
7.857301410424670784 8.047661035740647506 0.000000000116401719 0.459425905964176762 483011.979830031516030431
0.207300340068746258 11.982650836449030507 0.000000000000000000 0.443672095323671134 694622.000000000000000000
0.205956382619422756 13.846848627700101275 0.000000000000000000 0.392679911516893965 0.000000000000000000
3.668520525055719350 15.518884347066999041 0.000000000000000000 0.464492673049785532 0.000000000000000000
-0.163304490172459293 12.521980451421899971 0.000000000000000000 0.464977407446955149 0.000000000000000000
2.223442301061777204 15.866275087778991093 0.000000000000000000 0.461548204007002028 0.000000000000000000
2.426106468351796774 12.523954076596758966 0.000000000000000000 0.135042638317064062 699039.000000000000000000
2.594871950609237921 12.595294080540577752 0.000000000000000000 0.129918306775132247 0.000000000000000000
0.938232388828855846 14.232758496857888630 0.000000000000000000 0.301525944733266715 0.000000000000000000
2.003722164919067072 15.681980234781704553 0.000000000000000000 0.432377663293628978 0.000000000000000000
3.455717415216245314 11.538317161262265031 0.000000000000000000 0.368345390428626684 689908.000000000000000000
-0.024033318987169011 14.300621253856437676 0.000000000000000000 0.458172760346840846 696606.000000000000000000
0.696214708886525591 14.009568693614578905 0.000000000000000000 0.319813737709597590 0.000000000000000000
0.162652690524673543 12.259469777637274746 0.000000000000000000 0.427358666988554459 591852.211362342350184917
2.552676547490873471 13.107354174944815028 0.000000000000000000 0.049231442924011291 695985.000000000000000000
2.538032300273508568 11.807683769945368724 0.000000000000000000 0.264088274228442443 696726.000000000000000000
-6.717248982445902961 12.887337354876260420 0.000000000170465991 0.206887019419060736 1253514.000000000000000000
-8.482011956975727074 12.998535824677034611 0.000000000797112830 0.385171202825705272 0.000000000000000000
-9.154087719967327175 11.747820534493984113 0.000000000878646902 0.431636733355711788 0.000000000000000000
-8.245432103835179660 12.288877654830148600 0.000000000472721873 0.287883665551660339 0.000000000000000000
-5.434792343356091848 10.999671974191848278 0.000000000398272347 0.264049535012014835 1263899.000000000000000000
-6.203555786668426997 12.440630858441000584 0.000000000396079366 0.158852506101610141 0.000000000000000000
-8.068821334621416597 13.141681429444002305 0.000000000850546992 0.346397659382082668 1331254.000000000000000000
-8.931122372850351709 12.638946276126958423 0.000000000689516834 0.424218342076799926 1283520.000000000000000000
-8.610916078481949398 10.078853259348576898 0.000000000303272790 0.442681384891661756 0.000000000000000000
-5.771025235066215231 11.194295778330252134 0.000000000500939418 0.194911542848251296 1311726.548147499794140458
-6.326048869165528110 12.970005769595255529 0.000000000626976172 0.233123366859834397 0.000000000000000000
-7.111253794619676327 9.126972258717348296 0.000000000566327019 0.463461772792685633 0.000000000000000000
-8.695006468784407971 11.120594180642846993 0.000000000780398333 0.365391699649499746 956236.142958314390853047
-6.778696502092277143 12.778774501520254958 0.000000000088438580 0.187823202957929092 1287646.000000000000000000
-7.654045962232273403 10.365415012557210872 0.000000000662482252 0.290243933363963147 0.000000000000000000
-12.631275603330703206 6.617161798169077791 0.000000000000000000 0.337439016429169125 0.000000000000000000
-13.719744400126133499 5.297367472679134437 0.000000000000000000 0.209114114220285058 816898.000000000000000000
-12.860305793788590734 4.744619621340219418 0.000000000000000000 0.028640308835610421 812260.000000000000000000
-12.391924282944170699 2.918255861004834362 0.000000000000000000 0.311587542933634443 0.000000000000000000
-14.276043050472262408 4.364838214898815849 0.000000000000000000 0.283863593626411392 0.000000000000000000
-14.887691743806463762 6.136235198758963172 0.000000000000000000 0.462487860377701232 816442.000000000000000000
-13.553519964000345865 6.209595377963937679 0.000000000000000000 0.305073928050303089 811601.000000000000000000
-11.553270168242768534 6.704623843526256621 0.000000000000000000 0.409116075683342073 814261.000000000000000000
-11.657235083428911793 4.506335217404310534 0.000000000000000000 0.190589166979533292 0.000000000000000000
-11.571009908840254710 4.777590296102482093 0.000000000000000000 0.204308758374062122 814189.000000000000000000
-12.991214505687608494 3.906942469368806403 0.000000000000000000 0.142981955110977887 488648.369102409575134516
-10.460057842015240581 3.644895015128875482 0.000000000000000000 0.440267283598550163 811803.000000000000000000
-12.646696109052701473 3.112554690911096156 0.000000000000000000 0.272603502766837036 0.000000000000000000
-13.298857268767161344 6.815417908772940514 0.000000000000000000 0.385511732536893859 814159.000000000000000000
-13.985016880625346758 2.765457765966032433 0.000000000000000000 0.401855978826771265 816844.000000000000000000
-10.654357328606391064 -3.429564465078077884 0.000000000000000000 0.426819649344307606 213324.521472045802511275
-10.393043545919569581 -3.936130224863240379 0.000000000000000000 0.433367458342782119 574158.000000000000000000
-13.607454512342691544 -4.132281893203823664 0.000000000000000000 0.185499030067979798 568913.000000000000000000
-12.719451661560244204 -3.653802930889306744 0.000000000000000000 0.178203156398349466 0.000000000000000000
-12.616007291667381551 -6.770696441402751731 0.000000000000000000 0.364242919747842120 574756.000000000000000000
-12.388437472816374196 -6.248669682095539635 0.000000000000000000 0.279236627411340754 0.000000000000000000
-11.737844999444975613 -2.947599004719107629 0.000000000000000000 0.348063745591972451 576141.000000000000000000
-10.605725556281106137 -4.249354434161173977 0.000000000000000000 0.383021119146092270 572121.000000000000000000
-14.043273885154803793 -3.395173846705991316 0.000000000000000000 0.325200085033136466 0.000000000000000000
-13.473174338011608242 -3.701209755623989572 0.000000000000000000 0.217152564186542552 0.000000000000000000
-13.875543721809039610 -2.257444406861446762 0.000000000000000000 0.468310474783602437 578543.000000000000000000
-12.552335806266832208 -5.297190047144125558 0.000000000000000000 0.111345392009346705 0.000000000000000000
-13.399033483140232903 -6.432332283251859906 0.000000000000000000 0.328146463062628735 572779.000000000000000000
-13.646899052914992723 -5.295712126182978707 0.000000000000000000 0.197937048134967652 576570.000000000000000000
-13.938635788366903867 -6.238365600844457681 0.000000000000000000 0.347721940243844729 0.000000000000000000
-8.605357993470402533 -13.460310831740201820 0.000000000258100891 0.453928770561060901 0.000000000000000000
-6.066825195508340762 -12.248295434791311109 0.000000000625627766 0.151241449608207901 0.000000000000000000
-6.513196084355150184 -13.478576310582011999 0.000000000232592811 0.314018705635555895 0.000000000000000000
-8.931079007185456220 -12.628109327768536119 0.000000000791128359 0.423482170406973779 0.000000000000000000
-6.539268555119320148 -9.538189621973026888 0.000000000753835971 0.387536733910418985 0.000000000000000000
-6.753757101531062901 -14.355141729145008966 0.000000000869674414 0.466639214361421140 0.000000000000000000
-7.604185059315752504 -11.492965424683632136 0.000000000843386022 0.160427987815891737 0.000000000000000000
-5.006092944590427862 -12.940409754377919072 0.000000000160568405 0.376264363147813252 0.000000000000000000
-6.449880968709358342 -10.628339534462666549 0.000000000895202735 0.199502883862876318 0.000000000000000000
-8.306511279008018889 -9.634298326573640381 0.000000000677186507 0.462950316579148424 0.000000000000000000
-6.767065613567556426 -13.443546965928794279 0.000000000607777185 0.305362033741417571 0.000000000000000000
-6.321540479089290621 -10.072414287903331598 0.000000000085154681 0.300559808240243420 0.000000000000000000
-6.840820691801223319 -14.179192099802040872 0.000000000563141929 0.435878788397672634 0.000000000000000000
-7.371793572187591792 -11.408673653206703236 0.000000000206823667 0.126467852563640043 0.000000000000000000
-7.727672688908114651 -13.298751473789247157 0.000000000888896414 0.330937675455827585 0.000000000000000000
3.022198543929111914 -10.904611507085887112 0.000000000000000000 0.439710963866910387 1240869.000000000000000000
4.204164421830324017 -14.913115629819905905 0.000000000000000000 0.442498794061579992 1230960.000000000000000000
2.773618453551627283 -11.666949424183801653 0.000000000000000000 0.297112243062639947 1250209.000000000000000000
3.621701866755553834 -11.461103863321735474 0.000000000000000000 0.396296623838373663 1284300.000000000000000000
3.234412516415439587 -12.245693792038927938 0.000000000000000000 0.243759268945542035 0.000000000000000000
3.608833503217996341 -13.159159471539286557 0.000000000000000000 0.228109328017262719 1270072.000000000000000000
4.342982618338991685 -13.792713644425138142 0.000000000000000000 0.369561987824550409 1269596.000000000000000000
1.671642532961848948 -15.710143066305716886 0.000000000000000000 0.449203440045029934 1219894.000000000000000000
3.236373975597903740 -14.392072722499840154 0.000000000000000000 0.255472827361170274 0.000000000000000000
0.639856514500814932 -14.270900216128659110 0.000000000000000000 0.350098875273941401 0.000000000000000000
0.883459542164204192 -15.037930035971264431 0.000000000000000000 0.406563914452042596 1239048.000000000000000000
4.905293414602423852 -12.700900091896814459 0.000000000000000000 0.469480345872615501 1228648.000000000000000000
3.161694626120792773 -11.653225411661953359 0.000000000000000000 0.324448242792424513 25223.665607680119137513
2.827777080884635641 -12.305356916148953772 0.000000000000000000 0.194022321110125573 345819.238066287653055042
0.818523913819506399 -11.516110957178211649 0.000000000000000000 0.413940222842631489 1203405.000000000000000000
10.645726741386651426 -11.124737811958562261 0.000000000000000000 0.420067521798676846 1349062.000000000000000000
8.723302315825637976 -6.747109879108993624 0.000000000000000000 0.454711189692414586 1367147.000000000000000000
12.720931049083427311 -8.579248406879651512 0.000000000000000000 0.425287590957969475 1363088.000000000000000000
12.302707920022978527 -9.489784564231111830 0.000000000000000000 0.372982217972774810 1405284.000000000000000000
11.073042326693792958 -7.630218540637859093 0.000000000000000000 0.235306612671619675 0.000000000000000000
9.628489297869716523 -9.567739554225969556 0.000000000000000000 0.191883311972768672 1359924.000000000000000000
10.071232639744902571 -6.731153410954689775 0.000000000000000000 0.357028779416048492 0.000000000000000000
12.992528043625105383 -8.771984544686873164 0.000000000000000000 0.472684534542362145 1403289.000000000000000000
12.688676872466622569 -7.609497772379997471 0.000000000000000000 0.463334449584420882 1357757.000000000000000000
10.540381073126981804 -10.577555816912806108 0.000000000000000000 0.322674194726312313 1338364.000000000000000000
8.895304196199948166 -8.106631344883490797 0.000000000000000000 0.281184653383786620 0.000000000000000000
10.824865945708395998 -11.338244639011131554 0.000000000000000000 0.461944140673281489 1043498.119874070049263537
10.700476289598336521 -7.629373740227373801 0.000000000000000000 0.206263979124872904 1376251.000000000000000000
8.066290182477644066 -8.320613472273503675 0.000000000000000000 0.412264653349748822 1367269.000000000000000000
12.938500627660630471 -9.216267123733013378 0.000000000000000000 0.470196142977607479 1312752.000000000000000000
15.369645196190168335 -0.132109781890967698 0.000000000000000000 0.326752318457732727 286286.957616123196203262
14.163847073254400399 0.352872767941028842 0.000000000000000000 0.126706434486962422 0.000000000000000000
12.563314775542906432 1.380145994237499618 0.000000000000000000 0.296330138125410203 457625.000000000000000000
13.956817228667386388 -2.091397494712754490 0.000000000000000000 0.369615707550787542 0.000000000000000000
13.411839046836581346 2.173398033648139105 0.000000000000000000 0.377442822129487376 0.000000000000000000
13.019348053991683045 0.821163848551857534 0.000000000000000000 0.170135073215375576 0.000000000000000000
13.982222731154470452 0.833551676269108865 0.000000000000000000 0.164357539365770300 0.000000000000000000
14.581018415015064349 -0.810132096456239736 0.000000000000000000 0.232356113134994074 456193.000000000000000000
15.573801800930223038 -1.255429055607356847 0.000000000000000000 0.422133172408186930 448870.000000000000000000
13.900993412093026080 -2.078135889402828784 0.000000000000000000 0.365531792257142385 457855.000000000000000000
14.070673482756072659 -1.319941550810081576 0.000000000000000000 0.247225965229483535 326005.504709058965090662
13.544420933209696756 0.009338492214212710 0.000000000000000000 0.001724233514786404 452574.000000000000000000
15.299158575363152934 -0.087020079008711546 0.000000000000000000 0.313751640113496877 340467.399598949064966291
11.733469074966576429 -1.087949970732156491 0.000000000000000000 0.373652229783125567 453534.000000000000000000
14.991429700600690467 1.696174855229919842 0.000000000000000000 0.390760659831234980 449938.000000000000000000
