-1.414770207032793436 3.239118959890879168 0.000000000000000000 0.189864258293990673 10229.000000000000000000
-2.613085945489717954 1.724491062819965226 0.000000000000000000 0.390766877644908084 10591.000000000000000000
-3.067556264557958823 5.168838566973717796 0.000000000000000000 0.269492462860644155 0.000000000000000000
-1.335772000645600199 5.852803865581423182 0.000000000000000000 0.386320734901205942 0.000000000000000000
-1.184957073772227698 4.144876900973456735 0.000000000000000000 0.196591427657960005 10364.000000000000000000
-3.948052932893420852 5.827983255803768081 0.000000000000000000 0.457814325296040769 0.000000000000000000
-4.659205855604978908 4.780453419211859512 0.000000000000000000 0.456252469875099043 10585.000000000000000000
-0.464448067480767168 3.448086639860660885 0.000000000000000000 0.329247304302098642 10540.000000000000000000
-4.381728466143353096 3.060776358500644889 0.000000000000000000 0.406196287608697915 0.000000000000000000
0.070679873908963381 4.710404168162781069 0.000000000000000000 0.440016157694217536 10276.000000000000000000
-2.434376533728498160 5.613130864008690324 0.000000000000000000 0.308412105636026834 10209.000000000000000000
-2.306098977775789649 3.594780196658946991 0.000000000000000000 0.053296181916929281 0.000000000000000000
0.382097988732850502 3.721473626939302282 0.000000000000000000 0.471491323218815428 0.000000000000000000
-2.486994372930876551 5.006284693844330391 0.000000000000000000 0.202888061493639582 6276.060443840829975670
-0.297471780017758258 4.982871173375085228 0.000000000000000000 0.400005908819536460 8223.614361629957784317
-3.119470144324993921 -5.043855679989224683 0.000000000000000000 0.256406628366672273 8231.000000000000000000
-3.077987335363975507 -4.334480107442231223 0.000000000000000000 0.166144238912085768 8228.000000000000000000
-2.625083439089505255 -5.342371032888843629 0.000000000000000000 0.266718391888763839 3231.868786783368705073
-0.216349738714202378 -4.524600432989223542 0.000000000000000000 0.381046833881064306 0.000000000000000000
-1.322037504315737078 -2.054820585682359368 0.000000000000000000 0.367045171048303309 8385.000000000000000000
-1.820988993716321724 -3.683212220855998975 0.000000000000000000 0.086207346356250741 8572.000000000000000000
-2.734795714038338765 -4.602049176504151795 0.000000000000000000 0.152582365226784950 8236.000000000000000000
-3.935338332588903754 -5.848315520991143046 0.000000000000000000 0.459068541149141363 8532.000000000000000000
-0.812174324585165253 -4.499113628259611808 0.000000000000000000 0.279620565958961564 0.000000000000000000
-2.693608079039993441 -2.660352308397892163 0.000000000000000000 0.232325606053421840 8729.000000000000000000
-2.311630898123840261 -3.356848614648244133 0.000000000000000000 0.095457060709820740 8566.000000000000000000
-4.062111029477952329 -2.066363900409087684 0.000000000000000000 0.456795486960644703 8503.000000000000000000
-0.072713287931388051 -4.035301155819793095 0.000000000000000000 0.390350723333295679 0.000000000000000000
-3.841046557575078069 -3.638541988862237897 0.000000000000000000 0.285631611560269894 8077.000000000000000000
-1.867331269792018134 -1.778813231442739617 0.000000000000000000 0.382437458647127526 0.000000000000000000
3.622707857005084797 1.892609910724710298 0.000000000000000000 0.372076032061689099 9594.000000000000000000
4.137631014716054878 1.212392012882299586 0.000000000000000000 0.225677452681604940 8611.760127653195013409
3.610091504763378811 -0.785948815394982625 0.000000000000000000 0.213279435430530018 0.000000000000000000
6.826838142936683340 0.495047084727204378 0.000000000000000000 0.421406678222544462 9374.000000000000000000
2.071741814756843159 -0.262625495030556988 0.000000000000000000 0.437781282016572459 0.000000000000000000
4.415261209049726077 1.658651113832820601 0.000000000000000000 0.295244119532789229 507.384555199351325427
4.637392997531036620 0.099390141806141835 0.000000000000000000 0.028178294335621502 9315.000000000000000000
4.989099179663487149 -1.678739354145904139 0.000000000000000000 0.309945824467058373 0.000000000000000000
3.138087095224527001 -0.550515686199333887 0.000000000000000000 0.264073613052424661 9432.000000000000000000
2.729311402707733425 -1.046590744776100035 0.000000000000000000 0.368562074579108612 0.000000000000000000
5.602423622175266793 0.783020979606148138 0.000000000000000000 0.238627510894099892 9056.000000000000000000
5.083518393235782362 -1.714272522359235218 0.000000000000000000 0.320917440935369003 0.000000000000000000
4.637577883506711629 1.410180090010569431 0.000000000000000000 0.251495809192988418 9816.000000000000000000
3.414253401758707174 -1.927133089895527895 0.000000000000000000 0.394739155067856451 9564.000000000000000000
1.977299644880947449 0.191447422112844018 0.000000000000000000 0.453389875813086207 9372.000000000000000000
10.921925302406501501 7.290653312750434267 0.000000000717713257 0.275525859202027712 10999.000000000000000000
12.675729124130931780 8.554741229053789198 0.000000000356806968 0.417575923732317833 0.000000000000000000
7.730359502213121736 9.273932076344440389 0.000000000875058060 0.474329681809957826 10857.000000000000000000
8.241997537342864888 8.686013351222028334 0.000000000836880340 0.374199588370392577 2.369771625036176221
10.550833420221557901 9.657344949564901526 0.000000000286257011 0.163749848322885916 10860.000000000000000000
9.800618237934859422 7.519559448834492343 0.000000000105621794 0.236093631330871107 10494.000000000000000000
9.263420413898870720 7.595251933276854217 0.000000000305442092 0.279021935771205543 10405.000000000000000000
12.089876722060523662 7.740847679164550854 0.000000000879104815 0.358076106428256935 0.000000000000000000
10.215093178403416019 10.925135694394555230 0.000000000748354317 0.382473629242419788 0.000000000000000000
10.374524346114521123 10.426745562413920254 0.000000000291681672 0.294410546434333065 0.000000000000000000
12.262535734680472643 9.446294911227965940 0.000000000196029912 0.363660223622014223 10947.000000000000000000
12.619124487645663635 9.182729813087576076 0.000000000560887490 0.413158905143035826 0.000000000000000000
10.823647021011357339 11.085147778578917865 0.000000000689402757 0.418429247690548567 10264.000000000000000000
8.381787275074822574 10.343327299611553727 0.000000000524151256 0.447861873956308332 10623.000000000000000000
9.151407148678428527 10.491201748102136904 0.000000000366145740 0.372411718718141493 10548.000000000000000000
1.646308621759122737 14.508901027586814436 0.000000000000000000 0.251406357865356811 11661.000000000000000000
2.089538178934961188 14.515191773002229070 0.000000000000000000 0.224838325201725503 0.000000000000000000
1.598449698712215428 13.060029840659685973 0.000000000000000000 0.136719683025581934 0.000000000000000000
4.529823557609043760 12.959856588769664398 0.000000000000000000 0.395313090218445351 0.000000000000000000
0.949511535099438531 14.365153006996076002 0.000000000000000000 0.313864295753153610 0.000000000000000000
1.196574241129483074 13.550711251913968525 0.000000000000000000 0.208573078310560184 0.000000000000000000
1.571021050831665100 15.224855532791766066 0.000000000000000000 0.372704151096343250 11353.000000000000000000
-0.257554685443182885 13.345568748238662238 0.000000000000000000 0.462069371583327337 11212.000000000000000000
2.057009883062637101 11.372141218971272281 0.000000000000000000 0.342766997099152537 11269.000000000000000000
-0.080894681978085609 13.413127001878685007 0.000000000000000000 0.431115283904971003 7856.929196735138248187
3.354319937367575388 11.749423695744665608 0.000000000000000000 0.327034143198184912 11361.000000000000000000
1.288823815925798311 15.586630289441909980 0.000000000000000000 0.451666911079636191 11284.000000000000000000
0.987861634725298199 14.308886926678731299 0.000000000000000000 0.302319757134448697 11914.000000000000000000
1.873751425475578269 13.471557409306953446 0.000000000000000000 0.089125893119578109 0.000000000000000000
1.604854696111448042 11.232966512449232610 0.000000000000000000 0.386533833239454117 11226.000000000000000000
-7.976641260609298456 10.215848574793229275 0.000000000572987974 0.346031551445185326 21465.000000000000000000
-7.012917187747130576 13.006828293700182897 0.000000000798593521 0.233367834372166572 20295.956650262123730499
-5.084514645601577953 12.937955342301613371 0.000000000231631187 0.364659492387246154 15027.724824275162973208
-5.086566524971916969 9.974927480929055790 0.000000000807280317 0.426122688372327141 0.000000000000000000
-6.755004736977509694 10.537615525193233523 0.000000000417409177 0.209080885310023196 0.000000000000000000
-8.930229020871207624 10.684063989128356198 0.000000000346601553 0.432201082428926409 21251.000000000000000000
-8.086771262274632832 9.605258886910617022 0.000000000060932279 0.444706329670003786 21527.000000000000000000
-7.246983029564169954 9.979684630516276300 0.000000000408071397 0.321008638866164653 0.000000000000000000
-7.036387142108849524 9.899581755990883636 0.000000000467812939 0.326398442956590928 21362.000000000000000000
-6.278971439672894839 11.102516301659303366 0.000000000734123660 0.135778411118774839 21599.000000000000000000
-6.920294705036927674 11.596624852426336005 0.000000000535605032 0.039848245160444745 21920.000000000000000000
-8.054330108907819863 12.075126443030896439 0.000000000584755791 0.243893997284157810 0.000000000000000000
-8.151352327087606042 11.443179508918891685 0.000000000617888147 0.257549004051549901 0.000000000000000000
-6.981111900845133889 10.913809219415973928 0.000000000053898513 0.149163060295475880 0.000000000000000000
-4.995806691021360990 13.649245467057196990 0.000000000807177308 0.461434646931289272 21208.000000000000000000
-10.986152115257063144 3.240571606185382869 0.000000000000000000 0.397079854280480704 0.000000000000000000
-15.260630108375902836 5.292778552689887839 0.000000000000000000 0.466344770764065719 13249.000000000000000000
-12.645489960352342962 2.776041633686087362 0.000000000000000000 0.331081561178426909 13178.000000000000000000
-11.452011854567794913 2.347299650635462420 0.000000000000000000 0.464340182977661664 0.000000000000000000
-11.071935036304662248 5.923906245478731236 0.000000000000000000 0.364339607854084535 13847.000000000000000000
-12.887720408747933121 4.719453800532598997 0.000000000000000000 0.031927922496896195 0.000000000000000000
-12.781028693205703561 5.149541997541662752 0.000000000000000000 0.082766940330820271 0.000000000000000000
-13.694178930713386322 2.320970492181062994 0.000000000000000000 0.444926105655527537 13533.000000000000000000
-15.352647865518173731 4.965721660089691625 0.000000000000000000 0.473100589565029706 0.000000000000000000
-11.299088576556634678 5.903362053130075005 0.000000000000000000 0.330328363968158401 0.000000000000000000
-11.904298984543768114 5.378526049236715956 0.000000000000000000 0.188792789075608536 4910.183197689941152930
-12.044069103027828405 5.286117323841982518 0.000000000000000000 0.159404133490820527 6302.804102575580145640
-10.770744265599894618 5.034159922807377008 0.000000000000000000 0.351727099448958636 0.000000000000000000
-11.433912130283117037 5.798321154045980919 0.000000000000000000 0.300130786547124329 5666.097165424014747259
-10.674023241248267624 4.056521245344968385 0.000000000000000000 0.379319303799889873 13109.000000000000000000
-12.138116170172562391 -2.038450827320472669 0.000000000000000000 0.470840139045627104 9405.000000000000000000
-12.620287954282456866 -2.906384383524980741 0.000000000000000000 0.308656474599314945 543.592801316431746272
-14.040329549395927700 -6.252233946291423372 0.000000000000000000 0.361155703901655412 5922.671119975047076878
-12.455463244667301481 -6.430768555583292745 0.000000000000000000 0.308255573380187609 6096.956222581306064967
-12.295165987277847819 -7.158125381418642519 0.000000000000000000 0.437846121090726403 9955.000000000000000000
-11.348779656836359919 -4.088903392279831017 0.000000000000000000 0.264026042933966087 5254.555810270314395893
-11.266351187108368137 -6.859763173160944305 0.000000000000000000 0.459451672822354107 9090.000000000000000000
-11.437438826997444963 -3.349340686735743589 0.000000000000000000 0.324628179631523406 9437.000000000000000000
-14.133731638091617810 -6.810893311711572196 0.000000000000000000 0.448080912091131545 0.000000000000000000
-10.510341976211218906 -5.944610986269871056 0.000000000000000000 0.450542774746994890 7102.057149616353854071
-10.361742498797724465 -3.953270469855391767 0.000000000000000000 0.437819991962397015 9472.000000000000000000
-10.748588361352846121 -3.052582241381693873 0.000000000000000000 0.450685380146544690 9220.000000000000000000
-11.201094407703040545 -4.483532552788353165 0.000000000000000000 0.271651044322697544 7953.717072168003141996
-14.106155190450085257 -2.405188610163358831 0.000000000000000000 0.465852932844151302 9983.000000000000000000
-11.815108658914173390 -6.100296093812266562 0.000000000000000000 0.294854632338133527 9472.000000000000000000
-7.329691049015996107 -13.017920753375948451 0.000000000696452760 0.253291130859576996 0.000000000000000000
-6.341881717389667550 -13.116673790855232440 0.000000000504940395 0.257152621340420884 0.000000000000000000
-8.973722376703038961 -10.811070420517081558 0.000000000892100949 0.430394726339387135 0.000000000000000000
-8.330041230283416809 -13.373622670540367352 0.000000000779985886 0.408140471085774781 0.000000000000000000
-4.534744869369344400 -10.823252083096949860 0.000000000637728161 0.422631786742667048 0.000000000000000000
-6.338042992759052474 -9.676562464262762120 0.000000000762852249 0.368351445935354904 0.000000000000000000
-8.154802133849832657 -9.711376486527193208 0.000000000694206446 0.435990948566234382 0.000000000000000000
-8.761517188077766249 -10.930576722755329655 0.000000000291768532 0.387497207395680054 0.000000000000000000
-7.497779785628426730 -10.500710474778307102 0.000000000861614934 0.254965552773602167 0.000000000000000000
-8.229491386868341252 -10.726691098881586228 0.000000000723762259 0.319253196366474035 0.000000000000000000
-5.584073109569236415 -13.171934595484467323 0.000000000000315883 0.328941190501264413 0.000000000000000000
-5.149640291546853987 -13.118804859901002757 0.000000000877247700 0.375729466140100499 0.000000000000000000
-8.837783445665204241 -11.191865076952231206 0.000000000056523601 0.386594916773008890 0.000000000000000000
-7.094227476704296542 -11.529317304113192222 0.000000000717961394 0.072673097749047774 0.000000000000000000
-7.459522115402235976 -10.552689589381177626 0.000000000118373417 0.243560270618771307 0.000000000000000000
4.585779062590040311 -12.008983863348447585 0.000000000000000000 0.460261082408014777 20805.000000000000000000
3.512960202348147210 -13.277987703748619808 0.000000000000000000 0.210061365879726819 0.000000000000000000
4.191301503552273822 -14.870987451752567310 0.000000000000000000 0.435863067487278266 0.000000000000000000
1.407228987417649124 -11.834244259247116204 0.000000000000000000 0.305484336415788871 20671.000000000000000000
2.328798746003734710 -13.313786010377388180 0.000000000000000000 0.006675057413353753 17407.735797223900590325
2.216090500371707961 -12.211919055052916860 0.000000000000000000 0.190794491920214776 20682.000000000000000000
2.006706265431975833 -12.543372413759767525 0.000000000000000000 0.143069164478061672 20869.000000000000000000
0.287596613275461321 -11.713349795936020215 0.000000000000000000 0.458934597134294409 6470.281530014619420399
3.019562947178644929 -13.443688490557033077 0.000000000000000000 0.125691592733814306 0.000000000000000000
-0.120848079610455544 -14.248698387938503629 0.000000000000000000 0.470565256835919099 20448.000000000000000000
1.549028159981371333 -11.863527668361939504 0.000000000000000000 0.288011568964542164 20752.000000000000000000
4.675519321963921726 -12.548934044296000678 0.000000000000000000 0.436853018188998132 20571.000000000000000000
0.088763152368621881 -12.279830259950362148 0.000000000000000000 0.437834379625201109 20146.000000000000000000
3.098574135601728674 -13.760067672844218833 0.000000000000000000 0.161111678823496668 0.000000000000000000
3.151398018422445269 -11.426141066930934898 0.000000000000000000 0.360175975677601568 0.000000000000000000
11.070706635718533306 -7.584995822661269038 0.000000000000000000 0.241711900425159248 22779.000000000000000000
9.450899858879669324 -7.287917364951200128 0.000000000000000000 0.301449005925502944 0.000000000000000000
11.596710102521971208 -10.251660750450643178 0.000000000000000000 0.345479324645312003 0.000000000000000000
10.048634278792935248 -7.135832490653564619 0.000000000000000000 0.287562981394419936 22040.000000000000000000
12.530697641920234275 -10.018081446738481333 0.000000000000000000 0.448999965725942973 22375.000000000000000000
11.575745019964404747 -6.970835817114428679 0.000000000000000000 0.381013168119132939 22465.000000000000000000
10.636402944871024445 -10.902408209098890524 0.000000000000000000 0.381243314675550615 0.000000000000000000
11.575152155397752551 -9.932154031399489824 0.000000000000000000 0.302260540209792594 0.000000000000000000
10.215959658095789209 -10.431111520736187970 0.000000000000000000 0.296022525409977144 7204.689889378956650035
11.228837141847934689 -11.010882202353904802 0.000000000000000000 0.426656729049270378 22500.000000000000000000
8.055609986988262250 -9.644319438173567960 0.000000000000000000 0.436712547679363128 22902.000000000000000000
10.179616244585741214 -7.447616294508167201 0.000000000000000000 0.229874489195079718 0.000000000000000000
10.101337137293802115 -9.202516106633344961 0.000000000000000000 0.090422760794197088 11252.448385199824770098
9.870629766664290372 -11.137262335067665830 0.000000000000000000 0.427522961750871122 22695.000000000000000000
8.478428307038424094 -8.231909506364198492 0.000000000000000000 0.344085738253639029 22365.000000000000000000
12.152909844409219176 0.757420597286207697 0.000000000000000000 0.280277536495922630 7815.000000000000000000
13.068494804331612258 -2.177118807082490282 0.000000000000000000 0.386930239707093726 7465.000000000000000000
11.744176019965685498 -1.782213213593606183 0.000000000000000000 0.445699079232283302 7317.000000000000000000
13.290666856531066387 1.356574228583336872 0.000000000000000000 0.239417634659773532 0.000000000000000000
13.565166244165471454 -2.380718869787220804 0.000000000000000000 0.412560851473542212 7185.000000000000000000
13.091898620967096889 2.034465735641049822 0.000000000000000000 0.361859999939539601 0.000000000000000000
13.573612066840500034 1.589335272421760648 0.000000000000000000 0.275474834536254654 0.000000000000000000
11.577297308053035252 -1.383537401132676647 0.000000000000000000 0.424797306373498662 7428.000000000000000000
13.946702090504642157 -0.137768347584994844 0.000000000000000000 0.076140529030106957 0.000000000000000000
13.185610411540009679 -1.478995389299330832 0.000000000000000000 0.264210963367984830 0.000000000000000000
11.595095729272950180 1.486430822916130712 0.000000000000000000 0.432635342249033605 7454.000000000000000000
13.982098059892503983 0.374221869507670279 0.000000000000000000 0.101876923824125984 0.000000000000000000
13.471508307088605250 -0.530254390741541459 0.000000000000000000 0.092742915245945856 0.000000000000000000
14.766273141294851357 -0.779569714616850429 0.000000000000000000 0.256623381926959937 0.000000000000000000
12.142827115735514099 1.868188974065471353 0.000000000000000000 0.409289144263463744 7918.000000000000000000
