-1.643088188463021737 5.122854517124646456 0.000000000000000000 0.245413153354600899 634446.000000000000000000
-0.039847398792919306 3.005405420282911688 0.000000000000000000 0.425614587219779739 0.000000000000000000
0.212786019882473143 3.178471477023452785 0.000000000000000000 0.458255452992990475 631978.000000000000000000
-1.388294432387511712 5.639244416976611163 0.000000000000000000 0.347999705404991644 0.000000000000000000
-1.731396608930151793 5.243710785519339446 0.000000000000000000 0.258722952434461140 632325.000000000000000000
-2.619572936400151875 1.435073847696849203 0.000000000000000000 0.441855320294187837 0.000000000000000000
-0.751196708947783676 5.357330164684126927 0.000000000000000000 0.374767095110094761 194423.352775430685142055
-0.993960316111390463 2.263197183083530017 0.000000000000000000 0.367112609333614170 550258.629822676652111113
0.300399106323245957 3.779120606573502350 0.000000000000000000 0.456404912469395962 636241.000000000000000000
-0.870804534281084286 5.185694676440408379 0.000000000000000000 0.338239549696046526 312559.157684974663425237
-3.005878820046252731 3.066405290021982477 0.000000000000000000 0.198159363663620414 630179.000000000000000000
-1.657430579397569437 4.410053031268137858 0.000000000000000000 0.141564526742575636 0.000000000000000000
-1.695666897230032166 2.281321244134614901 0.000000000000000000 0.303596363215770548 0.000000000000000000
0.068956608135525260 4.452720836705865715 0.000000000000000000 0.426674004944511576 637245.000000000000000000
-1.219909777669536233 1.756111476059558418 0.000000000000000000 0.422787051964936156 639073.000000000000000000
-2.922516703014968797 -4.884144674812939790 0.000000000000000000 0.212921296495077433 0.000000000000000000
-4.575042134084390533 -4.399548872750486339 0.000000000000000000 0.422721188612980248 509721.000000000000000000
-4.462920665260856623 -2.987828041803898049 0.000000000000000000 0.424441403458979349 0.000000000000000000
-1.846780857437902990 -3.835314903515138596 0.000000000000000000 0.073978788950510355 515886.000000000000000000
-3.505230979159868809 -3.027774658087555526 0.000000000000000000 0.270108602919078622 397519.098440487927291542
-4.273555278828235160 -3.389976572831749024 0.000000000000000000 0.370035166621931200 0.000000000000000000
-4.582951862854862668 -2.703810992102495092 0.000000000000000000 0.464950583335662193 514727.000000000000000000
-4.717355151729729634 -3.359293741188092763 0.000000000000000000 0.448311934840755044 0.000000000000000000
-4.255430983193343231 -5.081641951738810725 0.000000000000000000 0.414280274811596239 0.000000000000000000
0.221838174071423283 -3.160645808337601004 0.000000000000000000 0.460691343464946945 0.000000000000000000
-3.722689652074794964 -3.138656848701788071 0.000000000000000000 0.293280428470055476 61703.927507238491671160
-0.283816894253825891 -5.003771983451315464 0.000000000000000000 0.403948841859065266 513057.000000000000000000
-2.166473386659887534 -1.985658780370095133 0.000000000000000000 0.339566648139111693 510505.000000000000000000
-1.328951154163968473 -4.730010824072711451 0.000000000000000000 0.223184032336042532 0.000000000000000000
-3.076293116023053553 -5.008557665204945941 0.000000000000000000 0.246781562082393269 515747.000000000000000000
2.398015783495064390 0.945913965592407813 0.000000000000000000 0.412971163413673570 0.000000000000000000
4.134813394982929324 0.155523408560583304 0.000000000000000000 0.073048429131679471 569126.000000000000000000
6.649429222849565946 -0.580351620177654293 0.000000000000000000 0.394222555353089421 572134.000000000000000000
5.233070692680024116 -1.487341743232869939 0.000000000000000000 0.293559205298873138 53680.930016041631461121
2.852613979935846533 -1.888183329261542642 0.000000000000000000 0.447709049123366898 0.000000000000000000
5.577120813871309757 -0.545972135994236107 0.000000000000000000 0.212804372941264669 0.000000000000000000
6.027191607329562828 1.636484955199903668 0.000000000000000000 0.396296635736629654 568898.000000000000000000
4.976050183012715067 -1.017506879219870708 0.000000000000000000 0.198592765800080423 569424.000000000000000000
4.864310805423196271 0.433164600749391504 0.000000000000000000 0.099069762222180544 577764.000000000000000000
2.965441768855193949 -0.546661709163486442 0.000000000000000000 0.292645457146104737 573120.000000000000000000
6.022398676965830866 0.949286386402588667 0.000000000000000000 0.317232096941659436 0.000000000000000000
3.753396541694143718 -2.549053895726727692 0.000000000000000000 0.472940602105577867 569947.000000000000000000
2.398527904868856808 -0.176740416445927084 0.000000000000000000 0.378360594429451136 570337.000000000000000000
5.394833640614176140 -1.448514511172689812 0.000000000000000000 0.301304686908758668 577178.000000000000000000
5.675056095522035271 -0.046748244152053683 0.000000000000000000 0.207068901506282987 577309.000000000000000000
9.551493674341713813 9.223498584417164636 0.000000000780657213 0.163564086316751373 629394.000000000000000000
10.068597309548914964 9.305582526046803693 0.000000000114973950 0.109174420765304411 586907.739156249328516424
11.000187081208277817 8.738281442577719105 0.000000000170528741 0.117583246071921346 633958.000000000000000000
11.696504330811331229 10.330370451043751956 0.000000000684160836 0.367486351972093117 267629.767102668643929064
10.074036171920296212 10.468619406300103236 0.000000000283524276 0.305548462837273382 638178.000000000000000000
10.394433328006233097 10.547570623471942852 0.000000000547052789 0.315667408934661997 632786.000000000000000000
7.888989535544110865 8.917281220088527860 0.000000000372130861 0.437960301333940705 629851.000000000000000000
11.219944637075494498 8.841074054289622453 0.000000000110653205 0.157587431357765484 637638.000000000000000000
11.012956076321499310 8.361749914782821591 0.000000000222463787 0.137623659449476604 0.000000000000000000
11.012895840305377604 9.360208035250163761 0.000000000223123210 0.160811932863204776 638797.000000000000000000
9.944741437901948089 9.903806920844132833 0.000000000643857142 0.214722851088427535 633083.000000000000000000
10.410114796209521515 10.928701346010342377 0.000000000573931939 0.382527147368068421 0.000000000000000000
9.918836811781014617 7.243181131649637727 0.000000000551969733 0.274530381993930761 609948.746982990414835513
12.496885253433148932 10.312728949131816591 0.000000000446411920 0.471619697821248018 629811.000000000000000000
10.810029016478475583 6.208394267450255022 0.000000000314682578 0.452742951667305660 0.000000000000000000
3.777446825854800849 11.815115112245006657 0.000000000000000000 0.365790563044178063 694987.000000000000000000
4.247830358292831399 15.018321193471667385 0.000000000000000000 0.460753129097543235 698381.000000000000000000
4.882232684178044124 13.000194765668073416 0.000000000000000000 0.456724109058614380 0.000000000000000000
2.707343705275903289 12.914045610205572956 0.000000000000000000 0.092680016551929187 0.000000000000000000
3.882714165360657166 12.959995812143082716 0.000000000000000000 0.281654224364020100 696599.000000000000000000
0.805579127984094034 14.392968847447928482 0.000000000000000000 0.337309614198730456 690157.000000000000000000
2.742151730524941655 13.817237715480098714 0.000000000000000000 0.120604051310903987 26479.826176056212716503
3.211276513504152774 11.051496810360712075 0.000000000000000000 0.425815826022560850 0.000000000000000000
1.074751819666919017 13.569062276290814850 0.000000000000000000 0.230454279627700293 696764.000000000000000000
2.996676572446676623 13.419203469895588654 0.000000000000000000 0.120741728089239789 296372.479429589235223830
1.267642622614283843 11.465144775548505862 0.000000000000000000 0.374525881577570219 0.000000000000000000
0.144450592038299880 13.706386215794317707 0.000000000000000000 0.397712334433815262 413127.390791610523592681
0.691616840119567144 14.658726504891474107 0.000000000000000000 0.382526701278541215 139109.282821329456055537
1.804708002886489693 14.016677262954141625 0.000000000000000000 0.162113505995662099 0.000000000000000000
4.388762737428832494 13.599584394768893247 0.000000000000000000 0.370615793019688000 0.000000000000000000
-4.664923704493991075 10.054065378369065442 0.000000000493409811 0.472108480556182875 1302996.000000000000000000
-6.377865621746933833 11.112653775745409135 0.000000000109686796 0.124525990133593098 0.000000000000000000
-7.877763765958468944 11.885907980819338192 0.000000000664565556 0.206276210476021432 0.000000000000000000
-7.104141922661201924 14.278887565183470798 0.000000000871395101 0.457783563061442078 1276294.000000000000000000
-7.022422563962270381 9.855116810692981844 0.000000000108201846 0.333769079856140627 1266661.000000000000000000
-4.590923127053263109 10.469125004157771031 0.000000000217662815 0.441313550595752224 106.695234650727272196
-7.683272453833895455 10.151871796826625882 0.000000000391265650 0.324760885833405732 1284417.000000000000000000
-7.864528854055299334 13.662443481465968986 0.000000000193600454 0.398484350168905599 1295819.000000000000000000
-7.188963003720341582 9.362254124104993025 0.000000000611479019 0.424731098630702242 0.000000000000000000
-8.073297459055792658 11.697137677083711438 0.000000000620152508 0.239025468342033948 0.000000000000000000
-5.154398628617720135 13.523853025526024751 0.000000000605307343 0.426007259003663374 0.000000000000000000
-6.805406577665411127 13.061048155862811981 0.000000000903546735 0.237950475314441551 1278370.000000000000000000
-6.479347159187894611 13.713863720442493133 0.000000000775839501 0.356108384972712855 0.000000000000000000
-6.601762138322170514 10.263234302855618552 0.000000000321024374 0.258694838595784238 1338094.000000000000000000
-5.328899487166117055 11.391604408819897998 0.000000000249733955 0.256774074767933402 1274486.000000000000000000
-14.618843128354317429 6.540249762540622847 0.000000000000000000 0.468334553037913826 815548.000000000000000000
-10.641196662889123914 3.598661656817867094 0.000000000000000000 0.414618327050545465 0.000000000000000000
-11.935932635902480214 4.819772486118616861 0.000000000000000000 0.140696954393626755 0.000000000000000000
-13.460240864542152295 3.553650927680474858 0.000000000000000000 0.236408084817610997 817131.000000000000000000
-10.845575374816442960 6.399196696257752670 0.000000000000000000 0.448234571131444270 0.000000000000000000
-13.006892326791382075 6.173482063808515719 0.000000000000000000 0.265005270290984973 480678.763363940757699311
-13.260606906559440077 6.290613515557935465 0.000000000000000000 0.296511432727603275 0.000000000000000000
-10.205416584643129951 3.980704192850479828 0.000000000000000000 0.463280815448253891 0.000000000000000000
-11.119613420294713890 6.302485466380475465 0.000000000000000000 0.401081824973230694 817636.000000000000000000
-10.966676005552004725 4.844438990940987289 0.000000000000000000 0.312633914393655732 373749.064818662765901536
-12.554021137319669066 2.824612875352433772 0.000000000000000000 0.323717984489298283 0.000000000000000000
-10.266979247344552917 4.648262275421205736 0.000000000000000000 0.436020332271480349 819891.000000000000000000
-13.170020485601007465 6.596767753449060301 0.000000000000000000 0.343030864450737660 812720.000000000000000000
-14.365613856581877172 5.092624185022162742 0.000000000000000000 0.303180586965420718 246586.311162715341197327
-12.855726412262491465 6.088708481462587585 0.000000000000000000 0.246436548822166007 819000.000000000000000000
-12.413094461629983201 -7.280737222333819147 0.000000000000000000 0.455839726731831651 572671.000000000000000000
-10.323720419913316348 -4.024675347460724417 0.000000000000000000 0.440920018712833872 0.000000000000000000
-12.573222635863656294 -4.595697749704684476 0.000000000000000000 0.028804527670000062 0.000000000000000000
-12.885882959962676964 -3.029233350014495674 0.000000000000000000 0.288350191489705199 569850.000000000000000000
-15.203794442645381935 -4.077152522404518642 0.000000000000000000 0.455985537870691349 0.000000000000000000
-14.169053893062960370 -2.760164596976519835 0.000000000000000000 0.421853709462795490 0.000000000000000000
-12.220466826203798760 -3.553736418230961203 0.000000000000000000 0.214577235958017559 575361.000000000000000000
-11.629637167015236088 -2.603733728994422680 0.000000000000000000 0.409859082813443965 0.000000000000000000
-14.178749365164280860 -6.478966985333426187 0.000000000000000000 0.407010996477442932 568813.000000000000000000
-14.429321906039977108 -3.499213343166517109 0.000000000000000000 0.367894677324620945 0.000000000000000000
-12.456866555872162294 -2.109799290545601114 0.000000000000000000 0.449192563169261261 573510.000000000000000000
-12.190161369265982927 -4.409836805108112046 0.000000000000000000 0.104298381528184506 575800.000000000000000000
-13.197038927123371010 -5.541996901415691568 0.000000000000000000 0.173024226587856822 578149.000000000000000000
-13.251633659702109824 -6.461474705431957233 0.000000000000000000 0.324207147672812668 0.000000000000000000
-11.466265950071296231 -4.760422499616066894 0.000000000000000000 0.222706093048495146 248969.339793633087538183
-5.305937388276784183 -11.038067003087299156 0.000000000090898030 0.281402124548369492 0.000000000000000000
-5.263968909239107319 -12.554700031191213583 0.000000000176309841 0.300758237421273944 0.000000000000000000
-7.739441787871083278 -13.424470683671676952 0.000000000370826530 0.350968166701740636 0.000000000000000000
-4.818385494650021528 -13.082894429338628228 0.000000000838486457 0.418177534903003689 0.000000000000000000
-7.589603380275369737 -12.410003771838482578 0.000000000825201252 0.195682714409956743 0.000000000000000000
-5.189427564620327615 -9.715493201884491725 0.000000000090558934 0.449089774176751055 0.000000000000000000
-6.055540430396511020 -10.779414497364454562 0.000000000749042113 0.205496607055399627 0.000000000000000000
-5.845186704469363725 -13.247295907282998328 0.000000000768369099 0.313593448813515474 0.000000000000000000
-7.881711821968533371 -13.558170092350401603 0.000000000157536437 0.384322913982864112 0.000000000000000000
-7.237857694776276496 -9.317309533493579821 0.000000000501580435 0.434237746017942627 0.000000000000000000
-5.465268502769794701 -12.281569651070720184 0.000000000749845477 0.246895012433890920 0.000000000000000000
-8.590392667468032428 -12.171736595947178827 0.000000000668835051 0.340685000301874541 0.000000000000000000
-7.254633483740971833 -11.476364743217619235 0.000000000092622703 0.102476174091923208 0.000000000000000000
-5.501422275688478081 -12.701271531025112083 0.000000000409049735 0.280102620600159391 0.000000000000000000
-6.280530909240771287 -13.104645034485706390 0.000000000759113904 0.258314380030437274 0.000000000000000000
3.596575088060146363 -13.553450629112040460 0.000000000000000000 0.230291709435581776 1167149.425285103032365441
4.027338677050434690 -11.713391531621088149 0.000000000000000000 0.410382817612759798 235039.676971903623780236
4.248802192884335582 -14.150160031185274434 0.000000000000000000 0.374916061746635221 1254282.000000000000000000
2.372606095364620415 -15.050828279582379565 0.000000000000000000 0.315992522626492578 179348.515093501482624561
1.316103655664808025 -14.749421485488587891 0.000000000000000000 0.318982832282936113 0.000000000000000000
2.547368177044023518 -10.801038633521100607 0.000000000000000000 0.442430574711824787 1235693.000000000000000000
3.048482184519507587 -15.235842350471557438 0.000000000000000000 0.371262548734985154 1206934.000000000000000000
4.408398695070378182 -14.275839703729062080 0.000000000000000000 0.410146306334634503 1192453.000000000000000000
4.270482276728289506 -12.393942416342756729 0.000000000000000000 0.379119179488079217 0.000000000000000000
3.788455496706004233 -11.686678995326994723 0.000000000000000000 0.383700193163808434 1262345.910609577083960176
2.732904983732189930 -12.947542453329116796 0.000000000000000000 0.092093759211542031 0.000000000000000000
0.990449012623773828 -11.428859384415048339 0.000000000000000000 0.407082069078134989 0.000000000000000000
4.568138759033436358 -14.374580254305564964 0.000000000000000000 0.443414821069904874 1269360.000000000000000000
1.059978573931614765 -11.728190943292874593 0.000000000000000000 0.357317073473176539 1238779.000000000000000000
4.673385114531170004 -13.003520587608928594 0.000000000000000000 0.419678313558525973 389645.394375413947273046
8.954381591903725734 -8.798536727217562969 0.000000000000000000 0.247241155280068126 1319925.000000000000000000
10.112053832842416767 -9.125132323843631710 0.000000000000000000 0.077694497455504344 1398079.000000000000000000
9.992727923174298255 -11.340391742015929921 0.000000000000000000 0.458993996424462258 1311958.000000000000000000
12.591223993145527871 -8.362847394791710798 0.000000000000000000 0.406750783594547694 1382696.000000000000000000
10.535973165220216430 -7.907385117103290284 0.000000000000000000 0.151414308735109193 0.000000000000000000
11.798844502637781062 -10.747458617116059543 0.000000000000000000 0.435738114682373223 0.000000000000000000
8.864425475849776248 -9.668567575388575364 0.000000000000000000 0.308868359651586877 1394048.000000000000000000
8.141827608216633649 -8.855269796316601827 0.000000000000000000 0.392345445514930502 1372455.000000000000000000
9.811167674999062172 -10.996360703808374382 0.000000000000000000 0.405680063273491487 1327883.000000000000000000
10.837128305466169564 -9.195349566199439550 0.000000000000000000 0.118225673077036200 0.000000000000000000
8.348296438135548669 -9.560729072055194067 0.000000000000000000 0.382779245975648330 0.000000000000000000
9.134207196943943785 -7.216251923700203186 0.000000000000000000 0.344433884804285495 0.000000000000000000
11.988862206660519050 -10.335101971791008424 0.000000000000000000 0.404135500815323290 0.000000000000000000
9.098388173303153081 -7.393685905001439629 0.000000000000000000 0.325002170778686872 0.000000000000000000
9.695245889704601439 -11.335472313904874753 0.000000000000000000 0.468468317532953815 0.000000000000000000
11.629481911679841133 0.011164695816486093 0.000000000000000000 0.340745215354663122 0.000000000000000000
14.620994963295684599 1.634802718879463379 0.000000000000000000 0.341975236770224511 324018.290093657851684839
14.174608316019954302 1.396376378248053163 0.000000000000000000 0.266752345565975491 0.000000000000000000
14.783841735433455256 -2.009929381150226568 0.000000000000000000 0.411995103171031829 137317.137676811078563333
13.101224490971979719 -0.606892182835511163 0.000000000000000000 0.131265195722220201 453648.000000000000000000
13.835347267482433153 0.620950527320183410 0.000000000000000000 0.119658622111753918 0.000000000000000000
15.258647079661612267 -1.838519017467786121 0.000000000000000000 0.440995321199338153 0.000000000000000000
15.174348707649768286 0.028202381913998816 0.000000000000000000 0.291185627483411813 0.000000000000000000
14.860587482531396830 -1.664081814872294451 0.000000000000000000 0.371497756761871412 0.000000000000000000
12.164624845299590206 -2.267875810740368259 0.000000000000000000 0.464215771508636799 454025.000000000000000000
13.112731826043795280 0.575072988889251624 0.000000000000000000 0.125622418096164867 457269.000000000000000000
13.990303633228922564 -0.011992414468929218 0.000000000000000000 0.080106398262990888 0.000000000000000000
14.201222270670436743 -1.362734266438620612 0.000000000000000000 0.263560889765708184 0.000000000000000000
15.505250591012435635 1.704050266096677202 0.000000000000000000 0.457194035848161762 0.000000000000000000
11.102657393244715678 0.168665228206518997 0.000000000000000000 0.435617658307739408 0.000000000000000000
