-2.318897807712775538 1.578089738458078317 0.000000000000000000 0.411865214716994887 0.000000000000000000
-2.748277029360835844 5.035648352938621564 0.000000000000000000 0.221871329035329468 511431.623308318608906120
-2.130495382334824050 3.247862797772370858 0.000000000000000000 0.116639920116934706 0.000000000000000000
-2.082643352521325042 1.589891034059282893 0.000000000000000000 0.410847667282591145 637473.000000000000000000
-4.509218873908890757 3.116813822335631201 0.000000000000000000 0.424100289123667873 637994.000000000000000000
-1.939911597286720024 4.066233363767505438 0.000000000000000000 0.064820399042247304 637942.000000000000000000
-1.151357699719237848 2.243804338613196947 0.000000000000000000 0.353451071101650194 636490.000000000000000000
-3.360930525244140821 3.846727501611857836 0.000000000000000000 0.196686535099186377 0.000000000000000000
-3.829697637617583528 3.948187344263653031 0.000000000000000000 0.280266879652443290 84818.821920763046364300
-3.465907588972978015 4.358145413955180736 0.000000000000000000 0.230798330345267783 55643.838878304217359982
-0.341426658650117343 4.508000359508451460 0.000000000000000000 0.358904346013614317 636609.000000000000000000
-2.396864240343721697 6.301441919023162086 0.000000000000000000 0.430076354553796780 0.000000000000000000
-3.067130833401213064 3.792466544463332312 0.000000000000000000 0.145218055152779330 0.000000000000000000
-4.319790421247806655 2.831344297820132194 0.000000000000000000 0.412887294911533531 636564.000000000000000000
-1.269205187026901660 3.249904357885677442 0.000000000000000000 0.209952611727599853 634910.000000000000000000
-0.656231882219136975 -4.906105683314235577 0.000000000000000000 0.338041813547509007 0.000000000000000000
-2.194939676560664576 -5.478832965417431033 0.000000000000000000 0.283145514709568946 0.000000000000000000
-4.676232901110035201 -3.669446638630045499 0.000000000000000000 0.432713449309202969 0.000000000000000000
-0.995486208104717885 -2.554269511973145335 0.000000000000000000 0.327541274522284709 0.000000000000000000
-0.440687507691019775 -4.631692724319410814 0.000000000000000000 0.349823476538375422 512019.000000000000000000
-4.810220367652888740 -3.655985804657472027 0.000000000000000000 0.456705969483968410 0.000000000000000000
-1.964805434411552199 -5.294353632800414822 0.000000000000000000 0.255496317427901631 0.000000000000000000
-2.498622621864000415 -5.608083268758994322 0.000000000000000000 0.308889910801889322 140445.103827745246235281
-0.147488841266760290 -4.510173120981308514 0.000000000000000000 0.392050243373238183 516893.000000000000000000
-0.540007731569023597 -4.407227516508560150 0.000000000000000000 0.319776716836913277 218522.499501931830309331
-4.493182487654015844 -2.845463985499436355 0.000000000000000000 0.439529917700137218 160525.924974837340414524
-3.597029120412725600 -5.364118700857722466 0.000000000000000000 0.354615088702955439 514590.000000000000000000
-2.589158859851898864 -2.329338818316685877 0.000000000000000000 0.284120367970006338 515654.000000000000000000
-3.127114734700101817 -2.473829610011230251 0.000000000000000000 0.295903633515707587 0.000000000000000000
-0.103610534700046095 -4.798299869825118691 0.000000000000000000 0.416678287095378741 21347.304998973380861571
2.649333077635972256 0.499415852842733210 0.000000000000000000 0.344023897920471722 576408.000000000000000000
2.368881325876392552 -1.270938675855524780 0.000000000000000000 0.444166607945720382 0.000000000000000000
5.572836321261164017 0.281140634004760748 0.000000000000000000 0.195174387888554929 0.000000000000000000
5.601637768708450871 1.397265928702368765 0.000000000000000000 0.314792521736577402 573077.000000000000000000
3.321450023844932264 0.809041775220835091 0.000000000000000000 0.256677376089011755 0.000000000000000000
5.276524226792304262 -1.427807728572660251 0.000000000000000000 0.287653719179440548 224953.241143684805138037
6.743368516042444583 -1.010829170744071526 0.000000000000000000 0.435855908225122823 571014.000000000000000000
3.260573867617060362 1.028685184900248961 0.000000000000000000 0.288749039448241429 572565.000000000000000000
6.406310961738146403 -0.563916962374526154 0.000000000000000000 0.351749455399946120 0.000000000000000000
2.640915762673024858 0.422042280522869850 0.000000000000000000 0.342193734054901444 0.000000000000000000
3.337372518401507282 0.823675587629143169 0.000000000000000000 0.255812146517750083 577135.000000000000000000
4.371671555459211156 2.433970989188722456 0.000000000000000000 0.433215785388063712 0.000000000000000000
5.626360402317303055 -1.279114134913895917 0.000000000000000000 0.301420395145857001 0.000000000000000000
2.196970880997962006 -0.336366840898797925 0.000000000000000000 0.417279714481625708 268390.052650364290457219
5.484418828307529026 -1.440014493801432316 0.000000000000000000 0.308654842995894907 572541.000000000000000000
11.299315271979562425 8.675177196760316178 0.000000000698732777 0.171364393609687388 629873.000000000000000000
8.860882989049091663 10.353576349498418097 0.000000000802851919 0.386220707493215132 633519.000000000000000000
9.222277708515141725 8.723587554143495737 0.000000000637892476 0.199380050204757769 0.000000000000000000
12.063672407459520741 8.490720389776438282 0.000000000898092452 0.310403916662454871 0.000000000000000000
9.064834560182976730 9.041708838511750557 0.000000000440767796 0.233177035772526908 0.000000000000000000
8.936680281511526047 6.704468798709019239 0.000000000432965126 0.437649095396602295 0.000000000000000000
9.955942496583274348 11.408116488820496670 0.000000000567421769 0.471700441086374711 505121.452517593745142221
8.157401620531461006 7.909641207286157716 0.000000000341582338 0.416118093349820695 0.000000000000000000
9.429207087353194794 9.730393433570961648 0.000000000610616519 0.236955253919352876 286755.797223084198776633
9.113470192576260231 8.177882917999093948 0.000000000116587413 0.240565479387775977 629228.000000000000000000
10.661069092327716490 6.095888088759755519 0.000000000257178470 0.468261941558783701 632118.000000000000000000
11.277451072268421584 8.545218542736575884 0.000000000593699340 0.170724294975705571 0.000000000000000000
10.433578468087603142 6.369756270123183128 0.000000000689320211 0.417262503913362615 632636.000000000000000000
11.918794542833754946 9.102006961604946156 0.000000000193750776 0.288038225647035961 637508.000000000000000000
12.987140588086397486 8.530795719394713927 0.000000000531160752 0.473226408552557376 0.000000000000000000
1.727499248803326282 14.374932173955727421 0.000000000000000000 0.223517044114492691 163792.848977329733315855
3.647563382882049954 15.597319561489985773 0.000000000000000000 0.474686432630868127 227701.202112864091759548
3.096206420160756423 12.644790438810748157 0.000000000000000000 0.176334367887104576 698766.000000000000000000
3.964155973021259882 15.237502024376162524 0.000000000000000000 0.453975396991230573 695143.000000000000000000
3.194694668078964739 14.454461769342630717 0.000000000000000000 0.259746328299241269 694186.000000000000000000
0.864429928673572268 12.710014621021890946 0.000000000000000000 0.280753947398936721 694584.000000000000000000
3.988983117062687711 12.683001889729840883 0.000000000000000000 0.313248076589188962 0.000000000000000000
2.668762841514885409 12.883786866353968747 0.000000000000000000 0.091911004498224910 695471.000000000000000000
2.474441944120462367 11.859015944228188388 0.000000000000000000 0.253679390577551067 0.000000000000000000
2.426498665801869237 14.699019173911443303 0.000000000000000000 0.253803331293245171 698409.000000000000000000
1.260205967534355986 12.730733273401023453 0.000000000000000000 0.214729792189575247 690755.000000000000000000
3.176249272233426346 15.078081287339973215 0.000000000000000000 0.354033059160271002 0.000000000000000000
3.312372132348390785 15.745915627011159543 0.000000000000000000 0.472799058440995457 694846.000000000000000000
2.913276776715247429 11.942056116548972255 0.000000000000000000 0.259054477069608491 0.000000000000000000
3.024004977532115834 15.312621687567682827 0.000000000000000000 0.382709926824297053 693523.000000000000000000
-5.149032309581166977 12.673307894889999758 0.000000000813998113 0.329050221965031253 1321993.000000000000000000
-5.288879723892863538 11.457367921109264941 0.000000000451901369 0.261413211650684707 1332724.000000000000000000
-8.036874226314729697 10.988403293879612121 0.000000000370792215 0.265924910087093513 0.000000000000000000
-4.717319205785385883 11.769253412176157170 0.000000000346397840 0.359248482676015612 84318.037544928753050044
-8.438572792804489353 10.761382873835724894 0.000000000633326254 0.347951389584348569 1338162.000000000000000000
-5.625375693712702407 12.766391695615897817 0.000000000288070497 0.270917988633096574 0.000000000000000000
-5.667413962323840870 9.258023387873111076 0.000000000389288902 0.475474813600530399 1292113.000000000000000000
-6.285229256777009610 10.824295497753377404 0.000000000853246943 0.177298706759395630 1345995.000000000000000000
-6.836080577842321482 12.879335788232760152 0.000000000409094755 0.206257498137588646 0.000000000000000000
-6.441320385408194404 11.199852758802315122 0.000000000397035659 0.105494539510172500 0.000000000000000000
-4.406388359835051283 11.557959892603559382 0.000000000096403103 0.415520634309964831 1255709.000000000000000000
-6.918787236960058706 13.011224249946684139 0.000000000623069614 0.231149273714784859 305549.580986776330973953
-5.454482933673229006 14.050929650098785473 0.000000000415223142 0.471891984042902890 1271573.000000000000000000
-5.432977187914782569 9.854359949474659430 0.000000000261369356 0.403461351498203391 1296459.000000000000000000
-4.676042668463176177 13.201331104566467189 0.000000000636420079 0.451036155051538545 1319889.000000000000000000
-12.068025645784073774 4.609004181317550852 0.000000000000000000 0.115624478819764634 0.000000000000000000
-10.698187802600687135 3.616583549258465702 0.000000000000000000 0.404146349275916472 0.000000000000000000
-10.536374966988129032 5.980695421000412182 0.000000000000000000 0.449651700618580952 818433.000000000000000000
-10.990712799092200669 4.093164051154073668 0.000000000000000000 0.323548164602508126 814384.000000000000000000
-12.665894647654642569 3.866438922771471720 0.000000000000000000 0.141491585386564450 0.000000000000000000
-11.369840086489675812 5.616359871352339717 0.000000000000000000 0.289913630710888659 812322.000000000000000000
-10.383517640376082269 5.699747721518759747 0.000000000000000000 0.451879053363644367 811191.000000000000000000
-13.790880690645527906 5.496079402103049460 0.000000000000000000 0.238805257964844836 0.000000000000000000
-11.290615269686101740 5.355337685290652239 0.000000000000000000 0.279661068673959845 0.000000000000000000
-13.160184505411281819 2.301665880711889489 0.000000000000000000 0.420541861184192400 814697.000000000000000000
-12.154323954136071251 3.846909935567894845 0.000000000000000000 0.175732132130081126 815622.000000000000000000
-13.353620831396710855 3.534894770729944291 0.000000000000000000 0.229101573338659270 625676.396623934851959348
-12.377134363302536357 6.001184754923668763 0.000000000000000000 0.237786014154889036 0.000000000000000000
-14.261822911275908510 6.445858481169485010 0.000000000000000000 0.412347993102941013 811932.000000000000000000
-11.288952871440523396 5.719601843726626278 0.000000000000000000 0.312054765234452525 0.000000000000000000
-10.427296182904871813 -4.558691143066545770 0.000000000000000000 0.407956950604494495 0.000000000000000000
-11.979407530793157122 -3.297501994048773533 0.000000000000000000 0.273749680713349874 576412.000000000000000000
-14.164395017892353223 -3.935040886822843476 0.000000000000000000 0.289042297987479102 0.000000000000000000
-14.517755433482975036 -4.438303176312323295 0.000000000000000000 0.324371093776429864 571049.000000000000000000
-10.816815632466237673 -3.311869960385454448 0.000000000000000000 0.413655750762390861 570679.000000000000000000
-12.443334133890669335 -6.629452934786756124 0.000000000000000000 0.342773568274879536 571646.000000000000000000
-15.218883485178212212 -3.848830563295275287 0.000000000000000000 0.469138425978795015 0.000000000000000000
-10.848534342569234212 -2.798839986066736785 0.000000000000000000 0.466913116547889084 536284.387647255673073232
-12.499041321317918118 -7.159853942754185852 0.000000000000000000 0.433278453594080015 104031.184743941004853696
-13.342645589345357493 -3.315179532683436570 0.000000000000000000 0.262029043654333327 0.000000000000000000
-14.594907996159527386 -5.938504102731381629 0.000000000000000000 0.400165178687924894 574460.000000000000000000
-11.845582618962945176 -6.182735490915535870 0.000000000000000000 0.304202475586577481 570866.000000000000000000
-10.644955208409728087 -3.273533403559149235 0.000000000000000000 0.442743980122233816 577416.000000000000000000
-12.163477225731362807 -3.803637802113577937 0.000000000000000000 0.181097742182398186 97884.957288449135376140
-12.238281514113889870 -4.698199977451770870 0.000000000000000000 0.084707138731649867 0.000000000000000000
-6.810351631258385829 -9.948655682318380045 0.000000000886080586 0.313569987174522502 0.000000000000000000
-7.256161284837859604 -10.931848499428975074 0.000000000335030970 0.167597195098935919 0.000000000000000000
-5.277460969271452029 -11.894153541057733037 0.000000000307476711 0.261173445802256154 0.000000000000000000
-7.643386929995704016 -9.627070345310986710 0.000000000652874793 0.403904690020858714 0.000000000000000000
-6.563132412856534259 -14.331564556444755354 0.000000000154024963 0.463523738794083817 0.000000000000000000
-7.160909256122767630 -10.025462570166894238 0.000000000703234319 0.309141216360439230 0.000000000000000000
-6.940075948584421006 -13.293584922000631465 0.000000000049133418 0.281156419160010829 0.000000000000000000
-5.556296344424708877 -10.673421037333767458 0.000000000000781092 0.279720617785073566 0.000000000000000000
-5.596171443627080855 -9.762037615438298843 0.000000000047770606 0.401495892151845279 0.000000000000000000
-7.274121158860300085 -13.515232076228127056 0.000000000324565946 0.332157269101187924 0.000000000000000000
-7.741575289824147887 -13.092641753412699757 0.000000000500383774 0.302275300890220588 0.000000000000000000
-9.110806966682300612 -10.833330991719460457 0.000000000849043025 0.451774139261757912 0.000000000000000000
-8.335276652022583832 -9.927926763833283985 0.000000000142563652 0.426269583927910700 0.000000000000000000
-8.475647889334435803 -11.750197977636572588 0.000000000657691317 0.310753158946757646 0.000000000000000000
-8.088094243374445824 -11.180747708196081547 0.000000000411346822 0.259660249706706758 0.000000000000000000
2.256746604180634996 -14.038177975506300754 0.000000000000000000 0.136309192562969222 0.000000000000000000
-0.061304172243555541 -13.350360845528724596 0.000000000000000000 0.427140637845840276 828696.227452959865331650
1.486921765978904686 -13.002265748941892909 0.000000000000000000 0.158750311159108898 1222819.000000000000000000
1.877837017997968205 -12.908556470941872973 0.000000000000000000 0.104498094022973026 1236614.000000000000000000
1.000964106101128070 -11.051660091416504628 0.000000000000000000 0.462127237950774428 1201285.000000000000000000
-0.108939364819384280 -13.636372056394646890 0.000000000000000000 0.440115636635660556 0.000000000000000000
4.518485731375153414 -12.456286980044675161 0.000000000000000000 0.415710768635500383 1242531.000000000000000000
4.816472904925537257 -12.668277513718065208 0.000000000000000000 0.455393390365386508 1280634.000000000000000000
0.790293921261759458 -14.469236548068540316 0.000000000000000000 0.347645548749319577 1260292.000000000000000000
3.406399958528731009 -13.679850730752047383 0.000000000000000000 0.204100045680959158 0.000000000000000000
4.017417175677446828 -13.159322056241821386 0.000000000000000000 0.300689536723737216 0.000000000000000000
2.652447792143918459 -15.235007128053020153 0.000000000000000000 0.353254155674948556 949208.831787543836981058
-0.227860907427494819 -13.862570393063865737 0.000000000000000000 0.468391787783065339 780936.653453396400436759
2.929114380638627946 -10.680231155255974329 0.000000000000000000 0.474229467167154306 549151.126897301641292870
2.011271014874112861 -15.148995886542680367 0.000000000000000000 0.338373146705486072 0.000000000000000000
10.119115174566497117 -8.942916744373098581 0.000000000000000000 0.052228681412170061 891781.968283427646383643
11.127909020983924648 -6.310755160026809918 0.000000000000000000 0.449264866863358092 1058729.978784856852144003
8.974620889561256476 -7.395799585331523929 0.000000000000000000 0.340182208142455367 0.000000000000000000
12.161470061400153853 -7.414523001291997595 0.000000000000000000 0.399582203174574435 0.000000000000000000
9.381869910808999791 -10.738381375761857583 0.000000000000000000 0.389045715343039111 0.000000000000000000
11.702812167286376521 -8.748383594853335055 0.000000000000000000 0.242809915406508758 1347721.000000000000000000
10.995283302787310475 -10.860961641116388066 0.000000000000000000 0.388058143392879085 0.000000000000000000
12.807299465138848760 -8.348311719706670075 0.000000000000000000 0.445159774031161082 1322424.000000000000000000
9.748255341721527856 -9.546791262711995074 0.000000000000000000 0.175510296463076476 0.000000000000000000
12.505515162219309033 -7.860148334060335529 0.000000000000000000 0.415875785541713172 0.000000000000000000
8.674026668769123205 -6.915639161861479423 0.000000000000000000 0.438135950072397307 1327539.000000000000000000
8.648944863225880297 -7.238377440422444131 0.000000000000000000 0.401652072097402613 711764.904367005452513695
8.224097633816453978 -9.709677093665838754 0.000000000000000000 0.413412463066427205 0.000000000000000000
9.540643793210145773 -8.793375455129046614 0.000000000000000000 0.142811550943779869 0.000000000000000000
11.213431540326970648 -10.305254522139231099 0.000000000000000000 0.313932592798120136 1376985.000000000000000000
14.972343452383251261 0.135924076077191369 0.000000000000000000 0.256215563692753168 448280.000000000000000000
12.710845462020618157 -0.423834676520588982 0.000000000000000000 0.165277812645722694 453486.000000000000000000
12.643958630897598638 -1.098729469865966202 0.000000000000000000 0.248923941538748666 452894.000000000000000000
13.401074908520122619 0.529838549967135974 0.000000000000000000 0.095181727155615528 450056.000000000000000000
11.592882771873764369 -0.376007052623037019 0.000000000000000000 0.353368860782527827 449486.000000000000000000
13.093498701379887805 2.411201026209454756 0.000000000000000000 0.425766812158504482 0.000000000000000000
12.132804010359159008 -1.195977368139942154 0.000000000000000000 0.325906647646869496 0.000000000000000000
13.219620487131109599 -1.334362135007101102 0.000000000000000000 0.238391493405216814 0.000000000000000000
13.922326645800469080 -1.012479847070609118 0.000000000000000000 0.188036718252591745 455029.000000000000000000
11.489019562883916237 -0.499781149487019405 0.000000000000000000 0.375966978153134235 450572.000000000000000000
13.174817647374826635 0.378271236184872961 0.000000000000000000 0.092558816377494940 0.000000000000000000
11.686633056447822909 1.833784606359140090 0.000000000000000000 0.459328140228138559 0.000000000000000000
12.917402568150087916 -1.941843263524053453 0.000000000000000000 0.354811305415690781 456677.000000000000000000
13.667475717880645192 -0.694220078554830144 0.000000000000000000 0.122372703168683525 451221.000000000000000000
12.980257442854908234 1.744460882517236078 0.000000000000000000 0.318743555135311052 454820.000000000000000000
