-0.882833335483486192 3.237454065770845268 0.000000000000000000 0.271310346553779558 631345.000000000000000000
-0.330596215295789919 4.642321763188691719 0.000000000000000000 0.368747717346703197 633660.000000000000000000
0.266157145013765917 3.998980304616336134 0.000000000000000000 0.450292033498073507 635121.000000000000000000
-0.904470192455084532 5.945164179842545416 0.000000000000000000 0.438424885472626757 637316.000000000000000000
-0.134849528802016616 3.775127323687421210 0.000000000000000000 0.378976278758027807 637080.000000000000000000
-2.218047143064510784 2.034297744462107094 0.000000000000000000 0.330583557319105992 638228.000000000000000000
-0.114439602531203999 2.706458377414956207 0.000000000000000000 0.436394677132132536 636026.000000000000000000
-3.272046658722823853 1.727947721741003528 0.000000000000000000 0.425188756919463506 634170.000000000000000000
-0.436753357346887472 4.116362718678630905 0.000000000000000000 0.327114421873717309 629758.000000000000000000
-2.254605554338566797 6.484814137464031347 0.000000000000000000 0.462035340624000757 629901.000000000000000000
-3.485922209914754433 3.129652577219407483 0.000000000000000000 0.257299730671468219 629454.000000000000000000
-2.816522167486416262 6.199020780484412185 0.000000000000000000 0.422934714738354922 0.000000000000000000
-0.882984412482422876 5.223184910529842462 0.000000000000000000 0.341268585681200554 0.000000000000000000
-3.226130093396200493 4.157374343024299534 0.000000000000000000 0.178947132574739404 0.000000000000000000
-2.080718420563063553 5.857601769082202203 0.000000000000000000 0.351806037037283303 0.000000000000000000
-1.303002329280228411 -3.744867292234807632 0.000000000000000000 0.172202843293907337 0.000000000000000000
-4.041137809884092214 -4.861819912446322611 0.000000000000000000 0.361745430447876659 0.000000000000000000
0.048996446271611600 -3.784183950400279439 0.000000000000000000 0.411614237435509789 82119.035006145306397229
-1.268614854151253635 -5.681363977010503774 0.000000000000000000 0.364565666201523697 333307.312771900149527937
0.072247455217287565 -4.811931032321021817 0.000000000000000000 0.446608531866124037 510871.000000000000000000
-4.520912869225123920 -4.720894096117826955 0.000000000000000000 0.429472908854459379 512366.000000000000000000
-4.074112076939236715 -2.332197497782807272 0.000000000000000000 0.426125263977307489 516244.000000000000000000
-1.964166435789513221 -2.113816200535893142 0.000000000000000000 0.320683154347537636 510463.000000000000000000
-3.164803514104750803 -3.009773401290018136 0.000000000000000000 0.225107770800006463 0.000000000000000000
-1.411244744477720525 -5.377421037069662901 0.000000000000000000 0.304907280176976991 515478.000000000000000000
-1.753231166889128723 -5.720141549852373331 0.000000000000000000 0.338131943519781375 0.000000000000000000
-0.692984806995502467 -3.871330476554776023 0.000000000000000000 0.278981491969871098 100423.137290060694795102
-0.099095100805662154 -3.147732531208566442 0.000000000000000000 0.406891967413669287 518109.000000000000000000
-0.473564575466925208 -2.299629054043244025 0.000000000000000000 0.425973536955297827 512822.000000000000000000
-1.497116042373954459 -4.655828380710471670 0.000000000000000000 0.192357280793503310 0.000000000000000000
2.247416697916532424 -1.397176769957387821 0.000000000000000000 0.474302591002296714 0.000000000000000000
4.235912743528948532 2.630723745010466796 0.000000000000000000 0.470087393132727460 31421.187186591309000505
5.481975399982662367 0.741134251629922636 0.000000000000000000 0.216951668766491024 0.000000000000000000
2.746163058829171888 0.295873662718741659 0.000000000000000000 0.319467435051321302 578726.000000000000000000
2.036850258760854793 -0.794195625004620598 0.000000000000000000 0.463552302139850492 570033.000000000000000000
4.051326149904883600 -1.002566199087882914 0.000000000000000000 0.196357978891353147 573567.000000000000000000
3.234721451177161811 0.280918803122514271 0.000000000000000000 0.233443749540032164 575425.000000000000000000
3.243971158477995331 2.001799672055426527 0.000000000000000000 0.421818887293673561 576274.000000000000000000
5.232519829179048010 1.515553874892815456 0.000000000000000000 0.298032402005737440 569847.000000000000000000
6.796224771162792777 -0.083824229503232511 0.000000000000000000 0.406978906717586963 571795.000000000000000000
3.829262116299128937 -0.658098553403305142 0.000000000000000000 0.169076986613390073 577510.000000000000000000
3.120395008380330459 1.132418585030087632 0.000000000000000000 0.319775197581032067 575857.000000000000000000
3.440199523918652691 -1.806629793807928985 0.000000000000000000 0.373904682511839170 0.000000000000000000
4.763886662572026864 2.423716153703655340 0.000000000000000000 0.432825779017201595 571702.000000000000000000
3.762989436347790484 0.096632379324128506 0.000000000000000000 0.134984767113249804 573282.000000000000000000
12.693149200288910805 8.933466862733295599 0.000000000032679785 0.420563744246544635 632736.000000000000000000
9.805325049509287183 8.190980092775793864 0.000000000880254892 0.136597938074539321 637426.000000000000000000
8.797297305887532559 7.728173013624992649 0.000000000021874011 0.328313912541490338 629585.000000000000000000
10.731888165659700718 8.885402445633154400 0.000000000242021609 0.073787185879781156 632482.000000000000000000
8.793279217473175535 7.424316217588089017 0.000000000411056671 0.360800972774804218 0.000000000000000000
9.617230908499955433 10.558070721986533513 0.000000000517154668 0.342903609519614128 38174.452461873646825552
10.342205638019422054 10.821309155572993888 0.000000000000738072 0.363540254036265165 634781.000000000000000000
8.457426726234674064 7.850696530865218570 0.000000000154864150 0.370877060809155390 0.000000000000000000
8.804532819929205445 8.595743585050060531 0.000000000519681206 0.275092721425799491 635695.000000000000000000
9.520081464261304305 8.531639173575188195 0.000000000140013614 0.151106102852208379 632343.000000000000000000
10.947476673521716606 10.457169580636767492 0.000000000868731839 0.318344510919560786 632592.000000000000000000
12.052217829747950972 10.200952960721526352 0.000000000549672391 0.396995464651190011 0.000000000000000000
11.078005549779495809 9.834213227686346315 0.000000000698513881 0.231232094883910638 0.000000000000000000
11.906538648653675949 10.320110624618610728 0.000000000533036800 0.391783716851406283 0.000000000000000000
10.992577583438983169 6.535422015828634912 0.000000000704407795 0.404588190228682254 637880.000000000000000000
0.826209393888658106 11.731148391644742546 0.000000000000000000 0.384772339542460817 696391.000000000000000000
3.226168140930289141 12.863478925797336316 0.000000000000000000 0.175145725971431271 0.000000000000000000
0.321849737055933838 13.703512517942829874 0.000000000000000000 0.366636023438084102 545675.259444666560739279
1.846309642584424315 14.561675011404014768 0.000000000000000000 0.244830874714178803 0.000000000000000000
0.658611214576256709 12.944771157777905657 0.000000000000000000 0.304452334381706491 692668.000000000000000000
4.187469185476275335 13.505113683945603853 0.000000000000000000 0.332757953521256700 0.000000000000000000
1.819724912496396119 11.124959491855033633 0.000000000000000000 0.394048076408730186 0.000000000000000000
2.537626537770455215 12.501454633845954234 0.000000000000000000 0.142724439939553943 698377.000000000000000000
2.934147890825088201 15.030188860215753621 0.000000000000000000 0.329969751310155712 0.000000000000000000
0.682750064574171089 11.881072210388953891 0.000000000000000000 0.385300290558886038 698031.000000000000000000
4.441955884851123137 13.388730470182172994 0.000000000000000000 0.376145265678129448 222770.292101116239791736
1.291123062797074672 11.560036064525661459 0.000000000000000000 0.357873694321433788 694934.000000000000000000
3.857349978946830404 13.007644879409506089 0.000000000000000000 0.275628260526138036 699573.000000000000000000
0.537200032296479169 14.029402934041614870 0.000000000000000000 0.347225530819588457 0.000000000000000000
3.533802351314500712 11.655261946720070654 0.000000000000000000 0.359139752807189738 0.000000000000000000
-8.193686464457503149 10.843246320785167924 0.000000000746579514 0.302926419038037076 0.000000000000000000
-8.559709308188914179 10.214371795393786257 0.000000000517898659 0.420309503988545941 0.000000000000000000
-4.887852917281056975 11.128442192647550968 0.000000000873476895 0.344997615899259424 1299505.000000000000000000
-7.371082979168566141 12.173289810566261693 0.000000000393603449 0.139380136275783634 0.000000000000000000
-7.106139236829092987 12.634307942968026950 0.000000000926934714 0.175176478245987088 1330605.000000000000000000
-7.221069941999959774 10.300839104281054759 0.000000000528120856 0.265517345076768274 1341730.000000000000000000
-7.253860200529826052 13.683424185218550306 0.000000000398859349 0.359783349110255835 1345291.000000000000000000
-6.104136072625927945 12.727697973356766781 0.000000000394679371 0.210902414236973063 1277572.000000000000000000
-7.388486781069585341 12.540978167188983505 0.000000000379490158 0.186635605684012607 1323729.000000000000000000
-7.778697125355730435 13.003473861075573126 0.000000000660935445 0.293902688825467773 1259357.000000000000000000
-5.571570665742628492 12.028288251240285334 0.000000000790967064 0.214049860606673026 0.000000000000000000
-5.031987795930397134 12.478493766320450931 0.000000000383776645 0.331648266330407060 1118350.380203111562877893
-7.043026009955763556 10.978770267225200996 0.000000000603770247 0.142145218445180077 0.000000000000000000
-4.528628017342390955 11.780183166344968981 0.000000000915401532 0.392912046326751307 1329358.000000000000000000
-6.467709362881597812 10.842233048396225925 0.000000000179069492 0.162183919830440226 1285666.000000000000000000
-15.082600434489275898 3.929971840049894638 0.000000000000000000 0.441773783942925269 814099.000000000000000000
-13.837167194731501141 5.726423404599771061 0.000000000000000000 0.270542621690457896 0.000000000000000000
-14.673916489898450877 2.829241905850477412 0.000000000000000000 0.474040393855944098 502589.451828124758321792
-11.252285934401813350 5.870554124060181067 0.000000000000000000 0.333149770451268312 817218.000000000000000000
-12.412432797188531097 5.188853416260273299 0.000000000000000000 0.103698199480060552 0.000000000000000000
-10.955662187828455245 4.414447135188789950 0.000000000000000000 0.316627546933674509 0.000000000000000000
-13.429385649119410573 2.391436934339343345 0.000000000000000000 0.417131852489229571 814708.000000000000000000
-11.159014189904494785 2.814801687717229939 0.000000000000000000 0.427037005574521400 0.000000000000000000
-11.626213474117049529 5.064289508581597765 0.000000000000000000 0.205062939311494469 0.000000000000000000
-15.219597569189726727 5.518566307163239593 0.000000000000000000 0.469799268013928850 819995.000000000000000000
-13.412239590580137261 5.671271938247464561 0.000000000000000000 0.212701693926318797 819679.000000000000000000
-13.809247463353226948 3.104431068318778131 0.000000000000000000 0.335811132750982122 709491.750798494089394808
-12.372919777051604839 7.155510403899522309 0.000000000000000000 0.435188745188549664 72340.341813946288311854
-13.470953129416809446 2.385176357481780585 0.000000000000000000 0.420455745178864859 0.000000000000000000
-13.221537335250623357 6.938042063287751304 0.000000000000000000 0.402786346171050968 812629.000000000000000000
-11.953313584891649413 -3.300744114729353029 0.000000000000000000 0.275520260625187974 169923.799003641208400950
-14.569225147227239603 -3.067361032840055124 0.000000000000000000 0.432839673651366108 0.000000000000000000
-13.315934389353785150 -2.246303143670254965 0.000000000000000000 0.435857167129153233 507466.769311189709696919
-12.324627404613334392 -7.020010583661608905 0.000000000000000000 0.413252837738959600 0.000000000000000000
-12.027112074170439371 -5.193889205142686372 0.000000000000000000 0.151661716998603840 0.000000000000000000
-13.648052381109312847 -3.255616163974349053 0.000000000000000000 0.297942043530115885 576059.000000000000000000
-11.623575583993130067 -6.283342263410559347 0.000000000000000000 0.340429994052544371 453674.106596760626416653
-13.138561171084143453 -6.385632118221074904 0.000000000000000000 0.306108989267412424 0.000000000000000000
-14.541303491101560397 -4.224728476144843370 0.000000000000000000 0.335235792506255459 575769.000000000000000000
-13.733822011310255817 -4.732697767188255966 0.000000000000000000 0.182195436999187388 0.000000000000000000
-13.388336749935390912 -3.776108565568467412 0.000000000000000000 0.197611491857265675 76684.645174456803943031
-11.039055466747964118 -6.150070959966802420 0.000000000000000000 0.393574552524415089 426235.628977456595748663
-12.316200351349984032 -2.262385912803804633 0.000000000000000000 0.426349396604298048 0.000000000000000000
-14.703118441758126878 -3.583497462833184155 0.000000000000000000 0.402228484625674565 573571.000000000000000000
-10.868148505217078537 -4.684290261314735915 0.000000000000000000 0.328854566623585975 569798.000000000000000000
-5.904227920511651462 -14.064277025971472668 0.000000000040333309 0.440932884751169596 0.000000000000000000
-8.592788827808327312 -10.292346913206873893 0.000000000117006331 0.416414675021271052 0.000000000000000000
-7.660188510428512565 -11.068506610715695970 0.000000000554715563 0.201400449011883614 0.000000000000000000
-9.132525890435571725 -11.638708964099775400 0.000000000348259109 0.427996218816969143 0.000000000000000000
-6.667717873375294424 -9.606558905165446305 0.000000000660838839 0.374032848812650753 0.000000000000000000
-6.616681398813311965 -12.224501860565032629 0.000000000745286955 0.091897209477844660 0.000000000000000000
-4.808495765862474514 -12.706484377692060406 0.000000000207673033 0.385030774594152359 0.000000000000000000
-6.138365029294057251 -13.090283004373045372 0.000000000135033006 0.264997666022467160 0.000000000000000000
-9.209272789861476127 -10.975374179340636971 0.000000000867413292 0.460513419356927800 0.000000000000000000
-4.645613780096097045 -10.730957469541300142 0.000000000519612045 0.411087312556256468 0.000000000000000000
-8.081088394074498638 -12.169035000204944552 0.000000000454340519 0.253221065031713266 0.000000000000000000
-4.121666901610848477 -11.913381886160779644 0.000000000761897298 0.466555161578330047 0.000000000000000000
-7.459190586910957599 -10.091736023648165244 0.000000000039569299 0.315553383755826700 0.000000000000000000
-5.522871765399219868 -12.446614652299928139 0.000000000658217505 0.251226612034353813 0.000000000000000000
-5.870738561300782976 -12.730688463689149970 0.000000000009607883 0.236071546068301885 0.000000000000000000
1.167984967102966731 -13.097151107220314614 0.000000000000000000 0.210323648972276761 1201066.000000000000000000
1.681008958856457625 -11.351932469472687970 0.000000000000000000 0.362054812283594596 1200409.000000000000000000
4.276554685255359978 -13.747541393565752443 0.000000000000000000 0.356133256308208357 1263128.000000000000000000
0.213346669143973988 -14.306770977383276744 0.000000000000000000 0.420186676371324896 1210953.000000000000000000
2.861088228711644810 -11.878134475136437942 0.000000000000000000 0.266114057407883131 1275737.000000000000000000
2.181096193882763767 -14.790418353088137238 0.000000000000000000 0.270949109165160351 1270636.000000000000000000
1.461595750370243474 -12.377577652052496049 0.000000000000000000 0.223263140527447640 0.000000000000000000
-0.320604670499213928 -13.226990039559339607 0.000000000000000000 0.473223234551841232 0.000000000000000000
3.228972583890026726 -11.820543553249676094 0.000000000000000000 0.304326440371561868 1236055.000000000000000000
0.095359104371616890 -14.002606261908434604 0.000000000000000000 0.419455692293598192 1269905.000000000000000000
1.366345300858071488 -12.462717224776927338 0.000000000000000000 0.225363940013704300 0.000000000000000000
2.183780221482899186 -13.050728310660840492 0.000000000000000000 0.048373189475945662 0.000000000000000000
2.578071931233500980 -14.494441209503040824 0.000000000000000000 0.221139634486353237 1203477.000000000000000000
3.263889787506470963 -12.436016363453274991 0.000000000000000000 0.223255479237489313 1256199.000000000000000000
3.347434789843412695 -12.458312941603431057 0.000000000000000000 0.232000690906854878 1244944.000000000000000000
10.527373810053550329 -9.379823508280347610 0.000000000000000000 0.115656944191208838 0.000000000000000000
10.582522225241643099 -6.368384067453257913 0.000000000000000000 0.419297100018758584 0.000000000000000000
12.524945270412798592 -8.985307593038420748 0.000000000000000000 0.391538985151203611 0.000000000000000000
11.371814974686387245 -7.289953163084200050 0.000000000000000000 0.314525056385526858 1346502.000000000000000000
10.942850374689163218 -10.811126978437501478 0.000000000000000000 0.377007129035401567 0.000000000000000000
10.950308455263359164 -10.303809001620006569 0.000000000000000000 0.293408182960690711 1349036.000000000000000000
11.235937734694131152 -9.105344891656114825 0.000000000000000000 0.171420710434841972 0.000000000000000000
11.877672560413655489 -7.389936639668062135 0.000000000000000000 0.362591256809015772 1364631.000000000000000000
12.224367690369319916 -9.158048383293628802 0.000000000000000000 0.343332376446849274 0.000000000000000000
8.048663007843526174 -7.673724998880519621 0.000000000000000000 0.450086145039666763 1379382.000000000000000000
11.262651970926659928 -9.276602381026791022 0.000000000000000000 0.188622589040117722 1408593.000000000000000000
8.649505544095264398 -9.770335625531124890 0.000000000000000000 0.350923490456327480 0.000000000000000000
10.642361336796586357 -11.232474313237887031 0.000000000000000000 0.438721250492408232 0.000000000000000000
8.903440399784162906 -8.348424880561994499 0.000000000000000000 0.265608611165769393 1331180.000000000000000000
10.275287175896885117 -10.222751582515213542 0.000000000000000000 0.258885920813624715 1342915.000000000000000000
15.705759951872700242 -1.533761781156188331 0.000000000000000000 0.467813457559631496 0.000000000000000000
13.162042339683916126 -1.169040584412034400 0.000000000000000000 0.213719117090650307 0.000000000000000000
12.318271311384608069 -1.618190992610957890 0.000000000000000000 0.355720826668802170 0.000000000000000000
12.806823061210558024 -0.219226140419776644 0.000000000000000000 0.136307509738509136 453690.000000000000000000
14.085222609114012471 -1.223763896430394293 0.000000000000000000 0.232988198497353277 0.000000000000000000
13.756592999155433432 -2.404477975318841665 0.000000000000000000 0.418254759191956538 204584.404654176440089941
12.071015155649039485 -0.409746435278929177 0.000000000000000000 0.271549810053861196 0.000000000000000000
13.772379473652568649 1.132054479205184760 0.000000000000000000 0.200381605806613877 453256.000000000000000000
12.570292376660610500 -1.573616239253501581 0.000000000000000000 0.323429692549235592 65999.133337416074937209
15.000428891942886978 -1.047845455480253207 0.000000000000000000 0.316921632607573833 0.000000000000000000
13.723614879979004755 -0.945066135637227966 0.000000000000000000 0.166923832867810734 0.000000000000000000
13.389797759333461613 -0.944576929128322917 0.000000000000000000 0.165957170708222523 457744.000000000000000000
13.038669944973003467 -0.774537034595774054 0.000000000000000000 0.161481691625175255 0.000000000000000000
14.331160058423108694 1.647502379539477202 0.000000000000000000 0.317924671590188390 451623.000000000000000000
15.502437126399403411 0.221765961950072282 0.000000000000000000 0.351712506404330494 449117.000000000000000000
