-2.060397590089775299 1.411111800193313393 0.000000000000000000 0.442895200641361841 0.000000000000000000
-3.302594287884887514 3.850159633723891250 0.000000000000000000 0.186273874059232986 631984.000000000000000000
-3.793352921894330709 1.925148500640117666 0.000000000000000000 0.444000779460743178 0.000000000000000000
0.349565069574777454 3.341184524306089809 0.000000000000000000 0.474915988719607329 0.000000000000000000
-1.365451650144885454 6.202408236052957768 0.000000000000000000 0.441521091573128799 313199.421690070594195276
-4.108154073692064756 2.382607786726180343 0.000000000000000000 0.425030735421520256 285087.456348841194994748
-3.038244929034309649 4.477519884723731636 0.000000000000000000 0.173958985324951215 632961.000000000000000000
-3.223960908283525217 4.961089879451283657 0.000000000000000000 0.256845467237101888 631789.000000000000000000
-0.846548498911959824 6.058215973386340103 0.000000000000000000 0.460926627147921708 504108.690049574302975088
-4.399099835684737059 3.174824218798583786 0.000000000000000000 0.402209232454997567 637054.000000000000000000
0.324907242156074527 3.663695602897653725 0.000000000000000000 0.462107410563133758 629458.000000000000000000
-1.252957805764209009 4.828760037840059027 0.000000000000000000 0.245059213731003950 0.000000000000000000
-0.474247705145719678 5.857362377057196312 0.000000000000000000 0.473175403708802900 0.000000000000000000
-1.194134885194966245 3.189242620695582620 0.000000000000000000 0.227063761205964804 486359.821556940092705190
-1.426942849206426223 6.368475968140396404 0.000000000000000000 0.465622025344686719 175143.080133729177759960
-2.821474307332726639 -3.617445497089724515 0.000000000000000000 0.111518363203010007 0.000000000000000000
-3.506847474460870639 -2.332708358546647709 0.000000000000000000 0.355484881210486159 517787.000000000000000000
-2.376031625139433778 -6.499040190089761637 0.000000000000000000 0.465022060572159335 508532.000000000000000000
0.041850809536555962 -4.305795515619813330 0.000000000000000000 0.416541187373678790 511602.000000000000000000
-4.551539847639376468 -2.612705238485459436 0.000000000000000000 0.467628081038619636 0.000000000000000000
-1.779051282940966816 -4.909285744730874868 0.000000000000000000 0.200604107385389557 508488.000000000000000000
-2.968193542832016973 -5.531666105853331850 0.000000000000000000 0.318458980208836673 509488.000000000000000000
-0.763132671934051765 -6.062525145423581563 0.000000000000000000 0.469841045689681047 514346.000000000000000000
-2.334274155575857268 -1.737685959214748221 0.000000000000000000 0.383545129754052194 0.000000000000000000
-0.388573999121031910 -5.029546414966712398 0.000000000000000000 0.390164693325672052 214326.635947810806101188
-3.617214778519118656 -4.227413090063519618 0.000000000000000000 0.249535064416455787 518282.000000000000000000
-4.117387283878533921 -4.644735587345968142 0.000000000000000000 0.357510897984034459 515334.000000000000000000
-2.451943244531707755 -4.794938301667508007 0.000000000000000000 0.164774619871766004 510696.000000000000000000
-3.162123383929547060 -5.515251087662967677 0.000000000000000000 0.331124046633249236 513848.000000000000000000
-2.587841619020117889 -5.502390719253550166 0.000000000000000000 0.293024518819348267 513503.000000000000000000
2.657060683920371869 -1.752013816267474988 0.000000000000000000 0.454574887160716368 0.000000000000000000
3.562841120377460147 -0.395425588361080493 0.000000000000000000 0.183554782809902867 571247.000000000000000000
2.834773358831061962 0.216946403543268995 0.000000000000000000 0.301789447853323789 80090.373594037504517473
6.293563219435296396 -1.636943910862497908 0.000000000000000000 0.430012733793332380 572189.000000000000000000
6.114928089068414785 1.996582726124300322 0.000000000000000000 0.454862807758406207 424458.096761207154486328
3.373281175210789407 -1.788856706598763502 0.000000000000000000 0.377491623386089714 574782.000000000000000000
4.616844564731582778 -0.481712222796337131 0.000000000000000000 0.087518499884188750 237930.633126176806399599
6.137995530119263243 0.374434062056248018 0.000000000000000000 0.296936242980064879 575640.000000000000000000
4.851509509104512397 -1.148220541858197885 0.000000000000000000 0.212639909969769364 575445.000000000000000000
6.815470386641766076 1.287994855613127099 0.000000000000000000 0.469438094030702635 572304.000000000000000000
4.146971072659458635 0.636138954656504496 0.000000000000000000 0.130634679701143425 0.000000000000000000
3.435624362248735686 2.124747527360134836 0.000000000000000000 0.423842275438122307 0.000000000000000000
3.900679787711369695 -0.129123899832160549 0.000000000000000000 0.111729771282379292 188421.012933442834764719
2.241772382672636343 0.951357715580216978 0.000000000000000000 0.438919335914151276 571611.000000000000000000
4.237090315385929173 -2.433260939424920721 0.000000000000000000 0.435193690055187654 578589.000000000000000000
10.189131866373729807 8.032312913369509033 0.000000000429065785 0.128395697121817032 637920.000000000000000000
10.448662116996452198 9.860175769425687520 0.000000000691177071 0.195938814920208842 635595.000000000000000000
9.288903606013414915 10.615172146646585816 0.000000000586616506 0.377715850302003331 0.000000000000000000
12.116952001322927046 7.908878516751579824 0.000000000240592425 0.348952440176525602 0.000000000000000000
7.697487855036114546 8.533109249880268976 0.000000000759280332 0.472584443154537626 0.000000000000000000
10.355599369424496103 11.337114592619407460 0.000000000447353057 0.453963324737860108 632043.000000000000000000
8.159557701826486209 9.001671641095720489 0.000000000539211398 0.391284362351356330 630952.000000000000000000
11.354107020116519067 6.696610211699589144 0.000000000128047607 0.401968862169019892 0.000000000000000000
9.995231340812104293 7.720332478440376178 0.000000000800047080 0.190517004045601596 638948.000000000000000000
10.415331338444781650 8.496171936012085979 0.000000000245338023 0.046116962343928765 580725.974270749837160110
9.779197004255230752 7.740468117343525023 0.000000000342810033 0.203173876690901284 0.000000000000000000
9.975315000628418360 6.703212387914174286 0.000000000570678293 0.364599722703949469 633106.000000000000000000
12.098465204222119240 6.781584495049489902 0.000000000893057929 0.465120884047672101 0.000000000000000000
9.670141652063311000 10.038034300961596657 0.000000000117560679 0.256041687892060610 632329.000000000000000000
10.247057088591491336 6.913706516519822820 0.000000000086588308 0.322110404342440093 0.000000000000000000
2.709159218058042828 13.343706513326432983 0.000000000000000000 0.067859398090887965 692941.000000000000000000
0.394811451561778659 12.394353099552061437 0.000000000000000000 0.379726992367502680 0.000000000000000000
2.770040736205377829 12.426371806466935510 0.000000000000000000 0.170157196628032858 697318.000000000000000000
3.155492498755775976 12.202881721041965335 0.000000000000000000 0.240752899397201098 549827.197478048503398895
0.361516992167443318 13.907108975888577973 0.000000000000000000 0.369096810176563983 0.000000000000000000
4.529454540028099885 12.429998637065740041 0.000000000000000000 0.419198172253461121 698646.000000000000000000
3.108842001675604649 10.952770161962098072 0.000000000000000000 0.436108652072291214 0.000000000000000000
0.703093776116546554 13.679948774816864443 0.000000000000000000 0.299470014014930563 0.000000000000000000
2.777835681853072280 15.656639388243711153 0.000000000000000000 0.431021952943353603 0.000000000000000000
4.218209232145692766 12.351663083893956951 0.000000000000000000 0.373912350634398982 376115.013337360171135515
2.646574653742816086 13.084113123855050986 0.000000000000000000 0.065367582244481345 692984.000000000000000000
1.128166738092736709 15.523278611610372479 0.000000000000000000 0.454252811410120028 693274.000000000000000000
1.911982586431429487 14.776261843824594067 0.000000000000000000 0.277476426148170308 692775.000000000000000000
1.459454335361464627 13.443326420861408721 0.000000000000000000 0.158730000710289448 324917.875597922189626843
3.827528275057688667 14.789185326206059301 0.000000000000000000 0.378496522878787267 0.000000000000000000
-8.375178515298824067 11.244396410503728845 0.000000000311227309 0.304549358627476729 5254.339947739122180792
-9.064595959739245146 10.735222521498497983 0.000000000491587720 0.450445456602441785 0.000000000000000000
-5.556974703234194735 13.454476274799571200 0.000000000500555100 0.372148848835626878 1327035.000000000000000000
-8.590275029661222916 11.707047262572583435 0.000000000009662964 0.331137754276276952 0.000000000000000000
-6.269183801486026830 9.546793090951620542 0.000000000247578216 0.393345040035999960 1294236.000000000000000000
-5.200878104055725260 13.221205054115493738 0.000000000103250892 0.381361946363487414 561112.187423527589999139
-4.855406646241606339 12.604635077546438637 0.000000000174928133 0.369573715976757922 0.000000000000000000
-7.756651896532038570 11.971676542473087324 0.000000000917577274 0.187961898089619495 1260813.000000000000000000
-7.844838924923804413 14.059509859043188840 0.000000000460816028 0.458856409451380953 1317103.000000000000000000
-7.218254535291302787 14.042248106198805147 0.000000000520700598 0.420075626760754606 1326845.000000000000000000
-6.342013951172324582 9.570265649073757430 0.000000000480593891 0.386711779671297329 1266926.000000000000000000
-5.043955339325103537 10.173312195411778447 0.000000000741607295 0.406936981124822073 1294114.000000000000000000
-6.218792394534177426 13.208467754985214526 0.000000000112928598 0.279267343961112358 1258008.000000000000000000
-5.078449860450779951 12.886004735014871869 0.000000000002788943 0.360162618185092653 1312559.000000000000000000
-5.247518761611227767 10.503205422031264504 0.000000000743014129 0.341244389359558420 1297588.000000000000000000
-12.714661841818402976 6.426311844766759762 0.000000000000000000 0.303887804552058771 812456.000000000000000000
-14.867691185788542541 4.621155684434136823 0.000000000000000000 0.384188283131071839 818273.000000000000000000
-14.755137308200231061 5.335344506636841899 0.000000000000000000 0.381343176082632795 633353.570596670848317444
-14.244699369727266358 6.155749431877204358 0.000000000000000000 0.374283836505015566 0.000000000000000000
-11.694491915885377509 6.118454998422503621 0.000000000000000000 0.309657630499386161 0.000000000000000000
-12.597215715598354180 2.979931562182060123 0.000000000000000000 0.296157707089761968 0.000000000000000000
-12.256068089291224155 5.347927636615321667 0.000000000000000000 0.142147610621639719 0.000000000000000000
-14.296819953630379274 4.708661467203957507 0.000000000000000000 0.282356411159405851 814211.000000000000000000
-13.057219630633840168 6.322781527787764588 0.000000000000000000 0.292204740038705224 352620.140083750942721963
-11.611088170365221117 2.726021847293006228 0.000000000000000000 0.392850295036574870 814891.000000000000000000
-13.433380866174603696 4.253840965560321763 0.000000000000000000 0.148074978164490362 0.000000000000000000
-13.669281311998332740 5.712069821459718533 0.000000000000000000 0.247426453113808259 0.000000000000000000
-11.232274942555788400 4.628337344510226714 0.000000000000000000 0.264100895443841299 0.000000000000000000
-13.352162833919505758 3.201950934371374569 0.000000000000000000 0.280603412381042361 0.000000000000000000
-14.412837496735088294 5.598490597591112561 0.000000000000000000 0.342350929993095410 815270.000000000000000000
-13.528723786411182672 -2.095585706755516142 0.000000000000000000 0.471356408332005705 0.000000000000000000
-11.483021386254527840 -2.466224819419737813 0.000000000000000000 0.443544009903037328 0.000000000000000000
-11.355088205752613462 -4.670473586564383162 0.000000000000000000 0.242069663453918171 578347.000000000000000000
-10.913668243238754840 -5.867360383525157097 0.000000000000000000 0.381940660875944304 572597.000000000000000000
-13.390507611697552548 -7.065899129750214946 0.000000000000000000 0.431747782299815863 571321.000000000000000000
-12.418301368595525247 -6.003853058194446035 0.000000000000000000 0.236479747581682553 512154.429712740879040211
-13.855927200211437977 -5.103598763977185371 0.000000000000000000 0.216649383335070445 573017.000000000000000000
-12.008908934530591495 -5.414542397890214076 0.000000000000000000 0.179376221294515692 572795.000000000000000000
-14.067942921166126879 -4.753249354507324220 0.000000000000000000 0.241857991712552400 0.000000000000000000
-14.634166944560130119 -4.058212079613682022 0.000000000000000000 0.358897562694364736 574351.000000000000000000
-11.990043741132634381 -4.325166672166169235 0.000000000000000000 0.142828534234752447 578640.000000000000000000
-11.423823474922608412 -2.543633638944108544 0.000000000000000000 0.437354718598974679 536046.233725894126109779
-14.354344974135370805 -3.955425348899988425 0.000000000000000000 0.318273783121017229 576484.000000000000000000
-12.789768606608683754 -4.137329518882473245 0.000000000000000000 0.095097692259474786 0.000000000000000000
-13.267549346499055929 -6.025737962513932899 0.000000000000000000 0.253999974907007264 388672.857538357668090612
-5.172484695124892617 -10.380258882275812837 0.000000000382800167 0.365477841530903902 0.000000000000000000
-7.655386454435465282 -9.857198015232924604 0.000000000168374085 0.367962474290248365 0.000000000000000000
-7.342277454562190719 -11.442106886050886771 0.000000000799060397 0.119202881319223533 0.000000000000000000
-7.437612154001261189 -13.411020670899766571 0.000000000514416178 0.324646133777540979 0.000000000000000000
-6.292390687284352246 -13.611077621430466067 0.000000000327444759 0.344160372554437821 0.000000000000000000
-8.781561424672597482 -13.198348760250837586 0.000000000703822774 0.449054574902087278 0.000000000000000000
-6.559590710573826478 -13.425667182756011897 0.000000000656413094 0.303764266637296332 0.000000000000000000
-5.237735550483791691 -10.939775777319551864 0.000000000115400942 0.300038979712479004 0.000000000000000000
-9.369585072600832731 -11.393266953726355339 0.000000000885022781 0.473498432824983051 0.000000000000000000
-7.730677461088729885 -12.636592515155971483 0.000000000851060057 0.240836253618415902 0.000000000000000000
-7.845787723039506112 -11.408779426557495995 0.000000000358585205 0.205868393669410399 0.000000000000000000
-7.620825315846011527 -14.219966859500422274 0.000000000491784189 0.469775639397124523 0.000000000000000000
-6.497072196284580770 -11.715046123626541075 0.000000000838640079 0.041948563248222694 0.000000000000000000
-6.993605493018358210 -12.934888612452400736 0.000000000272140249 0.220201987951108819 0.000000000000000000
-5.509217754375076659 -10.211504919615510545 0.000000000144471946 0.344751435880115698 0.000000000000000000
0.231201904858441637 -13.537290371883896611 0.000000000000000000 0.377681998105754480 0.000000000000000000
3.404194926702218016 -11.170167315009011944 0.000000000000000000 0.420637116796903687 0.000000000000000000
1.256941556011154315 -11.944187452728879606 0.000000000000000000 0.305309022560982690 0.000000000000000000
2.724625294164619849 -11.574555751765933209 0.000000000000000000 0.310946573688978489 0.000000000000000000
0.825117982944766015 -13.547107245299612188 0.000000000000000000 0.273259982959861147 0.000000000000000000
0.304226972624828507 -12.971680667513254548 0.000000000000000000 0.365863961505461244 1250565.000000000000000000
3.922690839386803852 -14.125941568175168328 0.000000000000000000 0.320890934119227922 0.000000000000000000
3.828981433317433236 -15.428617580836645473 0.000000000000000000 0.466458888483561596 0.000000000000000000
3.264807819863054128 -12.632564812815612498 0.000000000000000000 0.201617140876765716 0.000000000000000000
1.955949143374746013 -13.865005694229491695 0.000000000000000000 0.124605534470933352 0.000000000000000000
2.527881922163663475 -15.345183018966718436 0.000000000000000000 0.369919001169553507 0.000000000000000000
0.864911738439483435 -12.531117977433904542 0.000000000000000000 0.293645882309700623 0.000000000000000000
0.960766509171177785 -11.179988367221097789 0.000000000000000000 0.446569616255308000 0.000000000000000000
1.870398546939972650 -14.317494477634950201 0.000000000000000000 0.202975749885780071 1269264.000000000000000000
3.512120013638065696 -13.148674220618502773 0.000000000000000000 0.211145108112889279 0.000000000000000000
10.245748671265754837 -8.909087592264070210 0.000000000000000000 0.032926420389067408 1321543.000000000000000000
11.571744067403169964 -11.084120314378100858 0.000000000000000000 0.463947255965075522 0.000000000000000000
11.601278820524377977 -8.678667664203324250 0.000000000000000000 0.225039721405765031 0.000000000000000000
11.316899329213246261 -8.250627268646359980 0.000000000000000000 0.194591369651160001 1344606.000000000000000000
11.551828412286104353 -10.198877789420734530 0.000000000000000000 0.333277201561382075 0.000000000000000000
10.252820697844590825 -10.215486998906758487 0.000000000000000000 0.257834349301759302 1311225.000000000000000000
10.347736383804036819 -10.400901699733887895 0.000000000000000000 0.289832588068216379 1364371.000000000000000000
8.613692822972659258 -10.234743002290912273 0.000000000000000000 0.403786345769392652 0.000000000000000000
12.580639721620766380 -7.493543915237453668 0.000000000000000000 0.455427210269905069 0.000000000000000000
10.308470106257262344 -11.294214636311769695 0.000000000000000000 0.446505257069663208 1348534.000000000000000000
10.910646148799100885 -8.413010989844650567 0.000000000000000000 0.117339442756166923 0.000000000000000000
10.430792013245966388 -9.345726046248653773 0.000000000000000000 0.106026520463671101 1379170.000000000000000000
9.062562373677824468 -6.950129757654738505 0.000000000000000000 0.389419786887007457 0.000000000000000000
10.261098561726777589 -9.806371215928743723 0.000000000000000000 0.186152378611898761 1364432.000000000000000000
8.811941666325900258 -7.663556794461736210 0.000000000000000000 0.332504072341910373 0.000000000000000000
14.960650057649687028 1.043752070100115725 0.000000000000000000 0.310726551347422830 0.000000000000000000
12.080095403507057128 0.850374899638422943 0.000000000000000000 0.299442820623564865 455286.000000000000000000
14.912241675427111431 -0.985156986052291295 0.000000000000000000 0.297853413163413350 453948.000000000000000000
14.224656241603751639 0.326125575239501309 0.000000000000000000 0.134290664272161075 455607.000000000000000000
14.044787505425636809 -2.432322908548588902 0.000000000000000000 0.430515814778583639 448153.000000000000000000
12.067152255196321065 -1.449397999749760579 0.000000000000000000 0.363988345541661817 278504.892888685862999409
13.930777286050592068 -1.412335704784894785 0.000000000000000000 0.254233190270051368 448918.000000000000000000
15.923941054225997149 -0.836144051437654912 0.000000000000000000 0.448534878012265881 196065.698869381420081481
12.622643371284183900 0.334491987930948698 0.000000000000000000 0.173715397800120519 457198.000000000000000000
15.201949532968189516 1.157184122062993925 0.000000000000000000 0.357176611023206525 315005.067783673875965178
11.461189561199924825 0.771802806438537714 0.000000000000000000 0.394305222563055502 453358.000000000000000000
11.081416049045548888 -0.787698290219270847 0.000000000000000000 0.459362225121507706 166229.962866181391291320
13.486639651157894093 2.709974330633280193 0.000000000000000000 0.469757768131052578 0.000000000000000000
12.421999726971936440 -0.669012717778537436 0.000000000000000000 0.230861539714272535 456766.000000000000000000
11.427402240031485192 -0.982690204344046192 0.000000000000000000 0.413741709248878597 0.000000000000000000
