-2.772580411326599492 5.882477336175830018 0.000000000000000000 0.366374564488524901 0.000000000000000000
-1.999470144230222068 1.242689057867900404 0.000000000000000000 0.473735646726635151 4000.919917250722846802
-3.925411764661002945 3.431181393113620359 0.000000000000000000 0.308156016104146668 0.000000000000000000
-3.026465199030493824 6.083801601150284455 0.000000000000000000 0.413823970542073760 10127.000000000000000000
-0.997409778262291602 3.013884900741216288 0.000000000000000000 0.273612015144158893 0.000000000000000000
-3.926772872574133100 4.064208506442823499 0.000000000000000000 0.298984592977163899 0.000000000000000000
-2.340149948047338668 2.052475566338219704 0.000000000000000000 0.327580982140813659 10167.000000000000000000
-0.308067593402216122 3.013062406858458164 0.000000000000000000 0.381067480185869001 10116.000000000000000000
-1.134816461362512907 5.923333141736905283 0.000000000000000000 0.413826474312926629 4900.523868589317316946
-4.147119241049324501 2.490074942879270559 0.000000000000000000 0.418787989631369539 0.000000000000000000
-3.387165825536529784 2.803510744526950926 0.000000000000000000 0.279106961061470205 0.000000000000000000
-1.290507249127094358 1.776297923259889888 0.000000000000000000 0.414157487539098756 10932.000000000000000000
-0.601752940698009220 3.163661033369393305 0.000000000000000000 0.322346179891803197 10943.000000000000000000
-1.195303617693280751 2.681831511127438006 0.000000000000000000 0.286742132545742823 10562.000000000000000000
-2.763442334700831449 2.058254806252116875 0.000000000000000000 0.338373791933657631 10968.000000000000000000
0.309088916941846370 -4.600901457693054475 0.000000000000000000 0.474720457064707224 4489.552700205998007732
-3.893452463402591324 -5.083260517552210977 0.000000000000000000 0.360570108132640399 8180.000000000000000000
-3.424209848268071621 -5.340948158481637620 0.000000000000000000 0.331463870934007310 0.000000000000000000
-1.890281151568342199 -6.376892403522705699 0.000000000000000000 0.447699704611366989 0.000000000000000000
-2.835740637754474491 -2.591437146098569677 0.000000000000000000 0.253113706649484405 8050.000000000000000000
-2.529101104834954317 -4.938571308242340585 0.000000000000000000 0.192829803869111915 0.000000000000000000
-2.310248317107935545 -5.154262891598842877 0.000000000000000000 0.225303784783421196 0.000000000000000000
-2.014734875446202000 -5.179145307874877702 0.000000000000000000 0.233631642677370549 8151.000000000000000000
0.096776891244134328 -4.721552451219124258 0.000000000000000000 0.445061954427275752 8041.000000000000000000
-2.897706653188495185 -1.854799433686558308 0.000000000000000000 0.379873384301221972 0.000000000000000000
-1.047336526394135436 -2.050104463926022191 0.000000000000000000 0.392448849270203348 8218.000000000000000000
-2.188609395872843422 -4.364584092093296341 0.000000000000000000 0.085394527461356187 0.000000000000000000
-2.749317746709666110 -2.663263649931402188 0.000000000000000000 0.235341860739368330 0.000000000000000000
-1.898295123355932423 -5.568925342595301586 0.000000000000000000 0.305795311692917904 0.000000000000000000
-2.608868097792778062 -4.399770422245155466 0.000000000000000000 0.110180677045741873 8548.000000000000000000
5.646681904503356719 -0.658676632074241541 0.000000000000000000 0.233268782429235377 0.000000000000000000
5.568245213000556859 -2.207102342138025808 0.000000000000000000 0.434521695078313286 0.000000000000000000
5.922908845040552706 -0.942874167839886645 0.000000000000000000 0.301730398599683813 9547.000000000000000000
5.934018393419387749 -1.303747054866875699 0.000000000000000000 0.342890796674908183 9658.000000000000000000
4.713672068846563867 1.025006754211284177 0.000000000000000000 0.185534038656712669 9915.000000000000000000
5.930318736941169178 0.029818197406259878 0.000000000000000000 0.252451354324647437 0.000000000000000000
4.328895722313606420 -2.249075451055190911 0.000000000000000000 0.400997027714869336 9560.000000000000000000
3.584425891090653682 2.473462401871931782 0.000000000000000000 0.469882738211463535 0.000000000000000000
5.951610592177972947 -1.234022263935827812 0.000000000000000000 0.337040405737286941 0.000000000000000000
6.294616844684043144 0.314582595502267082 0.000000000000000000 0.322190376266388356 9132.000000000000000000
4.873845227848673467 -0.216133731213501712 0.000000000000000000 0.074720811524501954 9786.000000000000000000
4.725009915180529596 -2.213983165418630605 0.000000000000000000 0.395084190058719809 0.000000000000000000
3.338592733311851024 -0.133336243229867729 0.000000000000000000 0.210862099873315639 9382.000000000000000000
2.077790448813999546 -0.740181658963060207 0.000000000000000000 0.453728642062087850 9677.000000000000000000
5.826235341568474446 -0.707472344028578171 0.000000000000000000 0.265428857199766000 0.000000000000000000
10.227590216357269171 7.674530174515682646 0.000000000119360182 0.189339406810456634 5537.191467600780924840
9.741171773512137477 7.522044469614842299 0.000000000023189408 0.240234385333962880 10561.000000000000000000
8.288965920609896898 8.993736998951661121 0.000000000668211259 0.368215869240255567 10862.000000000000000000
9.108444659678937683 9.826809055511851909 0.000000000622733062 0.290088017038117429 10430.000000000000000000
11.033329916950298966 9.930525040315924201 0.000000000717835051 0.241136671429253630 10874.000000000000000000
10.148640280601256336 8.013185825057163925 0.000000000472368182 0.133352192670238262 10621.000000000000000000
9.484023304850715874 7.307712402483974579 0.000000000376647246 0.295394490566070034 10211.000000000000000000
12.985029182439539852 8.575553335107445108 0.000000000783473923 0.472289333349561247 10728.000000000000000000
9.695522922477659122 10.009199011738747487 0.000000000706966286 0.249452095228380050 10813.000000000000000000
8.347142884655882611 8.288853504026201691 0.000000000538218325 0.364360961626387980 10016.924844709594253800
10.779889757176206899 11.139571499005398891 0.000000000043664127 0.426291509362432319 0.000000000000000000
8.169758601027384159 10.314401690541403767 0.000000000601873439 0.474977848313565321 10983.000000000000000000
10.515822020998312425 6.181814640815852080 0.000000000447843376 0.450898834660875103 10610.000000000000000000
8.793996975813850980 10.732121063594124877 0.000000000891552925 0.444493147280606904 10245.000000000000000000
9.432362808941178400 7.886936844173728645 0.000000000076017226 0.221511697764332549 0.000000000000000000
1.369184809829640859 11.636330785184469505 0.000000000000000000 0.339065511570180778 0.000000000000000000
2.059534348692250827 14.082706287494186626 0.000000000000000000 0.151671020610258361 0.000000000000000000
3.517993758933873671 14.307051869653280463 0.000000000000000000 0.279523127564861973 11987.000000000000000000
0.720089777341471504 14.686857753352475342 0.000000000000000000 0.381933870189608504 11820.000000000000000000
1.613311325674197105 11.259221277346833645 0.000000000000000000 0.381623118451488885 0.000000000000000000
1.823711768292355151 14.736442831466019854 0.000000000000000000 0.275454402805318022 0.000000000000000000
4.616387881931465209 12.112683064312360415 0.000000000000000000 0.456363704185379415 11081.000000000000000000
0.777821333611401045 12.667967731001954945 0.000000000000000000 0.297853289699930968 11057.000000000000000000
0.584277604150345908 12.042603504408935677 0.000000000000000000 0.381596680185287973 0.000000000000000000
1.226432882554779003 11.202979247986100120 0.000000000000000000 0.418845931635995039 0.000000000000000000
1.886490900606231591 13.832033906020301472 0.000000000000000000 0.127098007498752608 0.000000000000000000
1.910417352780117373 11.038243790080395357 0.000000000000000000 0.405753147892540966 11777.000000000000000000
2.878723774279200232 13.616024421722949356 0.000000000000000000 0.114294724473504306 11887.000000000000000000
2.661238866447126483 14.393323495477492457 0.000000000000000000 0.207180687928403162 0.000000000000000000
2.593051049020371313 12.041478752288490739 0.000000000000000000 0.224729326219430980 11111.000000000000000000
-5.419479504544257864 12.661318320792352310 0.000000000800497125 0.287519052849148471 21390.000000000000000000
-5.868845477702299362 11.103507501259729295 0.000000000869866585 0.188586495075138388 21339.000000000000000000
-5.146135367018453088 10.599267680417113979 0.000000000855779174 0.345395705592348445 21567.000000000000000000
-7.105210660833295222 11.304889430250703697 0.000000000161404866 0.098868544124884855 21667.000000000000000000
-5.871288369336653545 12.693366285279463312 0.000000000815717609 0.231025267865205941 0.000000000000000000
-7.220401568388449931 9.867946631018996939 0.000000000297553022 0.338758342621115260 3116.761901111932729691
-8.520562597854851816 10.935468812238310576 0.000000000026595684 0.347435496341996719 21926.000000000000000000
-7.488317992595257877 10.611431666893771819 0.000000000259723988 0.237694967917857769 21189.000000000000000000
-4.800735244539392710 12.960847038010273380 0.000000000489605771 0.408693402757355884 21000.000000000000000000
-7.361745073751849056 12.442530415085636619 0.000000000012744346 0.170232868685512490 21209.000000000000000000
-8.285978393730113467 13.020204634288290890 0.000000000313854386 0.359944995783003319 21868.000000000000000000
-7.764006723437765878 10.626438887251689280 0.000000000605410941 0.266641381432870639 0.000000000000000000
-4.179548719176031213 12.006743384837919919 0.000000000503187829 0.457822431034642652 21198.000000000000000000
-4.812145538962190550 12.330078988914873861 0.000000000233975743 0.358998158702877046 8845.789816198644984979
-6.559854258328351229 13.942884320471915061 0.000000000070506231 0.394948939295987900 4878.906357491255221248
-14.393618423178097032 5.328657422964059087 0.000000000000000000 0.320037440198761736 0.000000000000000000
-15.347516052461475766 4.945792583177753166 0.000000000000000000 0.471841359688690121 0.000000000000000000
-13.784037363716263869 5.919861050323258489 0.000000000000000000 0.287791781452578666 0.000000000000000000
-10.522735634977937735 4.312613129107010224 0.000000000000000000 0.395604779721143995 0.000000000000000000
-12.488776718169354751 3.578268156393276112 0.000000000000000000 0.195550691939296861 558.569825883370640440
-11.569101976569911017 2.594855030431619802 0.000000000000000000 0.416434290586309874 840.437443221143666960
-12.869925208386076676 4.582418000513845513 0.000000000000000000 0.032577109392718268 0.000000000000000000
-12.929409580953445058 1.949345709682823502 0.000000000000000000 0.475896922389365151 2093.825905065246843151
-11.313212328051841737 6.823627882868068539 0.000000000000000000 0.449538379092914220 0.000000000000000000
-12.153203301700292727 3.924581856099281119 0.000000000000000000 0.164892716399520606 7596.796787832024165255
-13.308419000382453845 6.155184522251667900 0.000000000000000000 0.277532664500942328 0.000000000000000000
-13.739938006789527591 2.733263926808557454 0.000000000000000000 0.383982576215092686 0.000000000000000000
-13.305463908199321565 5.232444609697068927 0.000000000000000000 0.142837892742886274 13100.000000000000000000
-12.151209773230965183 6.190684307956193067 0.000000000000000000 0.281616154309649980 0.000000000000000000
-14.210332816035519343 6.224422707024860557 0.000000000000000000 0.378190672821238749 0.000000000000000000
-12.184344629438065510 -5.698153990396381374 0.000000000000000000 0.200938089156437683 9525.000000000000000000
-12.493702603237180071 -3.400138095297387864 0.000000000000000000 0.225815244008689048 294.980059401598509794
-13.163763924895526713 -3.668291855582252126 0.000000000000000000 0.193035707342861879 7819.914056023194461886
-12.712677450391980827 -2.811127659651937005 0.000000000000000000 0.324718864975254873 9110.000000000000000000
-14.633822989196445974 -5.813435588004856491 0.000000000000000000 0.394770000972435087 9851.000000000000000000
-15.012943582572585655 -5.035711409794421556 0.000000000000000000 0.414577530400268457 0.000000000000000000
-12.718960978032246345 -3.660186069222944649 0.000000000000000000 0.177092883000943752 0.000000000000000000
-11.496192344100650828 -5.220420134902409970 0.000000000000000000 0.236575915650902996 9254.000000000000000000
-12.428078945562035074 -5.502544792376668603 0.000000000000000000 0.152085155915967773 8853.017250136088478030
-14.077249039445623779 -6.305591984997834132 0.000000000000000000 0.372441268785547785 0.000000000000000000
-12.561176500194436656 -6.105473759708546666 0.000000000000000000 0.249651547242665944 0.000000000000000000
-11.887178945663091412 -5.688239369775096144 0.000000000000000000 0.229328369619888506 9281.000000000000000000
-14.113314500871592116 -4.460331317494050651 0.000000000000000000 0.252452272610933781 9142.000000000000000000
-13.663251515838981121 -5.784142992003563855 0.000000000000000000 0.255926756681248257 0.000000000000000000
-11.244726674888655182 -5.427617485193675151 0.000000000000000000 0.292505861663698630 0.000000000000000000
-5.880693394365874127 -13.752827055726365657 0.000000000143041405 0.391009447288685030 0.000000000000000000
-8.272760073410010406 -13.364048481076650887 0.000000000706016196 0.399868909826125329 0.000000000000000000
-6.917524782018930729 -9.282610154503622368 0.000000000664310713 0.432336457239522576 0.000000000000000000
-7.794047007220435752 -10.892225385764652046 0.000000000883490874 0.239068134985643305 0.000000000000000000
-5.888078196874905856 -10.297605056288755776 0.000000000705124070 0.293282180917882551 0.000000000000000000
-4.738043522217685322 -12.451051020078731213 0.000000000106455381 0.378424158980258385 0.000000000000000000
-8.036371958671423954 -11.349452171126307221 0.000000000612212264 0.241400535481312739 0.000000000000000000
-8.158114669123982310 -10.490075234440833896 0.000000000648156252 0.334228226075433787 0.000000000000000000
-4.770831099514712292 -10.538598232355621320 0.000000000809029557 0.407426018281468350 0.000000000000000000
-4.600820869847618511 -12.079257763754704058 0.000000000191424447 0.385240712209783287 0.000000000000000000
-8.092244003766548843 -11.241457846146538202 0.000000000722658250 0.256625206770601688 0.000000000000000000
-5.349763124513457591 -12.693231134189593590 0.000000000395934587 0.300934243150097147 0.000000000000000000
-9.060808303039236122 -11.013386864260059639 0.000000000509848314 0.433251779766955336 0.000000000000000000
-7.462816685800044425 -12.031787999133788603 0.000000000504291993 0.141480301570186873 0.000000000000000000
-8.143530224290142172 -13.022653643029386217 0.000000000730016094 0.341121202751284880 0.000000000000000000
3.850606769325522816 -13.857041973382287381 0.000000000000000000 0.289295897693579773 8687.457530852294439683
1.592073962411966193 -14.203847133662362623 0.000000000000000000 0.211596507693857266 0.000000000000000000
0.640177407877446369 -14.357761826459057630 0.000000000000000000 0.358127077757284529 0.000000000000000000
2.456028030393280215 -11.395611528636251819 0.000000000000000000 0.335660658471872431 11102.840983587775554042
2.464004011276968331 -15.386095968350490537 0.000000000000000000 0.376310468691808231 20415.000000000000000000
2.241147076795992898 -11.595504453495040664 0.000000000000000000 0.299852066752842872 5032.745604796618863475
1.690624195165941535 -12.793091755958311495 0.000000000000000000 0.143469629567431867 16390.636589060526603134
4.840273757699058876 -13.261270487248108196 0.000000000000000000 0.446601423999827163 0.000000000000000000
0.242421007713885056 -14.232572061813913322 0.000000000000000000 0.409866643395778385 20924.000000000000000000
2.734384664082909921 -10.950895359426359832 0.000000000000000000 0.420183060323995550 0.000000000000000000
2.557796100663429772 -15.899156529536254467 0.000000000000000000 0.468617472237931765 20982.000000000000000000
2.086154881366509173 -15.109990384515400663 0.000000000000000000 0.329467521208941627 0.000000000000000000
2.684195892765849134 -13.126130317343035259 0.000000000000000000 0.067874344999607858 20680.000000000000000000
0.221041891707232485 -12.463836447851184275 0.000000000000000000 0.403509813207251267 20247.000000000000000000
1.237401307653175797 -14.020131605921742235 0.000000000000000000 0.236134055236595558 0.000000000000000000
12.720351725979458735 -8.036564553990167781 0.000000000000000000 0.441978120676277897 0.000000000000000000
10.401732521723433322 -9.756405123785675926 0.000000000000000000 0.177145940689633963 22923.000000000000000000
9.816482703399364240 -6.580376266494862847 0.000000000000000000 0.391681797858329683 22081.000000000000000000
11.473806785310245004 -8.020139646932186395 0.000000000000000000 0.238805658235644758 22097.000000000000000000
11.356855705809957513 -7.758840872127178656 0.000000000000000000 0.250591637355365104 22185.000000000000000000
9.932902767260980426 -7.300851854714769829 0.000000000000000000 0.264107252648332902 0.000000000000000000
11.498674960420569136 -9.628599986009374945 0.000000000000000000 0.257610399453442551 4279.387266725828339986
12.687419141209304030 -8.344442342800935108 0.000000000000000000 0.424187569435278911 22888.000000000000000000
8.599656580979749165 -7.979230408463116042 0.000000000000000000 0.338452481043826581 0.000000000000000000
12.070362288773647919 -8.070614379143831840 0.000000000000000000 0.330281236482007023 0.000000000000000000
8.599365400170206897 -10.051180243911542078 0.000000000000000000 0.385745833380705894 22743.000000000000000000
11.644814242175991481 -8.597286779927582501 0.000000000000000000 0.233962853147357153 22317.000000000000000000
8.481460637292801863 -7.663864392437601758 0.000000000000000000 0.382274942079596947 22610.000000000000000000
9.997946612737171890 -7.119370170578991797 0.000000000000000000 0.292179498794600534 22092.000000000000000000
8.331106931461455645 -10.304087703051113323 0.000000000000000000 0.450726948369376657 0.000000000000000000
13.789311973546459100 2.355281659005936223 0.000000000000000000 0.410331223369428788 7546.000000000000000000
13.266372355654954873 1.721767879868021600 0.000000000000000000 0.302540077394472195 7750.000000000000000000
16.053032872207108284 0.441584454836597251 0.000000000000000000 0.454177315212474286 4306.460435643579330645
15.080212447374774953 -1.253716236669134121 0.000000000000000000 0.349516683304012143 0.000000000000000000
15.118736685770878481 -0.309557775021048254 0.000000000000000000 0.286268229655601891 3755.391673861194249184
13.605103398932111958 1.130166339939134623 0.000000000000000000 0.196168168173356888 0.000000000000000000
12.401216049343132042 -1.921413093352337675 0.000000000000000000 0.390720669743386317 0.000000000000000000
15.873099067336013945 0.302741826418868876 0.000000000000000000 0.418952868040118942 7097.000000000000000000
14.187188563041237543 2.147232080066923121 0.000000000000000000 0.389029597870663324 7065.000000000000000000
13.625028377769258014 1.308657846987417273 0.000000000000000000 0.227247262749757678 7387.000000000000000000
13.325435438412828404 -2.098731364917447273 0.000000000000000000 0.365887837777121749 0.000000000000000000
13.446916679336204936 1.399981236940953444 0.000000000000000000 0.243246986031324663 7951.000000000000000000
11.951437971535186833 -0.557515746715467997 0.000000000000000000 0.299475109520741578 7232.000000000000000000
13.755748505954679572 1.380405745982685062 0.000000000000000000 0.242161710540777203 7049.000000000000000000
13.358251557225292672 2.143927261064592305 0.000000000000000000 0.373098630034610412 0.000000000000000000
