-3.034503159373559189 5.495528144823009775 0.000000000000000000 0.317526373217724367 7206.214638180944348278
-2.448201455349881428 2.854709648105617781 0.000000000000000000 0.187477990226809221 10555.000000000000000000
-3.306851832397734725 4.179143886650865447 0.000000000000000000 0.193845676657006971 10944.000000000000000000
-3.668164096750361480 3.215362499996721191 0.000000000000000000 0.278515499766720520 0.000000000000000000
-1.138105260406167440 3.386436787495127998 0.000000000000000000 0.218876229561450142 0.000000000000000000
-2.862325485076044451 5.069650708048009768 0.000000000000000000 0.235992923952874439 0.000000000000000000
-1.927841817252539780 4.477408534442179011 0.000000000000000000 0.120026403084653732 10018.000000000000000000
-4.539151574223532215 2.647957101348700881 0.000000000000000000 0.462673977845458606 10757.000000000000000000
-1.511644516656003301 2.192062005196731889 0.000000000000000000 0.330446418064464453 6691.381700099603222043
-2.650562427387149533 4.368343376568060599 0.000000000000000000 0.110178630284383933 10984.000000000000000000
-3.901884137582019463 3.504973301915569550 0.000000000000000000 0.300854644945844962 10686.000000000000000000
-2.342780136959768278 2.974128427018758458 0.000000000000000000 0.163830584314071825 10978.000000000000000000
-2.027294887253814348 5.998743569172989787 0.000000000000000000 0.377768419210335882 0.000000000000000000
-2.677277567952538462 2.141677790650433177 0.000000000000000000 0.320165627051734014 10236.000000000000000000
-1.858178177024241817 5.617874659643902646 0.000000000000000000 0.315864124572696081 0.000000000000000000
-0.404100418462604027 -4.399754462261491916 0.000000000000000000 0.342685316697544873 8528.000000000000000000
-3.786028214828994987 -4.021482301383158209 0.000000000000000000 0.273294955038090703 8508.000000000000000000
-2.171140560197809322 -1.330844622346167183 0.000000000000000000 0.456029317240975451 8742.000000000000000000
-2.674551039962902443 -1.698296148953806650 0.000000000000000000 0.397259750225084363 0.000000000000000000
-4.174157060032372968 -5.361189804288227556 0.000000000000000000 0.430222014424039734 8746.000000000000000000
-2.687183214303316081 -6.333878132346803191 0.000000000000000000 0.441757765976130201 0.000000000000000000
-2.171406157632771006 -3.943285105322650086 0.000000000000000000 0.018133570851762985 0.000000000000000000
-1.777899594729374977 -4.928441240388382383 0.000000000000000000 0.203782701061600124 8491.000000000000000000
-2.320414729345606109 -5.745826571054156950 0.000000000000000000 0.330636270991393311 8427.000000000000000000
-1.249645060183632417 -3.128414305881965785 0.000000000000000000 0.225225374071451878 8065.000000000000000000
-3.138631866197017839 -3.576306382228144454 0.000000000000000000 0.166568206703457622 8967.000000000000000000
-1.742962884515807387 -6.343411158404737016 0.000000000000000000 0.446473113481526462 8193.000000000000000000
-3.710807501072623804 -4.735193182897755371 0.000000000000000000 0.299398901354498537 0.000000000000000000
-0.850301874500177579 -1.821906660980884274 0.000000000000000000 0.445768411378034690 0.000000000000000000
-3.369935228399526750 -3.272867972039029461 0.000000000000000000 0.226570287207839199 0.000000000000000000
2.062911746157175763 -0.132767991355820236 0.000000000000000000 0.437492626622827341 9054.000000000000000000
2.325668695847650014 0.901322105957558573 0.000000000000000000 0.421699711454326831 9128.000000000000000000
5.287635095772241556 -1.517595754207063496 0.000000000000000000 0.302694458530977595 9130.000000000000000000
4.708197456305714290 -0.659237063645211729 0.000000000000000000 0.122115095853772504 9616.000000000000000000
2.085333116233128337 -0.254475789631877503 0.000000000000000000 0.435220263320983236 0.000000000000000000
4.900327437455632484 2.010044212105691397 0.000000000000000000 0.363597338349429477 1597.445571529731523697
3.229778405090019788 -0.618244203523957370 0.000000000000000000 0.253945461120686333 0.000000000000000000
2.235958537138993396 1.020259468243519763 0.000000000000000000 0.444734318533031026 9944.000000000000000000
4.741707465924922538 -2.458192152690408250 0.000000000000000000 0.438540477142311536 3558.659737216999019438
4.471354258013669813 -2.015208898721283948 0.000000000000000000 0.358132570194247490 7084.064558481710264459
4.114915436743301846 -0.278636429956055420 0.000000000000000000 0.086698404284130295 710.830725456666186801
4.465777086605855040 1.211172094955367040 0.000000000000000000 0.215376964500992224 9949.000000000000000000
3.482836727206456207 -0.459204999623813837 0.000000000000000000 0.201132751706067814 9111.000000000000000000
7.120119399808491067 -0.141639231050770698 0.000000000000000000 0.465099766486329502 4426.010885946131566016
4.115368297335256997 -1.305176188271238047 0.000000000000000000 0.242605822388068021 9329.000000000000000000
10.122559295712976635 7.469040386117141495 0.000000000041271168 0.227680650694662201 10487.000000000000000000
12.814013580909348278 8.457740941999366768 0.000000000035494384 0.443756300897604650 10725.000000000000000000
8.011287716827245831 7.803338382392193573 0.000000000239952927 0.447178362056020129 10799.000000000000000000
8.114089531949270295 9.682784071421790983 0.000000000772262980 0.429551090860826101 6589.069174748068689951
12.231278099886282007 7.827492712073323311 0.000000000504610021 0.373431534309517643 10752.000000000000000000
10.113419759507154438 8.528100934267873967 0.000000000439889880 0.055924505259395976 10932.000000000000000000
12.215324266202685521 7.237484205464387088 0.000000000783918245 0.425859771418354849 10721.000000000000000000
9.322081305162264186 7.162460411760441126 0.000000000138273350 0.332397563223145620 10032.000000000000000000
11.606173916897583709 7.911894444432479467 0.000000000900831868 0.268870757592049647 0.000000000000000000
9.445592119084446736 7.642983786008780811 0.000000000533145868 0.251188288072556609 10441.000000000000000000
11.248528475734753229 7.084386990065687506 0.000000000586856356 0.333208188485930368 0.000000000000000000
9.769046290219939976 11.269856644426715420 0.000000000826459253 0.454138372385405942 10426.000000000000000000
11.484110919967303488 8.938746116995282875 0.000000000586820554 0.206544544457177959 3485.775464545939939853
11.271565675352013258 9.912232295258034398 0.000000000003971813 0.262842523475367906 0.000000000000000000
8.484421383965026209 9.591470274456993295 0.000000000536552252 0.362555708731161441 10321.000000000000000000
1.977591594160004185 13.994570764058305912 0.000000000000000000 0.142790040974101862 0.000000000000000000
2.200853355801056122 12.364391633961941963 0.000000000000000000 0.164207850201231298 11430.000000000000000000
3.494151772547720469 14.271283967742594001 0.000000000000000000 0.272148803087031432 9353.621453601323082694
0.530608251078091397 14.335299058638605985 0.000000000000000000 0.372696558830921509 11199.000000000000000000
3.936091587001767866 14.973287275992621659 0.000000000000000000 0.415482640443695872 11058.000000000000000000
2.784004389616623332 15.205654979002362737 0.000000000000000000 0.352657484616499151 11824.000000000000000000
4.631718933659796811 13.863632766289162745 0.000000000000000000 0.422529602458012854 11481.000000000000000000
1.520593672158107701 15.694400053009465168 0.000000000000000000 0.454377331554236985 0.000000000000000000
1.423663639805144765 12.674658439519809860 0.000000000000000000 0.194539196409861948 11219.000000000000000000
3.493104669202960810 11.050588552920839192 0.000000000000000000 0.446793885689261427 11212.000000000000000000
3.263705088290602241 10.988484989596042141 0.000000000000000000 0.439691075054952030 11817.000000000000000000
4.136882829621995050 14.729199427334048522 0.000000000000000000 0.412291468171737951 11665.000000000000000000
3.834734471900723918 11.884968951314760943 0.000000000000000000 0.364476168642067611 11919.000000000000000000
2.621867452081612093 12.325168993775701409 0.000000000000000000 0.177013655204069309 11261.000000000000000000
1.804258926928355766 10.678528124314727421 0.000000000000000000 0.472266350292344428 5011.518016892467130674
-6.916932908309979311 9.382837326710770753 0.000000000465050818 0.414649335570433319 0.000000000000000000
-5.545816384850817293 10.569755288745779964 0.000000000749723165 0.293551440432765764 21958.000000000000000000
-7.827842822878857021 10.842711963139761266 0.000000000255711648 0.249202946394970010 0.000000000000000000
-4.136353609694268130 11.830555383252857382 0.000000000059437204 0.463083454171573095 0.000000000000000000
-6.917239260356717878 10.942737690010870821 0.000000000890380532 0.141210672596014664 21419.000000000000000000
-6.857154464094118218 9.148080039921858031 0.000000000453397681 0.455448708778865674 21391.000000000000000000
-6.385690738108467990 12.531854881654972189 0.000000000318329458 0.156695050140387399 21737.000000000000000000
-5.472517880572538296 10.425551939621355402 0.000000000531205376 0.320829293278985350 0.000000000000000000
-6.239870008443511473 13.339274354157460323 0.000000000502533766 0.300120518951294879 0.000000000000000000
-8.291402433161744412 12.445847524114405758 0.000000000255093901 0.306137003179490608 21541.000000000000000000
-7.786869230650838247 10.720558423665982772 0.000000000336427123 0.257801028207904015 21319.000000000000000000
-5.560337255546761170 10.922096552436897809 0.000000000322789207 0.252113864811981281 21277.000000000000000000
-7.946648138497963032 12.746595123302714825 0.000000000920428842 0.282588362064690790 0.000000000000000000
-6.320169640619200280 9.129367367864514193 0.000000000069630801 0.464312594641741128 0.000000000000000000
-7.728924484165119679 10.480726849842202597 0.000000000350852370 0.281876149734482384 16728.669416306547645945
-12.178141581790015380 6.463347733804528872 0.000000000000000000 0.324951817426831657 13155.000000000000000000
-14.789699444260797634 5.351049806932508091 0.000000000000000000 0.388031853352854172 13759.000000000000000000
-10.884763273931396199 5.001067617292002332 0.000000000000000000 0.330711416617088916 13366.000000000000000000
-12.965057477322392998 4.681616159930889864 0.000000000000000000 0.044918054294957994 0.000000000000000000
-13.441451017418030389 2.181099877485256577 0.000000000000000000 0.452631674259635686 13351.000000000000000000
-11.935918265603080002 7.054357488589449332 0.000000000000000000 0.436263967868045222 0.000000000000000000
-13.810233172114999789 7.134750024993700812 0.000000000000000000 0.468832555954376951 1416.834867192524143320
-13.226407620524975428 7.200703082574784197 0.000000000000000000 0.447521749375769273 1061.288740246978250070
-13.724172783570496748 6.244974083011247679 0.000000000000000000 0.326126202949262811 0.000000000000000000
-14.250631190047922559 6.055176124097958912 0.000000000000000000 0.363378024698018387 13092.000000000000000000
-14.278170995171976188 2.767930631791517992 0.000000000000000000 0.432998863991076066 13694.000000000000000000
-15.241960825257489631 4.536167496444510228 0.000000000000000000 0.451436031453859243 13598.000000000000000000
-12.172219717017801699 3.505716718912724961 0.000000000000000000 0.225782427673644148 13028.000000000000000000
-13.417738807664374434 4.412524905731457281 0.000000000000000000 0.133838602363910764 0.000000000000000000
-14.320811968903521816 3.231556468198265808 0.000000000000000000 0.380812967046678275 2015.526840656409376606
-10.485921255017867537 -3.472240403111968021 0.000000000000000000 0.449375376669917503 9965.000000000000000000
-11.032920451233493964 -2.630728726563033248 0.000000000000000000 0.466112871141961815 0.000000000000000000
-12.939807086311937212 -5.499643809143274886 0.000000000000000000 0.148313184878066634 5724.418573975055551273
-14.970851092512583946 -5.222520495487311898 0.000000000000000000 0.413304694308373910 9059.000000000000000000
-13.699132113670387412 -6.347482935774112711 0.000000000000000000 0.338766958468329493 9874.000000000000000000
-12.535028580570267920 -6.050762328481664731 0.000000000000000000 0.240776291678004878 9819.000000000000000000
-11.145957382562807325 -5.700130728739632779 0.000000000000000000 0.331304009102410812 0.000000000000000000
-14.445123476899473403 -4.157218584003316231 0.000000000000000000 0.321687055408506561 0.000000000000000000
-11.911390072894631587 -3.215683536747518723 0.000000000000000000 0.292109621808483655 9117.000000000000000000
-12.641539210123326598 -5.898226686414265174 0.000000000000000000 0.212482994135282821 9316.000000000000000000
-14.694704144543392133 -5.741789928547987643 0.000000000000000000 0.398320685791249796 9077.000000000000000000
-10.300376007525624544 -4.800200940331975197 0.000000000000000000 0.430560537948789512 4002.282246058859527693
-12.028966767439001728 -5.160180780931521660 0.000000000000000000 0.147992713118101388 9071.000000000000000000
-11.975138997177083411 -7.143977091980388217 0.000000000000000000 0.448958803976312548 9706.000000000000000000
-13.197503431712011235 -3.923657014053341552 0.000000000000000000 0.157026446115800467 9803.000000000000000000
-5.293788901544967729 -10.625758337874872339 0.000000000156167378 0.321343730016703633 0.000000000000000000
-7.270480489786010914 -10.160788243249715634 0.000000000442524136 0.291795952550679638 0.000000000000000000
-4.737923078631546048 -11.118980144358891593 0.000000000232456246 0.371026132239004824 0.000000000000000000
-5.945868983965031163 -10.118194109647864920 0.000000000686986353 0.316262230006992606 0.000000000000000000
-6.435411481488840124 -9.222352820740374213 0.000000000767723665 0.445111104295495608 0.000000000000000000
-4.438347115163244538 -11.269034497984865340 0.000000000286612849 0.416550336332402404 0.000000000000000000
-8.866826717468901720 -11.097197198402756868 0.000000000246263613 0.395922023559490188 0.000000000000000000
-6.032904436670137649 -10.596191678120780111 0.000000000298058332 0.234671011076255709 0.000000000000000000
-9.353147438998599128 -11.330830832976715783 0.000000000691840549 0.472061702652917026 0.000000000000000000
-4.746919501672582697 -10.756900529327191762 0.000000000215129441 0.392805818039422328 0.000000000000000000
-7.354330506742309481 -12.576805056368984381 0.000000000107147572 0.187966848860611491 0.000000000000000000
-8.328892648280957545 -9.655620325420125383 0.000000000579430574 0.462395360928923471 0.000000000000000000
-8.096844116056537644 -12.184331049946045766 0.000000000242397785 0.256741613662749613 0.000000000000000000
-8.468504718795820452 -11.847820657219108043 0.000000000892167839 0.310270373883243689 0.000000000000000000
-8.415553609241362309 -11.401285032873955672 0.000000000722169634 0.305187037276834772 0.000000000000000000
1.944695654519974948 -12.261200244389254266 0.000000000000000000 0.193740787055388164 0.000000000000000000
2.578672683016593581 -10.997600541497289939 0.000000000000000000 0.408131135992452765 20233.000000000000000000
2.893741080391101228 -15.880406576228859095 0.000000000000000000 0.474120778390828335 20680.000000000000000000
0.460944399915125758 -12.321002507402473825 0.000000000000000000 0.374783680873704617 0.000000000000000000
1.838896077983943611 -15.441764330576427611 0.000000000000000000 0.395571321938498421 20265.000000000000000000
1.712737158617758659 -12.349535523233443612 0.000000000000000000 0.198863890331778509 0.000000000000000000
3.937096589144564174 -14.814751646142241270 0.000000000000000000 0.395592245316011559 20994.000000000000000000
1.450315789107553544 -13.485309627348662787 0.000000000000000000 0.161881469401796985 0.000000000000000000
1.915206575537996780 -14.625289157368147386 0.000000000000000000 0.251532345495419196 20779.000000000000000000
0.963971675763019564 -14.524049161001750363 0.000000000000000000 0.330185250507046446 0.000000000000000000
4.093634042761815195 -14.377272489391261345 0.000000000000000000 0.369667818103161516 0.000000000000000000
2.820931771746936434 -14.264861502252999870 0.000000000000000000 0.196148756913494204 0.000000000000000000
0.391517238195177808 -11.625165317826837708 0.000000000000000000 0.454367594610932735 11049.955210200803776388
0.347550658582454985 -14.554535146358501763 0.000000000000000000 0.420946018807573152 0.000000000000000000
2.111974625608030287 -11.854468861842283545 0.000000000000000000 0.256371062030606778 20770.000000000000000000
9.005258486393410422 -9.338768796143192219 0.000000000000000000 0.259662959295163143 22404.000000000000000000
11.047614583859353132 -10.514012458065298716 0.000000000000000000 0.333994262088187832 0.000000000000000000
11.210091189083799534 -10.986844575000320745 0.000000000000000000 0.421523950829024441 11945.888567913385486463
10.220296448396146261 -7.455165754008847401 0.000000000000000000 0.227749815973200959 6617.991968910796458658
9.945646833820239507 -10.004257475143417011 0.000000000000000000 0.231391111528032101 22582.000000000000000000
11.937154634110434870 -10.463447086268049091 0.000000000000000000 0.413485294203095655 22115.000000000000000000
9.645051275136252045 -10.448938125334674254 0.000000000000000000 0.323288944647999288 0.000000000000000000
11.328358977238782046 -6.909508171986345815 0.000000000000000000 0.366849598721687487 0.000000000000000000
10.350540612077487879 -7.400323105999302875 0.000000000000000000 0.236314156571085926 22628.000000000000000000
9.500772631047240679 -9.537865744966023129 0.000000000000000000 0.204063285089892577 22322.000000000000000000
8.651857833730476344 -9.243678677138047917 0.000000000000000000 0.313356458474230826 22317.000000000000000000
9.399692448534159084 -8.902562241503785501 0.000000000000000000 0.169894574350101746 22697.000000000000000000
7.896814114638667448 -9.208959654109850845 0.000000000000000000 0.443038974050764311 0.000000000000000000
10.957701483028136735 -10.778637000817841596 0.000000000000000000 0.372320625552308160 20198.585733789077494293
10.129496158772861136 -10.912168189173426569 0.000000000000000000 0.381456003044340630 0.000000000000000000
12.879622812672728571 -1.614965365468003844 0.000000000000000000 0.304045109593030383 0.000000000000000000
15.063366376445605610 -0.858295549299882388 0.000000000000000000 0.309215363179085045 7478.000000000000000000
12.576892583744227139 0.063274875917668422 0.000000000000000000 0.172225585282280574 7192.000000000000000000
11.822108896894668817 1.932503520444107892 0.000000000000000000 0.454744906153750073 0.000000000000000000
15.022885261792966460 2.074823809332279723 0.000000000000000000 0.445206218892591710 0.000000000000000000
13.134551819493117009 1.813566882833963945 0.000000000000000000 0.322790794074487408 7796.000000000000000000
12.747003722356790689 2.134104571734188216 0.000000000000000000 0.396548038163188121 0.000000000000000000
15.244156647666429194 0.318664662769274132 0.000000000000000000 0.308532825138779054 7448.000000000000000000
13.526557106999341329 -2.533504584378570179 0.000000000000000000 0.439051562672976181 0.000000000000000000
14.014403733467531765 2.154535702559133625 0.000000000000000000 0.382417820926568897 7080.000000000000000000
12.603840914054254441 1.187671308962203076 0.000000000000000000 0.265400634105209088 7688.000000000000000000
12.914493568456787642 -0.562130206023354950 0.000000000000000000 0.148293863689581945 7892.000000000000000000
14.726170632601300881 1.016836248273375709 0.000000000000000000 0.274813466149228969 0.000000000000000000
11.857900082220970361 0.139581931095074163 0.000000000000000000 0.301009295767247553 0.000000000000000000
14.856603313972273739 1.872803691511442326 0.000000000000000000 0.399648578156853951 7402.000000000000000000
