-1.811230160819471191 3.907739644153992664 0.000000000000000000 0.079727919469622877 0.000000000000000000
-3.126543303645047178 5.159991223372541569 0.000000000000000000 0.273956589146450158 162289.713901987386634573
-2.271319074551186201 2.650254250658859334 0.000000000000000000 0.220828412594288648 837982.000000000000000000
-3.079183495093692269 3.406853321224365239 0.000000000000000000 0.169746813271785368 838418.000000000000000000
-4.796628761175766087 4.443899532304484090 0.000000000000000000 0.462974935845478164 0.000000000000000000
-2.402361371967058901 2.822912959930683918 0.000000000000000000 0.191788529918710787 0.000000000000000000
-3.647212245770593331 2.070644983926129612 0.000000000000000000 0.407609736931268896 70410.891266357342828996
-2.283982261919132117 3.721170698259145926 0.000000000000000000 0.030448291383318508 0.000000000000000000
-1.250570819582674131 3.092774042673434032 0.000000000000000000 0.228977153829033248 0.000000000000000000
-1.309610598888170552 4.985833168990231101 0.000000000000000000 0.258217107968582327 0.000000000000000000
-0.807415972447258712 2.774761137908317910 0.000000000000000000 0.326102517958988924 837529.000000000000000000
-4.730603458368583425 3.880243029320468828 0.000000000000000000 0.440620094264658702 0.000000000000000000
-3.902731751707276153 2.992266474388327158 0.000000000000000000 0.333817756282361711 676375.971254187985323370
-2.153691633693620044 6.502286054988185349 0.000000000000000000 0.465534036060308742 841652.000000000000000000
-2.506110004274999525 1.782201427568769647 0.000000000000000000 0.377947202110041902 839088.000000000000000000
-2.605033100144175773 -5.921445974382246291 0.000000000000000000 0.366926012266632795 677160.000000000000000000
-2.647964341169330549 -1.402106182910936027 0.000000000000000000 0.448413150265950133 683673.000000000000000000
-1.788755941526404714 -5.759026929504776682 0.000000000000000000 0.343210939911724633 678059.000000000000000000
-4.811311505715024417 -3.668411807997772556 0.000000000000000000 0.456703440175203701 680114.000000000000000000
-0.837327147706491970 -3.569492633933844417 0.000000000000000000 0.259602268223270705 684899.000000000000000000
-0.304056436914256711 -4.796560968179706563 0.000000000000000000 0.383882215058145237 0.000000000000000000
-0.653384153914531418 -3.325308508820857156 0.000000000000000000 0.303205703042610686 686626.000000000000000000
-1.891250326858340047 -5.681062706048314759 0.000000000000000000 0.325598657699471994 110518.270780659484444186
-1.310548630608977083 -4.947769523689749427 0.000000000000000000 0.253019632553543428 0.000000000000000000
-3.577930874603935330 -5.474374460864701142 0.000000000000000000 0.367179074696509011 0.000000000000000000
-0.285119157048960459 -4.489034501595562610 0.000000000000000000 0.367472392394818381 357582.616736633528489619
-2.148426911491656988 -3.345464208698273101 0.000000000000000000 0.098967605985289531 0.000000000000000000
-0.518879736274331815 -4.053043741999654337 0.000000000000000000 0.311342808864445264 0.000000000000000000
-0.902092040001003959 -5.070758342028183208 0.000000000000000000 0.320387274080372875 681175.000000000000000000
-2.053472352845118198 -4.378625941554639134 0.000000000000000000 0.094336778862375292 0.000000000000000000
3.155996045389087179 1.953522093492638945 0.000000000000000000 0.423379263735681521 0.000000000000000000
6.112988984633792811 1.984434816568759974 0.000000000000000000 0.452969230299335612 0.000000000000000000
3.444790255868724227 0.065478074652420504 0.000000000000000000 0.190953636737626470 0.000000000000000000
6.923342739735468321 0.029226490256935824 0.000000000000000000 0.429389985170967048 323625.996821693144738674
5.317871924132362871 1.185392529631768888 0.000000000000000000 0.254606257836576144 764866.000000000000000000
5.032624795961550213 0.197757578052310978 0.000000000000000000 0.098853234937872403 0.000000000000000000
5.149134645027883650 -0.433067600338354841 0.000000000000000000 0.136830113810917253 548599.677686874405480921
4.416489782310439871 -0.571149157955360698 0.000000000000000000 0.102971451334469818 758304.000000000000000000
2.243639297334479643 0.444848692846027405 0.000000000000000000 0.412316388052994365 761008.000000000000000000
6.526221302150873704 1.598272725086837820 0.000000000000000000 0.457113386186010051 764079.000000000000000000
2.922458523956981580 -0.471392062628260777 0.000000000000000000 0.295813687850447038 764082.000000000000000000
3.585138508351587650 1.889400196262358556 0.000000000000000000 0.374478594546348575 762047.000000000000000000
3.844134401507785181 1.385180480668945391 0.000000000000000000 0.273650689975046935 0.000000000000000000
5.749122349035844515 0.478692895223979065 0.000000000000000000 0.235935286015618861 0.000000000000000000
5.660404757346216620 1.812938280300167460 0.000000000000000000 0.381186222405441144 758629.000000000000000000
9.717087958766773781 8.292722932300081951 0.000000000497343058 0.136883976398904150 0.000000000000000000
10.328655050789404157 6.526802084353410471 0.000000000450874824 0.389476360991650894 0.000000000000000000
8.989396332437134873 9.282503155400707584 0.000000000772759821 0.258504252752865316 837854.000000000000000000
10.833301093032471130 9.020116725814421699 0.000000000311253902 0.099932480881173291 839357.000000000000000000
9.417571257369084847 6.342376192732725571 0.000000000455334916 0.453292424206178379 837862.000000000000000000
10.747410682792947867 8.337409399128551613 0.000000000832752229 0.102151247307618195 842037.000000000000000000
8.239347235879058928 8.157066969851712201 0.000000000756523331 0.388665198187496896 839504.000000000000000000
9.072430721025067868 7.724755305297972718 0.000000000090892103 0.288805522672060555 0.000000000000000000
10.568062991004186557 10.950784322814158145 0.000000000079935197 0.388222528120259980 0.000000000000000000
11.630523319292942475 7.418819824963699183 0.000000000621520651 0.327031803169735291 330230.657021468563470989
12.458963889563257510 9.261284313184921402 0.000000000152713148 0.388081509151098125 843397.000000000000000000
8.786166585836403087 8.181078435963556217 0.000000000644830107 0.294431770389699365 846906.000000000000000000
11.001419448581437166 6.711288891879248375 0.000000000503237130 0.375677031721917798 845198.000000000000000000
11.657809093199984929 10.699087102544650563 0.000000000897016758 0.414301714498601870 700875.120837936061434448
12.522997256419019507 9.044079832904348137 0.000000000656132112 0.392414452654142654 840842.000000000000000000
3.376573646738199042 11.254017976526489164 0.000000000000000000 0.405116163435602250 0.000000000000000000
1.125584707121215056 14.424016865649251784 0.000000000000000000 0.296951189814799732 8975.236744363943216740
1.366478677504448180 12.758206896098785776 0.000000000000000000 0.195671828796109476 565887.425348494318313897
2.146660828019084644 11.504306629967731013 0.000000000000000000 0.317408086445393145 0.000000000000000000
-0.181804727890934575 12.607436200065844645 0.000000000000000000 0.463990728078530312 919449.000000000000000000
2.827677053259074924 10.717420707261201329 0.000000000000000000 0.464037578412288876 917753.000000000000000000
0.356753164529918176 14.546032369843430843 0.000000000000000000 0.418747677982151789 924379.000000000000000000
3.124544846668988463 12.258559299256782893 0.000000000000000000 0.229538270019495033 924949.000000000000000000
3.210431819859147051 14.710860193497012460 0.000000000000000000 0.299258048917069974 926758.000000000000000000
2.722031583831207247 11.872508699449909386 0.000000000000000000 0.259392877328137483 0.000000000000000000
3.718546370203648532 11.193015098962654008 0.000000000000000000 0.445374589982795166 922531.000000000000000000
2.010670708547539043 13.457819812914769031 0.000000000000000000 0.066093955097972806 922364.000000000000000000
2.598488322207307633 15.775563716321412855 0.000000000000000000 0.447397720704898194 919436.000000000000000000
1.249315520897362974 11.028244543941058353 0.000000000000000000 0.444741422047702839 919904.000000000000000000
2.941783053699485784 13.525767937111373485 0.000000000000000000 0.116991677873820879 921448.000000000000000000
-7.170739346956471749 11.491223164998686457 0.000000000614782453 0.087881153312967863 1687885.000000000000000000
-7.676522973124233040 12.561547641797824681 0.000000000412636524 0.224793779127433174 0.000000000000000000
-7.996137866689202234 12.865209132455321495 0.000000000628413492 0.302994665011547704 1762210.000000000000000000
-4.711777997361183523 10.874154214808903873 0.000000000654033707 0.390013627859227274 875799.607853709952905774
-9.238871909171937347 11.885527688766851284 0.000000000392405904 0.447683692597388272 1712197.000000000000000000
-5.950021470464423423 10.711012308850058616 0.000000000182059712 0.226503874248379283 1739069.000000000000000000
-7.493451166345554526 13.854520889876610568 0.000000000142411216 0.401349339673077399 1749558.000000000000000000
-9.088697992555166749 12.379044533036237752 0.000000000771419776 0.435830010217585939 1755858.000000000000000000
-5.264853963106769896 13.881970611506471158 0.000000000287711023 0.464129256581335359 1770286.000000000000000000
-8.756032553310401312 10.740331381767528995 0.000000000462243197 0.399907697451630739 0.000000000000000000
-7.087841904764674794 12.779274525690011544 0.000000000512810162 0.198074110597427772 0.000000000000000000
-6.728503262418927378 12.873300317054585662 0.000000000362527354 0.204383686989737773 1744827.000000000000000000
-8.497596542026245814 9.831401766098611716 0.000000000042752600 0.458371380639684578 0.000000000000000000
-7.097399896608001413 12.870011743557190798 0.000000000204436041 0.213857028751808231 909015.754196214373223484
-5.757028042472192908 10.497572951193850699 0.000000000894976895 0.277528027973553193 0.000000000000000000
-11.725011952677780513 3.918467788282493203 0.000000000000000000 0.220359267444244805 1048393.000000000000000000
-12.247304591416904529 5.237342185045054777 0.000000000000000000 0.127866564745195255 0.000000000000000000
-14.455427651910584430 4.426219527370459872 0.000000000000000000 0.313642569687905826 1079807.000000000000000000
-12.735442098555889601 6.186530415387863968 0.000000000000000000 0.262217409132802171 0.000000000000000000
-13.320471036398828346 3.189328007536370801 0.000000000000000000 0.280393982015887722 1055775.000000000000000000
-10.572813856645426611 5.740144637517766490 0.000000000000000000 0.424102232911691135 0.000000000000000000
-10.569390415636847891 3.760934785255419133 0.000000000000000000 0.414313925446128051 1051677.000000000000000000
-11.485203576537163173 3.705585633863321515 0.000000000000000000 0.276882788700866966 0.000000000000000000
-11.418452907457499634 6.812110210284030742 0.000000000000000000 0.437638892144135427 0.000000000000000000
-10.814103652992720583 4.458818777900967589 0.000000000000000000 0.340650776931306021 1063828.000000000000000000
-14.112750677652270426 4.744252839124603049 0.000000000000000000 0.249757910286724533 1044253.000000000000000000
-13.802571022325137662 5.736794808447779559 0.000000000000000000 0.267249600108519170 0.000000000000000000
-14.816678531052293266 3.760661692512838883 0.000000000000000000 0.407248432931453797 1075871.000000000000000000
-12.440200766088345574 5.010896434968067581 0.000000000000000000 0.075552896310854517 1086292.000000000000000000
-13.157576446686816141 6.903459870009585941 0.000000000000000000 0.394538947183193545 0.000000000000000000
-12.633356819459764964 -4.055468663816061081 0.000000000000000000 0.109303859324752603 207186.824290717922849581
-10.999408720450864152 -5.939512041753735261 0.000000000000000000 0.376396579211160487 757473.000000000000000000
-10.715578029791275938 -3.492394579465783799 0.000000000000000000 0.411847133880203886 250361.714862937835277990
-14.175864717061108067 -2.940197052304898584 0.000000000000000000 0.398505948471096161 758471.000000000000000000
-13.982377370488661583 -5.820174755919364173 0.000000000000000000 0.300647716405479937 761242.000000000000000000
-11.237315069886454566 -4.761273965100804695 0.000000000000000000 0.263451409812211379 765494.000000000000000000
-11.413918638722082122 -4.116246365385799244 0.000000000000000000 0.251471824127366406 758743.000000000000000000
-14.019975595615527197 -3.096644358655364027 0.000000000000000000 0.359903468805627236 762672.000000000000000000
-11.647086211806550793 -3.437769198739597520 0.000000000000000000 0.287832415599900693 760562.000000000000000000
-13.539145383431616665 -5.654506497513011709 0.000000000000000000 0.224459777605662991 0.000000000000000000
-13.816012524620342461 -4.925005153531769153 0.000000000000000000 0.201197771830967376 0.000000000000000000
-11.353477253186333940 -5.660883621207132066 0.000000000000000000 0.296739325343671700 763859.000000000000000000
-11.774791876221538445 -4.537485679820915330 0.000000000000000000 0.169053663509719981 0.000000000000000000
-10.312928519149634710 -4.936216376909097647 0.000000000000000000 0.430158237062251425 0.000000000000000000
-11.478786354552257265 -2.544196069359495382 0.000000000000000000 0.432172332135654980 0.000000000000000000
-6.464405720854256465 -11.317281122556449802 0.000000000118185220 0.085624006827944299 0.000000000000000000
-8.194706376361974520 -13.333374046227502774 0.000000000844918508 0.386451557027153558 0.000000000000000000
-7.387417779309471300 -14.090570995333349558 0.000000000171918196 0.435462538741275607 0.000000000000000000
-7.111132545105800062 -12.773373760789407783 0.000000000362222697 0.198454187671619375 0.000000000000000000
-4.819159488845913053 -10.305491688723270371 0.000000000833358519 0.423138440482222877 0.000000000000000000
-6.114569593588067065 -9.221476683900018401 0.000000000499772065 0.455745646727136189 0.000000000000000000
-9.102657274665014953 -11.117152079704339940 0.000000000682473471 0.435576044539418561 0.000000000000000000
-6.502317084345219378 -13.406535845544125252 0.000000000784505091 0.301629805232868253 0.000000000000000000
-8.305160486779307405 -12.762191944525284271 0.000000000458548629 0.335521767877114740 0.000000000000000000
-4.894575768608063093 -13.133907399874006572 0.000000000504919052 0.412605826698003941 0.000000000000000000
-7.927657984074641284 -12.380165573705488313 0.000000000483273464 0.243022567950461871 0.000000000000000000
-7.924527204937145797 -11.022494146325952258 0.000000000179112296 0.245542424920072222 0.000000000000000000
-5.177181386486980230 -11.522865648004325223 0.000000000853822237 0.279349200107035844 0.000000000000000000
-5.555014193447969539 -11.153353514687328385 0.000000000831494226 0.232529839249144055 0.000000000000000000
-6.014941723178062638 -13.577046223680545367 0.000000000622361653 0.353131493015459319 0.000000000000000000
1.934032478152290846 -12.449272889896185745 0.000000000000000000 0.163733962733303845 836977.568196124397218227
1.301198241462425464 -11.059907730249520341 0.000000000000000000 0.435679095571092023 0.000000000000000000
4.456798241701833696 -11.821101889294670428 0.000000000000000000 0.458391091803816486 894244.771336411475203931
2.038380911504267257 -13.749825106728749802 0.000000000000000000 0.099410349372860543 1672787.000000000000000000
2.424773507405124207 -11.992866121868569707 0.000000000000000000 0.229185995979005630 1606895.000000000000000000
0.652891063065453969 -12.386570246808290108 0.000000000000000000 0.339043215586202096 1096056.759951630607247353
-0.208043026260131186 -14.012029110645784158 0.000000000000000000 0.471641046827099619 1660339.000000000000000000
4.257673196106349423 -13.797520351893462376 0.000000000000000000 0.355079913436246397 1644213.000000000000000000
2.233999384216777351 -14.401476409987617799 0.000000000000000000 0.201100430347220666 0.000000000000000000
1.058258657227657329 -12.670939454903040300 0.000000000000000000 0.251734983488009822 0.000000000000000000
2.302187503469796948 -12.652799427253393461 0.000000000000000000 0.111257442772051379 713298.522875052411109209
3.565340119339905911 -13.463678468835786006 0.000000000000000000 0.221905614382884725 1607327.000000000000000000
1.701816091737144321 -11.404239675601898441 0.000000000000000000 0.352040577357437379 1613842.000000000000000000
0.880420069357230273 -15.392257871100595068 0.000000000000000000 0.457336793127051555 333440.232801222475245595
4.386184426567776740 -13.854786022576407234 0.000000000000000000 0.379862771370453156 0.000000000000000000
9.329667502778068666 -6.260506711670117852 0.000000000000000000 0.472514620725394130 1829047.000000000000000000
8.384181298123076331 -9.018776376676907347 0.000000000000000000 0.351938608547540277 1805396.000000000000000000
8.856369740965586601 -7.286678861542598362 0.000000000000000000 0.368685190661090734 0.000000000000000000
11.593317633383165344 -6.362511501493204769 0.000000000000000000 0.473357314417257702 0.000000000000000000
10.788965944974480138 -8.503372707211507731 0.000000000000000000 0.090689523734352059 1792625.000000000000000000
12.519192936423838347 -9.131876428367474929 0.000000000000000000 0.394060670203246033 0.000000000000000000
10.491459522729378762 -6.083854006418638605 0.000000000000000000 0.467774998196168135 530707.352967998594976962
12.019155108855121838 -8.109131569061455380 0.000000000000000000 0.319364789679301708 1831947.000000000000000000
10.207526560604291532 -8.609663072672695705 0.000000000000000000 0.033929574469589920 0.000000000000000000
9.010092694821484116 -7.177535291614297819 0.000000000000000000 0.363825754213966956 0.000000000000000000
9.253469757366177717 -6.774146316395929013 0.000000000000000000 0.397142376227643645 1841945.000000000000000000
10.541331746930209690 -7.263508797520000115 0.000000000000000000 0.262664804967987386 1758982.000000000000000000
7.792540676519776888 -8.544849877662512583 0.000000000000000000 0.455536766061801934 1768668.000000000000000000
8.456667413579474157 -7.660613848108769552 0.000000000000000000 0.386396642006110069 1837755.000000000000000000
9.246469076333710291 -10.175692746158004454 0.000000000000000000 0.317665704946036132 0.000000000000000000
14.541256979079335565 0.289306150093684988 0.000000000000000000 0.185179744476645675 596748.000000000000000000
12.271202512417154651 -0.531867477152623502 0.000000000000000000 0.244498507974063084 0.000000000000000000
12.013191856586740158 1.455969013113111554 0.000000000000000000 0.371783662712878160 600449.000000000000000000
14.738309390987996750 0.765385411423710971 0.000000000000000000 0.251098958552806450 14767.606896554731065407
12.214120331448025780 0.753188335240788653 0.000000000000000000 0.270329719424012849 603399.000000000000000000
13.667266339377082573 1.763298513816059288 0.000000000000000000 0.306323716879985719 605841.000000000000000000
12.775101721568226765 -1.563835640725875109 0.000000000000000000 0.303842914694215760 598002.000000000000000000
11.821550059236558994 1.253972510458999601 0.000000000000000000 0.376151681605294552 597725.000000000000000000
14.969846314511148222 1.717913927160484855 0.000000000000000000 0.391078896649942331 605512.000000000000000000
12.135764826215574175 1.129324732576663548 0.000000000000000000 0.318228578607644697 602561.000000000000000000
14.329636436643857778 0.566975788853427698 0.000000000000000000 0.171412456794818202 599273.000000000000000000
14.684734800681290778 2.439904906974268428 0.000000000000000000 0.468446459983573649 597991.000000000000000000
13.598516947130978139 -1.864745654076116477 0.000000000000000000 0.323279832241024356 0.000000000000000000
11.101868051592788333 1.083319705909030706 0.000000000000000000 0.473914446754704177 0.000000000000000000
11.867435759475842616 -1.485542352408269595 0.000000000000000000 0.394603549886227145 603585.000000000000000000
