-2.797457378579221388 5.580705986266219831 0.000000000000000000 0.315964367771120080 453806.337881160958204418
-1.082678258475666455 4.050906521592065879 0.000000000000000000 0.211459580155369836 480261.751273609697818756
-0.064834104344422952 2.771961909486348574 0.000000000000000000 0.438733549297230074 842731.000000000000000000
-1.671711863482034488 6.011653964510147219 0.000000000000000000 0.392048335050399377 0.000000000000000000
-2.754219939608433698 3.104839387824298580 0.000000000000000000 0.165436565394141893 830361.542629671981558204
-4.505956473628231151 4.242659815563026626 0.000000000000000000 0.405464397706648327 0.000000000000000000
-2.622376330214668982 6.161084778252824634 0.000000000000000000 0.409518139501061806 838435.000000000000000000
-4.311102297829075169 4.290519322319124029 0.000000000000000000 0.372733240421272372 841454.000000000000000000
-1.631248991729652209 1.295243345742496777 0.000000000000000000 0.475491093138861398 395353.588671950972639024
-1.319363815369200221 4.425697015904824561 0.000000000000000000 0.192611809963979363 0.000000000000000000
-0.820591305501259360 2.930225847556382934 0.000000000000000000 0.308049821754124542 845659.000000000000000000
-1.479207817108062706 1.997224812819702766 0.000000000000000000 0.364643139507568936 838482.000000000000000000
-2.115706384806251172 5.178832645641574750 0.000000000000000000 0.230904296305187440 0.000000000000000000
-1.313983406080320382 3.751594762306605713 0.000000000000000000 0.170090248838763614 839056.000000000000000000
-0.513350413731821997 3.084612925944273165 0.000000000000000000 0.342492110572947206 839666.000000000000000000
-3.169855002047268666 -2.348898060870781013 0.000000000000000000 0.318877108132735954 683281.000000000000000000
-1.855930306860813062 -4.268580424569442755 0.000000000000000000 0.098403580287906051 0.000000000000000000
-3.912189538577191872 -2.981544182817925215 0.000000000000000000 0.336211613581403168 679863.000000000000000000
0.138704554616533304 -3.366296079334884617 0.000000000000000000 0.437242787582855119 676754.000000000000000000
-1.972646094306470532 -3.101369624986642037 0.000000000000000000 0.149428868362349920 0.000000000000000000
-0.905998851664604143 -1.643876500615690794 0.000000000000000000 0.467113986189888808 683843.000000000000000000
-4.069971493978575161 -3.386362287744031363 0.000000000000000000 0.335109141599749027 642152.503449944197200239
-1.748929003703792784 -2.115020647076494065 0.000000000000000000 0.328947516620126834 685667.000000000000000000
-1.998300097514601470 -4.877311355374454926 0.000000000000000000 0.181812379340194313 0.000000000000000000
-1.064364978821738639 -4.831648871375571197 0.000000000000000000 0.270927319001960598 0.000000000000000000
-4.309755128256028911 -3.984180731462828362 0.000000000000000000 0.366007680256208112 678656.000000000000000000
-2.743466225123184721 -2.481426488228990479 0.000000000000000000 0.265326237387107089 370652.754750949854496866
-0.232184711115536263 -3.711665356491478107 0.000000000000000000 0.362475000869129205 0.000000000000000000
-1.941865996263703931 -6.095355878748971001 0.000000000000000000 0.396759839328899633 676855.000000000000000000
-3.937737137378562124 -5.802346285947899140 0.000000000000000000 0.453174243437210522 683459.000000000000000000
3.526897110177337424 -2.273587961113386235 0.000000000000000000 0.440823419287323826 758803.000000000000000000
2.658927327053034695 0.950965557234604630 0.000000000000000000 0.371395997742266171 761125.000000000000000000
6.673867066033351669 0.019669000678009054 0.000000000000000000 0.384919350134130922 517710.411575837119016796
5.439401918241766332 -0.586804087148637854 0.000000000000000000 0.195060036842601731 760521.000000000000000000
3.256730513111494751 -1.839842015581058199 0.000000000000000000 0.396533154238188634 761630.000000000000000000
2.993578295248123577 1.041652941619596096 0.000000000000000000 0.328268234471270515 0.000000000000000000
5.065931052274500246 0.496424171900680722 0.000000000000000000 0.132077028644258632 766686.000000000000000000
3.054856093677421391 -2.050303491604914097 0.000000000000000000 0.447842353543807470 757495.000000000000000000
2.961856417004247177 0.518701570026101066 0.000000000000000000 0.291637634604209661 452058.092387342592701316
6.026878144374231638 -1.467601660134939312 0.000000000000000000 0.374851670214325194 0.000000000000000000
5.789414212199924137 -0.488769786740951340 0.000000000000000000 0.243279177354671361 758477.000000000000000000
2.240235968540722045 0.844821147564868480 0.000000000000000000 0.432223741208726198 0.000000000000000000
4.204855692837427661 1.284462258983762206 0.000000000000000000 0.234828630293012541 763663.000000000000000000
4.519167258025436951 1.354067631839273256 0.000000000000000000 0.240585587998579625 764773.000000000000000000
5.067087347787422758 -1.491999926659335340 0.000000000000000000 0.282714087730764729 0.000000000000000000
7.846162079977253789 9.376617405128984117 0.000000000847850840 0.458130795359247445 842052.000000000000000000
12.300243896635301155 9.973450578950163958 0.000000000518829047 0.409713208921269112 846756.000000000000000000
12.517702480950287480 7.696979724363215425 0.000000000838792176 0.429284401601502108 845833.000000000000000000
10.666313605158524780 7.971632861032004413 0.000000000418014981 0.147932960857580620 839735.000000000000000000
8.208588264307378424 9.075375363995616951 0.000000000267789874 0.384332418459506331 839424.000000000000000000
10.118488025694347243 7.268193599051630649 0.000000000598373502 0.262570581252198509 116013.459099836443783715
9.020093214010509897 6.954831308661731271 0.000000000931073837 0.393248200376247470 837551.000000000000000000
8.484056288034706128 7.385553777560855515 0.000000000284320469 0.408501789730514764 837927.000000000000000000
11.974873060360184951 7.770286568194084253 0.000000000322898764 0.337762382914763348 658645.883770301123149693
9.303850631728652232 9.515075919247511393 0.000000000098489333 0.228688631417079596 846824.000000000000000000
11.075983752246155944 10.257803638866667129 0.000000000243872236 0.295130593939828934 495333.548634765204042196
11.967827862124883254 7.170685818496278507 0.000000000063555572 0.400241141009518353 0.000000000000000000
12.456225203149003278 9.850885450951585298 0.000000000789954331 0.423463294738451401 15186.393194659007349401
11.959744846987595324 10.308789947961857436 0.000000000061656502 0.397214103665256557 0.000000000000000000
9.682222331696811679 9.650561316699416636 0.000000000041595621 0.197157745099989234 0.000000000000000000
-0.061854465098063943 13.293480096028449822 0.000000000000000000 0.427047604100719957 0.000000000000000000
1.615902321149124576 13.975489294750689240 0.000000000000000000 0.178571488744849460 921388.000000000000000000
0.759653922898179457 13.893620486862735319 0.000000000000000000 0.301397727339310750 918350.000000000000000000
0.793876160109815543 15.159111482805966986 0.000000000000000000 0.433378596867000421 926377.000000000000000000
3.523545773676402870 12.824404004286522607 0.000000000000000000 0.226722460079803956 0.000000000000000000
2.557567513412326132 12.676000767491425236 0.000000000000000000 0.114126821734622019 0.000000000000000000
1.565846096490854711 12.107848455317398617 0.000000000000000000 0.249212348145708723 850904.583900536643341184
1.252845899612485603 14.338816781995818772 0.000000000000000000 0.270088161789221071 919523.000000000000000000
3.281968116417701253 10.943801679065510157 0.000000000000000000 0.448280038120033419 926352.000000000000000000
1.963124906355538046 14.352215941745519956 0.000000000000000000 0.202652464853712605 924348.000000000000000000
4.096429636103055216 13.664273198606316839 0.000000000000000000 0.321525198348481478 924554.000000000000000000
2.471784144436373065 14.772486085902899688 0.000000000000000000 0.267472289861309609 926557.000000000000000000
2.663565398734612621 14.077740416602859241 0.000000000000000000 0.154227415922002259 923136.000000000000000000
0.499671908175849167 13.735016394044025745 0.000000000000000000 0.337016913446509803 662605.879284273949451745
4.701501725252217767 13.372697052676892682 0.000000000000000000 0.422211192876259023 927068.000000000000000000
-5.775016873810160156 12.754872660434196874 0.000000000259799711 0.250641552193310080 1678969.000000000000000000
-8.654396566984107864 11.515351462889945822 0.000000000529133549 0.344434931429594693 1750976.000000000000000000
-9.191307609973298653 11.867704286020758886 0.000000000199531386 0.439027176649850581 343063.233625390508677810
-7.937207829616647281 10.184181363874134973 0.000000000137031331 0.345950528816150127 700622.532058502431027591
-4.703737276566577030 11.806121758214086270 0.000000000910396895 0.361889288158279920 1719291.000000000000000000
-6.167221828894841273 10.257978602614713282 0.000000000655484992 0.277605466490174813 1729221.000000000000000000
-8.292287838005394818 10.027086092809517126 0.000000000437464296 0.408190946145553790 0.000000000000000000
-5.606302083365186206 13.043502813110398719 0.000000000322469692 0.308856443243235412 1731190.000000000000000000
-4.441923752677400472 11.186439943583641465 0.000000000026949526 0.418979556111533924 1769929.000000000000000000
-5.647737447082473494 10.361804297383251594 0.000000000482617263 0.308495789177646806 0.000000000000000000
-4.566651045547397203 12.805437686516642160 0.000000000573785577 0.431423447962756113 0.000000000000000000
-7.529529123917215294 10.679253738559159714 0.000000000135936752 0.232325672132313921 0.000000000000000000
-4.855195391664888227 10.515902480692092880 0.000000000179844348 0.396742707696412178 1048757.075409060111269355
-6.894326062516637599 11.658429878442923666 0.000000000333937557 0.030766049769669884 0.000000000000000000
-7.838232986725288676 11.308849476334788875 0.000000000150336134 0.209992679845128760 0.000000000000000000
-13.631673228498744521 5.836590847600709786 0.000000000000000000 0.259237774540950316 0.000000000000000000
-13.373407886358181784 5.806514580145256232 0.000000000000000000 0.228511168739554821 1101812.000000000000000000
-13.159221234392441957 5.061899742230453469 0.000000000000000000 0.103722962577735056 1110398.000000000000000000
-10.528562510799263308 5.920546672283861334 0.000000000000000000 0.445654532175543516 1094013.000000000000000000
-13.422626771344779328 6.510325961471552958 0.000000000000000000 0.342267219656500643 166629.178916696459054947
-11.275621908605709010 4.811939411279751333 0.000000000000000000 0.257281386452275995 0.000000000000000000
-12.045742280287186077 7.254905298777423184 0.000000000000000000 0.464015334930500734 380692.956923725549131632
-13.798115118654276756 6.974473892155830690 0.000000000000000000 0.442779776547446324 128308.418347279221052304
-10.934893341036580949 5.664740382897525350 0.000000000000000000 0.360629944888934573 1095516.000000000000000000
-13.600124872322563618 2.497937569896865995 0.000000000000000000 0.410187024240987241 1100045.000000000000000000
-14.186931673728103931 3.784561310629954711 0.000000000000000000 0.305030983883596396 0.000000000000000000
-13.991732474325914382 3.143829414632318908 0.000000000000000000 0.350423652163158239 0.000000000000000000
-12.121930547169938563 4.310927342179180499 0.000000000000000000 0.123296187594565204 1053629.000000000000000000
-12.044134778920701834 6.083365203700366486 0.000000000000000000 0.272093515322267887 0.000000000000000000
-13.752338774344391226 6.922007730965072270 0.000000000000000000 0.431076402792964886 0.000000000000000000
-12.669999038335687302 -6.546413255913309470 0.000000000000000000 0.324887816546000130 354380.686451980494894087
-14.815782635452414695 -5.823065420116344093 0.000000000000000000 0.423943411086661115 758494.000000000000000000
-13.188648814152951871 -3.977498388225179760 0.000000000000000000 0.148397532757285483 761989.000000000000000000
-14.458836353410832842 -4.700007813475525431 0.000000000000000000 0.311208828797859383 760830.000000000000000000
-14.196441945865696965 -5.257891414709873423 0.000000000000000000 0.282841887009972481 0.000000000000000000
-12.408902049715308635 -2.283258657516688217 0.000000000000000000 0.420246785416468427 0.000000000000000000
-14.445275506348551176 -6.365693412108051952 0.000000000000000000 0.425167010458044614 23319.421077761420747265
-14.001931826801328640 -2.515577454851944950 0.000000000000000000 0.439867433418025144 764581.000000000000000000
-14.110865101991711512 -3.201232133154046977 0.000000000000000000 0.357342675469531634 0.000000000000000000
-11.109692514009186226 -6.821693320842680208 0.000000000000000000 0.470476243549394602 760686.000000000000000000
-12.945762637924099536 -6.240427915134297621 0.000000000000000000 0.274595223216110906 766368.000000000000000000
-12.131997587208086742 -6.294217298712675657 0.000000000000000000 0.299702967148351318 758291.000000000000000000
-13.353132329926184596 -6.283189842527534097 0.000000000000000000 0.301099077561244433 0.000000000000000000
-11.502021489295813694 -4.794910783749960714 0.000000000000000000 0.216825451497982047 764139.000000000000000000
-12.521821782705799819 -4.655916182438177842 0.000000000000000000 0.034323680109706399 0.000000000000000000
-8.352466026818563094 -13.380014473171041089 0.000000000413814907 0.411736983653094135 0.000000000000000000
-6.962377258487910225 -13.362196449318552993 0.000000000311334840 0.293717253268158951 0.000000000000000000
-7.302547842011436252 -11.428013308222098487 0.000000000035842976 0.113887244049914543 0.000000000000000000
-7.430298800465384268 -9.165856570230639377 0.000000000254129731 0.468300768544422819 0.000000000000000000
-5.432743507038245490 -11.878511239906501373 0.000000000120173107 0.233366152158854812 0.000000000000000000
-5.069549195084190885 -10.679193200424258237 0.000000000109552823 0.348976704460247422 0.000000000000000000
-6.175258683946809768 -9.915500301912533843 0.000000000249297459 0.334412756674125067 0.000000000000000000
-5.557124806741889245 -10.586657349261674455 0.000000000854253120 0.290022091631741474 0.000000000000000000
-8.696253559254969900 -12.258525252418365881 0.000000000122728966 0.362771109119462754 0.000000000000000000
-4.857862264148123721 -13.083411730125199313 0.000000000855290402 0.412508705666775222 0.000000000000000000
-6.318164139961904624 -9.562349127740993993 0.000000000362813449 0.388883778525437263 0.000000000000000000
-8.604027959632231770 -11.993900188408694873 0.000000000376857748 0.337106508868935784 0.000000000000000000
-5.951949627613697835 -11.725738175650331385 0.000000000543630057 0.139109165726604672 0.000000000000000000
-7.660982818956776796 -10.069395675994046613 0.000000000869865086 0.335313596576942763 0.000000000000000000
-5.008048473175197302 -12.674346244572065601 0.000000000638369114 0.350933557962857690 0.000000000000000000
1.868921191718464270 -14.789423801355690458 0.000000000000000000 0.281898611854609904 1681507.000000000000000000
1.890613436086716392 -14.456910393096141121 0.000000000000000000 0.224583319585079294 1596992.000000000000000000
1.208028211765563409 -11.806236859741918721 0.000000000000000000 0.330010562151474562 0.000000000000000000
1.042540300311155743 -14.557276803699309653 0.000000000000000000 0.324103319288174430 0.000000000000000000
4.197469370372873598 -12.369094370851252407 0.000000000000000000 0.369231545986453746 0.000000000000000000
2.287644038049349682 -14.517392425038440962 0.000000000000000000 0.221098234029949409 0.000000000000000000
1.496817385897761588 -15.050329157525942136 0.000000000000000000 0.349400933224891075 1606562.000000000000000000
0.788596609531681869 -11.353865801818752601 0.000000000000000000 0.439566943773281538 491689.554998607723973691
0.403996866172014746 -11.907823752222794766 0.000000000000000000 0.421690383211738185 1610368.000000000000000000
3.520958572950951382 -15.074807395738885063 0.000000000000000000 0.383588937420761555 1594788.000000000000000000
1.023554973757515363 -11.966582693267426407 0.000000000000000000 0.330217811871649836 0.000000000000000000
1.947093971009384417 -13.445423338287902482 0.000000000000000000 0.075277318600155629 0.000000000000000000
4.962676559766816986 -12.934886964542746668 0.000000000000000000 0.472329865019149808 1653143.000000000000000000
0.138107586620436096 -13.720260825639094548 0.000000000000000000 0.399303209651784785 8219.221397686791533488
3.558321086017570689 -13.436582586544041362 0.000000000000000000 0.219993292310693422 546369.171893685474060476
11.515563194522133728 -7.174710095495741236 0.000000000000000000 0.345928607672586819 1827299.000000000000000000
11.195608490837459570 -7.042976459481215201 0.000000000000000000 0.335194840159136920 1794419.000000000000000000
8.537847887470661590 -9.037555432028867131 0.000000000000000000 0.325325043744201625 1811095.000000000000000000
11.989077850500654776 -9.560581287544227536 0.000000000000000000 0.326383700447792413 1853455.000000000000000000
10.972652699359542794 -8.661548030985345648 0.000000000000000000 0.113676003167790765 0.000000000000000000
10.407248245116425878 -6.562602892592667381 0.000000000000000000 0.383330390344872929 1844338.000000000000000000
11.334974054653859099 -8.179123940545133919 0.000000000000000000 0.203306443494413847 0.000000000000000000
8.229680259590320901 -9.944786469095355130 0.000000000000000000 0.431110313059098416 0.000000000000000000
10.130376523175728565 -7.494178570179839127 0.000000000000000000 0.223096409151839536 0.000000000000000000
9.671832721178583725 -9.029397829355593430 0.000000000000000000 0.129035111342124503 1815114.000000000000000000
9.248656251799124206 -9.475323032984608318 0.000000000000000000 0.232811884512268447 1768958.000000000000000000
10.358897305459837668 -10.872556011482206628 0.000000000000000000 0.372528950855029406 1786723.000000000000000000
8.787285803541289297 -10.420525557214256551 0.000000000000000000 0.403795537113790626 1772814.000000000000000000
11.584302892360723192 -8.844290151734323757 0.000000000000000000 0.222326321885909256 131129.509751867648446932
9.457238480364859257 -10.008184505555570709 0.000000000000000000 0.271574083024262114 765952.662810733309015632
14.958241743979467486 -0.075662031296611115 0.000000000000000000 0.252961604251055960 421991.520011487998999655
12.125079369449922595 -1.057507630112580532 0.000000000000000000 0.312226954765894071 0.000000000000000000
15.523434724249906225 1.810912569322013832 0.000000000000000000 0.471675605305901358 600341.000000000000000000
15.316269857268544285 1.157963353219482405 0.000000000000000000 0.374283677334716958 600548.000000000000000000
13.101620175733007301 1.635135397585816719 0.000000000000000000 0.294244725472155855 600400.000000000000000000
15.739139828378279518 -0.193127990464124127 0.000000000000000000 0.393226811493551320 598592.000000000000000000
12.344508584422355213 -2.013908270790129684 0.000000000000000000 0.409729829810360879 0.000000000000000000
12.335893701761877495 1.387051968050895034 0.000000000000000000 0.322818883590817673 0.000000000000000000
13.048297096161464381 0.968611581574529867 0.000000000000000000 0.189610731773629887 371636.935756421589758247
14.304048418662587139 -1.610216042941024606 0.000000000000000000 0.310019486886759954 604369.000000000000000000
14.201177738814822149 2.563640877854740818 0.000000000000000000 0.458963931301589079 0.000000000000000000
12.049929052114503492 -1.568346454395428635 0.000000000000000000 0.380732304181789105 603820.000000000000000000
11.097751600812014061 -0.432640624850372524 0.000000000000000000 0.441967084472944749 601587.000000000000000000
11.192318371339982974 1.271530811000370687 0.000000000000000000 0.473558374746407329 0.000000000000000000
15.095318133803706573 -0.866434335551585000 0.000000000000000000 0.314885712321967826 0.000000000000000000
