-1.090415600507399940 5.422976963487776025 0.000000000000000000 0.343327931067960723 10628.000000000000000000
-3.854113803655042414 4.840746768409086798 0.000000000000000000 0.330928251650490668 0.000000000000000000
-3.672971669923494886 3.001543619684803765 0.000000000000000000 0.297642205073768817 0.000000000000000000
-2.073062231267384092 4.003768205831115701 0.000000000000000000 0.038707171743729424 0.000000000000000000
-3.325413193501446152 4.268888480215342618 0.000000000000000000 0.201797496306244273 10353.000000000000000000
-1.755736357892453414 3.406276111375736271 0.000000000000000000 0.124297092914464891 1892.642904248421018565
-1.310880099310025360 2.716633562034143967 0.000000000000000000 0.268717153915590923 0.000000000000000000
-1.850877628889145754 4.301344638439324797 0.000000000000000000 0.103120882877890799 0.000000000000000000
-0.064371110237908438 3.276688560997966349 0.000000000000000000 0.405969722704670244 0.000000000000000000
-3.324083315530557581 4.575844853281433977 0.000000000000000000 0.225798092015101620 0.000000000000000000
-3.463567793854510413 2.386712776994198482 0.000000000000000000 0.343166097032495454 0.000000000000000000
-1.626058327734296372 1.598584756771027404 0.000000000000000000 0.423422872888758961 10784.000000000000000000
-1.375883974983361346 5.909149907415165437 0.000000000000000000 0.392504107148832715 10507.000000000000000000
-1.465101042737869452 4.715358982467607873 0.000000000000000000 0.203928859926776118 10896.000000000000000000
-2.876123896622466258 3.295266195395795794 0.000000000000000000 0.152802181432094758 6878.793230528259300627
-2.184486631161612902 -1.988230767629556084 0.000000000000000000 0.338967481158594153 0.000000000000000000
-2.147287279340266863 -6.294934235046450333 0.000000000000000000 0.428700194301619486 0.000000000000000000
0.176630611200838894 -4.908814646063025755 0.000000000000000000 0.470340780632825084 0.000000000000000000
-2.637129329043793824 -5.910074203812111904 0.000000000000000000 0.365938401374680478 0.000000000000000000
-1.716042507173235476 -5.739032215188635710 0.000000000000000000 0.343186055903430709 8528.000000000000000000
-4.142362971519617965 -5.438837782952884226 0.000000000000000000 0.434371201275537078 0.000000000000000000
-0.044625758875405805 -4.253290761174842061 0.000000000000000000 0.399767133449949075 0.000000000000000000
-1.877274559813797650 -1.700841367045252683 0.000000000000000000 0.395789170379599708 0.000000000000000000
-2.093333133625211229 -2.990621430595605812 0.000000000000000000 0.162885163303268021 0.000000000000000000
-0.586434862888402408 -3.789674125748661471 0.000000000000000000 0.298486909353265384 8986.000000000000000000
-4.754952499261353438 -4.664872441439539053 0.000000000000000000 0.465797591209240525 8295.000000000000000000
-0.800501299426061297 -1.725800721990087938 0.000000000000000000 0.464919614323845376 0.000000000000000000
-0.353184692055960980 -3.222619013195528126 0.000000000000000000 0.359742748773966170 0.000000000000000000
-3.372863300549578280 -2.528373942748794345 0.000000000000000000 0.313410260685860143 9000.000000000000000000
-1.711212744833173982 -2.083136357758625934 0.000000000000000000 0.336298894106942470 8146.000000000000000000
4.007923625131320833 -1.969199271202315416 0.000000000000000000 0.361425990624100857 0.000000000000000000
6.033305912806858018 -0.780586959984838180 0.000000000000000000 0.304128849684984381 8074.823533140968720545
4.377841271923107236 -0.070512852007988250 0.000000000000000000 0.027341697063056544 0.000000000000000000
5.176135207395563320 1.110651665913108932 0.000000000000000000 0.229833576367151515 9002.000000000000000000
4.827016700692703388 1.073676251320484276 0.000000000000000000 0.198708543971781865 9214.000000000000000000
1.973490502815175462 -0.704101686679399430 0.000000000000000000 0.469793113197009671 6625.257482503194296442
4.468488504302917441 -1.354448599285665411 0.000000000000000000 0.240797731608963839 2112.671862342913755128
2.067770081425894801 0.735504179727630159 0.000000000000000000 0.455197844127044893 0.000000000000000000
3.037152849761590723 1.937393356401243327 0.000000000000000000 0.433568106293227340 9739.000000000000000000
3.823517966501059018 1.281499368958837648 0.000000000000000000 0.258924717591095199 9278.000000000000000000
4.358611807627122303 0.764925692550215808 0.000000000000000000 0.138725009488881779 0.000000000000000000
6.812312357276007369 -0.630182482045616332 0.000000000000000000 0.424544434994331032 6593.872539373282052111
2.438097295665753172 0.114341440828802307 0.000000000000000000 0.370559743585635037 9849.000000000000000000
6.259992773505361541 -1.123797413516233190 0.000000000000000000 0.369550819924994611 9852.000000000000000000
5.728211957367475016 0.670785047582476701 0.000000000000000000 0.246974827589625912 7972.415454853078699671
10.975245359591324856 10.635759256230189251 0.000000000527464384 0.349482212680043536 0.000000000000000000
11.601502013552119408 9.613604728818826217 0.000000000335432983 0.271026428352319493 10169.000000000000000000
11.887720783928790169 9.361531622592259794 0.000000000782852707 0.295907883966257390 10653.000000000000000000
10.188506679473357863 7.665619126518828708 0.000000000446408111 0.191765139448104360 0.000000000000000000
10.859280612902416863 6.819544797999912866 0.000000000833888630 0.350276837622757797 0.000000000000000000
10.863267164654118346 9.062699016850690015 0.000000000295561110 0.108259449936776275 10032.000000000000000000
10.189149681610006226 9.858750287952831926 0.000000000646923930 0.196681106018597701 2917.628491830269013008
11.541872419756511903 10.170730476723386815 0.000000000142059482 0.328384085015178684 0.000000000000000000
8.715226709910679048 6.767018378264908485 0.000000000318984162 0.452932970760782483 0.000000000000000000
12.851785410672055932 8.063712685604414787 0.000000000313182321 0.463250018575783906 10689.000000000000000000
8.828166229383894503 10.217973740242651814 0.000000000548991870 0.373368938897697789 10365.000000000000000000
9.678582671822502093 8.212882629459246075 0.000000000454366807 0.150820573573595351 10052.000000000000000000
10.053352201199487581 6.332661186193102587 0.000000000725035273 0.426769965235971493 0.000000000000000000
12.292796676277074397 8.704080892524221014 0.000000000109928110 0.348048841431227829 10206.000000000000000000
11.544121302264377604 10.683096144863871046 0.000000000123603722 0.400856639532425840 10673.000000000000000000
0.502008898867332354 13.162931961732573072 0.000000000000000000 0.327189784755531454 11704.000000000000000000
0.848724023760984547 15.078051537687604977 0.000000000000000000 0.416016676976656674 0.000000000000000000
3.268410560424139799 11.075710344830133280 0.000000000000000000 0.425677958290598291 1295.956208843523199903
3.108355098129347294 11.481372734245441691 0.000000000000000000 0.348102145047299916 3195.500092252028935036
2.535219273810344731 14.353536127580589721 0.000000000000000000 0.195059161563794520 11692.000000000000000000
3.156993599503970405 15.189096973174587291 0.000000000000000000 0.370656554326736443 11895.000000000000000000
4.234899194098388442 14.932481985640709610 0.000000000000000000 0.448887231619463978 11535.000000000000000000
1.630236722071662259 11.922044529863139672 0.000000000000000000 0.271970843914877247 0.000000000000000000
4.189935275137148807 14.693076875094540412 0.000000000000000000 0.415768515544615525 11810.000000000000000000
2.286846780249840005 13.629879585891663041 0.000000000000000000 0.063460504614468213 11828.000000000000000000
3.222833361676803676 15.626966394870287047 0.000000000000000000 0.447311892801262656 11697.000000000000000000
3.885396744769571420 11.241180097200327737 0.000000000000000000 0.455637786890756624 11842.000000000000000000
3.953555972889366110 13.490302913413572128 0.000000000000000000 0.291074307772671625 11172.000000000000000000
2.583796501594118222 13.560838069778727188 0.000000000000000000 0.067351479802830030 0.000000000000000000
1.316093411403773672 10.900089778860538203 0.000000000000000000 0.460576981598250168 0.000000000000000000
-6.122460624072155966 9.195501323860749920 0.000000000811635184 0.459872322951521917 21235.000000000000000000
-8.119343817639457228 11.815677274118026929 0.000000000684050588 0.247796193841049145 21884.000000000000000000
-5.864425248033284355 9.986423729773191482 0.000000000436687004 0.343647592565353988 21557.000000000000000000
-7.291338255080979103 10.223093899221394665 0.000000000579050164 0.282693281901404136 0.000000000000000000
-4.823253333676718491 12.651803873657314625 0.000000000748811029 0.378351240987510995 0.000000000000000000
-4.821874523591848316 10.638103116076868204 0.000000000151643736 0.390698089773548696 21232.000000000000000000
-6.981796271811131938 14.155806907890955415 0.000000000310764919 0.433533399041010903 0.000000000000000000
-7.381224360498995551 11.808948483188784095 0.000000000351091333 0.116743785366185959 2805.791839453670490911
-5.401347537482223515 10.422963481027247568 0.000000000407106799 0.330159474602510661 21968.000000000000000000
-4.433896590290717477 10.861507646818834516 0.000000000058304353 0.436934911299955986 21316.000000000000000000
-9.148805819645396298 11.754071876045156131 0.000000000198376654 0.430710198434462788 0.000000000000000000
-6.440856098069693836 10.421822920738351925 0.000000000653475030 0.235415162396390321 6473.327819300663577451
-4.358408928390649528 10.493582392665310010 0.000000000136099601 0.475616769050955235 5154.684841767588295625
-5.978524556476624063 12.489202811316999941 0.000000000049669108 0.191534015900079013 0.000000000000000000
-8.692206546976258608 11.797077080667188298 0.000000000762870578 0.349571579515094488 21248.000000000000000000
-10.433312156345492028 3.316663439996098361 0.000000000000000000 0.470802627403728913 13935.000000000000000000
-12.687714152213901642 2.220580846177210965 0.000000000000000000 0.427430308535500292 13988.000000000000000000
-12.973210148948261633 3.427563555473969181 0.000000000000000000 0.222317166829740676 9581.393313129625312285
-11.304650477207887960 5.662990096224874925 0.000000000000000000 0.304103680177665092 11510.234306997246676474
-13.202407363166029697 6.626800096241932891 0.000000000000000000 0.349474760784039384 0.000000000000000000
-11.957703247148106840 6.230118480762416588 0.000000000000000000 0.301859765984569983 13153.000000000000000000
-12.379504464321735568 2.500715909327035025 0.000000000000000000 0.383566239387926666 0.000000000000000000
-11.493649273235847730 6.239648804861340103 0.000000000000000000 0.348222797761954139 5904.485999039674425148
-12.318178295306584147 3.389412413601536223 0.000000000000000000 0.235129117067738896 13879.000000000000000000
-12.075541033267478852 6.563766930512597852 0.000000000000000000 0.347305011153085430 0.000000000000000000
-14.746637349098236314 5.335593374132716171 0.000000000000000000 0.379911004697665922 13715.000000000000000000
-10.085979310904388484 4.920712790316178697 0.000000000000000000 0.470147035086909248 0.000000000000000000
-14.354627603385596402 6.391533198754082434 0.000000000000000000 0.416800665810667548 13823.000000000000000000
-12.650399997815304332 6.570592982748664213 0.000000000000000000 0.329203593138564898 7252.142836329361671233
-13.304247640913299477 3.047018107449813495 0.000000000000000000 0.302329232200974796 13199.000000000000000000
-12.313724316397800962 -6.028428661582170278 0.000000000000000000 0.245440682628754847 3500.352032257341761579
-13.935298038651167118 -5.698126284108205653 0.000000000000000000 0.280598289088275665 0.000000000000000000
-12.841914449110838348 -4.575192924224159796 0.000000000000000000 0.029165717560265474 0.000000000000000000
-12.827923093179474989 -5.742714298137649997 0.000000000000000000 0.186117386536709561 9941.000000000000000000
-12.074951652060105900 -6.858015965963398131 0.000000000000000000 0.396089246813006446 0.000000000000000000
-10.712737229612608658 -6.412632626901404009 0.000000000000000000 0.467641061518361489 6847.592772278007032583
-11.409903858432956625 -7.004037616842317071 0.000000000000000000 0.467151653997015082 9661.000000000000000000
-14.117818634756813978 -3.748727871573649395 0.000000000000000000 0.297816283818868155 0.000000000000000000
-12.365432663110979661 -6.049870979335335797 0.000000000000000000 0.246514210579369758 3290.334540533934614359
-14.307746206147939461 -3.981058734686536926 0.000000000000000000 0.308895844819384924 2394.059155299464691780
-13.155949386225076481 -6.913298235837416428 0.000000000000000000 0.396156496597815488 4635.217366085145840771
-12.777477531605647698 -6.870373461294203565 0.000000000000000000 0.381216422626878493 9009.000000000000000000
-14.003079798804467515 -2.815617917326235453 0.000000000000000000 0.396553133114734169 5580.681871364115067990
-13.522198379895282727 -6.554775514667358749 0.000000000000000000 0.356196467768621239 9614.000000000000000000
-14.907506733535830890 -5.081952384310599591 0.000000000000000000 0.397335554977813477 0.000000000000000000
-4.881646603749728364 -10.007102329552164832 0.000000000722158969 0.448188912610105572 0.000000000000000000
-6.892892239241589891 -13.187137426660120454 0.000000000913082545 0.261455483322533822 0.000000000000000000
-5.860397911938467708 -9.838023032867448947 0.000000000625059766 0.367613942675098559 0.000000000000000000
-6.368312197288021004 -9.592627386295673020 0.000000000589522468 0.381984709681084778 0.000000000000000000
-4.680212279687482990 -10.981005559135443406 0.000000000163669777 0.388432095711648662 0.000000000000000000
-4.768027509591494351 -10.577288823768412840 0.000000000166399749 0.404378837520807111 0.000000000000000000
-6.411482946877590017 -11.640677180064248120 0.000000000644903876 0.058840932734521484 0.000000000000000000
-8.529454008473130955 -12.436024663246165289 0.000000000145091826 0.344447393740087204 0.000000000000000000
-8.256092243182653334 -11.874695862132746527 0.000000000888705050 0.272970269902960971 0.000000000000000000
-4.597495058320856920 -12.245290431529305408 0.000000000425030272 0.391782486448748968 0.000000000000000000
-9.229193075331217244 -11.992843523439862707 0.000000000383997086 0.447612381178447538 0.000000000000000000
-6.211375183371274034 -14.031969665548206905 0.000000000660842500 0.420049341970398005 0.000000000000000000
-5.289086660695929254 -12.367907119054299514 0.000000000755098723 0.281808440228712320 0.000000000000000000
-6.752113745547998036 -12.961093810560537776 0.000000000567069426 0.219944507048549953 0.000000000000000000
-7.343416740522735076 -9.175776060373227239 0.000000000268845371 0.462765574718576211 0.000000000000000000
3.875056075568203084 -12.687337162945350855 0.000000000000000000 0.293940635497742409 19754.501362500188406557
2.486435806572119045 -10.898377338975734574 0.000000000000000000 0.424346872717771439 0.000000000000000000
2.676789799250239632 -13.395528200413913567 0.000000000000000000 0.064596172508044614 7685.764729871823874419
0.374952891774654740 -12.531865002204995108 0.000000000000000000 0.373564246387635968 0.000000000000000000
2.859887492870223369 -11.765094118725857086 0.000000000000000000 0.284962559713403174 20270.000000000000000000
2.999187376946300443 -14.885308761660647647 0.000000000000000000 0.309920339549283497 20198.000000000000000000
4.443890299904135865 -14.665805995568382158 0.000000000000000000 0.449890113936945502 12902.773283063797862269
0.974200063777327374 -12.461264448948190520 0.000000000000000000 0.282605173689676026 0.000000000000000000
1.098082313160726464 -12.111228358116630233 0.000000000000000000 0.302739146893315325 0.000000000000000000
3.854247847492251022 -14.004383675827602573 0.000000000000000000 0.300243264245342645 20067.000000000000000000
0.337964216494723191 -14.823330950582771948 0.000000000000000000 0.450000168474515461 0.000000000000000000
0.697324159377610164 -13.388176408907719761 0.000000000000000000 0.292430032349956126 0.000000000000000000
0.979267513949907853 -13.686881110510201509 0.000000000000000000 0.252320587304531496 20316.000000000000000000
4.567535560074563961 -14.478074999736046280 0.000000000000000000 0.451728872000257797 0.000000000000000000
1.597784891215546565 -10.939571206244183443 0.000000000000000000 0.436469604817270262 20691.000000000000000000
9.457005035482959343 -7.708049237338755688 0.000000000000000000 0.241136695424732539 22822.000000000000000000
11.368326142069209439 -6.764238967547973935 0.000000000000000000 0.392599711091872416 22896.000000000000000000
9.770619836114443402 -7.998079530874480092 0.000000000000000000 0.166264796012825400 22626.000000000000000000
9.976083493963912474 -11.323888527559649475 0.000000000000000000 0.456550171426870155 0.000000000000000000
9.010899290932444572 -6.548381981732774193 0.000000000000000000 0.453326053376782556 0.000000000000000000
10.132465988934617585 -8.062742221463567560 0.000000000000000000 0.125793641264022094 22312.000000000000000000
7.974279842540458851 -8.896389821880404725 0.000000000000000000 0.422555373437297099 22614.000000000000000000
11.265046718642071966 -9.111250538437866808 0.000000000000000000 0.176629950497830035 22860.000000000000000000
11.473376308714918537 -10.190998567833389643 0.000000000000000000 0.323343213680476638 22354.000000000000000000
8.159331555994036478 -7.493480437330018340 0.000000000000000000 0.447023166019817009 19283.992850797119899653
10.969750839804726539 -7.176555950838682918 0.000000000000000000 0.297230707104980285 0.000000000000000000
12.738185894220867667 -7.956857859013476642 0.000000000000000000 0.449111234341380228 22307.000000000000000000
10.456881241926330617 -7.557017332897567385 0.000000000000000000 0.209824048482079695 0.000000000000000000
10.290548060459737911 -6.558521696644016075 0.000000000000000000 0.384036204334815001 0.000000000000000000
8.203431486951849649 -9.393684908012817303 0.000000000000000000 0.397482125351755533 22599.000000000000000000
13.187186456070845608 1.860824158880751478 0.000000000000000000 0.328820331290113566 0.000000000000000000
12.243246328114954835 0.925474996123112237 0.000000000000000000 0.281741267066270340 7285.171271715713373851
13.855805037886513631 1.353447750797424742 0.000000000000000000 0.241020253869865836 7325.000000000000000000
13.514008311471885193 -2.576900370330429624 0.000000000000000000 0.446600407670257438 0.000000000000000000
12.918627223412199712 -1.956455772810828275 0.000000000000000000 0.357151095097324067 7134.000000000000000000
12.405832513875278522 -0.442318997578151463 0.000000000000000000 0.216459985621420964 0.000000000000000000
14.985377844503641853 1.869433379649271476 0.000000000000000000 0.413004470301065241 7641.000000000000000000
12.886686034268478807 -2.056859752274758701 0.000000000000000000 0.375498903317747768 7014.000000000000000000
13.668158810632144551 1.464762064581190071 0.000000000000000000 0.254786802087061781 0.000000000000000000
11.910394558246546026 -0.211377306611564314 0.000000000000000000 0.292986983155184399 7887.000000000000000000
14.311197856221873792 1.018755670446580108 0.000000000000000000 0.223416556688894125 3969.620607361386191769
13.554363871147378617 -1.936863465439924825 0.000000000000000000 0.335651969975201303 7707.000000000000000000
11.827233577146483157 1.858017181157861630 0.000000000000000000 0.444631411803312504 7087.000000000000000000
14.507998547648872645 -2.392285566087246629 0.000000000000000000 0.448165144913165892 7104.000000000000000000
13.348100602969054762 1.010408904763497651 0.000000000000000000 0.178524425418433746 7285.000000000000000000
