-4.878069244092628765 4.270497064535024201 0.000000000000000000 0.471764914546859648 0.000000000000000000
-0.492803285048129314 5.330656583343245991 0.000000000000000000 0.406014486565239752 13683.523956359413205064
-1.646259345137965013 1.381835503699408774 0.000000000000000000 0.459874383142250265 69495.443117314498522319
-1.334208680555007742 2.513701031700538824 0.000000000000000000 0.295366205131112225 838207.000000000000000000
-2.547212479338254898 2.625953107539635401 0.000000000000000000 0.230938115519526088 839240.000000000000000000
-1.736176713625708024 1.905765168742721727 0.000000000000000000 0.365484873014085165 0.000000000000000000
-3.479809735960442296 2.026830891963943060 0.000000000000000000 0.396730913246903349 844717.000000000000000000
-0.316891531517709490 5.652204730599805771 0.000000000000000000 0.467157120290913774 839702.000000000000000000
-2.553194057958493079 6.284966360253725348 0.000000000000000000 0.429636273841958460 843715.000000000000000000
-1.448481013941555595 4.477094497931675576 0.000000000000000000 0.178207158896752454 0.000000000000000000
-0.513606937965363386 3.187155434772143803 0.000000000000000000 0.335205470874567923 839383.000000000000000000
-0.601058289099241860 4.179677367983333447 0.000000000000000000 0.299812456664198757 0.000000000000000000
-1.068447296760174137 3.222021807500417001 0.000000000000000000 0.243171541727659896 0.000000000000000000
-0.952679152550737873 2.565518113163392844 0.000000000000000000 0.331400446922977321 680431.962095836526714265
-1.200430692726705439 4.756802374409680567 0.000000000000000000 0.243669279916059800 845384.000000000000000000
-0.282779808855932457 -3.388055857500769097 0.000000000000000000 0.363248666091286976 677785.000000000000000000
-3.274597029155061012 -1.837900843498186942 0.000000000000000000 0.407760753859251590 454450.258018145454116166
0.055471682419208086 -2.931749564540144348 0.000000000000000000 0.446289873201698162 0.000000000000000000
-3.416528820922447807 -6.243610336002229921 0.000000000000000000 0.466987846863033684 592093.824238695320673287
-1.109040175774387293 -4.326978957715706287 0.000000000000000000 0.219096962956230656 0.000000000000000000
-2.898869909394286459 -2.935820923123617199 0.000000000000000000 0.204720787175802971 0.000000000000000000
-2.711072719580231993 -4.146984805175558897 0.000000000000000000 0.092765348209432011 679192.000000000000000000
-0.739968478803489815 -3.883327329718773147 0.000000000000000000 0.270591024633276500 142835.998184114345349371
-2.054111819338535927 -3.481890850292522099 0.000000000000000000 0.081310448724242160 681440.000000000000000000
-3.756402813672572893 -2.456741316879089254 0.000000000000000000 0.369286491722150945 684923.000000000000000000
-2.683520369021911378 -2.737967555132145847 0.000000000000000000 0.218719570441981953 0.000000000000000000
-4.203942432057801604 -5.683749894930940627 0.000000000000000000 0.471241929572665197 679793.000000000000000000
-2.030779583507433372 -2.924241310231587399 0.000000000000000000 0.176748701069579045 347278.427363181486725807
-0.717050927446105324 -2.365563086134959470 0.000000000000000000 0.386281753811833495 676734.000000000000000000
-2.634791141369621670 -4.366068203107646539 0.000000000000000000 0.108098895096661582 0.000000000000000000
3.283450858606359990 -1.928585524749905522 0.000000000000000000 0.407056061193385554 0.000000000000000000
5.944822034864760241 1.939213213602366759 0.000000000000000000 0.428311647839600851 0.000000000000000000
3.736105882793643307 0.600734333441336088 0.000000000000000000 0.175030991545750969 759343.000000000000000000
4.145687922452879981 2.327370022254417137 0.000000000000000000 0.418775314797183440 236710.847896149411099032
4.811965856861787572 1.977246648365507342 0.000000000000000000 0.355210051468497434 0.000000000000000000
2.861484727634248770 -1.613383593801134497 0.000000000000000000 0.411195357075236134 0.000000000000000000
3.079505989832164392 -0.367972663396080035 0.000000000000000000 0.263938651786446321 151388.675414971687132493
3.731458626874859963 -1.954795732268064468 0.000000000000000000 0.374436139356676079 765454.000000000000000000
3.379532425839958609 2.038426728749190620 0.000000000000000000 0.415013397869785583 300954.579948423895984888
4.918592012390079482 -0.152117141784999355 0.000000000000000000 0.076976474674067694 757159.000000000000000000
5.615270324859408468 0.020675621978461324 0.000000000000000000 0.196281530245139502 762174.000000000000000000
5.218665680894145176 0.512395361616638123 0.000000000000000000 0.155066530283514165 759006.000000000000000000
6.471150489777959258 -0.013999174506751619 0.000000000000000000 0.348787857497776743 399413.425349296594504267
3.357993013890750778 1.551872068868326071 0.000000000000000000 0.344373299154969448 0.000000000000000000
2.431299490262054608 0.263517758605147034 0.000000000000000000 0.374160042774852264 764058.000000000000000000
12.210032048032283924 7.490323712463712091 0.000000000267133760 0.399185990956946402 490233.145589092920999974
10.336829503166931943 6.987356160687677509 0.000000000445836491 0.308720901995482022 842318.000000000000000000
11.568108805778011927 10.605435032265440043 0.000000000295330127 0.391805644766307304 205068.786320089275250211
12.305126826660936601 10.373104710126794359 0.000000000182084778 0.450842614603863712 842957.000000000000000000
9.336068181062644911 6.406016021199797628 0.000000000279863305 0.448543668297663400 0.000000000000000000
11.141020303306452988 9.529337957527776126 0.000000000783773713 0.197683309142944241 838880.000000000000000000
11.273336891317926600 7.869210936430228287 0.000000000810200952 0.226525584687970849 0.000000000000000000
10.716225419072459957 11.096804252431244464 0.000000000507322459 0.416999792758087739 0.000000000000000000
8.416431725264738262 8.273214718472507556 0.000000000068476758 0.352969107374967950 841795.000000000000000000
10.418473606945562793 7.324602244486938751 0.000000000223286029 0.249942905774761359 846955.000000000000000000
8.663721067152774680 8.485490477318750280 0.000000000095596773 0.302424894393368726 0.000000000000000000
11.835202582617926126 8.156966618280780068 0.000000000711760362 0.285759516929349811 842655.000000000000000000
12.904340245013253607 8.457771065884021056 0.000000000697073070 0.459749858644545650 845874.000000000000000000
9.706902674992667457 7.768237567448057490 0.000000000365482616 0.205745608703443217 839249.000000000000000000
8.764681507320181808 8.614316805365032081 0.000000000692803268 0.281871716781393722 838480.000000000000000000
3.022905784593658662 12.120355175042812235 0.000000000000000000 0.239669358669079097 0.000000000000000000
1.143285644008445123 14.368074519689493229 0.000000000000000000 0.287848446332692798 0.000000000000000000
4.121464277585816127 14.238258934299853564 0.000000000000000000 0.361543167586583947 924800.000000000000000000
2.089435455507764772 13.264437108902695783 0.000000000000000000 0.043705640210068508 0.000000000000000000
3.950149243497653284 15.144662081166160306 0.000000000000000000 0.439771903343286641 921041.000000000000000000
2.560776506308164446 14.270917150114605931 0.000000000000000000 0.181574068187179416 502639.733708810352254659
1.106419239663414489 15.132809552673304410 0.000000000000000000 0.396492765817031356 924747.000000000000000000
3.941950710735820262 13.522346200265269900 0.000000000000000000 0.289828924777823460 0.000000000000000000
1.040049538451519373 14.534782067698417407 0.000000000000000000 0.321614030414924812 924381.000000000000000000
1.676468182410138841 14.503981162633657220 0.000000000000000000 0.248054772009253965 0.000000000000000000
0.924176173208398288 11.595067316322356987 0.000000000000000000 0.391026698373852288 926920.000000000000000000
2.044366952965540829 12.668496404509399511 0.000000000000000000 0.120021443577465262 0.000000000000000000
0.975980088816714608 11.598229471356939158 0.000000000000000000 0.384718352348258685 0.000000000000000000
-0.187897158248448659 13.873693783133713708 0.000000000000000000 0.461905208980693205 917534.000000000000000000
2.947710760953228704 15.055241377345327081 0.000000000000000000 0.334971330670449596 0.000000000000000000
-6.588033080560308008 9.247229302308159760 0.000000000555269875 0.438239119767030116 0.000000000000000000
-5.887858241350227395 11.405792088168983156 0.000000000263155852 0.160404835066853158 1689791.000000000000000000
-5.901234513495074552 9.992448128459011869 0.000000000160047915 0.339774961559771438 1690998.000000000000000000
-7.248233917598646769 10.717742019283644339 0.000000000046281025 0.199514662195301451 1742920.000000000000000000
-9.299812349390744970 11.073354519798749962 0.000000000502645993 0.471525926986595845 1699966.000000000000000000
-8.940893136054191004 12.929385781150640966 0.000000000405365123 0.447902249567439514 0.000000000000000000
-7.833189628579058983 11.031407287361449931 0.000000000435024595 0.230772825457825403 1723121.000000000000000000
-4.405415396119464866 12.085277609381156694 0.000000000355306203 0.419782439927971429 0.000000000000000000
-5.615054734862543029 9.642018977242004851 0.000000000724817164 0.418375102547849653 1716027.000000000000000000
-8.713345355668868919 10.376261135537358626 0.000000000468837067 0.425259438535561252 0.000000000000000000
-4.265156470105355702 12.254102567639749921 0.000000000593168134 0.449847639723372827 1709471.000000000000000000
-7.574331453104282907 11.923973736127312151 0.000000000367450273 0.154395211547022099 0.000000000000000000
-5.552271317759791991 13.705546105886572406 0.000000000519620923 0.410110139115507144 1763677.000000000000000000
-7.487618986821876987 11.044897316035843460 0.000000000497768143 0.179773547801063388 1721378.000000000000000000
-6.091087447503070962 13.028363061826535585 0.000000000794320831 0.258604536553656672 0.000000000000000000
-13.805485929190405514 2.661372453296352081 0.000000000000000000 0.400497115133919668 867251.703965830034576356
-15.358847931792121599 4.416636200406517609 0.000000000000000000 0.473764523269263604 1066233.000000000000000000
-10.909646009654624166 2.817682007137210398 0.000000000000000000 0.456859608654120009 873220.492802328779362142
-11.319179693271827603 6.678181525459212509 0.000000000000000000 0.428061006925710308 1048344.000000000000000000
-15.023676970991180823 3.972066054919424438 0.000000000000000000 0.429621124465899118 1131272.000000000000000000
-14.474990031157744852 2.751301845779621669 0.000000000000000000 0.458379160723845325 0.000000000000000000
-12.662841370471063840 3.988970004790448165 0.000000000000000000 0.120267890461538254 0.000000000000000000
-11.396450080833645302 6.519222983772812618 0.000000000000000000 0.397500200303103735 0.000000000000000000
-13.325665960420097989 3.307593208683294428 0.000000000000000000 0.261951622720601796 551257.286793027655221522
-14.929594145497212310 3.159168518355560451 0.000000000000000000 0.474596255268350198 1106365.000000000000000000
-11.311284380068773459 6.576236278649872702 0.000000000000000000 0.414570174684811832 0.000000000000000000
-11.017960291055478805 2.746294910257213839 0.000000000000000000 0.452637915718151485 0.000000000000000000
-11.726680638484513253 6.202500936854204561 0.000000000000000000 0.318415757856808701 0.000000000000000000
-14.739317194305275649 5.484765147345017411 0.000000000000000000 0.387209322502013842 429141.775737669435329735
-11.202907827995206347 2.675040006895510025 0.000000000000000000 0.441023845534796566 0.000000000000000000
-11.010947610083896109 -6.750365340855188023 0.000000000000000000 0.471825860739270797 0.000000000000000000
-11.944943074819692086 -3.374278059808603736 0.000000000000000000 0.265215128980318404 0.000000000000000000
-11.965741446965431294 -4.176144543107443319 0.000000000000000000 0.159384828632911535 761825.000000000000000000
-13.750781933545392022 -5.165844695632530126 0.000000000000000000 0.203380995767838191 764408.000000000000000000
-11.087916484938393324 -3.471606902098331560 0.000000000000000000 0.358089880367278623 0.000000000000000000
-11.256106424830242929 -5.154454581778904476 0.000000000000000000 0.272636846897591656 668860.412525393418036401
-14.933664269611861997 -3.353751302086546815 0.000000000000000000 0.457427528783098059 0.000000000000000000
-13.630408463784494444 -6.089736099747306675 0.000000000000000000 0.294482857971803680 0.000000000000000000
-14.059698717026495984 -2.791869568614887775 0.000000000000000000 0.405769561258583822 757642.000000000000000000
-11.328784242984578867 -5.312557313543952553 0.000000000000000000 0.270371583661521642 526523.868755004252307117
-14.628019260317886463 -4.246006768683669108 0.000000000000000000 0.349467502305723376 757146.000000000000000000
-11.222908454834577441 -5.419475959437172641 0.000000000000000000 0.295369268369947979 0.000000000000000000
-10.818972657013503635 -6.149730077078213952 0.000000000000000000 0.424105248795805079 762072.000000000000000000
-11.798675627530466059 -3.939426223363085455 0.000000000000000000 0.207719284520586328 375290.221163486246950924
-12.171415811530717832 -4.791994994311392198 0.000000000000000000 0.098553760771294144 49376.416516361699905246
-6.970201368025666255 -11.073685427230241629 0.000000000710584893 0.121749576958464556 0.000000000000000000
-8.220455291065393411 -13.817378787249223748 0.000000000485472819 0.455919843064901020 0.000000000000000000
-7.370225743320206746 -11.387863776301170304 0.000000000796545612 0.127858153856820284 0.000000000000000000
-6.668258678021694585 -11.862062143009600490 0.000000000314486351 0.027844183056337402 0.000000000000000000
-7.072609762627339869 -10.858984785591548672 0.000000000694321098 0.163751482845535201 0.000000000000000000
-5.814214861146627555 -10.382447976597422468 0.000000000563081665 0.287778961952073309 0.000000000000000000
-4.434870400508484245 -12.372864296115430705 0.000000000656167479 0.425588112102946003 0.000000000000000000
-8.453039550194992202 -11.219427346642479648 0.000000000910348032 0.319101569346815550 0.000000000000000000
-6.604218381421087081 -13.277785088747771525 0.000000000700698483 0.276952539146145094 0.000000000000000000
-5.510913208488237736 -13.890831725986823031 0.000000000188458097 0.442206939269983779 0.000000000000000000
-5.843802282853943098 -13.626386676493563499 0.000000000879067388 0.373225232010540586 0.000000000000000000
-7.020886609970883541 -13.544233166703957494 0.000000000058305107 0.327099382736132649 0.000000000000000000
-7.743734869631832218 -13.127783302499837603 0.000000000113570119 0.307515648329967417 0.000000000000000000
-5.901237298448875457 -14.121068811119522834 0.000000000018471169 0.450599101503473543 0.000000000000000000
-6.540620190447676841 -11.308201697668513575 0.000000000499365408 0.080302790429907997 0.000000000000000000
1.987224545578206936 -15.798029589420965024 0.000000000000000000 0.453250546251602549 1684214.000000000000000000
4.511097898832298725 -13.976678571750591473 0.000000000000000000 0.407427924057005841 1679726.000000000000000000
4.244088370861724080 -13.832472162953319383 0.000000000000000000 0.354427775765227493 1636394.000000000000000000
2.715444566916431324 -10.827757496248137770 0.000000000000000000 0.441271477328444184 1627396.000000000000000000
1.534585292871208262 -14.492300098581244683 0.000000000000000000 0.259226831914731837 1630951.000000000000000000
1.900874051199757719 -12.379114279833508760 0.000000000000000000 0.177557105853711455 0.000000000000000000
3.667693533253454152 -12.040288659321227271 0.000000000000000000 0.323869970826005382 0.000000000000000000
2.189391548748568894 -15.882711125811626474 0.000000000000000000 0.464774833603827209 0.000000000000000000
1.335422195004662305 -12.928513444642561581 0.000000000000000000 0.188531552498579114 1644254.000000000000000000
4.058169585242699995 -14.519965584126749647 0.000000000000000000 0.378576447638920843 0.000000000000000000
0.587277169947641675 -13.712246289412622247 0.000000000000000000 0.320887572363873386 1648553.000000000000000000
4.529573994072017662 -14.348658006062784409 0.000000000000000000 0.435218412151259559 281619.261935467773582786
1.720054697434570512 -12.492983640452269611 0.000000000000000000 0.177407912870181678 0.000000000000000000
2.741519427905354522 -10.753564720628068230 0.000000000000000000 0.455038408586558030 1604590.000000000000000000
3.894475657252516321 -11.998872556823044988 0.000000000000000000 0.359190718324747860 0.000000000000000000
10.799886708510184619 -6.612581483521426939 0.000000000000000000 0.382998284673206568 1772968.000000000000000000
11.488478276953456358 -10.734316657077279444 0.000000000000000000 0.403364302156937860 1816409.000000000000000000
8.399990525764348348 -7.152008666854069219 0.000000000000000000 0.445403946674178375 1836494.000000000000000000
11.098764416219005113 -10.916452235662298165 0.000000000000000000 0.403077054977026450 1770029.000000000000000000
10.838764977768834186 -10.818139863777231469 0.000000000000000000 0.373403835797975647 1790559.000000000000000000
11.200475865185726576 -10.730859450071127625 0.000000000000000000 0.379516191771246569 1825552.000000000000000000
8.123060972180079276 -8.403583477086316478 0.000000000000000000 0.399851261094636257 1829095.000000000000000000
7.910611089551036201 -8.865217247727962047 0.000000000000000000 0.433584212638363720 0.000000000000000000
11.200832429087725473 -6.848258023021428720 0.000000000000000000 0.366272851814650413 363727.227867772860918194
9.595662764735765293 -7.072120352393031162 0.000000000000000000 0.322767011058826658 0.000000000000000000
9.638590826797317490 -7.330835620255344409 0.000000000000000000 0.278459416920096292 1814010.000000000000000000
9.661183535736435957 -8.304538041582292252 0.000000000000000000 0.143962837173875369 1843314.000000000000000000
8.177874335545636697 -8.359687143551369104 0.000000000000000000 0.391471257071921097 0.000000000000000000
10.611516881614694086 -9.811553123853977709 0.000000000000000000 0.192569819809387893 1819916.000000000000000000
8.941786240092717719 -7.750416268151369970 0.000000000000000000 0.304775371392512151 91494.823958036242402159
12.566296256876631432 2.095145438677956662 0.000000000000000000 0.403157933790037171 0.000000000000000000
13.971081314141924778 -0.191010263218778620 0.000000000000000000 0.083483453578714867 602365.000000000000000000
12.845539060640366102 1.666709969319337903 0.000000000000000000 0.314702289205136154 600011.000000000000000000
15.090675531649013763 -0.675218008776137024 0.000000000000000000 0.299837713794203764 601788.000000000000000000
12.905042498195763656 0.599942190447319779 0.000000000000000000 0.153927808787307302 597973.000000000000000000
14.959484211552480204 -0.971207717424388051 0.000000000000000000 0.303452447371214240 456168.633610814227722585
14.848221248036322706 0.972790819291488584 0.000000000000000000 0.287321731804321412 19108.256840360169007909
13.994861512205588383 -2.673865701308154819 0.000000000000000000 0.469916131667811765 599286.000000000000000000
14.021263243030537282 2.343475686754008969 0.000000000000000000 0.414623420428235689 601055.000000000000000000
11.273484621283532903 0.780046072800051338 0.000000000000000000 0.426377740656404380 0.000000000000000000
11.031067889745107991 -0.544287864072089955 0.000000000000000000 0.457312190814211816 0.000000000000000000
12.001043683732552481 -0.497350000279389859 0.000000000000000000 0.287807980740228231 606125.000000000000000000
12.126242161211367332 -2.046100570000828345 0.000000000000000000 0.435929560643439129 0.000000000000000000
11.839788271116619356 1.661707484622830133 0.000000000000000000 0.418859822734239717 445315.188450727495364845
12.580163486568403997 -0.364068610213728772 0.000000000000000000 0.182585078958722058 0.000000000000000000
