-0.188430387897423668 2.222481901802694892 0.000000000000000000 0.473640229261754420 841224.000000000000000000
-1.448767254847355357 2.189502317120502806 0.000000000000000000 0.335531096509309124 0.000000000000000000
-3.300170124258296589 6.219104021214445943 0.000000000000000000 0.454237625099400633 847082.000000000000000000
-0.771916518124701745 5.351781900243201662 0.000000000000000000 0.371435885510433383 0.000000000000000000
-0.120979343113406496 5.244143586902351828 0.000000000000000000 0.450844736619620046 846714.000000000000000000
-2.789016038438277612 3.858885942760798660 0.000000000000000000 0.094768454849505482 286278.357632865256164223
-1.759273723308864890 4.179554121657329091 0.000000000000000000 0.102783877216438932 0.000000000000000000
-1.778672807163298453 3.290586803203588318 0.000000000000000000 0.136788146156527068 0.000000000000000000
-0.554192176406566928 4.321289218406878518 0.000000000000000000 0.313256073050892536 837544.000000000000000000
-0.134401331855467931 2.550331452248118413 0.000000000000000000 0.447480818157078075 841533.000000000000000000
-3.808889288634477843 4.513014586967218023 0.000000000000000000 0.297766629495312907 0.000000000000000000
-4.456016475683216349 3.766567061196842481 0.000000000000000000 0.392305315827821854 846265.000000000000000000
-2.377074659909577115 2.732006812359110359 0.000000000000000000 0.207335000945293169 841181.000000000000000000
-2.296219041139879735 3.341849386170271163 0.000000000000000000 0.097887373169165973 0.000000000000000000
-4.180647578880160253 4.475292296322607832 0.000000000000000000 0.358084835497941567 414605.474998134770430624
-2.622605824437578725 -1.646875778571049942 0.000000000000000000 0.404675877799788086 258465.062306292034918442
-2.702265285500167202 -3.598716296748472931 0.000000000000000000 0.094642391574163390 0.000000000000000000
-1.846248666198232469 -6.253159192112804909 0.000000000000000000 0.427201073594031033 677338.000000000000000000
-0.634636948974626969 -4.289043456636764340 0.000000000000000000 0.297956343782271482 686383.000000000000000000
-0.428515900606401823 -3.874544428276113894 0.000000000000000000 0.326103007408930001 685447.000000000000000000
-2.832923681981462938 -6.142194998969196185 0.000000000000000000 0.413821098460794734 0.000000000000000000
-1.212539309117026676 -1.870678438800880361 0.000000000000000000 0.405142286643044025 677902.000000000000000000
-3.888098132200567658 -3.517535116587524158 0.000000000000000000 0.297957691603303487 680649.000000000000000000
-1.393550411231551100 -3.701511104509899397 0.000000000000000000 0.157730577358313334 0.000000000000000000
-3.949720377741089639 -2.020764547300849756 0.000000000000000000 0.448922499366169570 0.000000000000000000
-1.094728201647261034 -5.523184952593025443 0.000000000000000000 0.357240181284613934 0.000000000000000000
-0.544441250608092564 -3.566656214653049606 0.000000000000000000 0.310823648760705284 0.000000000000000000
-2.804395591229795759 -4.024719972693308279 0.000000000000000000 0.100249471871654783 684842.000000000000000000
-4.630384574539087694 -4.361029688404484794 0.000000000000000000 0.430974290631253587 224357.783285967801930383
-2.080342402732942464 -1.398571033823560406 0.000000000000000000 0.444850874778148553 314402.063194312213454396
4.526948278202320708 -1.251841221970522167 0.000000000000000000 0.222432183251724119 0.000000000000000000
2.730116097016010546 1.237153797297714686 0.000000000000000000 0.386666944461836581 34755.152371688847779296
5.012258862949220628 -0.892807567669218205 0.000000000000000000 0.181732658348239179 758892.000000000000000000
6.117268735783444988 -1.812758634732911434 0.000000000000000000 0.430225068753877393 766218.000000000000000000
5.459342340877437749 -0.312522724246461936 0.000000000000000000 0.177360392505062248 766149.000000000000000000
3.029242083336652680 2.129367301083502362 0.000000000000000000 0.461961515305613524 763681.000000000000000000
4.362987556763535224 -1.060984848928962831 0.000000000000000000 0.190448725307080124 766239.000000000000000000
4.324832786777835558 1.033023729718944184 0.000000000000000000 0.186645247211479098 764663.000000000000000000
4.875963746928606568 -1.293082954309382471 0.000000000000000000 0.238569557102660534 0.000000000000000000
4.323427909652339807 1.013593136673332173 0.000000000000000000 0.183296975556682756 0.000000000000000000
5.906406119741546945 -0.383847115511187498 0.000000000000000000 0.257316490112495744 762571.000000000000000000
4.538372933287948108 -1.730153406173803976 0.000000000000000000 0.307425386549434965 764190.000000000000000000
4.710919886076244900 2.151883754404387172 0.000000000000000000 0.383872231371985340 761911.000000000000000000
5.168098871160618835 2.434430784217674670 0.000000000000000000 0.447737024990573218 0.000000000000000000
5.321574451150625329 1.021069500469591773 0.000000000000000000 0.231477241819657148 328105.026664573699235916
12.069140509940027073 9.284909134002012010 0.000000000576215354 0.322085045076240917 0.000000000000000000
9.017088033336145614 8.661060391985664353 0.000000000231493219 0.236399258568184972 838793.000000000000000000
12.820249607565058270 8.757336130783960115 0.000000000577330548 0.441968234970853746 444031.446891175757627934
11.933668194662859108 10.762833235492886175 0.000000000079891729 0.452508167881234213 842739.000000000000000000
12.661255857560407279 9.191155095342161019 0.000000000474384490 0.420808587174214044 0.000000000000000000
8.987920315814109884 10.748152018999403978 0.000000000663979399 0.426170867884518523 843148.000000000000000000
9.248721107612693615 9.275064659622909602 0.000000000405463703 0.215516831824880101 0.000000000000000000
12.430768807308400170 9.044495201354292746 0.000000000230725044 0.376138417977603057 843932.000000000000000000
9.220023259741653376 8.660505677491698862 0.000000000426462976 0.200325922191631284 842753.000000000000000000
10.900147701098628517 8.525676563474103631 0.000000000504383643 0.107073668730907928 838990.000000000000000000
8.513696195262445698 7.599448004069878415 0.000000000321651201 0.383147438317337607 0.000000000000000000
10.902982574331497645 10.618289549509137615 0.000000000024595609 0.342638862268043687 0.000000000000000000
9.207660978108274108 7.874661693285289310 0.000000000023042609 0.253594371097091098 840044.000000000000000000
12.341518968576394855 7.169853898845416573 0.000000000922628834 0.450818220672787373 844716.000000000000000000
12.008778744499993607 9.655944939453375397 0.000000000669476370 0.337070825713405409 0.000000000000000000
2.003415642081808112 11.410468217431185778 0.000000000000000000 0.337557721994328097 925600.000000000000000000
1.757870233130887527 13.748296784790293046 0.000000000000000000 0.132709366229861847 922717.000000000000000000
4.047464601517164695 14.637988291263766882 0.000000000000000000 0.389721950957893526 0.000000000000000000
1.751382530464620224 13.172018524673942963 0.000000000000000000 0.105562076981337280 926233.000000000000000000
4.988849914856033685 13.142990731924200531 0.000000000000000000 0.473663273906896831 0.000000000000000000
1.724162702885493781 11.330370822367996197 0.000000000000000000 0.363313325650539698 926471.000000000000000000
2.544222477332072074 12.832333999639027766 0.000000000000000000 0.087526465095435227 0.000000000000000000
2.097796345479025160 14.747586120332375259 0.000000000000000000 0.265319698583105001 133934.405748768564080819
1.138253434619159732 11.175260146493368296 0.000000000000000000 0.430767443034834607 0.000000000000000000
0.897811807281718610 11.811319908324342975 0.000000000000000000 0.365639352985136279 0.000000000000000000
2.644922716744702473 15.172755858518312877 0.000000000000000000 0.342101278531866115 0.000000000000000000
4.517789320951741239 13.947728668478172054 0.000000000000000000 0.407023616690987744 0.000000000000000000
-0.012436770252098817 13.233543682618581272 0.000000000000000000 0.418302507574352278 921527.000000000000000000
3.112244029099757281 13.133348557303909487 0.000000000000000000 0.140973823558230682 5473.527857455406774534
1.851120706262546767 15.721445826917102906 0.000000000000000000 0.443825952434563131 923047.000000000000000000
-5.328555231555024640 12.391501018075329554 0.000000000334264318 0.277174443429384187 1708467.000000000000000000
-8.278726173535851274 12.946436259355053267 0.000000000474491675 0.350745538486537500 1750371.000000000000000000
-8.625481477328168722 13.488943565177576644 0.000000000501431829 0.459988593642771115 1733227.000000000000000000
-4.830254575914283421 13.457414269891028624 0.000000000545422334 0.458213953174845978 0.000000000000000000
-7.643433936339133261 13.070169418049784937 0.000000000038623541 0.288933120367065921 0.000000000000000000
-5.000152675402309121 12.327367171849527239 0.000000000920179545 0.327050945987050756 0.000000000000000000
-7.491605440227288248 11.685582146523513458 0.000000000169029627 0.135445698361824685 1739450.000000000000000000
-7.028063307797491888 11.374186002723378763 0.000000000474983442 0.080574957388166821 1769172.000000000000000000
-6.141535849823970494 11.663342652788115217 0.000000000350923604 0.105767321586331800 1736093.000000000000000000
-7.354267552078871617 13.547189827386411309 0.000000000120728547 0.341902409536220031 1736589.000000000000000000
-8.367569234570295222 13.623775949704418409 0.000000000810703534 0.445215354981611910 1770165.000000000000000000
-7.407866945635724676 13.368214432897637778 0.000000000137079997 0.315628791211467752 0.000000000000000000
-7.403918287495588224 11.389555818731793124 0.000000000046180678 0.133093953717684288 1731157.000000000000000000
-4.904797152002203120 12.360832100078802398 0.000000000513958187 0.345052404611378261 0.000000000000000000
-4.714919048149108782 13.400185777825708300 0.000000000752138429 0.467097560965567038 0.000000000000000000
-11.831767323326140229 2.851707154238676267 0.000000000000000000 0.354860068905082371 1116499.000000000000000000
-13.117249495265442150 5.945506351471263606 0.000000000000000000 0.231604373332762931 0.000000000000000000
-13.485582207757985884 5.351491410048542896 0.000000000000000000 0.180580315337700831 1095437.000000000000000000
-11.153615262252136731 3.185075528269099010 0.000000000000000000 0.380919547920245571 744326.417238984606228769
-12.815470200391306577 6.309276751094146540 0.000000000000000000 0.284070071824207071 1068248.000000000000000000
-12.233353947194892442 2.924504766576836001 0.000000000000000000 0.317038262743381538 262041.917533701751381159
-12.513872178000450930 4.241166582547253761 0.000000000000000000 0.083976520823970266 1109295.000000000000000000
-12.350445771418648633 6.496060159386684241 0.000000000000000000 0.322775695321467382 1131767.000000000000000000
-11.614575148953868222 5.224678721931290681 0.000000000000000000 0.217706587296591869 0.000000000000000000
-14.306221355379630467 5.526557635459741213 0.000000000000000000 0.319753463690646500 0.000000000000000000
-14.080056441087215546 2.867048460626482775 0.000000000000000000 0.397538608956484907 1080336.000000000000000000
-12.515807608780448845 6.934535191924558362 0.000000000000000000 0.393968980743243102 0.000000000000000000
-13.288649484365206987 3.862395238110319262 0.000000000000000000 0.174998563752082392 1059769.000000000000000000
-13.238523851362511863 2.228757625990064994 0.000000000000000000 0.435702403748666089 0.000000000000000000
-15.312602963788911836 4.543505842601679667 0.000000000000000000 0.463941562682810948 0.000000000000000000
-10.866355213491608822 -3.231314640170075414 0.000000000000000000 0.414862076373965216 765764.000000000000000000
-14.821263999957988489 -4.252025708735486909 0.000000000000000000 0.382971939754661039 0.000000000000000000
-13.425108015154320285 -6.134850242987281099 0.000000000000000000 0.282917577966704137 0.000000000000000000
-10.914111983558047569 -3.795345978867001868 0.000000000000000000 0.355762554177197765 760623.000000000000000000
-12.264335155413302658 -4.272904908772507504 0.000000000000000000 0.106700253119592664 761751.000000000000000000
-11.431685475594957069 -6.265105619456397434 0.000000000000000000 0.358653506161583813 763800.000000000000000000
-10.408188708170916570 -4.106706634692173452 0.000000000000000000 0.422785206291441673 197750.921456597716314718
-11.204697499090521262 -2.641190786864378026 0.000000000000000000 0.445519308686655235 0.000000000000000000
-12.056638618588149114 -5.415536658059618702 0.000000000000000000 0.173648590774681699 762202.000000000000000000
-11.827715956795005425 -4.590645487167945404 0.000000000000000000 0.158564932845175310 0.000000000000000000
-13.644116510982026824 -3.604329443675539757 0.000000000000000000 0.249614711757556729 0.000000000000000000
-11.279243203263090933 -5.070159560618439976 0.000000000000000000 0.264542893713067717 146301.792262200702680275
-12.526158628605115197 -6.465707498766456673 0.000000000000000000 0.312631727822325900 759699.000000000000000000
-13.414728191681090763 -2.994093052260163645 0.000000000000000000 0.318112816355849259 249745.300366076815407723
-13.629278783584529933 -5.621726874623022674 0.000000000000000000 0.231227919735898124 0.000000000000000000
-8.533324900831949833 -10.157961417578038166 0.000000000212428686 0.423104993892624515 0.000000000000000000
-6.819180648798051969 -12.909520292717706624 0.000000000222703710 0.211340472778533267 0.000000000000000000
-7.874639840637517096 -9.980333174979636013 0.000000000087963477 0.368611393678198895 0.000000000000000000
-5.425480482071610489 -10.972067413736313668 0.000000000292602802 0.267886826332037475 0.000000000000000000
-4.930566861076512097 -11.298647764263511917 0.000000000664732601 0.329654007764986712 0.000000000000000000
-7.607228786125429743 -9.510559510640492320 0.000000000823719795 0.420429111997777993 0.000000000000000000
-7.328457915375790499 -9.183036215335036445 0.000000000583068855 0.460903349891880754 0.000000000000000000
-8.294905230421706577 -10.801343396039568390 0.000000000707582050 0.322219754704726469 0.000000000000000000
-6.617065651283925654 -10.486421404429744797 0.000000000548143532 0.219100081234102878 0.000000000000000000
-7.664616994086199675 -11.152094381077491292 0.000000000253105274 0.194020231419852945 0.000000000000000000
-5.694393560366596496 -13.694935915209619282 0.000000000332595849 0.396013825923540785 0.000000000000000000
-8.888484413892660640 -11.899136616898182695 0.000000000635877465 0.385594435583530626 0.000000000000000000
-6.964277055371037584 -9.428275145443146599 0.000000000214209800 0.407385080521726006 0.000000000000000000
-5.966588352253968885 -12.210729862126079581 0.000000000783613098 0.161953979475089438 0.000000000000000000
-4.934872138908388273 -13.140160145188184870 0.000000000250375121 0.407608398556627838 0.000000000000000000
3.579692771747620128 -14.726148381202650128 0.000000000000000000 0.340307489643553729 203006.646288027230184525
0.489784211350727361 -14.628162923443410293 0.000000000000000000 0.407469537027109585 1674495.000000000000000000
1.045841311120374151 -12.882681057541788050 0.000000000000000000 0.240133336819527060 0.000000000000000000
0.819733868490723605 -13.274203139315408961 0.000000000000000000 0.269940967737942128 535530.036675574490800500
0.154961767734732747 -13.833273270880207306 0.000000000000000000 0.400859245459231073 0.000000000000000000
2.394642020115025360 -14.580221224488564502 0.000000000000000000 0.232369292816596323 0.000000000000000000
3.021276414034302693 -11.359379780870316523 0.000000000000000000 0.362622440312155403 0.000000000000000000
1.482197502423188373 -11.613883597795744862 0.000000000000000000 0.332851169358215848 0.000000000000000000
3.436664795948632278 -13.414915576266420061 0.000000000000000000 0.197997820840472544 1092511.117905110819265246
1.648912603977895630 -11.121321102361154232 0.000000000000000000 0.402858684309366888 1600537.000000000000000000
0.404533995751495290 -12.423346371750103145 0.000000000000000000 0.376032850913596117 0.000000000000000000
2.099274287990667620 -10.970698795308141626 0.000000000000000000 0.412791989232393797 0.000000000000000000
1.022163414174954710 -14.102229654223163990 0.000000000000000000 0.276257421574402973 1691566.000000000000000000
4.888768616112182386 -13.406016374607393260 0.000000000000000000 0.455814109544674551 1654852.000000000000000000
3.365435235010629800 -12.367737612642441647 0.000000000000000000 0.244846571388738832 1672850.000000000000000000
9.604328363437716121 -10.768509705085728356 0.000000000000000000 0.378182355952405513 1094571.313320642337203026
10.517170826590536592 -9.590476839045832591 0.000000000000000000 0.151007329277895341 1758310.000000000000000000
12.113769216471620638 -7.892479224535187576 0.000000000000000000 0.349654695059450793 1678407.827169199474155903
8.764001406467352595 -10.721892795594090586 0.000000000000000000 0.446440912079281438 0.000000000000000000
10.589310828879268556 -6.960811180402657783 0.000000000000000000 0.316369084780087129 0.000000000000000000
12.277093779740850366 -10.132100363411471022 0.000000000000000000 0.421481749426575070 0.000000000000000000
10.271396063638579932 -10.005219080176502189 0.000000000000000000 0.220824427793476469 1810960.000000000000000000
10.366121250555696776 -10.790223774175279559 0.000000000000000000 0.358105653466216922 0.000000000000000000
9.364449707153728042 -8.202739804512340527 0.000000000000000000 0.198600168052977366 0.000000000000000000
9.204303893564066641 -10.527529749691321825 0.000000000000000000 0.372446534119612149 1376076.842066930839791894
12.697800389215966987 -9.951793078176363494 0.000000000000000000 0.469793295559265245 1209019.839893741533160210
10.390973380816195260 -10.904288780091750510 0.000000000000000000 0.378165207995867614 1840053.000000000000000000
11.132801597348246148 -7.013301557445531742 0.000000000000000000 0.334989002518610357 1775795.000000000000000000
10.030744177437876274 -8.135460199074245224 0.000000000000000000 0.120822700549276421 1770200.000000000000000000
10.010969899296396690 -9.312419956077535588 0.000000000000000000 0.115145339919087958 0.000000000000000000
13.205609938411383197 1.816974800336646823 0.000000000000000000 0.320721114339637958 603904.000000000000000000
12.754420325881257625 -0.747603923329365316 0.000000000000000000 0.191062216552064290 0.000000000000000000
15.419659895069747435 -1.768261373261535319 0.000000000000000000 0.453046495257339310 598539.000000000000000000
15.085313168732421119 1.573569726720977613 0.000000000000000000 0.386824063273958463 598571.000000000000000000
15.898328697484727101 0.693070477096208726 0.000000000000000000 0.436839420902682574 0.000000000000000000
14.301303300842047150 -0.837532657220819488 0.000000000000000000 0.198405544642002551 0.000000000000000000
14.304040956476098856 -0.066351176353810548 0.000000000000000000 0.136490742294550021 599004.000000000000000000
11.337976285572405999 0.072239117823370086 0.000000000000000000 0.392892377603730969 0.000000000000000000
14.564979483685176476 -0.148789765845076444 0.000000000000000000 0.184326602360593006 0.000000000000000000
13.068451473330412682 -0.766711247858815947 0.000000000000000000 0.157443630491977016 605003.000000000000000000
11.312422287165119883 -0.946046348220007660 0.000000000000000000 0.430015155925484061 0.000000000000000000
13.777475237431547228 -0.029409173640851941 0.000000000000000000 0.042446756501634729 601197.000000000000000000
12.898220248509280950 1.383064517748693545 0.000000000000000000 0.265957066214627780 0.000000000000000000
13.478971357704676137 0.690493226100129309 0.000000000000000000 0.120193259097768831 603331.000000000000000000
14.157329163720250520 -0.402335036256483702 0.000000000000000000 0.130065326988479862 0.000000000000000000
