-0.771613927000957989 3.023695268469178465 0.000000000000000000 0.306636635147677861 846597.000000000000000000
-4.061122288703681527 5.800720079885526737 0.000000000000000000 0.467759599443916207 0.000000000000000000
-0.137652317120787543 3.147308219585784439 0.000000000000000000 0.400425717451820040 0.000000000000000000
-4.173479543632012678 4.516715596002712552 0.000000000000000000 0.359082059582514213 550159.942412590142339468
-4.233038273685254538 2.579084377303774822 0.000000000000000000 0.422233900442559873 0.000000000000000000
-1.514569962963179917 5.715646837505222955 0.000000000000000000 0.351127148532320021 840534.000000000000000000
-2.198469520376183262 5.922092032668731854 0.000000000000000000 0.362007397697793776 0.000000000000000000
-3.114285695540871757 3.361101475931972171 0.000000000000000000 0.179309022733651402 0.000000000000000000
-0.449897916758838501 3.838771086939896104 0.000000000000000000 0.322410942576978499 846307.000000000000000000
-2.445577170198000694 1.615229648514851846 0.000000000000000000 0.406466042429130536 843127.000000000000000000
-0.094992512399273588 4.556122241375911486 0.000000000000000000 0.403365741821589907 0.000000000000000000
-2.398387202082193692 5.263081930909897288 0.000000000000000000 0.245756197699092849 0.000000000000000000
-4.794604034148505001 4.089676504410435953 0.000000000000000000 0.453410511466103894 845525.000000000000000000
-1.134818204916170803 2.598467095891432876 0.000000000000000000 0.305017638843340599 844795.000000000000000000
-3.384588944474382188 4.646758720105105489 0.000000000000000000 0.241738830891759737 0.000000000000000000
-0.271703535704049759 -2.756876639733238932 0.000000000000000000 0.407559603146728566 679912.000000000000000000
-1.776020075014491884 -4.961986289885059520 0.000000000000000000 0.209357011781018926 0.000000000000000000
-3.240111206154716594 -2.052543542034201085 0.000000000000000000 0.370986551156293531 685022.000000000000000000
-2.951894002148010010 -6.079140226902828736 0.000000000000000000 0.408840415952984371 385557.565687455411534756
-2.278285225487177712 -3.052496416646950816 0.000000000000000000 0.149226268863663608 686251.000000000000000000
-3.525655104143822882 -1.896988209538972292 0.000000000000000000 0.420564882093622749 168168.273357007303275168
-0.056859921934391051 -5.210116577420357942 0.000000000000000000 0.457392378220298990 199443.647958285611821339
-2.587330213729529760 -2.565231217884377024 0.000000000000000000 0.243111794863692027 680329.000000000000000000
-1.027019625321650365 -5.450272874392689815 0.000000000000000000 0.354097400258189532 681240.000000000000000000
-3.680544433801611781 -4.024181145407371929 0.000000000000000000 0.254614904751344628 681972.000000000000000000
-3.788134787823214555 -2.020039796576504898 0.000000000000000000 0.430239458628724480 679148.000000000000000000
-1.793011791719655301 -6.126518052665139713 0.000000000000000000 0.406836973970116644 0.000000000000000000
-3.080416044872224646 -6.283591224477671489 0.000000000000000000 0.450561310760276890 0.000000000000000000
-2.595028185528772458 -3.005143314086470507 0.000000000000000000 0.168643572074336112 206256.205434757721377537
-3.228429738100788260 -2.160921705973271045 0.000000000000000000 0.353071471152628102 680622.000000000000000000
4.090344355414263333 -1.221617884489498707 0.000000000000000000 0.229879548301561182 160291.785100606677588075
2.620630421429060330 0.139780713834883275 0.000000000000000000 0.338388769958671842 765814.000000000000000000
5.890323317491377608 1.881483532494763189 0.000000000000000000 0.414315550922065345 0.000000000000000000
2.121994114309124324 -0.807402685823019661 0.000000000000000000 0.449870269565027736 763592.000000000000000000
5.603739947057553294 0.395881091219810965 0.000000000000000000 0.206518764502022528 0.000000000000000000
4.461705401562615414 -2.421867831968628426 0.000000000000000000 0.430396200666356143 763087.000000000000000000
2.725363384352275542 1.195347331674879277 0.000000000000000000 0.383189747547606652 0.000000000000000000
6.411961389279043466 0.958531927850144072 0.000000000000000000 0.378567623963355526 760501.000000000000000000
3.752797983008576921 0.785849218778491898 0.000000000000000000 0.194756787498073958 762238.000000000000000000
4.909318042764622803 2.606550183486695094 0.000000000000000000 0.468278546986550637 764510.000000000000000000
3.595275086998646064 1.538247224753072961 0.000000000000000000 0.318753093526814579 762547.000000000000000000
3.750599240031071258 2.406833691933788710 0.000000000000000000 0.448937293666654857 542503.745550278574228287
6.319187791335780346 1.876993895221924058 0.000000000000000000 0.463000077937696319 0.000000000000000000
2.500587480830241294 -0.993270974931682482 0.000000000000000000 0.399994657313454571 762494.000000000000000000
4.597084806107481825 0.242094340495073723 0.000000000000000000 0.045479871448120469 759212.000000000000000000
11.480135486956871915 9.982796320801696766 0.000000000369200239 0.296582622003941532 0.000000000000000000
11.542029776815848408 8.800479080287304967 0.000000000429701293 0.214348904792277722 0.000000000000000000
10.727776721077471933 10.944241708086265064 0.000000000620708914 0.390991528934754640 0.000000000000000000
10.764356820851601171 8.568133017529349971 0.000000000662464211 0.081845792551310831 699407.640886229113675654
11.531495396098911499 6.565944517804190639 0.000000000652500503 0.436873233540900019 0.000000000000000000
10.324311977066955137 9.203828776037481063 0.000000000677992468 0.079988467477898631 414663.388044395484030247
10.556235236515451703 6.839427313176678958 0.000000000113957016 0.336739585325168289 0.000000000000000000
8.840982965517120817 7.786472216757518439 0.000000000745427534 0.316222023086452531 839187.000000000000000000
11.008687310483011856 9.849693725324490501 0.000000000227285648 0.226760788374000849 0.000000000000000000
7.781503020105316359 9.330098300518230303 0.000000000449896068 0.467459924046158326 0.000000000000000000
12.860020372277764622 8.794774712917542203 0.000000000418137578 0.449126983383574208 182786.817811581480782479
9.310723165990541617 10.381944935769585214 0.000000000275697473 0.340644423843513344 839201.000000000000000000
12.506161379024351987 7.354989182558435701 0.000000000526593451 0.456286198966458834 838164.000000000000000000
9.955185792314544813 8.820898907344705719 0.000000000419660148 0.069880390529894421 838337.000000000000000000
12.215477368364448196 8.871362173000326479 0.000000000606980584 0.334878978568714514 0.000000000000000000
4.626590321682178875 11.955763247618218514 0.000000000000000000 0.471257789442948494 925292.000000000000000000
1.626864653763008262 12.188154751032703516 0.000000000000000000 0.231286857419952863 926511.000000000000000000
3.487973591594404343 15.358634357793512493 0.000000000000000000 0.423759739733104490 925761.000000000000000000
2.325931484039663655 11.809213602380623342 0.000000000000000000 0.261333584247302353 0.000000000000000000
-0.037892717666851261 13.502698455013369738 0.000000000000000000 0.424680162301748543 0.000000000000000000
4.118102150474509671 13.384829778075481244 0.000000000000000000 0.318487348995409925 924717.000000000000000000
2.119346363001636480 11.678464872929193774 0.000000000000000000 0.287198485245186097 925020.000000000000000000
1.555471035627914000 14.521009235459178655 0.000000000000000000 0.261517136980820686 924932.000000000000000000
1.691964003146047224 14.200698302729827915 0.000000000000000000 0.200482662406180623 926288.000000000000000000
2.988089983193752186 11.690794060450048875 0.000000000000000000 0.305436889959766034 922940.000000000000000000
1.939939966479670819 15.408034151548617885 0.000000000000000000 0.386026419192475323 917987.000000000000000000
4.939216783124429355 13.076910495995841544 0.000000000000000000 0.465580285738696531 640849.727618210017681122
0.610771698783533434 11.791990703328536938 0.000000000000000000 0.405357886141912593 0.000000000000000000
1.557641254405494058 14.465428976301391018 0.000000000000000000 0.252970110995906827 923720.000000000000000000
1.573063652341653018 11.635839621980698766 0.000000000000000000 0.322224291545566255 918351.000000000000000000
-4.520707123496588764 10.628980732978636325 0.000000000610754025 0.438988476838752861 1674962.000000000000000000
-6.879564867712161025 12.766901089770527733 0.000000000043813934 0.187366086717139779 272570.935897343500982970
-7.888986494467738808 13.858789984618290703 0.000000000075421225 0.430829149627831587 1769528.000000000000000000
-8.084808632420541485 13.836330766294052452 0.000000000222412237 0.445158348444706420 1701029.000000000000000000
-4.717559642381405460 10.993584194598392756 0.000000000370981009 0.381413404339216222 1759983.000000000000000000
-6.599633772881197125 13.956831588234068775 0.000000000682041910 0.396908672688898623 0.000000000000000000
-8.497854058563666158 10.677433429731465253 0.000000000209194638 0.364468649599078487 1693160.000000000000000000
-7.363384668597179328 11.887238968509549863 0.000000000418087280 0.116353131859702683 1770859.000000000000000000
-5.475263224687008545 10.652253734366057714 0.000000000682734105 0.293112558133485024 1690806.000000000000000000
-6.532360378628469633 11.734076505543145075 0.000000000883423775 0.035758642249712619 1674667.000000000000000000
-7.992479629932015328 10.347716177541292026 0.000000000638232676 0.330389332086238496 0.000000000000000000
-4.685971499457935785 10.802053262892943764 0.000000000898795574 0.399295519467845916 1739859.000000000000000000
-6.113362950199367596 12.266892926488592863 0.000000000866546785 0.146979245367988093 1699574.000000000000000000
-4.258139750444320804 10.890476873928847112 0.000000000272768135 0.464779372487236275 1582676.652946474263444543
-7.896779318343352116 10.043993150737122733 0.000000000400411759 0.361528690702331179 0.000000000000000000
-10.915244318600199946 3.481998049886952717 0.000000000000000000 0.382453795954758591 1048301.000000000000000000
-14.102335154680663010 6.864903917550152279 0.000000000000000000 0.452771983724254035 1073964.195225880481302738
-13.686756129051726560 4.332288486921640036 0.000000000000000000 0.183676172116964687 1110667.000000000000000000
-10.801065648897063554 4.849150529396649922 0.000000000000000000 0.342105050666403843 0.000000000000000000
-15.332723317055803491 4.861707683693455628 0.000000000000000000 0.468010413447804086 1116066.000000000000000000
-11.655710658310306727 5.079208415789881137 0.000000000000000000 0.200989499251450793 1069822.000000000000000000
-10.916963447409724353 5.325853302912348930 0.000000000000000000 0.339480000567555784 0.000000000000000000
-11.096424201572776980 2.608851470678750228 0.000000000000000000 0.461867966684967934 1088190.000000000000000000
-11.471215406104406043 4.262013860583868663 0.000000000000000000 0.232971274789066790 1082460.000000000000000000
-12.605793576381426391 5.724018872502638189 0.000000000000000000 0.182820595800279040 0.000000000000000000
-14.705225785301678343 6.379099558949604010 0.000000000000000000 0.461287859202194839 1040843.000000000000000000
-12.618229036285644185 3.321726493615022591 0.000000000000000000 0.236590949001738937 0.000000000000000000
-15.079768194394381098 5.675215160263419101 0.000000000000000000 0.455728644483845424 1070768.000000000000000000
-12.337117703402205038 5.145801297602668356 0.000000000000000000 0.105359832438781886 1054479.000000000000000000
-11.677057735250873094 3.416419964273409882 0.000000000000000000 0.287163252169000238 1122869.000000000000000000
-11.722822220828957640 -5.564505086322322214 0.000000000000000000 0.234470848413005029 0.000000000000000000
-14.385463334799888813 -3.421558432699209007 0.000000000000000000 0.369206097553374968 516764.351662947330623865
-10.652489797386976988 -3.508742911669252784 0.000000000000000000 0.420221682585655787 0.000000000000000000
-13.531638986945042191 -4.642218139347581207 0.000000000000000000 0.146050012968092086 764004.000000000000000000
-13.052997254892019896 -2.602760437245025038 0.000000000000000000 0.365754818725812225 0.000000000000000000
-12.856554589931617372 -4.678253728183285887 0.000000000000000000 0.025573431349477160 0.000000000000000000
-12.484589359686461663 -3.865558524457917589 0.000000000000000000 0.147192105820972419 0.000000000000000000
-13.920645778230523959 -6.819670905491308055 0.000000000000000000 0.429228792297586481 494958.004396959731820971
-12.433586533997807777 -2.257494802833855285 0.000000000000000000 0.424132047864524075 758984.000000000000000000
-15.140317165975124780 -4.699957930989645760 0.000000000000000000 0.432664271938118961 107209.568554604804376140
-12.993585552805432926 -2.376066065133118244 0.000000000000000000 0.403244884284558569 211422.607769452093634754
-11.660820941369383519 -3.805763468741021782 0.000000000000000000 0.241475440569945160 0.000000000000000000
-13.282422226382369246 -3.346923805209838232 0.000000000000000000 0.252582914605743225 713171.244195098057389259
-11.982532394236908857 -7.230887819412392226 0.000000000000000000 0.463067345662387164 0.000000000000000000
-14.242044443532561715 -5.441681133142877158 0.000000000000000000 0.302942502551248771 0.000000000000000000
-4.725178143489332072 -10.173935014098079321 0.000000000575726376 0.450542728855517105 0.000000000000000000
-7.214271524511249645 -10.070284205514116849 0.000000000114734720 0.303996711956500354 0.000000000000000000
-8.646657485066612026 -11.323414347244064260 0.000000000568756611 0.348246246301037732 0.000000000000000000
-6.598922751852430046 -14.255044331284604908 0.000000000390623098 0.449611878958434574 0.000000000000000000
-6.807491189817402422 -11.177599748773952015 0.000000000920044518 0.096691546562306482 0.000000000000000000
-8.490021920134154243 -11.146292307426058699 0.000000000202512134 0.329175222400276191 0.000000000000000000
-5.777066608823048455 -13.196593340390084137 0.000000000795556130 0.312333685432822694 0.000000000000000000
-6.916745449241528121 -10.126563024867852647 0.000000000625602649 0.283655739496582571 0.000000000000000000
-6.465748392817075363 -13.036963669229699292 0.000000000774411536 0.238201294418450449 0.000000000000000000
-6.652431628286458398 -11.461024523962137778 0.000000000155015070 0.047778725835632536 0.000000000000000000
-8.025591409907972817 -11.306386623337850494 0.000000000074993609 0.241735959772823000 0.000000000000000000
-8.080151421842883153 -13.387720155350708140 0.000000000219195786 0.380415782680451509 0.000000000000000000
-6.844642297877591375 -9.099665758865361553 0.000000000845105603 0.463909077349293153 0.000000000000000000
-7.679843150355824655 -12.788341916542385945 0.000000000699080170 0.253561483588533310 0.000000000000000000
-7.143980190081088644 -13.049039060601190343 0.000000000417293527 0.246551031743805216 0.000000000000000000
4.440336847134934040 -14.268641995102479214 0.000000000000000000 0.414734718233956023 0.000000000000000000
0.674796982394339495 -13.732123077121253019 0.000000000000000000 0.306694641402610157 0.000000000000000000
4.149139762281553345 -14.044056519935887550 0.000000000000000000 0.351070360148158456 1642328.000000000000000000
2.958558012358005307 -14.558220178620194574 0.000000000000000000 0.253830365304955785 1661358.000000000000000000
4.827294579474334490 -12.955977362857975521 0.000000000000000000 0.447926851598437481 1692874.000000000000000000
1.331973394178850745 -12.903225055272766753 0.000000000000000000 0.190637045198860128 1602414.000000000000000000
3.551842871092852238 -11.468720345521827397 0.000000000000000000 0.388106796318219205 0.000000000000000000
0.900186013549819641 -11.612249589469621824 0.000000000000000000 0.391465763648568554 1675194.000000000000000000
0.600673371744935625 -13.396077746151330956 0.000000000000000000 0.309709674247021394 1599777.000000000000000000
3.212901028288676297 -11.159961011947528320 0.000000000000000000 0.408031326137115069 1676237.000000000000000000
2.132294495457561556 -11.280836981728331381 0.000000000000000000 0.357253684791033144 1208650.367264067055657506
1.447656180857439745 -15.171115024447219710 0.000000000000000000 0.372599210647448387 692895.932655093842186034
0.347718937355908420 -13.883711470467963167 0.000000000000000000 0.370200819435585360 1602155.000000000000000000
0.886486328194975415 -12.201995182803615947 0.000000000000000000 0.321310639802810383 1688851.000000000000000000
3.847398717889852104 -12.784408249814083192 0.000000000000000000 0.283538011830567982 0.000000000000000000
11.827231834949630596 -10.041145581352736826 0.000000000000000000 0.348389064241757529 1776510.000000000000000000
8.477957210859264237 -9.211124978853522549 0.000000000000000000 0.341830968958391102 1787273.000000000000000000
9.901045200748178843 -8.201092685434405283 0.000000000000000000 0.123886529335213894 1783629.000000000000000000
9.148265607020272583 -9.641025074449467880 0.000000000000000000 0.264151774956978613 0.000000000000000000
7.865798634707886094 -8.804456946589501953 0.000000000000000000 0.441190425358121419 0.000000000000000000
8.822478022438613010 -10.039650126269721753 0.000000000000000000 0.353192553769772932 1807929.000000000000000000
9.389031246569526701 -8.280062574314262847 0.000000000000000000 0.188467859288006467 1764621.000000000000000000
12.358027292690394461 -8.498939377747175783 0.000000000000000000 0.362213528111256511 0.000000000000000000
12.495847267777500988 -9.044312599540496933 0.000000000000000000 0.387624367746508880 0.000000000000000000
10.614786125301263198 -9.516656903698532233 0.000000000000000000 0.143319813687408038 0.000000000000000000
10.923321372416141983 -10.396057518666813380 0.000000000000000000 0.306825515723592235 1795849.000000000000000000
9.740421285900849213 -8.868784611709479293 0.000000000000000000 0.109060910512089604 82811.857009293336886913
10.229576269275776568 -7.830029540998951099 0.000000000000000000 0.162205056714848056 1777528.000000000000000000
11.809853213225185442 -8.293964763304247256 0.000000000000000000 0.273664682375372226 0.000000000000000000
12.786564076141033297 -9.364333845710440585 0.000000000000000000 0.449045902547226539 1795488.000000000000000000
13.462529718808339041 -0.613508007992524917 0.000000000000000000 0.107260195783745710 0.000000000000000000
12.244370711616156200 -1.799264068904003144 0.000000000000000000 0.388784485946709391 600080.000000000000000000
13.081586740372307176 0.671733977614153321 0.000000000000000000 0.142434046356045951 605171.000000000000000000
11.714436777656930033 1.449215172940636398 0.000000000000000000 0.411749956799825290 597646.000000000000000000
15.571025834834882673 0.886259911646723242 0.000000000000000000 0.392823741601974308 0.000000000000000000
14.979330043926282201 1.788740546299894207 0.000000000000000000 0.401514277582895263 0.000000000000000000
13.512771152178267187 1.351806769502334804 0.000000000000000000 0.234339536886537553 0.000000000000000000
13.596213892272803747 -0.739693074364797254 0.000000000000000000 0.128554529547082269 0.000000000000000000
14.504860189290830874 0.349384747232391601 0.000000000000000000 0.182121263246363435 0.000000000000000000
14.458570526919514165 1.814020506509970154 0.000000000000000000 0.353813426658774854 0.000000000000000000
14.649391847528454136 -0.866265940583416105 0.000000000000000000 0.247918062378880727 605082.000000000000000000
13.205612801309408511 -0.343448087658475620 0.000000000000000000 0.084403800990248523 46404.938706865068525076
13.246085268632677767 -0.472767198897217633 0.000000000000000000 0.097399764745162293 0.000000000000000000
12.618730665825681925 -1.476618149233060340 0.000000000000000000 0.304566748487435368 603700.000000000000000000
15.894438305336491268 -1.041998378507532630 0.000000000000000000 0.456327101177370853 0.000000000000000000
