-0.297940207534784507 4.872359805850384973 0.000000000000000000 0.390728950923212193 0.000000000000000000
-1.535902256777171404 2.105033264413198157 0.000000000000000000 0.343043549116443025 123580.580061091459356248
-3.599205726059945487 5.764881906303359393 0.000000000000000000 0.410416847055186884 0.000000000000000000
-0.778859405641408653 3.433413876167408674 0.000000000000000000 0.275929238524310394 837494.000000000000000000
-3.453137303019935711 1.659722307969663468 0.000000000000000000 0.450505284586401988 842214.000000000000000000
-3.499721945864082695 2.634247818065220681 0.000000000000000000 0.314535126937168452 0.000000000000000000
-2.848136850958947530 2.861291644519513344 0.000000000000000000 0.211221184769038312 845057.000000000000000000
-0.164371521583010244 3.013981963138046893 0.000000000000000000 0.404494660667703954 0.000000000000000000
-1.802780834796389620 6.295939131790874832 0.000000000000000000 0.436087693976814739 0.000000000000000000
-3.338608420884658035 4.869470707132858678 0.000000000000000000 0.259740536797180011 0.000000000000000000
-1.584414390196443145 5.332615486842595232 0.000000000000000000 0.283607816857254003 0.000000000000000000
-2.509039497714624201 4.377787806348700350 0.000000000000000000 0.097662295811329777 323199.465006135520525277
-0.085339110404092561 3.930188563827646586 0.000000000000000000 0.387309406110271759 0.000000000000000000
-2.392559581001723501 2.583599485698345521 0.000000000000000000 0.233904505167306098 0.000000000000000000
-1.409258725858530514 4.445148072121300586 0.000000000000000000 0.180740116043822341 845170.000000000000000000
0.299705819925464079 -3.713415865559869911 0.000000000000000000 0.456938766675184849 0.000000000000000000
-4.001348536780792386 -4.190893746178599777 0.000000000000000000 0.315240916985163988 438775.120533813140355051
-2.714199865025177516 -6.196369258651100331 0.000000000000000000 0.418573577571143385 678426.000000000000000000
-1.223698337398267943 -4.869239226347466420 0.000000000000000000 0.253797632281787533 0.000000000000000000
-2.368633937072241125 -5.507096858110934079 0.000000000000000000 0.288608348167478324 686005.000000000000000000
-4.434685125095759517 -3.772441603557647571 0.000000000000000000 0.388452576978759012 0.000000000000000000
-3.224865484056986809 -6.284845361349292503 0.000000000000000000 0.459758770584115128 0.000000000000000000
-4.316809024986439702 -5.592494814946626036 0.000000000000000000 0.475722641145445435 684823.000000000000000000
-0.022559094795654742 -3.536215012983548789 0.000000000000000000 0.403390274729139076 681918.000000000000000000
-3.656331937609055505 -2.684444631280526572 0.000000000000000000 0.328847035259156095 0.000000000000000000
-0.860807189562398212 -4.830433502778466170 0.000000000000000000 0.300140727083238523 679900.000000000000000000
0.132347553487414615 -4.917894558735806498 0.000000000000000000 0.463707826640736509 0.000000000000000000
-4.473238082291241646 -2.626120764528089957 0.000000000000000000 0.454304349370562688 682005.000000000000000000
-1.640174776148537461 -2.717275906035653055 0.000000000000000000 0.236180151195085258 0.000000000000000000
-2.262841301965883734 -6.547602494962065478 0.000000000000000000 0.473212658482317750 0.000000000000000000
5.421650028198270022 0.766443247951845485 0.000000000000000000 0.211374433104910248 0.000000000000000000
4.431560741453104413 0.749980795195992256 0.000000000000000000 0.134074646221390509 766215.000000000000000000
4.953182630391401275 -2.410277302029504742 0.000000000000000000 0.435176660022932815 0.000000000000000000
2.445704951442742914 -0.393777655494537748 0.000000000000000000 0.375240304623241927 764450.000000000000000000
3.770893771490747337 2.277619512157163406 0.000000000000000000 0.425967879000232974 0.000000000000000000
3.738713704730797893 -2.063623593168554482 0.000000000000000000 0.391992775460047849 762991.000000000000000000
6.024758637822873020 0.939138854161885694 0.000000000000000000 0.316636828018710959 0.000000000000000000
2.566548076838922832 -0.703229708048227709 0.000000000000000000 0.368959068185105710 0.000000000000000000
5.362083397382250816 1.069784750471234336 0.000000000000000000 0.242736294181760265 0.000000000000000000
5.352125889408453574 -2.138724989554525724 0.000000000000000000 0.408055438179555141 758382.000000000000000000
3.987756825476183931 0.715776687560314540 0.000000000000000000 0.158078772019778380 0.000000000000000000
2.441011082754777739 -0.888322701588764141 0.000000000000000000 0.401848531288586885 757423.000000000000000000
6.008838886415946767 0.650397964503969805 0.000000000000000000 0.290320354407730186 765214.000000000000000000
6.819292966861022265 -0.825989336755981185 0.000000000000000000 0.436146073708733928 759453.000000000000000000
5.497440007309787546 1.322091663684457075 0.000000000000000000 0.292930284085421322 757474.000000000000000000
11.503439600076077909 7.884537034659188315 0.000000000210855334 0.256509421619986744 837641.000000000000000000
10.947334463254373205 7.415396636526121910 0.000000000131681186 0.257272596566704093 844476.000000000000000000
8.086513473103767780 7.302931338663786853 0.000000000674992540 0.475406401944140355 439417.387528022925835103
12.831472187198420087 9.166987065705434645 0.000000000446498579 0.449950500038513945 0.000000000000000000
12.870794695078151548 8.885197815199950000 0.000000000902935431 0.451608336382621489 839061.000000000000000000
10.033652329741657994 10.620356699227597730 0.000000000469967491 0.332992122913192079 846944.000000000000000000
10.197655032850356349 8.227524039173134796 0.000000000197177410 0.094774355069928540 843861.000000000000000000
10.310208954023021732 11.354414508550888741 0.000000000628982737 0.457052840038856156 0.000000000000000000
8.275162770159505854 9.856195258966833350 0.000000000804644657 0.416536559798362016 844916.000000000000000000
8.769322944298181710 10.028374892346660019 0.000000000268617340 0.359267487654810869 844924.000000000000000000
9.210041044825029388 9.180651694477923286 0.000000000422774495 0.215369104202437905 839453.000000000000000000
10.765660196851071007 10.981807681116793063 0.000000000894999324 0.398675443557173104 0.000000000000000000
11.109534182692213378 9.223789963452539098 0.000000000785214502 0.160404354531648363 844973.000000000000000000
11.315746801827588186 6.479351854255155807 0.000000000643178927 0.433509257072990317 837471.000000000000000000
10.179242644549109542 6.999215212791500385 0.000000000463809930 0.308062342881196161 842162.000000000000000000
0.742303667638189779 13.936736253011080322 0.000000000000000000 0.307136611487427325 226613.899067560996627435
0.383086797043417193 14.079180533715453194 0.000000000000000000 0.375990805973212494 545838.663727840757928789
2.668935342367394270 11.220289955325711162 0.000000000000000000 0.370967934299424040 924508.000000000000000000
-0.306181436258006534 13.113314069731179856 0.000000000000000000 0.471470089246190549 0.000000000000000000
0.936924811695141857 13.299861516200159883 0.000000000000000000 0.249089806700000083 918997.000000000000000000
1.290281107991839038 14.558203111090126214 0.000000000000000000 0.294504537499217289 850735.547874933225102723
3.558790319597304741 11.130358003669686084 0.000000000000000000 0.439931877410468630 144995.742572027578717098
0.936568115190049455 13.659312990571415014 0.000000000000000000 0.258274454672314580 920702.000000000000000000
0.409604477783812260 13.371275966177991634 0.000000000000000000 0.343441041784029732 926588.000000000000000000
2.545847151225235194 13.372933378549513250 0.000000000000000000 0.041406637825838713 917840.000000000000000000
1.872108235507184304 12.086036227320322567 0.000000000000000000 0.227506859990095317 921233.000000000000000000
3.471433663193640218 12.458948889357710499 0.000000000000000000 0.249514599629811207 0.000000000000000000
2.887186965817559958 13.396500790523054647 0.000000000000000000 0.100814333942800705 720477.956620682030916214
2.130376104191312070 10.670878433970134580 0.000000000000000000 0.465459245580774617 0.000000000000000000
-0.023768542652282950 13.143209454762965649 0.000000000000000000 0.420923463209232906 0.000000000000000000
-4.734942873769237615 11.312134904254229184 0.000000000501925527 0.363219279805481632 0.000000000000000000
-5.562340863969234661 9.581540527134416507 0.000000000823888333 0.432295778659217422 1697514.000000000000000000
-7.885909193270581596 10.379635073625795627 0.000000000104639088 0.313526011839255270 0.000000000000000000
-9.134257179479837063 11.143197624301086179 0.000000000096049200 0.439954512349705784 1676724.000000000000000000
-7.338908833236520657 10.944669837715430560 0.000000000772310346 0.174442930574117944 1760754.000000000000000000
-6.062386956489794088 9.207227841195958717 0.000000000355843499 0.460538482365382917 1695352.000000000000000000
-7.372155220529958974 11.267396860978371009 0.000000000082868134 0.139189161075581019 0.000000000000000000
-5.523966147603261767 13.678837017765715700 0.000000000277060265 0.408697894326918498 1761269.000000000000000000
-7.149971071628548280 10.724580586842609620 0.000000000184636814 0.190976480473862398 0.000000000000000000
-7.320597383891137788 13.564943331114593050 0.000000000875839970 0.343004377273824268 0.000000000000000000
-6.741087872785531232 9.087164060164552026 0.000000000325374528 0.465741913015099762 1663642.121510632103309035
-7.425478577762508081 13.504553573639999087 0.000000000507445908 0.339167819283451744 0.000000000000000000
-6.348050390678494637 9.308642336171633502 0.000000000086755535 0.432178073192710233 0.000000000000000000
-7.162898719510603307 10.986541223635047260 0.000000000387686493 0.150549424931867043 1714888.000000000000000000
-6.705893001886996885 12.795187560783819691 0.000000000879276211 0.190619461875561141 1764254.000000000000000000
-11.126991816027814508 5.564227001690833063 0.000000000000000000 0.322152674540061024 1110058.000000000000000000
-10.507825191216895178 3.308376485468171868 0.000000000000000000 0.460126566007634685 1063697.000000000000000000
-10.863287067809611841 4.319913831804748305 0.000000000000000000 0.335606243600232057 0.000000000000000000
-11.853614731388550041 5.864811761076560437 0.000000000000000000 0.257202891432154412 1123216.000000000000000000
-11.554548326751922005 3.013167003155742929 0.000000000000000000 0.356191889376724191 1106235.000000000000000000
-14.117028864257139986 3.189576030091562764 0.000000000000000000 0.359555286472533431 1056054.000000000000000000
-11.541918505347300794 6.027641450394473743 0.000000000000000000 0.314398844372165254 1033587.000000000000000000
-10.344406174921070729 5.933954753886856004 0.000000000000000000 0.475699023122994058 1074255.000000000000000000
-13.388034432959599940 7.283523325377360358 0.000000000000000000 0.468027657485142745 1039343.000000000000000000
-10.971935581295689133 5.820217232507429728 0.000000000000000000 0.368746674429084209 0.000000000000000000
-10.391662518144713090 4.576634288134693307 0.000000000000000000 0.414152395012420127 1054130.000000000000000000
-11.930489394642670220 7.124585967741239756 0.000000000000000000 0.448178745754026164 1125462.000000000000000000
-14.964948985289126426 5.644882240895642944 0.000000000000000000 0.434827712923693488 1102888.000000000000000000
-10.947310343853050796 3.752315346730157763 0.000000000000000000 0.353799804507643589 1110379.000000000000000000
-12.185797526196429530 4.511862050517757794 0.000000000000000000 0.098374107512402303 1036104.000000000000000000
-13.531824684259767366 -5.172137198097358279 0.000000000000000000 0.169234615017400947 760600.000000000000000000
-10.845212443742155983 -4.962022916976328801 0.000000000000000000 0.336592313171908630 756947.000000000000000000
-13.482573345999107062 -6.357298486005100280 0.000000000000000000 0.322101838877728364 0.000000000000000000
-15.151251587248008690 -4.996508349727376341 0.000000000000000000 0.438061831775778898 0.000000000000000000
-14.260624058582232365 -6.747301356101581327 0.000000000000000000 0.452375429237704296 757083.000000000000000000
-10.978193988837546158 -3.314570563544816384 0.000000000000000000 0.390180502617886560 0.000000000000000000
-10.744354375295408488 -5.134433023944300345 0.000000000000000000 0.359817068522576999 0.000000000000000000
-13.671163626260158352 -4.163941657202867574 0.000000000000000000 0.192732384916261629 0.000000000000000000
-13.471472382102456677 -6.136425848014025242 0.000000000000000000 0.286940259162729361 0.000000000000000000
-13.696554423930951572 -2.660639232833219125 0.000000000000000000 0.391610483664084463 762314.000000000000000000
-12.411154093954245070 -5.127887313420570692 0.000000000000000000 0.094905356625628712 758755.000000000000000000
-12.280032815536864987 -4.072012407823095259 0.000000000000000000 0.130783241986234366 765168.000000000000000000
-13.970335341505599303 -5.232319803815545178 0.000000000000000000 0.243820954117073413 761266.000000000000000000
-10.664607190411878435 -5.976467946070247450 0.000000000000000000 0.429674747201365392 762513.000000000000000000
-12.192409609403410897 -5.727946533516939276 0.000000000000000000 0.204874395822950972 765729.000000000000000000
-7.605524364072899779 -9.264400591394876372 0.000000000014716225 0.461025544601506909 0.000000000000000000
-6.726161660056268587 -9.367553016458733950 0.000000000088734615 0.416130841016265463 0.000000000000000000
-9.172063603408894039 -11.653901799374901671 0.000000000003145030 0.434959190419787867 0.000000000000000000
-5.206945078144736172 -13.008082467837377649 0.000000000444590282 0.355182402965552868 0.000000000000000000
-8.825401533265997855 -10.634155711819126111 0.000000000929902197 0.419306739011903129 0.000000000000000000
-7.891087276935111916 -12.115087203073620969 0.000000000642580701 0.218088144766606096 0.000000000000000000
-6.696953961417910328 -9.872077042476107067 0.000000000119181438 0.326913058869317485 0.000000000000000000
-6.340918091307436555 -10.597112741689349136 0.000000000583409488 0.210494449133985545 0.000000000000000000
-8.731165285169213419 -11.275608301706881775 0.000000000621530438 0.364729122484871104 0.000000000000000000
-4.647734345131255829 -12.741473779381882636 0.000000000918421373 0.413441938054527058 0.000000000000000000
-5.525472102259087137 -13.323147981141278962 0.000000000364754116 0.356525682794653798 0.000000000000000000
-4.648160137492538091 -10.401076166903351350 0.000000000009585869 0.438821922112596685 0.000000000000000000
-6.673332545988568398 -11.357900215738027327 0.000000000317002283 0.064719294294787705 0.000000000000000000
-6.418094456876732856 -9.899089712546039976 0.000000000190927533 0.326994809037780831 0.000000000000000000
-6.006001709048844006 -10.316973492505711718 0.000000000904308728 0.280003390302190014 0.000000000000000000
2.075162047599522719 -14.416607361582949309 0.000000000000000000 0.208197881587692424 0.000000000000000000
2.517013230656265144 -11.527967064872692404 0.000000000000000000 0.313083878451966113 0.000000000000000000
3.213289288364897800 -12.598975449251010872 0.000000000000000000 0.197727504072274407 0.000000000000000000
4.492050699608335584 -13.006328445275130434 0.000000000000000000 0.387539972553968937 0.000000000000000000
0.831143477470165593 -13.181569081841406188 0.000000000000000000 0.268442909645482619 1626322.000000000000000000
1.204010752045715726 -12.479925717235932581 0.000000000000000000 0.246435394202261210 0.000000000000000000
0.689602300587638939 -14.136360516420415578 0.000000000000000000 0.330723578804482554 0.000000000000000000
1.401477770200123762 -14.030505616085465093 0.000000000000000000 0.213710449805632530 0.000000000000000000
2.573791909054464533 -12.257660269179915247 0.000000000000000000 0.186408394898253699 654904.800833079963922501
0.113152303485270417 -12.255995767401559604 0.000000000000000000 0.435620829324150194 0.000000000000000000
2.288476701533120217 -12.760713545512349043 0.000000000000000000 0.092255574770226140 1090984.100594738731160760
3.868793265389690816 -11.885266013711630606 0.000000000000000000 0.368913477342122598 0.000000000000000000
1.255566104564955987 -15.359234180679429471 0.000000000000000000 0.417809246810190771 0.000000000000000000
2.216877925515886805 -11.573819053672863788 0.000000000000000000 0.303977415360868697 0.000000000000000000
3.300273089167059748 -13.808481514514287625 0.000000000000000000 0.196463151009898807 1647312.000000000000000000
9.126933004918612369 -10.051173949671603935 0.000000000000000000 0.314966412907110582 0.000000000000000000
10.260579325445601029 -10.197172698674982882 0.000000000000000000 0.254544403064399849 0.000000000000000000
9.874389263398807515 -11.382403478126217777 0.000000000000000000 0.469648101195057732 1760074.000000000000000000
8.214669485642570379 -7.975806681025775724 0.000000000000000000 0.402513474450988673 0.000000000000000000
8.942965270272212663 -8.653258498590730596 0.000000000000000000 0.249671647106425060 1783605.000000000000000000
8.359777364142834344 -9.195512220995684771 0.000000000000000000 0.361715897091682559 742326.639383905450813472
8.896751793310873069 -8.890197526459603594 0.000000000000000000 0.258563275343795362 0.000000000000000000
8.801161320903510443 -7.618704353931985196 0.000000000000000000 0.338640167240297274 0.000000000000000000
10.366399370500845478 -8.216452866351106721 0.000000000000000000 0.093315550984548162 0.000000000000000000
12.225443822052055154 -7.043247233734074797 0.000000000000000000 0.449040105862745120 0.000000000000000000
9.744877604118407532 -11.219486249603320971 0.000000000000000000 0.446550176215472494 0.000000000000000000
12.480952245267436851 -9.019788651971492044 0.000000000000000000 0.384441341899602107 1848530.000000000000000000
10.674588499129113117 -6.561967547084351260 0.000000000000000000 0.387690246304849551 830997.092305797617882490
11.736122783947994463 -8.606239106557222129 0.000000000000000000 0.249980068737816502 0.000000000000000000
9.978519637084653837 -7.401924061883680572 0.000000000000000000 0.244823367471016962 0.000000000000000000
15.036123071981140953 -1.352188269621071637 0.000000000000000000 0.354367707555600764 269560.229568139358889312
11.452592165712257355 1.344099204702760231 0.000000000000000000 0.439630017432053322 597344.000000000000000000
15.579301982445612040 -1.212051882094532296 0.000000000000000000 0.419191625763626730 604146.000000000000000000
14.538619336245018232 0.668522839659933865 0.000000000000000000 0.212099748176387520 601982.000000000000000000
14.511252281451293200 2.131822147267158130 0.000000000000000000 0.407206727042827898 597292.000000000000000000
14.344654229360465081 -0.118652104966385327 0.000000000000000000 0.144710258230379918 602539.000000000000000000
15.177769870524448592 -2.070254506411893569 0.000000000000000000 0.461408198032613182 484725.447976646421011537
13.301375152587995743 0.972207982649210156 0.000000000000000000 0.173903392646304916 598394.000000000000000000
12.513231178062175886 2.322237674539801677 0.000000000000000000 0.442927496730298798 601627.000000000000000000
15.657170232571113289 -0.823905996088693859 0.000000000000000000 0.403083246212772361 0.000000000000000000
14.421168290395755207 -0.392609097680892305 0.000000000000000000 0.170954457669618476 599547.000000000000000000
14.571474584897034177 -1.522769603048580667 0.000000000000000000 0.321042659091440030 0.000000000000000000
13.032563058903487985 0.341342233650878402 0.000000000000000000 0.108278100735590133 605645.000000000000000000
12.082770829265168544 0.681089805213238475 0.000000000000000000 0.285633375161994996 350062.368253811378963292
14.316119537137900863 -1.133667040341580057 0.000000000000000000 0.239915616389268976 0.000000000000000000
