-4.714386607093183912 3.963714824339699128 0.000000000000000000 0.437922333565237465 838095.000000000000000000
-2.625884812591833928 2.416859381092673065 0.000000000000000000 0.270403730103182249 75690.269285275091533549
-0.790998661742731701 3.755685707206515733 0.000000000000000000 0.262589580552407886 0.000000000000000000
-3.172626750646530880 1.790333522854673731 0.000000000000000000 0.407782222887923984 0.000000000000000000
-0.304718539064420368 5.368970966030040870 0.000000000000000000 0.436592174447540449 0.000000000000000000
-0.259481721338052307 5.096747780094249336 0.000000000000000000 0.416042635053107734 844947.000000000000000000
-2.475625266051876050 1.949749408399271022 0.000000000000000000 0.347695218244729543 0.000000000000000000
-1.898868703774230671 2.535569486907439440 0.000000000000000000 0.249623161605492166 0.000000000000000000
-2.522421790666916408 4.853638649616464740 0.000000000000000000 0.177909715824780046 521915.785018981900066137
-1.742466264563822032 1.935913584379890251 0.000000000000000000 0.360006995177909683 844978.000000000000000000
-2.756273508858126942 3.859144104712504575 0.000000000000000000 0.088940697474516953 837432.000000000000000000
-3.173895270366507759 4.966270364616329758 0.000000000000000000 0.251658189851115932 614957.648122638463973999
-2.037854691487506642 5.926019548056566499 0.000000000000000000 0.364689715629652744 64157.935666141413094010
-0.801820762372549178 4.400082991890889694 0.000000000000000000 0.275001399863694707 837469.000000000000000000
0.144983005913982804 2.893806738549625113 0.000000000000000000 0.463611588395351715 837684.000000000000000000
-1.955737463908424401 -2.944635004750560281 0.000000000000000000 0.176827747052744122 680532.000000000000000000
-4.124280954783082542 -4.990775162912457041 0.000000000000000000 0.385942286630682974 0.000000000000000000
-3.615242203167376989 -3.748114221396745993 0.000000000000000000 0.243175894749473959 45306.099253588574356399
-0.863032990423100443 -4.941565764717229747 0.000000000000000000 0.311305398515657805 684216.000000000000000000
0.236733090438030841 -4.465863744732796903 0.000000000000000000 0.456306755735739644 680151.000000000000000000
-0.404334817697690918 -5.058161217264573573 0.000000000000000000 0.390461204826745012 0.000000000000000000
-2.132101721168273567 -4.595009511245240041 0.000000000000000000 0.127524638079532210 527498.375868382980115712
-2.543219988856725511 -3.744158768737753995 0.000000000000000000 0.057065306593225708 681792.000000000000000000
-0.922697639925946556 -2.711144377928408566 0.000000000000000000 0.317445334268161905 684253.000000000000000000
-2.738704307688145878 -2.526188029310990402 0.000000000000000000 0.257522179828812092 0.000000000000000000
-3.215963150391663028 -6.363052194547830887 0.000000000000000000 0.472117646317836870 681104.000000000000000000
-3.837042423628242105 -5.236970928427189698 0.000000000000000000 0.369618762287295233 680833.000000000000000000
-0.116596271950149641 -2.425140121087840495 0.000000000000000000 0.462379494887997788 0.000000000000000000
-3.731764230510155045 -2.624678588346203600 0.000000000000000000 0.345968554826733221 685917.000000000000000000
-4.171902251475880341 -3.298277389909298307 0.000000000000000000 0.356949275664487753 682664.000000000000000000
5.066635242315402188 1.259309292106666422 0.000000000000000000 0.244374019291898809 763242.000000000000000000
2.692528424245386187 -0.725492271056233595 0.000000000000000000 0.349362481056849972 766288.000000000000000000
5.605814337732734742 1.571848273645653160 0.000000000000000000 0.340173120925828243 761542.000000000000000000
2.920032440012404251 -1.429868743059567127 0.000000000000000000 0.381287116048019403 763924.000000000000000000
3.849377644853853475 -2.168164212779868816 0.000000000000000000 0.403178253020870958 0.000000000000000000
3.587126217058351774 -0.596356747177615998 0.000000000000000000 0.196319934368466148 765362.000000000000000000
3.346592463785713623 -1.082482775917526174 0.000000000000000000 0.283457465294772837 760349.000000000000000000
6.910461299278973790 0.816547145705890709 0.000000000000000000 0.450936129051355106 0.000000000000000000
4.306838783283678751 -2.218068611603049689 0.000000000000000000 0.395860617778310553 0.000000000000000000
2.856482257847164696 0.416242550369790298 0.000000000000000000 0.304576923951031586 763545.000000000000000000
4.852460558628666654 -1.572118514107824883 0.000000000000000000 0.285691267882306199 764519.000000000000000000
3.980240151188625397 -1.820518721908690463 0.000000000000000000 0.337269737423363525 765309.000000000000000000
4.591530488856180092 1.791149383276051887 0.000000000000000000 0.318517920487867590 763677.000000000000000000
2.978724727243637460 -0.895730658046799744 0.000000000000000000 0.316642240665191088 762995.000000000000000000
6.982275365607391038 0.508208202665402120 0.000000000000000000 0.448993140454841067 322218.526663930853828788
7.964993912959853262 8.859737927826367709 0.000000000811779920 0.423858960564051146 0.000000000000000000
11.593739630015985398 10.954641887652506682 0.000000000518302078 0.446055806418191592 0.000000000000000000
8.404647041064347235 10.286940895567806109 0.000000000233084364 0.438502454467463387 371583.819646599993575364
12.354900293685536994 9.253062489980667493 0.000000000440189037 0.369720652557993523 686828.338389190030284226
9.178327823648272599 7.864373433030925398 0.000000000866669202 0.258860249517690377 838440.000000000000000000
8.162031068967833036 10.301454505769402914 0.000000000192225314 0.474787778922837189 250816.952567811298649758
10.624578562028824891 11.299892698128155999 0.000000000194195406 0.450092734688497587 838981.000000000000000000
9.257550842766347543 8.880345505130026851 0.000000000151634114 0.194441727665754766 846081.000000000000000000
9.620215435652420766 10.677609639483611303 0.000000000395611330 0.362240714780082129 0.000000000000000000
9.982993517449699539 9.313064304688680295 0.000000000061696428 0.117866576244888194 838022.000000000000000000
12.434259099152692229 9.169922629748038290 0.000000000432374574 0.380387256535319018 838420.000000000000000000
9.757487822098649843 6.844631077981910394 0.000000000069342099 0.349837058562579906 845911.000000000000000000
10.735205565775705949 10.962171718215245164 0.000000000002845123 0.394313304768409645 841027.000000000000000000
11.244079598405704701 7.919231792044088891 0.000000000544063084 0.216774007803438723 844759.000000000000000000
10.746766219254691777 6.559530099976456974 0.000000000749710957 0.390248209118917888 673397.573019708273932338
2.827731134290227821 13.067867736205338147 0.000000000000000000 0.095474928758382163 924380.000000000000000000
3.421547317428155210 15.562735500063277883 0.000000000000000000 0.450656145852517731 926768.000000000000000000
4.069166534365225907 14.208894301740732757 0.000000000000000000 0.350863238158244495 926702.000000000000000000
4.459119355714090460 13.319657247247279841 0.000000000000000000 0.378752602762606139 917793.000000000000000000
3.386215197798232435 11.791256326320196379 0.000000000000000000 0.324122284491217383 920554.000000000000000000
0.146695006398546990 14.413397325693839690 0.000000000000000000 0.439327393210858841 0.000000000000000000
2.063476413546987409 13.201731325643910608 0.000000000000000000 0.050090683942009967 0.000000000000000000
0.259243022908610565 12.311771396703058201 0.000000000000000000 0.407821878612533106 46798.570448013357236050
4.165189118180113503 12.510583446106856798 0.000000000000000000 0.353623793008513543 0.000000000000000000
0.667540469519781632 12.032432509200633675 0.000000000000000000 0.370647565180574456 926892.000000000000000000
3.324282220765665929 14.388123437403319116 0.000000000000000000 0.265079869184550621 0.000000000000000000
1.173503968157813215 15.503471980499737626 0.000000000000000000 0.447352250358073134 927289.000000000000000000
0.905864686825931242 11.505768184448285751 0.000000000000000000 0.405383444113586067 923428.000000000000000000
1.859282867929007432 14.689947789307186810 0.000000000000000000 0.265561822689578897 0.000000000000000000
3.127819654533332994 15.274894339505339147 0.000000000000000000 0.382782713714428513 923871.000000000000000000
-8.855225847193528566 13.145746878352928988 0.000000000678202236 0.454567492942912377 1729307.000000000000000000
-8.771459494419509895 10.651435237704898640 0.000000000764747156 0.409371362782051162 0.000000000000000000
-6.100656282621981674 12.862218076178598025 0.000000000929145416 0.231738554327490132 1724657.000000000000000000
-8.164506414116511124 13.087896781777979882 0.000000000228509264 0.351712442492871369 0.000000000000000000
-5.799342803000496538 12.355092971215983155 0.000000000136377533 0.200924765163775221 1693726.000000000000000000
-7.413413137234533323 10.706572825770907187 0.000000000615673533 0.216282975669460698 1679877.000000000000000000
-6.430158559856957723 11.550755806177784635 0.000000000116901181 0.061527210693257353 1685358.000000000000000000
-8.691024971924774079 11.364583923340644489 0.000000000779128272 0.354641660936187764 1728568.000000000000000000
-5.863740945909378333 13.551605715958315201 0.000000000112738402 0.359726113111828005 0.000000000000000000
-6.679703603332041162 10.530308026937486687 0.000000000099652098 0.210561101184280813 0.000000000000000000
-6.728291514204227219 14.357087451276067114 0.000000000030985963 0.466980710168636126 1753181.000000000000000000
-4.801795945333822146 10.529658965283799077 0.000000000096342390 0.403524499597967878 1731564.000000000000000000
-8.389409337998415594 13.278039745643077651 0.000000000187637477 0.403875269635138645 1733383.000000000000000000
-6.123438379232642781 9.418051420621942782 0.000000000848897697 0.421641067912184364 1735692.000000000000000000
-6.716632246976362630 13.287675845443603251 0.000000000583113027 0.277742102338322250 0.000000000000000000
-14.249587434946969111 2.542096269255493368 0.000000000000000000 0.460584483794959143 1073664.000000000000000000
-12.458532184136561938 7.402377264924938416 0.000000000000000000 0.475975903186887428 0.000000000000000000
-12.572964644226020781 2.029700447438407274 0.000000000000000000 0.461368995750757793 0.000000000000000000
-11.380093997835979636 6.298992694034575734 0.000000000000000000 0.369097431820609001 1036693.000000000000000000
-14.426675254438208640 6.305198634319860496 0.000000000000000000 0.415597277710369251 0.000000000000000000
-11.938348483761085816 6.789180805947631292 0.000000000000000000 0.392605186319485988 1122464.000000000000000000
-11.618142574703815839 6.948476544507008690 0.000000000000000000 0.441016232958369558 1101929.000000000000000000
-14.223130178186027095 4.795750730039546994 0.000000000000000000 0.269938105733782463 1115411.000000000000000000
-12.826162353446530773 3.380497384706548480 0.000000000000000000 0.226571550766347191 0.000000000000000000
-12.097251632804010057 3.877329194545690250 0.000000000000000000 0.177513005592179279 0.000000000000000000
-10.497885907271387040 3.362864547455410413 0.000000000000000000 0.456786879375852606 1090459.000000000000000000
-13.563594021765156938 5.761724056131356519 0.000000000000000000 0.241523193401159936 0.000000000000000000
-11.878932885041971090 6.935505648212375363 0.000000000000000000 0.420219061305454777 1115310.000000000000000000
-13.143731649908211523 3.779793359235205319 0.000000000000000000 0.174008569516320544 1068677.000000000000000000
-13.663470780177091157 5.260713828925275060 0.000000000000000000 0.197247000466614197 0.000000000000000000
-14.773924727478682684 -6.228186909861276987 0.000000000000000000 0.454870170824438480 0.000000000000000000
-11.213155884122940620 -2.625347507428280380 0.000000000000000000 0.446816890978918524 0.000000000000000000
-13.679321217932981725 -6.505830967889265182 0.000000000000000000 0.360848050006502552 757754.000000000000000000
-13.962575453892796418 -7.011255158901462003 0.000000000000000000 0.461801110239910328 0.000000000000000000
-13.966812296326986953 -2.862082942982439704 0.000000000000000000 0.386261052867077737 254311.274352381500648335
-10.981350013161717882 -5.638928632248763506 0.000000000000000000 0.351198892994955769 765496.000000000000000000
-14.300842231187383291 -2.984050282586043323 0.000000000000000000 0.407859042288217233 765497.000000000000000000
-14.099368051082967312 -6.379822385802073725 0.000000000000000000 0.384790623685973998 445132.708523674402385950
-13.575929920540001916 -3.657757856915873518 0.000000000000000000 0.234644542752929314 0.000000000000000000
-11.969311547656708683 -2.930825614392146949 0.000000000000000000 0.331961637153594002 766795.000000000000000000
-12.854267689864592228 -2.880368432360197684 0.000000000000000000 0.313604753307862472 0.000000000000000000
-13.624652172197494693 -5.003413812687393047 0.000000000000000000 0.171994171196526602 71092.800159924692707136
-15.107968872755877854 -5.406634198260452884 0.000000000000000000 0.445072693336084013 0.000000000000000000
-13.005773794584866820 -2.608059149603937144 0.000000000000000000 0.363577537251745631 761054.000000000000000000
-11.973004929667039775 -5.905568515087394665 0.000000000000000000 0.251095164774506219 0.000000000000000000
-4.728799309644686311 -11.085611456397568730 0.000000000006876732 0.374315701089714570 0.000000000000000000
-8.831717991598907247 -12.733972654798613178 0.000000000249691436 0.414888576095765405 0.000000000000000000
-5.861011212273366411 -12.654952482720927875 0.000000000626796634 0.227233413845163101 0.000000000000000000
-6.696321108803751088 -9.668041014492025909 0.000000000462711662 0.363020161490204996 0.000000000000000000
-5.535403373820377837 -11.326535855018093457 0.000000000486946507 0.224372916403966810 0.000000000000000000
-7.318123132902147887 -13.601285402779513589 0.000000000928512059 0.348998763858203886 0.000000000000000000
-6.742165471148299893 -14.000470430505938424 0.000000000193910229 0.403871715709802237 0.000000000000000000
-6.775795201558920233 -13.368466458867445112 0.000000000801926084 0.292111689201588531 0.000000000000000000
-6.142272267871760505 -13.581860945144935471 0.000000000742084164 0.346337214962721018 0.000000000000000000
-7.229051351219141885 -11.913941459120405142 0.000000000021298779 0.095027129100059213 0.000000000000000000
-6.428908044491457474 -14.142493879834477255 0.000000000595960312 0.432530579926709291 0.000000000000000000
-7.095289662749641124 -13.865227925649243446 0.000000000141391191 0.385261618913686543 0.000000000000000000
-5.730831714923102282 -12.049230715719021489 0.000000000740242793 0.187876967922006699 0.000000000000000000
-9.156026999423476198 -11.014394602935290379 0.000000000252797487 0.449476617347134733 0.000000000000000000
-7.428730148147109524 -11.281612387865608937 0.000000000475315355 0.146216010391921114 0.000000000000000000
0.713841050414226852 -13.032432854601603722 0.000000000000000000 0.292071970636985867 1650009.000000000000000000
1.888947435118854878 -10.755084756358284537 0.000000000000000000 0.456040203371180619 1626980.000000000000000000
3.670670500977331052 -11.641147804515311392 0.000000000000000000 0.376096294490515959 1602598.000000000000000000
1.575786223139856057 -11.864704865575522064 0.000000000000000000 0.285538430413021183 51884.246415585890645161
0.394808114784586828 -13.016662447663257751 0.000000000000000000 0.348755279478324687 1616299.000000000000000000
3.759810950683949660 -11.513545278515840309 0.000000000000000000 0.403722777653367393 0.000000000000000000
2.574106715768207376 -15.574198815936012963 0.000000000000000000 0.411297524944966519 180482.915489574603270739
1.975926108167122219 -11.251759298012007804 0.000000000000000000 0.366243287719276722 1683088.000000000000000000
4.669394629353468495 -14.229344493881470157 0.000000000000000000 0.449313472000369141 0.000000000000000000
1.101862463463206154 -11.459279450659582977 0.000000000000000000 0.391225804124548826 1640937.000000000000000000
3.723829850801986918 -14.507167631764785298 0.000000000000000000 0.330570091129333887 1643805.000000000000000000
3.193269877240787480 -13.064238195503117268 0.000000000000000000 0.157688789177508448 1658929.000000000000000000
2.181990677893730357 -11.687293940745329124 0.000000000000000000 0.284352215917931139 572383.521025740657933056
3.163902026296881775 -11.769570661123982092 0.000000000000000000 0.306335416313977649 1615251.000000000000000000
0.077547854900763838 -13.821841184685748516 0.000000000000000000 0.413756197347102339 1660853.000000000000000000
11.092495503393484668 -11.179931462706681700 0.000000000000000000 0.446475259444006289 1807385.000000000000000000
12.392450812705233076 -7.539349881339313164 0.000000000000000000 0.422313135051056721 1516696.331525398418307304
11.193556859298560369 -10.001244077642031272 0.000000000000000000 0.266970913471117510 0.000000000000000000
8.866919609562671667 -6.678873548625134049 0.000000000000000000 0.448539580618662836 1814772.000000000000000000
11.475564551124865176 -10.682641831401502586 0.000000000000000000 0.394419341827425995 1819866.000000000000000000
12.607082629419045006 -8.689368272210284516 0.000000000000000000 0.404106135414406265 488163.039803362975362688
10.494772497739361938 -9.054272187857087317 0.000000000000000000 0.060319173666347120 1835665.000000000000000000
9.295748603684032219 -9.559414797260586738 0.000000000000000000 0.234506919627604143 0.000000000000000000
12.292057175564846005 -8.650973841447996193 0.000000000000000000 0.348245405419297993 1783652.000000000000000000
8.873097015904763296 -9.158023895228167177 0.000000000000000000 0.271312025188965522 483890.869499206950422376
7.783143998317775925 -8.389713821889532852 0.000000000000000000 0.460145897263453119 0.000000000000000000
8.361541382802005984 -9.194332181391118297 0.000000000000000000 0.361363949030422460 1794053.000000000000000000
11.145209222155333606 -9.542818634888931228 0.000000000000000000 0.199859001969036415 18313.797598598928743741
8.174700713315337097 -8.125899000010839757 0.000000000000000000 0.401240107878155172 1789470.000000000000000000
8.252636407374421168 -8.373001048347903819 0.000000000000000000 0.377943120811879862 1847647.000000000000000000
10.906587451966460733 0.095361414009748444 0.000000000000000000 0.469859551168472667 0.000000000000000000
15.842392664078777997 -0.752388909045458631 0.000000000000000000 0.430235103651960771 0.000000000000000000
12.416965468749143753 1.365467016227281949 0.000000000000000000 0.310486470751769050 0.000000000000000000
12.922242876455676708 -1.404177342358244873 0.000000000000000000 0.267462769644951803 602163.000000000000000000
14.577253270540749597 -0.714763302891156527 0.000000000000000000 0.222245739693031269 417455.206756072700954974
14.964793647706981616 1.857284764313513303 0.000000000000000000 0.409091462813306883 0.000000000000000000
11.981684216076697425 0.804313547891949310 0.000000000000000000 0.311150165189376438 601698.000000000000000000
15.486139215166451422 -0.606634821377583289 0.000000000000000000 0.362175598143389343 0.000000000000000000
13.294637548581475173 0.048752803664913150 0.000000000000000000 0.044737998107807625 597945.000000000000000000
14.550186784619144831 -0.902524199595989396 0.000000000000000000 0.238151702644759489 597433.000000000000000000
11.858658547010666240 1.805261847785946783 0.000000000000000000 0.434111889601664802 601484.000000000000000000
11.649431171822424602 0.563298906756186324 0.000000000000000000 0.351131302851111049 605552.000000000000000000
15.770126574597670199 0.742903651591530378 0.000000000000000000 0.417474789898794107 605413.000000000000000000
14.834640787802705120 0.698632163651672800 0.000000000000000000 0.260285949137178674 0.000000000000000000
12.586345670501502880 -1.551670726865812533 0.000000000000000000 0.318672849060968433 238857.592155629681656137
