-3.688721495230236069 1.851471075114466291 0.000000000000000000 0.443437989335283778 837912.000000000000000000
-3.151075541715455675 1.664222915587922014 0.000000000000000000 0.427009029851793231 411699.422307631932199001
-0.291345484945691124 2.251965527486203822 0.000000000000000000 0.456123388140307506 840779.000000000000000000
-0.952913896048095843 4.692127955123678973 0.000000000000000000 0.273002436699715356 842919.000000000000000000
-1.888244816176096519 4.810824152397216835 0.000000000000000000 0.176737341683644883 0.000000000000000000
-4.695970251592728850 4.401517284977839672 0.000000000000000000 0.443862232835039616 838011.000000000000000000
-2.040700733956408719 4.325309730765099836 0.000000000000000000 0.086653586473446606 0.000000000000000000
-2.977021363519641195 3.527469092372503390 0.000000000000000000 0.143468195980286678 68304.186024211900075898
-1.041498914167370726 3.720479215599522327 0.000000000000000000 0.218948482101468722 0.000000000000000000
-1.335002629922209971 4.296252465020515388 0.000000000000000000 0.179740628536338737 840723.000000000000000000
-2.286676031637104867 3.391407175543694752 0.000000000000000000 0.088972185252947797 843366.000000000000000000
-2.749246790282514397 5.923482381243384332 0.000000000000000000 0.372451143260696727 844032.000000000000000000
-0.378135207032635090 4.936905511849563943 0.000000000000000000 0.383463466787296037 844355.000000000000000000
-3.373839694991246585 5.693295018716066913 0.000000000000000000 0.377548876248130438 844292.000000000000000000
-3.626306099406272132 2.397896831067649170 0.000000000000000000 0.360543036316405163 842631.000000000000000000
-1.261702246089978496 -2.911395053382613618 0.000000000000000000 0.248886996353821999 680962.000000000000000000
-1.633522642890984589 -2.192285711238163959 0.000000000000000000 0.322268163865706392 0.000000000000000000
-2.244305130151678540 -2.698725356098725214 0.000000000000000000 0.212200836424573880 0.000000000000000000
-2.519764185519406841 -2.913497119995814177 0.000000000000000000 0.180060504163971097 679396.000000000000000000
-0.371394216120485565 -5.211500141665838193 0.000000000000000000 0.410472108583189277 0.000000000000000000
-3.709577412305145927 -2.910156107844460660 0.000000000000000000 0.311979331472577115 677204.000000000000000000
-0.239927587054416108 -2.493245155836708360 0.000000000000000000 0.437396906266091789 0.000000000000000000
-3.845314119886454218 -2.376479120323097938 0.000000000000000000 0.390600439123731658 680695.000000000000000000
-3.728026262295134785 -3.160431767872422526 0.000000000000000000 0.292385079406947190 682810.000000000000000000
-3.066706339138783655 -6.114428763079037488 0.000000000000000000 0.421363669190883305 677358.000000000000000000
-2.023026070925645126 -4.940714204701667001 0.000000000000000000 0.191740311501506028 0.000000000000000000
-2.233633800157535987 -5.392589812258364645 0.000000000000000000 0.267595341215972282 676914.000000000000000000
-3.281248622811298699 -3.951460583957370432 0.000000000000000000 0.182659294342947059 685490.000000000000000000
-2.848507212158717383 -4.219153019183168318 0.000000000000000000 0.120413456198134483 0.000000000000000000
-1.368788819592074546 -1.712815694868763616 0.000000000000000000 0.418982361302516371 406094.240584840532392263
3.640485563678126812 1.888297471168643771 0.000000000000000000 0.370035720909174026 484621.929770158953033388
3.347583886009590781 0.907430551283425091 0.000000000000000000 0.263178508540147071 0.000000000000000000
5.000153755423020208 1.348000589525298443 0.000000000000000000 0.254608191563255926 764219.000000000000000000
3.615700687954812143 -2.158417439610930799 0.000000000000000000 0.415768128329673248 581382.732894059503450990
3.287368336626816490 1.525290279263343596 0.000000000000000000 0.348365363796643401 0.000000000000000000
4.859211734189961440 -0.425279803539748036 0.000000000000000000 0.097409896667774193 535589.149815857876092196
4.315756971435368960 1.155774422239825183 0.000000000000000000 0.208404667690609391 760828.000000000000000000
2.650933070571704242 0.114614000465426191 0.000000000000000000 0.332699312785939727 0.000000000000000000
2.621379793250270041 0.638334816315096365 0.000000000000000000 0.355933124588556860 0.000000000000000000
4.957204965031457355 -0.779647424863849747 0.000000000000000000 0.159412050667958743 0.000000000000000000
2.374223379188834748 0.134924940350337141 0.000000000000000000 0.382137593259813002 247735.692169108369853348
6.967835114564984167 -0.995634064559716703 0.000000000000000000 0.471569822509231518 764404.000000000000000000
4.428515978959971733 1.386159285268554697 0.000000000000000000 0.246773479916225308 762783.000000000000000000
5.735583888386236673 -2.320910870199009768 0.000000000000000000 0.465931449032935818 0.000000000000000000
5.320956739036501126 2.042756332928211016 0.000000000000000000 0.390176978555798804 0.000000000000000000
12.234395607401213013 9.927419675992346981 0.000000000696033673 0.395518016168161013 0.000000000000000000
9.776155352398353315 7.874079267102079172 0.000000000218351450 0.183428722130002719 825349.772734970902092755
11.267617082963846897 8.639559836767222833 0.000000000855730484 0.166326436332161959 846639.000000000000000000
8.850056698095428942 6.775523020972271659 0.000000000469979975 0.436716564462189871 0.000000000000000000
11.024386427793723797 7.301790115195428754 0.000000000004560233 0.281102333707423602 0.000000000000000000
10.257006946322032803 9.004744677814505494 0.000000000232752667 0.047430894953246254 843829.000000000000000000
10.240023915762316520 10.320863225210080927 0.000000000734333920 0.276425323944058443 840403.000000000000000000
8.715693182976750109 8.233134343063658989 0.000000000387056159 0.303429974795005941 837268.000000000000000000
11.003961035125978896 11.214992401507238640 0.000000000251240942 0.447975265285211477 0.000000000000000000
10.252540529321541030 10.680830467800982220 0.000000000029372915 0.339322444794719902 844701.000000000000000000
11.450803971071003673 8.047687191163783282 0.000000000195050245 0.232776129218413036 838036.000000000000000000
11.214952898490901489 6.347909015025170021 0.000000000401022489 0.448186770341183482 838611.000000000000000000
10.993232591442588131 8.266229713287989611 0.000000000837951829 0.143715718449487134 0.000000000000000000
9.582162574615797013 10.019977172685711864 0.000000000070710984 0.261034340519999186 0.000000000000000000
12.776701453039482459 9.072286915162949938 0.000000000155970321 0.437880644114118533 0.000000000000000000
1.377356069481623591 11.787286109774168352 0.000000000000000000 0.315400131292549735 920352.000000000000000000
3.510500709336894509 11.838596813599858493 0.000000000000000000 0.330843990671468635 920528.000000000000000000
2.678278303250753112 11.740178664228610117 0.000000000000000000 0.280368386345281884 920031.000000000000000000
1.841921918332501962 11.626908288472590058 0.000000000000000000 0.306662737707763089 0.000000000000000000
0.790357100896110332 14.816644762685173831 0.000000000000000000 0.388553118310763723 921969.000000000000000000
2.327844771520519718 15.620757249652228893 0.000000000000000000 0.417399915347658468 927024.000000000000000000
1.913864012848530249 12.770001637711105857 0.000000000000000000 0.117308777929059624 0.000000000000000000
1.694956906311957834 15.611600475233542440 0.000000000000000000 0.431178889237365581 0.000000000000000000
2.257888094075445995 11.722913750135177224 0.000000000000000000 0.277038100411177823 0.000000000000000000
1.177101857583338296 12.935507992544257760 0.000000000000000000 0.215021803336291562 0.000000000000000000
1.923880435843379200 13.988342235058027541 0.000000000000000000 0.146342376158289128 0.000000000000000000
-0.041616307195921305 12.775962558674761382 0.000000000000000000 0.432726411677872458 926531.000000000000000000
0.841981006015304456 11.681299412386787040 0.000000000000000000 0.389248793349189992 14000.317945683056677808
3.459685941004228216 15.527945944134151190 0.000000000000000000 0.448068307439220492 925087.000000000000000000
0.488278471625633592 12.375609278235470967 0.000000000000000000 0.366081980361429582 0.000000000000000000
-4.840975575397588493 11.411553428234935126 0.000000000266544488 0.341469094201245993 0.000000000000000000
-6.378526622184406136 13.361162273688719893 0.000000000090221115 0.297592599950941894 0.000000000000000000
-5.454084810408516226 10.565129269359561093 0.000000000018491972 0.306097165918101821 0.000000000000000000
-6.894320533311875998 9.050121964741853375 0.000000000272810014 0.473099876389174390 0.000000000000000000
-8.781166622760972373 11.859190121854013000 0.000000000669334306 0.365992952848283259 0.000000000000000000
-7.279245984681706361 9.556172662032896170 0.000000000743365010 0.394746410117684909 0.000000000000000000
-7.264333043260307932 11.592657619885766707 0.000000000800654454 0.097395449135677215 1746947.000000000000000000
-7.307165358229548602 9.791328255073498354 0.000000000356450774 0.355980782271902885 1682074.000000000000000000
-9.090447168363111174 12.514088440252923107 0.000000000304452694 0.443096013456199478 0.000000000000000000
-5.647740562202033132 12.156207681727103420 0.000000000055821673 0.208289980659567109 1717886.000000000000000000
-6.672458036922058078 13.717467808653887928 0.000000000891230051 0.353971712819143802 0.000000000000000000
-8.785201199508854586 10.591610684896936689 0.000000000258483843 0.416487705131646069 1710632.000000000000000000
-7.061507653966621056 9.825676322360209269 0.000000000712787595 0.340034378993701314 1740865.000000000000000000
-6.295345171993275812 13.559729136338477318 0.000000000127998268 0.335190719133553028 1568198.146764942677691579
-5.525252161997284972 12.237714016940117290 0.000000000156265182 0.233990692580976517 372233.519653371477033943
-10.947901552648293233 5.906528721546461469 0.000000000000000000 0.380627592798716108 0.000000000000000000
-13.252276542704199969 4.912382027117386585 0.000000000000000000 0.104339333873384468 1131182.000000000000000000
-14.179452768562692100 5.372862109717916113 0.000000000000000000 0.287763981497071164 1107394.000000000000000000
-10.646954471939476861 3.696834606607986462 0.000000000000000000 0.406184526108011645 548676.469469606527127326
-14.376865350797345400 3.486638395592974948 0.000000000000000000 0.361411456037321721 1114579.000000000000000000
-14.277324287161377470 3.297940760082876732 0.000000000000000000 0.367436550847142496 400024.158205323619768023
-11.266218063131544724 2.948207858453773866 0.000000000000000000 0.396898651726028562 0.000000000000000000
-13.016934651000141798 2.159127200383832434 0.000000000000000000 0.441141999937604112 1127242.000000000000000000
-11.363261787998121477 6.508019086557216504 0.000000000000000000 0.399475465752075376 1128810.000000000000000000
-12.080419418572153845 5.641697673472098273 0.000000000000000000 0.202067116384220535 1131782.000000000000000000
-12.042374054727284616 3.883473081841302132 0.000000000000000000 0.182923165750596917 371249.534655551600735635
-12.956577320545870080 5.444007428249955538 0.000000000000000000 0.139928058135066119 1043071.000000000000000000
-11.076344956019250176 6.638333087873518501 0.000000000000000000 0.449354683311277925 0.000000000000000000
-13.832539646935019917 4.097288569497706590 0.000000000000000000 0.223589175726843892 901996.216320192441344261
-12.570746608181996962 2.859896957883049318 0.000000000000000000 0.317343086027877752 0.000000000000000000
-11.957334341120667176 -6.485768087941189641 0.000000000000000000 0.342300456838686151 762441.000000000000000000
-12.354961645483911070 -2.790060374539778731 0.000000000000000000 0.334751533698767645 759899.000000000000000000
-12.554210262127895703 -3.460528607125379796 0.000000000000000000 0.213757988258729659 765684.000000000000000000
-12.307682887703974117 -3.793883397462000762 0.000000000000000000 0.170081075115679714 0.000000000000000000
-11.333392558286018215 -5.866207123965648584 0.000000000000000000 0.321470086748745942 311392.564320194825995713
-14.184196078051463985 -3.613124619182714437 0.000000000000000000 0.320754530082064115 0.000000000000000000
-14.158049416036677215 -2.616441839657787316 0.000000000000000000 0.440616176426705919 0.000000000000000000
-14.947711902824011077 -3.732584148370609700 0.000000000000000000 0.430653660502673730 52954.448178410719265230
-13.094550311109044216 -5.737861359077380818 0.000000000000000000 0.196206289391988642 761902.000000000000000000
-12.315537552623428752 -6.224595823790749272 0.000000000000000000 0.278200051895195422 759333.000000000000000000
-12.428091606864699159 -7.208074159952340132 0.000000000000000000 0.442963762458446819 760954.000000000000000000
-13.232478493453514901 -2.996746112617274083 0.000000000000000000 0.306462674400578894 0.000000000000000000
-12.292604281942795197 -3.038548170858565989 0.000000000000000000 0.295087194114714180 5796.774613601517557981
-11.234580231318183507 -4.251388013075183103 0.000000000000000000 0.273869952400925543 0.000000000000000000
-11.633675912196702384 -6.940971352531808414 0.000000000000000000 0.438612896195990976 395522.722853306157048792
-7.368298957148942563 -12.943570797020150565 0.000000000174120149 0.244525424165170785 0.000000000000000000
-6.038202268513781057 -11.844216287275475707 0.000000000147805500 0.125714023754171622 0.000000000000000000
-6.875527794942581039 -9.378125893144902747 0.000000000187881184 0.414979245917753703 0.000000000000000000
-7.086905015040316336 -11.313853018002454576 0.000000000619018741 0.095511850787873470 0.000000000000000000
-8.222345706911221797 -9.867191452600110324 0.000000000407644326 0.421361714797851228 0.000000000000000000
-7.153575188666660090 -9.066449893689847883 0.000000000699036205 0.475167160072312356 0.000000000000000000
-7.825442005968109349 -9.453106183398761075 0.000000000207213670 0.445369753395403023 0.000000000000000000
-7.915352294104378572 -10.012341761987059385 0.000000000009934580 0.368004602191868313 0.000000000000000000
-7.195557222323302859 -9.699982956077153773 0.000000000532538061 0.366538703313667835 0.000000000000000000
-6.059046438722058170 -12.775803939490707251 0.000000000046176347 0.222407416680581477 0.000000000000000000
-6.240578038324409604 -9.847012642825486495 0.000000000103416586 0.342832749426066674 0.000000000000000000
-6.239679937599754922 -9.594445065504357828 0.000000000475887882 0.386271914347810219 0.000000000000000000
-6.365669426321936442 -13.986112669145567722 0.000000000593891417 0.406763547164042616 0.000000000000000000
-7.951085138348703119 -13.079487245929026784 0.000000000573894641 0.324105060361808195 0.000000000000000000
-7.208278374123823440 -12.950412334309321594 0.000000000002426638 0.233845271262696580 0.000000000000000000
-0.248797170141843937 -12.720227278193448228 0.000000000000000000 0.470899965312114810 1633170.000000000000000000
0.693324526840370936 -15.088010798496203080 0.000000000000000000 0.435484435647033319 0.000000000000000000
1.614282680152062666 -10.823473522446132478 0.000000000000000000 0.455389523085329817 0.000000000000000000
0.492829266160589752 -11.384488221097759819 0.000000000000000000 0.470463832601595910 0.000000000000000000
0.945881993540854671 -15.315295465088633264 0.000000000000000000 0.439433304699133997 0.000000000000000000
1.154743974783442706 -11.791209937373190897 0.000000000000000000 0.337964898075437115 1186237.215389998396858573
3.620586754587379996 -14.183236767847924753 0.000000000000000000 0.280325115570174255 1604082.000000000000000000
2.517376968266435977 -13.718183526629298186 0.000000000000000000 0.085111836364741664 0.000000000000000000
2.149294552532988067 -15.406161678204551180 0.000000000000000000 0.380645992302029113 0.000000000000000000
3.678439902928412941 -13.907881817279104553 0.000000000000000000 0.264581454190127796 0.000000000000000000
2.810236451124708434 -11.948526953577102816 0.000000000000000000 0.251228090623364653 1676118.000000000000000000
0.315264118886118216 -12.979204789979501555 0.000000000000000000 0.363721362802823966 0.000000000000000000
0.391014217159090960 -11.919910721938771658 0.000000000000000000 0.422344004671759032 0.000000000000000000
1.386862533957076371 -13.835962461296459125 0.000000000000000000 0.196061849188175846 1126251.328203014098107815
1.327222125003410635 -15.372809245037501569 0.000000000000000000 0.414261652427465210 778097.624720033374615014
8.330821601939351950 -9.715988993098980231 0.000000000000000000 0.396600131656328236 1772952.000000000000000000
12.379102980326541328 -7.344849432454684468 0.000000000000000000 0.438318898906651155 1850925.000000000000000000
10.037404100675505703 -10.913626740684353678 0.000000000000000000 0.383729859604651058 61651.998954730363038834
8.275744395832560940 -9.983769140739878978 0.000000000000000000 0.427403937271489176 1555864.906512366607785225
12.489932919044839821 -10.112428888997017751 0.000000000000000000 0.451191799219130718 1754775.000000000000000000
9.897457063824509405 -11.364486652924963295 0.000000000000000000 0.465824493021833042 1760206.000000000000000000
10.493479670973423268 -7.150087694443433506 0.000000000000000000 0.281440652411552639 0.000000000000000000
12.539730784834516086 -9.702415797439719825 0.000000000000000000 0.425952497928249130 0.000000000000000000
9.800595613280195906 -6.163168739654897976 0.000000000000000000 0.463686806194484435 0.000000000000000000
11.320015701502317285 -7.630598880868356915 0.000000000000000000 0.262189355074379293 0.000000000000000000
8.178814622224974684 -8.400370443581898883 0.000000000000000000 0.390121056879708439 1848676.000000000000000000
12.233421735229157434 -10.111495158631530700 0.000000000000000000 0.413055450669423674 1817476.000000000000000000
11.593083359365257579 -8.055602417472872645 0.000000000000000000 0.254007575201429747 1822389.000000000000000000
10.692549534532579614 -6.910169603903995927 0.000000000000000000 0.328121568257866147 1766099.000000000000000000
10.137563619685302285 -8.636200746227883585 0.000000000000000000 0.041161371343369224 0.000000000000000000
15.217897541575958087 -0.971430911389906004 0.000000000000000000 0.342749140834228638 584969.589176124893128872
14.263266308815650163 -1.249291526346737458 0.000000000000000000 0.251601066699030151 600051.000000000000000000
11.138247392235440358 0.739763471251946525 0.000000000000000000 0.447228708157849209 605042.000000000000000000
13.610990488019751865 -2.159765463996458745 0.000000000000000000 0.374428460468779645 0.000000000000000000
13.114607104021995809 1.531244353405349923 0.000000000000000000 0.276264718325378911 597253.000000000000000000
15.468954117789866842 0.436016385514948590 0.000000000000000000 0.351796255062903240 597081.000000000000000000
13.128496355869511802 -2.537365688406490793 0.000000000000000000 0.446175815738656778 602705.000000000000000000
15.320960110072306293 0.879907426329063602 0.000000000000000000 0.351758869658826800 603863.000000000000000000
11.545358451285119727 0.448345970775316016 0.000000000000000000 0.364183179017392666 0.000000000000000000
15.560472049347200851 0.988557808572755548 0.000000000000000000 0.398323465723887937 158164.251809427543776110
14.045405684078717812 0.430394460742121399 0.000000000000000000 0.116765398307954169 79267.274436817882815376
11.722112858700963756 -1.737696571551290203 0.000000000000000000 0.443227971467924420 0.000000000000000000
13.137063506491713838 -2.311082462406790050 0.000000000000000000 0.407245382588408034 606436.000000000000000000
12.388632530500938600 -1.004779460530046187 0.000000000000000000 0.269562291805866605 0.000000000000000000
12.337182608864186051 -0.772174074940410904 0.000000000000000000 0.253077969417171422 112229.946702410190482624
