-3.793109255032377281 2.204202466518950132 0.000000000000000000 0.406019712601264182 10454.000000000000000000
-1.632544712467083325 3.487348226999364087 0.000000000000000000 0.132604760355746504 1076.607418318185182216
-1.250100321469385989 2.880591215103577074 0.000000000000000000 0.254218735609052393 10709.000000000000000000
-1.286936751132200518 5.832750577873346387 0.000000000000000000 0.386909613058525392 10551.000000000000000000
-3.887437868331365287 2.501783542167839158 0.000000000000000000 0.381252958842866585 10795.000000000000000000
-4.411264030081974319 3.574455558598764959 0.000000000000000000 0.387802778151507599 10634.000000000000000000
-1.465390833551680316 3.476303855711952995 0.000000000000000000 0.159381264107165188 0.000000000000000000
-3.471787935957554083 6.162616956256648848 0.000000000000000000 0.458654650863838775 10003.000000000000000000
-4.637959052616664302 2.906219435611405277 0.000000000000000000 0.458799402878088958 3550.832018761994731904
-0.545121752243196589 2.080977231564620222 0.000000000000000000 0.443951310315931547 0.000000000000000000
-1.927236332864812995 1.393447552324655891 0.000000000000000000 0.448548479615607565 0.000000000000000000
-3.640933973202147289 5.167185796535615161 0.000000000000000000 0.335238358879396736 10992.000000000000000000
-3.145715472412477176 2.710411992227324429 0.000000000000000000 0.262928796216563065 10691.000000000000000000
-0.178534573913873729 4.271992939501721764 0.000000000000000000 0.376827251149088327 10631.000000000000000000
-3.594814890212684855 5.343258437060481647 0.000000000000000000 0.351610319580238584 0.000000000000000000
-4.407389170372890241 -3.496958828905207373 0.000000000000000000 0.389358833218705569 0.000000000000000000
-3.473056444318413760 -4.710795329601378256 0.000000000000000000 0.261179333553575532 0.000000000000000000
-1.965543445476378714 -4.293859403466241176 0.000000000000000000 0.088827418457283522 8118.000000000000000000
-3.530084926219518415 -6.062480640965157264 0.000000000000000000 0.448173942935167713 8959.000000000000000000
-2.407127712614409720 -3.231625006705900027 0.000000000000000000 0.120243339187882214 0.000000000000000000
-4.233031527045206133 -5.447091756781161642 0.000000000000000000 0.447875832459326051 8225.000000000000000000
-0.869430564107127934 -5.143672580300345132 0.000000000000000000 0.333358669275952924 8837.000000000000000000
-3.347110528184592759 -2.831735744298642832 0.000000000000000000 0.270484874669646269 0.000000000000000000
-0.603471921302918601 -5.461999754372852678 0.000000000000000000 0.406670414947768177 8633.000000000000000000
0.254352792338837896 -4.455743893508267384 0.000000000000000000 0.458967166830420437 8663.000000000000000000
-3.766590032717350933 -5.211346944197943643 0.000000000000000000 0.357140960048490774 0.000000000000000000
-1.240298246857716613 -2.133183824648233973 0.000000000000000000 0.361756037550260312 0.000000000000000000
-0.338791156982377939 -3.174840054855874616 0.000000000000000000 0.365048106293879293 8089.000000000000000000
-3.082728911935790794 -4.008239127999016382 0.000000000000000000 0.148447501747419358 0.000000000000000000
-4.137973798894512889 -4.029135101926094364 0.000000000000000000 0.335924873943406754 8739.000000000000000000
5.868564411654330293 1.479672185965152487 0.000000000000000000 0.356702501864905708 9785.000000000000000000
2.680312006075232123 -0.114998199700960840 0.000000000000000000 0.327478127401682806 9099.000000000000000000
5.215452062937909083 0.181640387942497789 0.000000000000000000 0.129083628481350160 9992.000000000000000000
6.963349122783122347 1.051549189893046465 0.000000000000000000 0.474634546851086858 882.982620422784407310
2.475396086270022611 0.108498691601115763 0.000000000000000000 0.363866852509027061 0.000000000000000000
4.775111388583855643 1.425324031279971759 0.000000000000000000 0.257433209962998066 9564.000000000000000000
3.350226703881607815 -1.439771056277195260 0.000000000000000000 0.329492378046972900 9582.000000000000000000
5.088956986389813864 -1.147231137815045043 0.000000000000000000 0.228054762035771602 9509.000000000000000000
5.467942934551165202 -1.523118982688094425 0.000000000000000000 0.319412790882817876 0.000000000000000000
3.015432136898731130 -1.746492444667818500 0.000000000000000000 0.409636313770137317 0.000000000000000000
5.354461078819726438 -0.344439897626817371 0.000000000000000000 0.161771174687677183 9585.000000000000000000
4.769927388805207613 0.591147579766041598 0.000000000000000000 0.114481538309569350 8835.827383506775731803
4.726751287674167301 1.358729031037118062 0.000000000000000000 0.244332064591756437 9191.000000000000000000
3.903758853102474724 2.347760056063700862 0.000000000000000000 0.431227126476161127 9233.000000000000000000
4.348720553342914741 2.042881198939960008 0.000000000000000000 0.364192970274935857 9643.000000000000000000
10.703861284606148274 6.934785558674542827 0.000000000135862514 0.324279605554689765 10682.000000000000000000
11.807765393484777050 7.340877664585597984 0.000000000421437114 0.359116495580121042 8368.574476524849160342
10.165970000663081763 10.238945011476131342 0.000000000403937918 0.263354216773329930 0.000000000000000000
9.140195297118651752 7.986171313531373883 0.000000000336672053 0.252367379470801512 5300.343729090308443119
10.034607418258573830 10.904905262515500297 0.000000000587705078 0.382287913047932248 2831.671677784671373956
10.964228000517861616 9.868356236104412815 0.000000000125398485 0.225552336543901638 0.000000000000000000
9.298143117369825461 10.615803238691537302 0.000000000112006426 0.376993920636055413 10920.000000000000000000
12.336634630638760868 9.976080477710045358 0.000000000786090493 0.415485729567330042 10214.000000000000000000
10.363282845053943149 10.971139007743492044 0.000000000466893921 0.389815565938994746 10174.000000000000000000
11.994905603733878152 9.315504593615266060 0.000000000501206875 0.311121143996124783 0.000000000000000000
11.285082823884328818 7.471267906721886121 0.000000000809124380 0.279828799347321910 8770.734609356810324243
11.048849868263078022 8.443067315744697154 0.000000000534510531 0.137076830274949713 10801.000000000000000000
8.572284779657721288 10.254611147594063780 0.000000000104291205 0.411686602654492584 10399.000000000000000000
10.233231412507640457 9.336096656229134538 0.000000000214679221 0.104905065219145846 0.000000000000000000
7.854956717909942654 8.413248204144400333 0.000000000716838084 0.446908553237740813 0.000000000000000000
2.348246770664079719 13.237279904708817213 0.000000000000000000 0.007447077944198499 11107.000000000000000000
0.432436684169932750 13.550771450801773810 0.000000000000000000 0.342457093080702102 0.000000000000000000
1.338084228133308518 12.944918003001951945 0.000000000000000000 0.187140201447194260 0.000000000000000000
1.924541167294733679 13.497344901529732653 0.000000000000000000 0.082939453371504421 11434.000000000000000000
0.497545022363231004 12.398721047375778070 0.000000000000000000 0.362804647469002428 6912.998115101980147301
2.899465246293863263 11.684519300410000753 0.000000000000000000 0.300830096314418205 11718.000000000000000000
3.635904141907782883 14.412948755920600874 0.000000000000000000 0.307739098449798187 0.000000000000000000
-0.246213270645575466 13.016883757529933874 0.000000000000000000 0.462209557043277042 11876.000000000000000000
2.327383050933289343 14.906456019683878012 0.000000000000000000 0.290219935534550388 11022.000000000000000000
2.244943766455297141 12.631078936444048111 0.000000000000000000 0.116078868271595526 0.000000000000000000
3.315568078500400695 15.410934780753704487 0.000000000000000000 0.418200148536696015 2450.956978627778426016
4.457074560539314056 14.110013639507467786 0.000000000000000000 0.406313822924097678 11006.000000000000000000
3.570650045529461636 14.632364080557074715 0.000000000000000000 0.326748417317894668 9709.630441144907308626
1.794559983382615798 13.308027581121290694 0.000000000000000000 0.096367904882341676 0.000000000000000000
1.789683856238818649 15.333479937860955644 0.000000000000000000 0.378956179128730697 0.000000000000000000
-6.000359678803573793 12.442099090006024653 0.000000000490375910 0.182882095935444494 0.000000000000000000
-4.612357838183713810 11.455490008914164690 0.000000000621946656 0.380710777042505111 0.000000000000000000
-7.276724124083808753 12.379831181187185507 0.000000000225432498 0.151968779613855520 0.000000000000000000
-4.305345221952373791 11.348102408024120180 0.000000000511811921 0.437510872079377555 15740.001382508395181503
-7.049343687369371558 13.874567911876434678 0.000000000020073476 0.385624699694734674 21857.000000000000000000
-6.424149189905411284 13.222825651162423810 0.000000000580917778 0.271935409063294276 21645.000000000000000000
-9.015526753589711006 10.543161450721585837 0.000000000173051628 0.456761862256447271 4839.399199433527428482
-8.007168448063561428 12.301035907954387838 0.000000000097963052 0.249441279511706776 21821.000000000000000000
-8.277348120151639677 13.187042985098836212 0.000000000766260377 0.378336744260123592 0.000000000000000000
-6.686393892222508128 13.461478085915137726 0.000000000308940355 0.308607390550712291 21491.000000000000000000
-7.846237360882747147 13.781818788250426167 0.000000000665614291 0.415254415561863377 21950.000000000000000000
-5.888655701646268170 13.835858008932556018 0.000000000360335092 0.404069503389482831 21131.000000000000000000
-6.438383195306647266 10.177517049915866920 0.000000000137553239 0.277848683920726924 21068.000000000000000000
-5.701091104743795768 10.235122897527334729 0.000000000525579955 0.320737465002885247 10142.299630800551312859
-7.022445447489323200 9.083702942353157894 0.000000000791470306 0.469071837442960382 21783.000000000000000000
-14.413375940198507763 4.865108672632731945 0.000000000000000000 0.304801266836212503 13993.000000000000000000
-10.983121099337452620 3.943006578101952986 0.000000000000000000 0.333993917781735650 0.000000000000000000
-12.635797346218597070 4.795847877595600828 0.000000000000000000 0.024606526500259750 0.000000000000000000
-10.839374081027850494 5.442763110322565545 0.000000000000000000 0.359608459090453692 0.000000000000000000
-11.058107879251927841 5.723761102916602006 0.000000000000000000 0.346770500335797760 13368.000000000000000000
-11.544958974977886257 6.244779374532028804 0.000000000000000000 0.343279293269231123 0.000000000000000000
-11.992941345985467905 3.999928094050506200 0.000000000000000000 0.174485461855102192 13790.000000000000000000
-12.489059412483975109 6.457339670675794174 0.000000000000000000 0.311984089672413756 0.000000000000000000
-12.597846664899005731 5.212522281450919337 0.000000000000000000 0.095104770128234803 0.000000000000000000
-14.289420500359689470 4.170194054117008164 0.000000000000000000 0.294482542674109504 13342.000000000000000000
-14.610450042749144828 6.116401421843478126 0.000000000000000000 0.419985743242842657 3372.856309563681406871
-14.591008753475431803 5.553954006522727305 0.000000000000000000 0.367475235404177925 4254.541800667137977143
-13.608028814257119521 4.453369798342301067 0.000000000000000000 0.164251407478118311 13824.000000000000000000
-13.668537820687843620 4.026509132506930655 0.000000000000000000 0.204489538494787015 0.000000000000000000
-13.223731067829342933 7.069752784714025573 0.000000000000000000 0.425186443232118572 13949.000000000000000000
-14.127192150845571561 -5.888662763359532981 0.000000000000000000 0.327951891856928912 0.000000000000000000
-12.882355906379233446 -6.969255645594896187 0.000000000000000000 0.399290977391416391 9263.000000000000000000
-11.733612293705606433 -5.198326036617412882 0.000000000000000000 0.196674024707292755 9689.000000000000000000
-11.286202953889642231 -2.377560171211717588 0.000000000000000000 0.474980956897362305 9143.000000000000000000
-15.086445559591272314 -5.938475018687894291 0.000000000000000000 0.475888834996977983 4130.910006756366783520
-12.705724144663941289 -6.753114208760718995 0.000000000000000000 0.360713694041063071 0.000000000000000000
-12.434646400215736861 -3.365299433724937561 0.000000000000000000 0.233817980286358779 6245.818224373320845189
-12.286693379480180255 -5.993674282070593051 0.000000000000000000 0.241145763001854668 0.000000000000000000
-10.927484729369929539 -2.674721353990902273 0.000000000000000000 0.472748640300767686 9025.000000000000000000
-14.774302894375560768 -6.400308678539190055 0.000000000000000000 0.473106199923290283 7980.085144445459263807
-14.263215551670873182 -3.700183719851824815 0.000000000000000000 0.324209189670515596 9318.000000000000000000
-11.387168259312808516 -4.626126263317095422 0.000000000000000000 0.236524693301368300 9562.000000000000000000
-15.044940379294775568 -5.153806109584467166 0.000000000000000000 0.423703001219120023 9323.000000000000000000
-13.026025339956687432 -4.463078236370590979 0.000000000000000000 0.067192534867055786 9769.000000000000000000
-12.394476596978798000 -3.184861632892736161 0.000000000000000000 0.266032235116938576 9106.000000000000000000
-7.829409609198052067 -12.440511715354896083 0.000000000830697959 0.233491234293152106 0.000000000000000000
-5.282144736678326069 -11.501765914951276315 0.000000000280909765 0.261321787601436983 0.000000000000000000
-8.783043879330664438 -12.053203498791791759 0.000000000860133045 0.370228857041394632 0.000000000000000000
-7.082811837710803360 -11.271654734234388684 0.000000000437034014 0.100778071355443408 0.000000000000000000
-4.988400071661570401 -10.624785567250187412 0.000000000338167643 0.366356859997376549 0.000000000000000000
-8.611187475810947234 -12.889867322019176399 0.000000000336280426 0.393597601034809341 0.000000000000000000
-5.721027474169632754 -13.691587166517235730 0.000000000816913202 0.393284208930874624 0.000000000000000000
-5.210751192188792125 -9.657624666032900151 0.000000000798909560 0.454960323138993428 0.000000000000000000
-9.112239091367108301 -11.013883377915554718 0.000000000694196544 0.442010845908877459 0.000000000000000000
-5.099239333767102700 -12.266581035443396175 0.000000000593009525 0.306854384485912568 0.000000000000000000
-6.726053981305826213 -10.190085337813911792 0.000000000430973036 0.270561599052869639 0.000000000000000000
-6.457146972316706091 -11.468565922292750514 0.000000000691313978 0.066085670704615698 0.000000000000000000
-8.623057644341354688 -11.382401625923613153 0.000000000735829896 0.342166320738130081 0.000000000000000000
-8.382724230012032152 -12.176809832958184643 0.000000000214360001 0.305076859419220581 0.000000000000000000
-7.347437187487678045 -13.200596723979296954 0.000000000844316151 0.284136686056567056 0.000000000000000000
4.142975709607924273 -14.581412402794427408 0.000000000000000000 0.397221723283512351 0.000000000000000000
2.625262600552549230 -15.059269959091910351 0.000000000000000000 0.321598809230959293 0.000000000000000000
4.398294147507533225 -13.920936373873352920 0.000000000000000000 0.385275217155325977 20276.000000000000000000
0.442946201031037490 -11.765936212500818669 0.000000000000000000 0.431347917575283846 0.000000000000000000
1.059027593402029677 -14.122023722826309466 0.000000000000000000 0.272649350922608946 20674.000000000000000000
2.611171429982256598 -12.473714159622863562 0.000000000000000000 0.151257929053603690 3743.237902041983033996
1.202583206314512321 -14.438400930200582906 0.000000000000000000 0.288978295422194387 0.000000000000000000
2.395108936612567074 -14.411558676540630941 0.000000000000000000 0.202377422931509621 20282.000000000000000000
-0.262144707396864352 -13.833638930579509108 0.000000000000000000 0.473241214952164979 20009.000000000000000000
1.078386248331744790 -11.060930212163434305 0.000000000000000000 0.453745087101078470 2803.963178719070128864
1.562874520200087103 -13.618825658595680395 0.000000000000000000 0.150397146209012345 20384.000000000000000000
4.439576337788484928 -13.801416492940623115 0.000000000000000000 0.386628426777026579 0.000000000000000000
0.506270122840429493 -14.929306698914917462 0.000000000000000000 0.439107087707735488 20017.000000000000000000
3.979676933634227254 -11.190898770669168272 0.000000000000000000 0.472992254357335551 0.000000000000000000
3.487717701612306431 -14.458249982481127915 0.000000000000000000 0.294076602345580251 0.000000000000000000
10.451812951380460959 -8.470873897477051884 0.000000000000000000 0.052472608756402535 22686.000000000000000000
8.418187087188751860 -8.271882174031979673 0.000000000000000000 0.352720697042980758 22691.000000000000000000
12.049699902942329288 -7.723464501863425369 0.000000000000000000 0.353395742801139612 0.000000000000000000
10.113455959463840017 -6.283954277120309406 0.000000000000000000 0.434082132837526946 22926.000000000000000000
11.403447197177078110 -8.565783250497345236 0.000000000000000000 0.192116343418145458 22322.000000000000000000
8.828011260977815411 -7.522929031943049516 0.000000000000000000 0.345013986878337620 15830.925147300475146039
9.608257081649693276 -8.338863410270892729 0.000000000000000000 0.148990927975970550 22187.000000000000000000
11.187994104683337326 -8.717332101649571285 0.000000000000000000 0.151142437388833484 0.000000000000000000
11.816695528093358547 -8.956836241065692761 0.000000000000000000 0.265632106386696709 22774.000000000000000000
9.741264987849611146 -7.912172370298031332 0.000000000000000000 0.181472698051310610 22002.000000000000000000
8.942284027176180317 -10.814566922341830590 0.000000000000000000 0.440411281811316668 0.000000000000000000
12.706663505934816527 -7.549211380725823872 0.000000000000000000 0.470813334394440453 22839.000000000000000000
10.298316348761403560 -10.315360205084699530 0.000000000000000000 0.274956506991577032 0.000000000000000000
11.958406816457081590 -9.877362525351809808 0.000000000000000000 0.349508334674683618 22479.000000000000000000
11.816854829541419747 -6.933395996776678949 0.000000000000000000 0.412273885095575665 22185.000000000000000000
14.964598282816861996 -0.632630247332567675 0.000000000000000000 0.276292658699704985 7213.000000000000000000
11.881467418845938155 1.114930308318833996 0.000000000000000000 0.353682360605279300 0.000000000000000000
13.269607098433002790 -1.639033441748478870 0.000000000000000000 0.288294663619587388 0.000000000000000000
14.723849907007426907 0.060946708428626171 0.000000000000000000 0.211105101100372977 7999.000000000000000000
11.662933055571759411 0.102974838779614969 0.000000000000000000 0.335256675864578080 7717.000000000000000000
13.387056450010238251 2.100638256030422646 0.000000000000000000 0.365180890237346512 2711.537027703355761332
15.199532950544414334 0.147393670489592815 0.000000000000000000 0.296727383873311157 0.000000000000000000
11.090338258498180224 0.074360119340606753 0.000000000000000000 0.437013896718900285 7107.000000000000000000
13.465397918993206261 0.061957948548339685 0.000000000000000000 0.017244438021752208 6102.588327121473412262
13.831092283144409194 2.117483968168470732 0.000000000000000000 0.370350905236411787 7627.000000000000000000
12.903545390665295045 0.372008324626754705 0.000000000000000000 0.130702703457977548 0.000000000000000000
13.036882030497288554 2.266692860953142485 0.000000000000000000 0.403349547212650150 7405.000000000000000000
15.005411623422419964 -0.876825245676864262 0.000000000000000000 0.301793974911247875 7678.000000000000000000
11.822853906241785893 -0.580823625008775490 0.000000000000000000 0.322498059788383584 7180.000000000000000000
15.510693658955164054 0.628291256636931861 0.000000000000000000 0.367450715870114020 0.000000000000000000
