-4.185705022641190709 3.674723666513764808 0.000000000000000000 0.345652082145372519 841617.000000000000000000
-3.205986534844134539 6.291191080021032001 0.000000000000000000 0.459562309862899754 0.000000000000000000
-3.378839794324925094 2.037921296589351172 0.000000000000000000 0.385473655691149497 0.000000000000000000
-0.971713293466469841 4.437247893331654147 0.000000000000000000 0.249140399609811519 0.000000000000000000
-3.450159121950934882 3.645075763241442335 0.000000000000000000 0.216870704853894980 838586.000000000000000000
-1.175898376257719979 3.849572212344854805 0.000000000000000000 0.193034289893926320 0.000000000000000000
-4.614195206068233190 4.492163192357983448 0.000000000000000000 0.433311508394014833 841482.000000000000000000
-2.769583664790740141 1.900140457284532181 0.000000000000000000 0.365854420797829483 0.000000000000000000
0.226615685417913632 2.956024312776385443 0.000000000000000000 0.473068706865266531 0.000000000000000000
-2.491012974628953103 2.653172718011345577 0.000000000000000000 0.224152414589875199 843063.000000000000000000
-0.297435190880795119 5.546182890712597846 0.000000000000000000 0.457326200913323433 845053.000000000000000000
-4.211200357094099012 4.793173457478866695 0.000000000000000000 0.383351065908749733 274903.521065933804493397
-1.129656754407804664 6.032797122086828168 0.000000000000000000 0.431420193424191745 843656.000000000000000000
0.254569795253600850 3.717786708140868868 0.000000000000000000 0.448862106001041483 0.000000000000000000
-0.857402545456184328 2.726655091581500656 0.000000000000000000 0.324490501718146251 0.000000000000000000
-2.523707856278694095 -5.267739101925930534 0.000000000000000000 0.249822973527615677 0.000000000000000000
-4.368426427517122512 -5.452428121253638515 0.000000000000000000 0.467622327459521203 0.000000000000000000
-4.698095390389326553 -4.533664731344075882 0.000000000000000000 0.449633269318648832 0.000000000000000000
-4.004527025459320377 -4.297386559658823657 0.000000000000000000 0.319556032203305806 685096.000000000000000000
-3.640832614187185623 -2.701578714310486795 0.000000000000000000 0.324765680353020281 0.000000000000000000
-2.526483337822718500 -3.978452115076176465 0.000000000000000000 0.050330581804509139 685375.000000000000000000
-1.109926709616558593 -3.672040118496683991 0.000000000000000000 0.208312994673608476 0.000000000000000000
-2.471721118044569288 -5.290995884729182031 0.000000000000000000 0.252332578443035915 683469.000000000000000000
-1.787211207063607699 -1.451486166104279274 0.000000000000000000 0.442373139453119790 686443.000000000000000000
-2.146671366799274505 -3.513684846461951228 0.000000000000000000 0.069939418371744125 43649.331062763849331532
0.290130228796857237 -3.955671013730722940 0.000000000000000000 0.454295884199643785 0.000000000000000000
-0.346072945612571792 -3.067711540123347902 0.000000000000000000 0.370948427709114070 682315.000000000000000000
-3.505888707563121542 -5.239702251855323567 0.000000000000000000 0.327327508990206684 676798.000000000000000000
-2.549760427902988624 -5.946521752181413767 0.000000000000000000 0.369822966284961197 0.000000000000000000
-2.369405295942799583 -1.302280001069930693 0.000000000000000000 0.461245274870642152 679339.000000000000000000
3.750026635814762699 2.292053675120492517 0.000000000000000000 0.429575781821864455 757596.000000000000000000
5.945293008057707773 -2.259754382901727698 0.000000000000000000 0.475264235835033189 0.000000000000000000
6.119543219047674398 1.426128470720086083 0.000000000000000000 0.381969884924774239 758981.000000000000000000
3.447322619775576413 0.982795058571013569 0.000000000000000000 0.258238842282092762 761482.000000000000000000
1.874468594884976635 -0.048087005781251434 0.000000000000000000 0.470508548558551065 0.000000000000000000
2.722794012704425448 -1.980793504565469654 0.000000000000000000 0.475418976410990846 396019.917096517398022115
2.985619321723268715 0.671899445652610727 0.000000000000000000 0.297481279203945237 0.000000000000000000
6.127631723234297390 -0.910759870006895289 0.000000000000000000 0.329861312307032084 757849.000000000000000000
3.412782658200502084 -0.704657379782973048 0.000000000000000000 0.232875863838683861 757044.000000000000000000
6.548183928474257343 -0.843891903757653661 0.000000000000000000 0.392193510875069429 765023.000000000000000000
5.037001724177255113 1.978749359042905498 0.000000000000000000 0.363574106550222542 0.000000000000000000
6.719803679755026238 -1.101313946688708301 0.000000000000000000 0.438934152326032778 109509.694217323063639924
3.025322003800190895 -0.910436851737233654 0.000000000000000000 0.310845807335779989 0.000000000000000000
3.098894197439868048 2.045845609218567951 0.000000000000000000 0.442672971926946768 761680.000000000000000000
4.518439271207906671 2.283303494784619581 0.000000000000000000 0.405665011055551528 0.000000000000000000
8.496037114575532456 10.659038996913567487 0.000000000282589753 0.470071875955334895 0.000000000000000000
12.202163999593723887 10.006275776744287143 0.000000000918770551 0.398078729927806074 408033.375527912343386561
11.325460285531333327 9.657896203602756913 0.000000000112954831 0.237048537963875344 0.000000000000000000
11.927137956676581609 8.774827688982025364 0.000000000746532003 0.282831891762505616 0.000000000000000000
12.198863504222885012 7.971607890409749153 0.000000000531071043 0.357942926684773621 839102.000000000000000000
9.352990090165564041 8.328238902378467756 0.000000000678743437 0.190846464490564027 845549.000000000000000000
12.401559418738415275 9.408448472887902980 0.000000000677998940 0.385046676958815948 840852.000000000000000000
12.234686068319360785 9.275622101430567312 0.000000000583937429 0.349975677574216437 496185.989849458914250135
11.139593720572433355 8.684797204370450885 0.000000000791364913 0.142849114927519699 847071.000000000000000000
9.497013164286510545 10.359341999003492063 0.000000000402191045 0.320384169172234112 0.000000000000000000
10.134341556421953001 8.719507305669386810 0.000000000262588443 0.037103074690177727 0.000000000000000000
11.917746833912902460 8.521222449460307047 0.000000000302843979 0.283902481650919580 0.000000000000000000
8.286586011605580282 9.832653101686869235 0.000000000028192372 0.412807973979503362 0.000000000000000000
10.992286106862868778 11.320857700875519569 0.000000000587043089 0.465366493996716146 0.000000000000000000
11.607768150938328588 8.098594491012876873 0.000000000470300500 0.252840792858155694 0.000000000000000000
4.726622340960328295 12.384468125692796647 0.000000000000000000 0.454915416563682784 923434.000000000000000000
2.281343180691890904 13.501844138026777742 0.000000000000000000 0.041190082099240521 0.000000000000000000
1.324922547787277249 11.483867017725357229 0.000000000000000000 0.366536783193338600 922552.000000000000000000
0.340805659599832556 11.923413325986185640 0.000000000000000000 0.429361036934223672 0.000000000000000000
2.369237192095289046 13.758536082297180059 0.000000000000000000 0.086027461401619196 0.000000000000000000
2.406222191968976354 12.454024343200620351 0.000000000000000000 0.147061287777431771 0.000000000000000000
-0.186658322950584238 12.411977105845815927 0.000000000000000000 0.474951784932924115 917654.000000000000000000
0.806286296221137122 11.238632684779325643 0.000000000000000000 0.453842672355850740 919030.000000000000000000
0.985308335390475021 12.608892282463724399 0.000000000000000000 0.268255631680690498 919572.000000000000000000
1.262416611799522137 12.086835432724615913 0.000000000000000000 0.285347632805608598 0.000000000000000000
3.749950785599524661 12.980242464226853016 0.000000000000000000 0.257755159642162723 379268.362130589433945715
0.617568456079015449 13.641272433543026210 0.000000000000000000 0.312784723298271006 0.000000000000000000
1.389109491362996440 12.057848190796512711 0.000000000000000000 0.274806818472816516 923060.000000000000000000
0.754212999426257191 14.879406947908160319 0.000000000000000000 0.401022482676722747 0.000000000000000000
0.828885064797977189 13.185632488046881150 0.000000000000000000 0.268799934821550957 920118.000000000000000000
-7.964184591157231985 10.335051099214611625 0.000000000570472379 0.328650674673227783 1709549.000000000000000000
-6.344438260146950448 12.203212162431446686 0.000000000361037554 0.110201514082812535 0.000000000000000000
-7.401972047276792921 10.611492582995559530 0.000000000634235190 0.229329455574501712 1704907.000000000000000000
-5.300079907211281416 12.412460417725576178 0.000000000767532826 0.283357338323733832 1660410.823288329178467393
-8.962915457251936502 10.482211687780344178 0.000000000006414979 0.453515614941124190 0.000000000000000000
-5.499940859646350155 13.493473222085683005 0.000000000281000641 0.383620224872131377 0.000000000000000000
-5.767792250364045969 13.553599714357801531 0.000000000756025623 0.367746813699532549 0.000000000000000000
-6.592879069633019284 9.964838292523232610 0.000000000601422906 0.311461275832392803 1773545.000000000000000000
-7.156853061739089306 11.986775936615263305 0.000000000913432471 0.089298956647697270 1704458.000000000000000000
-5.568408256021708524 11.575541868386789446 0.000000000803435090 0.209005014211605084 1724165.000000000000000000
-5.662119962171720644 14.001133522628801842 0.000000000896825029 0.447127871276075395 0.000000000000000000
-6.959962226065061763 11.456322903496406695 0.000000000168778272 0.061644805362009357 0.000000000000000000
-7.766667209166384644 13.047730357025036696 0.000000000481212996 0.298665496650369566 0.000000000000000000
-6.153044077074556029 12.793594567025822428 0.000000000631196116 0.216582731613348289 0.000000000000000000
-5.274514487475295610 13.777219626340610148 0.000000000222281317 0.447913830649439848 0.000000000000000000
-11.905220897639276600 3.890342157967719317 0.000000000000000000 0.198957895445989269 1094408.000000000000000000
-12.558596247328143392 4.676287706222692186 0.000000000000000000 0.027543292296686589 1035620.000000000000000000
-10.609115731401852045 3.005676174970994374 0.000000000000000000 0.475280884376429902 0.000000000000000000
-12.830219847704816161 5.383175659762778231 0.000000000000000000 0.124251263915076612 743425.872119682026095688
-13.291628472710231179 6.901801313015454298 0.000000000000000000 0.399642763420758884 1120266.000000000000000000
-12.589165668799212838 6.626588880498252898 0.000000000000000000 0.339510058667518488 1118090.000000000000000000
-13.021027020455260725 6.619403854960080658 0.000000000000000000 0.341691756581175232 0.000000000000000000
-11.198352148780253756 3.153891839191896640 0.000000000000000000 0.378921368966546102 1096034.000000000000000000
-13.670471953166517309 7.105105919120108915 0.000000000000000000 0.454346072958414560 1069562.000000000000000000
-12.060067711414465208 4.608671309755060008 0.000000000000000000 0.117041300382471139 1080761.000000000000000000
-11.169516248789861379 3.814748458016926413 0.000000000000000000 0.313679684777264489 0.000000000000000000
-14.224297248669273586 6.523793251457108866 0.000000000000000000 0.418157421527560025 1087447.000000000000000000
-11.619615799802064160 5.094058627792122707 0.000000000000000000 0.207923119795798805 0.000000000000000000
-10.328366063178416212 5.684671792071195995 0.000000000000000000 0.459920195911370733 0.000000000000000000
-10.871784782481547893 6.503169321924151980 0.000000000000000000 0.457204140303858975 0.000000000000000000
-11.909176800717402145 -3.970690016392667498 0.000000000000000000 0.189038088613797062 764700.000000000000000000
-10.096937675370410759 -4.928812276163602846 0.000000000000000000 0.468332117518361901 757558.000000000000000000
-10.999049796898759723 -5.099476265848252865 0.000000000000000000 0.314218480686463075 758697.000000000000000000
-10.238773653275766051 -5.508199088483152650 0.000000000000000000 0.464201159104104089 760265.000000000000000000
-11.747937120563969771 -7.199036303693850947 0.000000000000000000 0.471527161657351257 0.000000000000000000
-10.744610471775214222 -3.991541340945514715 0.000000000000000000 0.370789463203778424 139334.010672709002392367
-13.342463323854653723 -2.938396544908034258 0.000000000000000000 0.322361610579809832 758645.000000000000000000
-15.230509987724911269 -4.115412402165575578 0.000000000000000000 0.459172079353504847 759719.000000000000000000
-12.417522668113175399 -5.468061774224345584 0.000000000000000000 0.147110280318880987 0.000000000000000000
-14.415114476781713648 -3.614871554571054357 0.000000000000000000 0.354990111920593154 0.000000000000000000
-14.418930952218394381 -5.273923003116187225 0.000000000000000000 0.321091537007231753 0.000000000000000000
-11.081716673117272265 -6.347132601482132763 0.000000000000000000 0.411375490163406632 326867.269492852035909891
-11.408735075062503839 -4.565171592053046901 0.000000000000000000 0.233343052556394759 757568.000000000000000000
-13.959155422061282792 -6.721607888446581747 0.000000000000000000 0.418183358123991211 757438.000000000000000000
-12.607639963579474696 -7.337034916364841841 0.000000000000000000 0.462693221566159940 0.000000000000000000
-6.922850004976069727 -14.297377154256190934 0.000000000797111848 0.457582978449120492 0.000000000000000000
-5.511271387844348446 -10.037844395693728217 0.000000000239168984 0.368884997750325627 0.000000000000000000
-4.255709131024178582 -10.869421336387739885 0.000000000526243901 0.466382988600047288 0.000000000000000000
-7.283748417227604577 -13.193800984552057187 0.000000000124306023 0.278845258937752472 0.000000000000000000
-7.877211037086667922 -9.630229794544737487 0.000000000689539306 0.421806250695123675 0.000000000000000000
-6.689916183180931952 -11.566751279911304806 0.000000000562538916 0.027932034020428761 0.000000000000000000
-4.737618790623844056 -11.491580108094707313 0.000000000369206072 0.357791308599791746 0.000000000000000000
-8.165103975493588351 -11.786518816388518616 0.000000000794534704 0.255639211263834154 0.000000000000000000
-7.993713414691799635 -10.729636722119927583 0.000000000882103768 0.284778405877032348 0.000000000000000000
-9.045324868102595062 -11.601795238532625731 0.000000000232545556 0.412740222543746649 0.000000000000000000
-8.665328859245889248 -13.508322285839023280 0.000000000866365594 0.467517621549359941 0.000000000000000000
-8.295269468601427221 -12.694993054581038550 0.000000000189231134 0.327648059844338813 0.000000000000000000
-6.054472373054267997 -11.885182645326404227 0.000000000132583498 0.124379435668060659 0.000000000000000000
-5.419599419427628462 -13.428616004047633226 0.000000000687535784 0.382852116596060554 0.000000000000000000
-8.439039433020354863 -10.304110751562115311 0.000000000303191019 0.393654604031404731 0.000000000000000000
3.931694167881486734 -15.346843705637510880 0.000000000000000000 0.465535801973939234 0.000000000000000000
1.358280825074604792 -12.593836645024728327 0.000000000000000000 0.212272033644864161 0.000000000000000000
3.393930637037784415 -15.713824270427828367 0.000000000000000000 0.473090498914075674 0.000000000000000000
0.300109740040464590 -14.772316389017035476 0.000000000000000000 0.449912148666831935 0.000000000000000000
2.495686427611958358 -12.697198046873520383 0.000000000000000000 0.107127281452315093 1594191.000000000000000000
3.237672261279705754 -13.558614197309440286 0.000000000000000000 0.168637962680585590 0.000000000000000000
3.254157331637013151 -11.381758543927116278 0.000000000000000000 0.375035468512067982 0.000000000000000000
3.417301022110049491 -15.280491153230910228 0.000000000000000000 0.405523337859610478 1669444.000000000000000000
4.319550996087280659 -13.501805640403349074 0.000000000000000000 0.356063608973220924 1679808.000000000000000000
2.361685648508190294 -12.930154849328689082 0.000000000000000000 0.061908139296487232 269525.538816860993392766
4.927205550466396744 -12.677918923878280566 0.000000000000000000 0.474191831107878936 0.000000000000000000
2.539926124885919290 -15.427462709667585372 0.000000000000000000 0.384702842194945271 1680262.000000000000000000
0.714836125061246719 -13.692685703651031659 0.000000000000000000 0.297995130335618474 1414442.736528132576495409
3.178877673617318766 -15.147123434083008320 0.000000000000000000 0.365393047815221916 1609715.000000000000000000
1.268692445190302776 -12.148319680624755534 0.000000000000000000 0.276540304782540158 0.000000000000000000
9.177236046128285807 -6.377768219452152998 0.000000000000000000 0.465093007061521235 951923.625849394593387842
10.892870016279385226 -7.682797483292500118 0.000000000000000000 0.210986967043273521 1852856.000000000000000000
11.295531759340025957 -8.673117400123281584 0.000000000000000000 0.170719224886599991 1800144.000000000000000000
9.661838225675372982 -9.141839686004926691 0.000000000000000000 0.139346883488924100 1813957.000000000000000000
12.513098519609343384 -10.007301942689146301 0.000000000000000000 0.445346590400218678 0.000000000000000000
12.423042422240921923 -7.929560075001267805 0.000000000000000000 0.397766223265446972 0.000000000000000000
11.381711148757213792 -10.175249183932427499 0.000000000000000000 0.311215941293940090 1815516.000000000000000000
10.938046910356352015 -7.168434015684787219 0.000000000000000000 0.296485945470471524 1761133.000000000000000000
11.436435703003539288 -7.640933875439243295 0.000000000000000000 0.275135276883038071 1623422.892913173884153366
8.104611424091883620 -8.922732084221463467 0.000000000000000000 0.399707048203549631 0.000000000000000000
10.468650151565228157 -8.513625145602718547 0.000000000000000000 0.047001789838345673 0.000000000000000000
8.921577133709622132 -10.812676585989295930 0.000000000000000000 0.442246084182574828 1810634.000000000000000000
11.679389654336953086 -7.326029282631674633 0.000000000000000000 0.344723714025135464 1807731.000000000000000000
11.367233905133748095 -6.951769913979039650 0.000000000000000000 0.363794407514366647 1809417.000000000000000000
12.806299196826460118 -8.062377865433026258 0.000000000000000000 0.455486973471923295 1798003.000000000000000000
13.361819655779926919 2.038226896656000431 0.000000000000000000 0.354789985702323230 464526.396824392431881279
13.901924719290155608 0.090315041135951638 0.000000000000000000 0.066198897731878120 605279.000000000000000000
14.063139982591676969 0.880822872018453995 0.000000000000000000 0.178637539538362228 0.000000000000000000
12.367467243495704921 0.959543906645274447 0.000000000000000000 0.267487137578170997 597188.000000000000000000
15.981578810046974226 0.529376568014047422 0.000000000000000000 0.444487010103411739 0.000000000000000000
12.277722180322133028 2.034418549487185590 0.000000000000000000 0.419088318301449991 604942.000000000000000000
13.851923438127020205 -2.573219724951659959 0.000000000000000000 0.449050223788918013 597534.000000000000000000
13.263160623149877537 0.108233112769536344 0.000000000000000000 0.052978975294052107 0.000000000000000000
15.279606435325890246 -1.253662811933734744 0.000000000000000000 0.377994145813988047 604609.000000000000000000
14.111402678584477499 -0.075401975031973267 0.000000000000000000 0.102501333702387759 0.000000000000000000
14.249778380953094015 0.732428516546057451 0.000000000000000000 0.178951342407619479 602380.000000000000000000
12.140594375102070401 -0.088438453174796247 0.000000000000000000 0.250115704371231928 603294.000000000000000000
15.968358308836760884 0.782381728609837901 0.000000000000000000 0.453191008117712013 193719.440677192906150594
15.617474119668560917 -0.054194000507924639 0.000000000000000000 0.370246978181195063 0.000000000000000000
13.590855512708051478 0.205442877287245695 0.000000000000000000 0.036689952803630493 602851.000000000000000000
