-4.812397327314087647 3.868160530488528703 0.000000000000000000 0.455207562662931609 0.000000000000000000
-3.707411171280101669 2.686694579160692875 0.000000000000000000 0.335537642334543196 845709.000000000000000000
-3.805017531988505564 5.760464624750261997 0.000000000000000000 0.432168183116849736 0.000000000000000000
-3.839923011724627688 3.147456434973714412 0.000000000000000000 0.311347358696725807 0.000000000000000000
-0.053091196406532898 2.984149889686688706 0.000000000000000000 0.424847554700534147 839279.000000000000000000
-1.211492129058047151 3.603824659038823874 0.000000000000000000 0.193403947781498747 0.000000000000000000
-2.756531830882197553 1.533268262476330968 0.000000000000000000 0.428927947272889631 0.000000000000000000
-0.005956547115979216 4.586481521228569669 0.000000000000000000 0.420120149461049086 846463.000000000000000000
-3.512946651052482938 5.008201924419052986 0.000000000000000000 0.299345944259585661 0.000000000000000000
-0.886837790126796199 5.932862734290730522 0.000000000000000000 0.438342146621875206 584753.600374476052820683
-2.134650376937230032 1.925147667736303969 0.000000000000000000 0.350643611980738401 0.000000000000000000
-2.947536667121628984 2.136488581283691790 0.000000000000000000 0.335521562358278513 0.000000000000000000
-2.290402942945767961 3.762087623028009364 0.000000000000000000 0.023523173693762778 842405.000000000000000000
-2.177928855396132679 1.250900192254633891 0.000000000000000000 0.470215228858624601 843822.000000000000000000
-4.876537496575181763 4.018555827683925052 0.000000000000000000 0.467177101588945209 0.000000000000000000
-1.446539294646814966 -4.100210788973052800 0.000000000000000000 0.149423677754642575 0.000000000000000000
-0.545833238541436394 -5.424832627650134853 0.000000000000000000 0.409733409695020812 0.000000000000000000
-4.384483840578024427 -4.182323715352354476 0.000000000000000000 0.382489015440197089 683175.000000000000000000
-4.542263341807344368 -3.866008407988564155 0.000000000000000000 0.407079682164233903 679024.000000000000000000
-3.298415766257692283 -5.185761956434610020 0.000000000000000000 0.295901586900244429 441283.461189716705121100
-2.406620943092781406 -1.543743834542749216 0.000000000000000000 0.418661376093923954 0.000000000000000000
-1.956280451112771823 -4.770504960915281423 0.000000000000000000 0.165769412556893009 0.000000000000000000
-2.722973740629720307 -4.069427231469630257 0.000000000000000000 0.088769675272984336 682667.000000000000000000
-4.407981466915117608 -2.843827873527231098 0.000000000000000000 0.425951865644591532 685419.000000000000000000
-2.947410609999782771 -4.974496286819450219 0.000000000000000000 0.228816616714356158 0.000000000000000000
-3.269906600685933640 -1.417853181109450800 0.000000000000000000 0.475579058144548983 0.000000000000000000
-2.407261097899840330 -2.789903304998861522 0.000000000000000000 0.197730346278319064 195718.122371552075492218
-0.376969365281265734 -3.340696397873586854 0.000000000000000000 0.349275925141733612 682081.000000000000000000
-3.694666177692460529 -3.933837487164601132 0.000000000000000000 0.256130100558951634 0.000000000000000000
-3.104959371086099207 -3.200541500118773808 0.000000000000000000 0.194548805926945345 267319.427676016639452428
3.217175965795625814 1.614772897582218869 0.000000000000000000 0.368609542384161826 763676.000000000000000000
5.238834614753967500 -1.470306352921206372 0.000000000000000000 0.291293606261389892 708676.789923882810398936
3.888180285144641424 -1.901087346784276599 0.000000000000000000 0.355845486524185350 759170.000000000000000000
3.588471596353284720 0.540450526837753520 0.000000000000000000 0.190928427216695257 0.000000000000000000
4.986522869462618246 0.742796076910389735 0.000000000000000000 0.156505255065661875 0.000000000000000000
5.203504809260723896 2.159574807398203067 0.000000000000000000 0.402689891047985138 0.000000000000000000
3.009595661883667006 -0.198388898926347562 0.000000000000000000 0.270468651556262707 763694.000000000000000000
3.775006077072005528 -0.641655860788228005 0.000000000000000000 0.174261192946603777 761288.000000000000000000
3.063494064217087587 -1.029032774713690257 0.000000000000000000 0.316754268507546677 446906.714207906974479556
5.561844211291981033 0.701864169691204798 0.000000000000000000 0.224483865181090925 762085.000000000000000000
3.380920526576454144 -0.814767690678335765 0.000000000000000000 0.248560075300433919 766521.000000000000000000
3.348332488649747862 -1.775362886093819537 0.000000000000000000 0.377902525284385227 763848.000000000000000000
4.361681297368197541 0.166647617758213379 0.000000000000000000 0.040196943635240845 763502.000000000000000000
2.666932548742250830 -1.254769095584311156 0.000000000000000000 0.397729940844271934 758786.000000000000000000
4.880119761661458000 -2.565204815786454429 0.000000000000000000 0.460265096815568708 0.000000000000000000
12.952379002845775702 8.184741415639974704 0.000000000810339067 0.475777409228097414 846838.000000000000000000
8.483139800812068643 10.606470462035359148 0.000000000431606481 0.465149076232685532 844896.000000000000000000
12.275138573459610569 8.162799835689581229 0.000000000702092004 0.359663228723477391 0.000000000000000000
8.529820586419965878 9.182222881549462201 0.000000000248680290 0.331653783122771662 0.000000000000000000
8.613459707428420487 8.371825760064636412 0.000000000485756408 0.314863531407709285 841218.000000000000000000
8.478371795749328754 9.724653943225861852 0.000000000398644987 0.373704107772970140 0.000000000000000000
10.126104486862763210 6.131200552654141767 0.000000000388466618 0.460557886283190498 0.000000000000000000
11.918022594887691668 8.697094216070887285 0.000000000434797767 0.281309107018003157 0.000000000000000000
9.840935323469894414 10.007439113727548019 0.000000000234712626 0.238285414294232389 846732.000000000000000000
11.082864485326819448 10.670456226482672335 0.000000000244844138 0.361746072712033573 842363.000000000000000000
9.453656082503028912 10.741637363243677683 0.000000000158525407 0.384085981048760461 208738.567707952955970541
11.495353643043845437 9.935918373166321871 0.000000000905747418 0.292556962549344213 0.000000000000000000
12.020847663153336526 6.894087931230546751 0.000000000214021520 0.441313653413758278 0.000000000000000000
10.554283943058800688 9.315913863424897912 0.000000000592129159 0.106591639229777671 843792.000000000000000000
11.342219101223122379 7.807904598752762659 0.000000000759850637 0.242814067998919941 843387.000000000000000000
1.080617226318244972 13.784934830042072207 0.000000000000000000 0.241091278411970561 400519.861278922413475811
0.793242901264811895 13.874798260482105405 0.000000000000000000 0.294602718604266345 0.000000000000000000
0.133187373408828968 12.837757107477925089 0.000000000000000000 0.400002183894962338 921765.000000000000000000
2.175314266370298455 15.318943552438421207 0.000000000000000000 0.364784311071080725 0.000000000000000000
1.925336900810541207 13.511726453227410616 0.000000000000000000 0.084060193033330358 922184.000000000000000000
3.561724230464066832 12.147786297325897209 0.000000000000000000 0.297025568648121852 920405.000000000000000000
4.378453705429754095 13.401957040064091942 0.000000000000000000 0.364981878664709047 925869.000000000000000000
2.357919929116132352 15.872154964426831825 0.000000000000000000 0.462169193710102733 0.000000000000000000
0.441365060818407540 13.399309174062167926 0.000000000000000000 0.338074144431647350 0.000000000000000000
4.568115152667203027 14.496920736576010214 0.000000000000000000 0.453414626074738647 924511.000000000000000000
4.018671666410085663 11.224643768662195598 0.000000000000000000 0.472672166422124507 922735.000000000000000000
4.154853788989358421 15.183452184920364303 0.000000000000000000 0.469410300035433936 0.000000000000000000
3.620911279206287414 12.776718861147026374 0.000000000000000000 0.245962396240891862 294638.556820826372131705
3.088044167433678489 14.535950217438392329 0.000000000000000000 0.261338886085078548 0.000000000000000000
-0.154431983087616409 14.200835601062312463 0.000000000000000000 0.473100218213551138 0.000000000000000000
-6.982006708380457560 12.771392380449306359 0.000000000806721809 0.191534344516802069 1732256.000000000000000000
-6.633889639326034704 10.711282345042306474 0.000000000115190738 0.179188087158614562 1674659.000000000000000000
-9.232502217246052467 11.623619680913265029 0.000000000702296516 0.445894292559451288 125370.092898219940252602
-7.734893199627593141 9.425194280852792872 0.000000000620289625 0.443100482567498344 0.000000000000000000
-5.103042192600895532 11.815628177214829719 0.000000000021252915 0.290906663339475458 1747757.000000000000000000
-4.839875561937285298 13.064154566874156771 0.000000000194069239 0.413130090019115714 0.000000000000000000
-6.592379720671391219 12.972434083785396197 0.000000000113836032 0.223358108984277048 1762435.000000000000000000
-6.416916757180108455 11.737034912226324224 0.000000000926873751 0.056324630937379258 0.000000000000000000
-7.607559575334033930 11.954538341726525630 0.000000000152170109 0.161468459160799271 230683.197322125954087824
-4.482716107078756451 10.910429073033840908 0.000000000722585030 0.425790038249740099 0.000000000000000000
-5.095635207482075657 9.821065830866810842 0.000000000802030898 0.445235987691379009 0.000000000000000000
-6.986676109949991442 11.796860389111582634 0.000000000218812743 0.047389187998370434 1751964.000000000000000000
-5.681107879779387027 14.147307730809634663 0.000000000803777572 0.469308302590219772 1751510.000000000000000000
-4.412953858094221360 12.870197681292845360 0.000000000375713262 0.461069310388355746 0.000000000000000000
-4.306356721332501358 11.133145003901146808 0.000000000588267944 0.444662153623524459 1744529.000000000000000000
-13.192451941628783985 4.090692238390559510 0.000000000000000000 0.133167377369648815 0.000000000000000000
-14.469618152612600426 3.468244220424508750 0.000000000000000000 0.376837184609307041 1052851.000000000000000000
-12.838638427252591967 3.404907957924196982 0.000000000000000000 0.222552443392940641 1052718.000000000000000000
-13.903995214177033546 3.131018513970476480 0.000000000000000000 0.342238299997271733 1064462.000000000000000000
-12.444935948492151567 4.271274915912764314 0.000000000000000000 0.085483869638683194 1076939.000000000000000000
-13.010519438672037751 7.241554899131996237 0.000000000000000000 0.448500998581744692 0.000000000000000000
-14.335427013550591013 5.681906104167057769 0.000000000000000000 0.337430999697815759 0.000000000000000000
-12.924815436033897598 3.587440474812980007 0.000000000000000000 0.193380288972119924 1063134.000000000000000000
-12.799629620476171254 4.585569628062692971 0.000000000000000000 0.022353889551940096 1113002.000000000000000000
-10.435574175663964169 3.961380724930893216 0.000000000000000000 0.424818500810707711 0.000000000000000000
-14.396978367489580819 5.316482163952658269 0.000000000000000000 0.319862735402451304 950097.829013197915628552
-14.126099169708485448 5.645440643261777858 0.000000000000000000 0.302555724133905746 468468.652459617936983705
-12.528853078128500798 5.838747095258386643 0.000000000000000000 0.204455243151661081 0.000000000000000000
-11.963080244003043262 5.416268193512707718 0.000000000000000000 0.185400335692532503 0.000000000000000000
-14.015338639892643613 5.449495306510272918 0.000000000000000000 0.267876878860049572 124489.401355049558333121
-13.938231984213498293 -3.988093401386768377 0.000000000000000000 0.249077473116771142 472891.894473736407235265
-13.488305823628486735 -5.344200914897399457 0.000000000000000000 0.180135877452309107 757548.000000000000000000
-13.607922722925007264 -2.789689060852950764 0.000000000000000000 0.364593932583625879 700959.519024894572794437
-12.343333435113386543 -5.739191597812353329 0.000000000000000000 0.195966107264826495 758358.000000000000000000
-13.546670090377974205 -6.976578625749637830 0.000000000000000000 0.425658637869713696 0.000000000000000000
-13.270507088768054516 -3.003301442976383129 0.000000000000000000 0.307479181711964700 0.000000000000000000
-11.463737571811813964 -5.006180079287907425 0.000000000000000000 0.229901145884677277 762331.000000000000000000
-13.154729778034413457 -4.559816116115458229 0.000000000000000000 0.081386950547723227 762835.000000000000000000
-10.467273937117557381 -5.961780362529506938 0.000000000000000000 0.458710029150462772 182784.712136915244627744
-12.853111820111934094 -4.152428029855767200 0.000000000000000000 0.094817963630081784 0.000000000000000000
-13.106672888313017467 -3.436317972368647666 0.000000000000000000 0.226964593811944199 677340.193475748179480433
-12.903987520247364174 -1.965079529103930689 0.000000000000000000 0.472848235662523597 0.000000000000000000
-12.597937810440429374 -5.734718271992178096 0.000000000000000000 0.184824406529800506 760246.000000000000000000
-14.151535940614802911 -2.946006710238821213 0.000000000000000000 0.394927872354901399 0.000000000000000000
-13.578469364803908093 -2.407247348972222589 0.000000000000000000 0.423346784658735598 343146.565607756259851158
-5.016851770607572369 -12.674758144866659748 0.000000000834679337 0.349595287266991572 0.000000000000000000
-6.405231492422009509 -9.221028887805434948 0.000000000605407636 0.446027927605842700 0.000000000000000000
-8.257909231365379910 -10.247562038964378672 0.000000000765358804 0.376152864735944448 0.000000000000000000
-8.529705469186083633 -10.590022914249900055 0.000000000533130047 0.377301288263946932 0.000000000000000000
-7.792812187678887170 -11.906463159320162859 0.000000000231993745 0.191899735564568130 0.000000000000000000
-5.458716006995431691 -12.878463390791766940 0.000000000143476337 0.306233326193555810 0.000000000000000000
-5.116039465544271359 -13.412964876246125101 0.000000000173972651 0.416159567779172901 0.000000000000000000
-6.187309852125456366 -14.042407270725982826 0.000000000714383158 0.422825828315409269 0.000000000000000000
-7.508055231493234061 -14.171904082215304399 0.000000000151827737 0.455338543470566792 0.000000000000000000
-8.696005578842139982 -13.307554185884416853 0.000000000506590880 0.448565202614101821 0.000000000000000000
-8.923236549891109703 -11.188736478917068240 0.000000000124415575 0.401518330842727589 0.000000000000000000
-7.503547196738192149 -10.577953726719476535 0.000000000446814862 0.244110814967047757 0.000000000000000000
-4.870942083838177616 -13.214188215297260953 0.000000000881753129 0.424696302417828186 0.000000000000000000
-9.020772432606191771 -10.567192354429138845 0.000000000439674641 0.455686580696143873 0.000000000000000000
-9.043118238567085854 -11.687098141125856543 0.000000000161872259 0.411869114179057305 0.000000000000000000
1.511653330787733562 -13.580075370247049804 0.000000000000000000 0.156267667069187044 1651853.000000000000000000
2.866278489861620038 -13.775906154336363230 0.000000000000000000 0.129951948085282293 1608783.000000000000000000
1.847347479000520210 -11.764192580213650885 0.000000000000000000 0.283024516121283543 1611707.000000000000000000
2.917117319628755201 -10.706825042806526582 0.000000000000000000 0.469141588020145162 1622550.000000000000000000
1.206889639413496251 -15.431319838016811730 0.000000000000000000 0.433205951539638312 1611310.000000000000000000
1.887358324563635392 -11.945456817187984910 0.000000000000000000 0.250128082125166407 1681444.000000000000000000
4.440382616492703605 -12.571213753738055274 0.000000000000000000 0.395761787792925201 0.000000000000000000
3.617951554019193328 -11.828957256774634388 0.000000000000000000 0.344566717917102916 1605630.000000000000000000
2.746072659386460835 -14.110549157755663430 0.000000000000000000 0.165611271310764613 0.000000000000000000
2.944209047226028275 -11.944830939940644043 0.000000000000000000 0.260847166303083910 1634871.000000000000000000
2.849211676207964228 -12.284047408009456603 0.000000000000000000 0.199141423977514692 1612481.000000000000000000
4.749053399556826704 -14.352114108190834330 0.000000000000000000 0.470923281747128220 1668950.000000000000000000
4.138792791992703002 -14.996859797202178655 0.000000000000000000 0.443937475478612342 1640346.000000000000000000
0.449981798145734857 -11.505951720024881979 0.000000000000000000 0.460748680484909079 0.000000000000000000
3.149909550899008259 -12.114245973787223676 0.000000000000000000 0.252889744469533606 0.000000000000000000
11.447027065234445686 -6.476412289290456314 0.000000000000000000 0.443788767747299306 779667.381940501509234309
10.765218998019030039 -7.672329938261206017 0.000000000000000000 0.203116437464493038 1769952.000000000000000000
11.905572056272010428 -7.327047526268235522 0.000000000000000000 0.373578222762324719 0.000000000000000000
10.424393120126751455 -6.892478069197937707 0.000000000000000000 0.325652391452804280 1758034.000000000000000000
9.503171205778352615 -9.659958300139310339 0.000000000000000000 0.218903960647357371 1196540.102665644371882081
12.838298757248434612 -9.674889378938168250 0.000000000000000000 0.473675411176522287 1762703.000000000000000000
10.059598301900777528 -6.216726828985160047 0.000000000000000000 0.446832141961349349 0.000000000000000000
9.917511728687799177 -9.056023735200341207 0.000000000000000000 0.092784025088015976 0.000000000000000000
11.414164767378354171 -8.048361657647523870 0.000000000000000000 0.227190807392609828 0.000000000000000000
12.367546266635169872 -7.168473043887963136 0.000000000000000000 0.454634817374594102 1808297.000000000000000000
8.516856447108782646 -8.228128542026336589 0.000000000000000000 0.337662624843696246 1818887.000000000000000000
7.863686296570695511 -9.317965760166545763 0.000000000000000000 0.452703277958699246 0.000000000000000000
8.913897158607545279 -8.234840268729621826 0.000000000000000000 0.269810099919333746 1789918.000000000000000000
8.417967136290398500 -10.018050864222344032 0.000000000000000000 0.409023108514389888 1805619.000000000000000000
8.815779791481036298 -7.090009211977721826 0.000000000000000000 0.398447254193396827 1800050.000000000000000000
14.800631788889228702 1.219337699294877009 0.000000000000000000 0.307929937937729770 0.000000000000000000
15.427703270899954191 -0.663863953007195362 0.000000000000000000 0.355282094901589962 0.000000000000000000
11.314448445755093786 0.825982952235534862 0.000000000000000000 0.422116162093315928 597091.000000000000000000
11.802759731523282838 0.925026480894758585 0.000000000000000000 0.349120242292909999 0.000000000000000000
14.003282405925268961 2.061103607494486400 0.000000000000000000 0.366218259155807968 0.000000000000000000
14.476335492678330752 -2.311674718479740598 0.000000000000000000 0.433155255882655577 598063.000000000000000000
14.149223945572828143 1.639318070327910437 0.000000000000000000 0.303730101490547300 597826.000000000000000000
15.647374767690221731 -0.965546109596376101 0.000000000000000000 0.410734519458495317 0.000000000000000000
13.129495427822869047 1.677707192748270071 0.000000000000000000 0.300099087482928517 0.000000000000000000
11.399591565251185443 -0.569873258249040893 0.000000000000000000 0.394381611393935294 0.000000000000000000
16.146910019115264134 0.205917905689923492 0.000000000000000000 0.465842006594884339 605495.000000000000000000
13.438233190236053005 -1.174672375057536966 0.000000000000000000 0.204442293996279223 603673.000000000000000000
13.806599636575397128 -0.172451699304415534 0.000000000000000000 0.055969035177595751 0.000000000000000000
14.711659270178374825 0.239108712494550707 0.000000000000000000 0.212723275657923677 597572.000000000000000000
12.972066470714795017 1.954827482421447105 0.000000000000000000 0.354002164081563320 601180.000000000000000000
