-1.316136154665876079 5.194584218800557984 0.000000000000000000 0.286672489044123180 10114.000000000000000000
-4.261852841779537826 2.220761076026633418 0.000000000000000000 0.464456701705984243 10876.000000000000000000
0.048375463636952810 3.195564490039199956 0.000000000000000000 0.429293157001029602 10858.000000000000000000
-3.548750335472648842 3.559762093032929009 0.000000000000000000 0.237407540137213852 400.948670971036392530
-2.251360863021322878 1.646301249551014756 0.000000000000000000 0.399589640426420867 0.000000000000000000
-4.487746275202210811 3.224027433647510765 0.000000000000000000 0.414635856354712395 0.000000000000000000
-0.486895640764707593 2.036905676835961465 0.000000000000000000 0.456792054752009236 10557.000000000000000000
-0.815028494356428435 5.896774671087086972 0.000000000000000000 0.440373546075716216 10057.000000000000000000
-0.772856245767497008 3.890209377799365154 0.000000000000000000 0.264727322725625769 0.000000000000000000
-1.310634301471274243 5.830310722262924905 0.000000000000000000 0.384646668264353064 0.000000000000000000
-3.380569422981917427 6.142143860744565309 0.000000000000000000 0.447970690091992141 10919.000000000000000000
-4.185346175262487201 4.518234291643824285 0.000000000000000000 0.361176126045525125 10014.000000000000000000
-2.792405602933062170 1.638889088239586123 0.000000000000000000 0.411976413229965421 10328.000000000000000000
-3.919318663050212592 4.487080604320846433 0.000000000000000000 0.314526092570018567 10735.000000000000000000
-2.488137211761277001 5.246920847092554574 0.000000000000000000 0.245047918229371747 10167.000000000000000000
-4.818011765065241647 -3.413226016613508662 0.000000000000000000 0.464009862877575563 8420.000000000000000000
-0.646049181724930421 -2.967735122674361126 0.000000000000000000 0.331001387271298020 8957.000000000000000000
-2.012250051068310341 -1.679929387469534019 0.000000000000000000 0.396064169589083470 0.000000000000000000
-1.816027653822551491 -1.576014954255657186 0.000000000000000000 0.419624360862358270 8337.000000000000000000
-3.901828310128228061 -1.900689334252529505 0.000000000000000000 0.459493997400150844 0.000000000000000000
-0.837800168641228193 -1.996387543303745238 0.000000000000000000 0.421779874946057509 8256.000000000000000000
-2.440310094179358735 -1.355946417250187608 0.000000000000000000 0.452419052485927453 8422.000000000000000000
-0.073919589483380205 -4.460164013392097004 0.000000000000000000 0.402304872743992126 0.000000000000000000
-0.791047541030685974 -3.173601527618244766 0.000000000000000000 0.290983401786928997 8093.000000000000000000
-2.728827824144544056 -2.683924352867860463 0.000000000000000000 0.230579612362128955 8114.000000000000000000
-0.357280061163399276 -5.629878577184569188 0.000000000000000000 0.459158234169516011 8754.000000000000000000
-3.969631520033215732 -5.283379981141094639 0.000000000000000000 0.393052885790333151 0.000000000000000000
-3.456637603749332044 -3.345808051570946073 0.000000000000000000 0.234543184903806962 8874.000000000000000000
-1.539982566973832290 -2.452155121683068373 0.000000000000000000 0.286351906180418669 8198.000000000000000000
-3.446072120568593800 -2.112806541245093150 0.000000000000000000 0.380660001491938016 8781.000000000000000000
4.648269429678202336 -1.583475356199845363 0.000000000000000000 0.282328876551949381 0.000000000000000000
2.119664186997030519 -0.846042145632798670 0.000000000000000000 0.452503079584670065 9043.000000000000000000
2.485665488859293060 -1.281354482762501190 0.000000000000000000 0.427365089865220427 0.000000000000000000
6.395601872817051614 -0.379582628890752338 0.000000000000000000 0.342010312284298568 9269.000000000000000000
5.871252281835593223 1.959315643820408903 0.000000000000000000 0.423580598198933123 9846.000000000000000000
4.975317303149693338 1.701560078283801403 0.000000000000000000 0.313196063051843276 0.000000000000000000
6.199488140635597055 -0.121759362658102679 0.000000000000000000 0.301142227066689083 0.000000000000000000
6.250546830380114827 1.911360028766712960 0.000000000000000000 0.459086809872804869 0.000000000000000000
5.335017763763908683 -1.797016429969676254 0.000000000000000000 0.351021901988302520 2928.053875676454936183
4.524161718531994225 -1.560904345215946787 0.000000000000000000 0.277335733737092083 9012.000000000000000000
2.733761348038291850 -1.947378712413057711 0.000000000000000000 0.469709659429955073 5178.314550389160103805
4.079123828476742375 -0.728199264373023958 0.000000000000000000 0.150874271085032791 0.000000000000000000
3.938778641398954061 -1.368240679497402246 0.000000000000000000 0.263932052884841117 9705.000000000000000000
5.037278676342072714 1.417447372934674377 0.000000000000000000 0.268458340762322889 0.000000000000000000
3.893643769151670320 1.387815363025817206 0.000000000000000000 0.270337463956191348 1404.006976816675660302
12.079745672068590068 8.482028217147048466 0.000000000254437494 0.313460276166529994 0.000000000000000000
11.383881613684193823 9.568422736161258157 0.000000000801933259 0.234962929711661356 0.000000000000000000
8.993955852732817391 9.444860609389504447 0.000000000008733206 0.269453721035431137 0.000000000000000000
11.212530845450894290 9.786739159716908887 0.000000000253737745 0.239243153156226823 0.000000000000000000
9.372291292917534378 10.242248248429349999 0.000000000336067224 0.314072326239620114 10352.000000000000000000
9.169915029990018951 6.797620988967690181 0.000000000749840409 0.401125387188044580 10910.000000000000000000
10.628967861062944777 8.744056487988663307 0.000000000308543157 0.051406097627221398 10324.000000000000000000
10.723791173712610814 6.572121637164810792 0.000000000662656141 0.387351775098889017 10029.000000000000000000
10.812489005359042338 6.771546833470007520 0.000000000878079931 0.356359252335044174 10807.000000000000000000
8.994769029975735464 7.324703405209171514 0.000000000004975977 0.346519798734886308 0.000000000000000000
10.237924193993634958 7.419765821362769742 0.000000000205721029 0.233657716539533378 0.000000000000000000
10.623571913314135529 6.308027164147391730 0.000000000921008233 0.430586452596531000 65.227269091003279300
10.491049587380866015 8.239718142274025325 0.000000000678283289 0.093053076710687910 0.000000000000000000
9.377425796098826538 8.087182414026951704 0.000000000863217231 0.207219433664910385 0.000000000000000000
10.864063181549107995 10.034776376606901138 0.000000000927783732 0.243992155185959625 1030.347526231895926685
2.887976541495562710 13.662617651494629811 0.000000000000000000 0.120237688840991286 0.000000000000000000
2.976593916489499669 14.281786330963813114 0.000000000000000000 0.212417027538348124 0.000000000000000000
1.557885829343962580 14.454856623363689039 0.000000000000000000 0.251372139982159404 9016.229352307005683542
4.187676406127689432 12.526206515706581612 0.000000000000000000 0.356272928657914656 0.000000000000000000
4.441543553316681603 14.609858771939375544 0.000000000000000000 0.444148975600681117 0.000000000000000000
4.916547942678145766 12.600472669548272719 0.000000000000000000 0.475635532623435220 0.000000000000000000
1.099417031855575821 12.058578775703935548 0.000000000000000000 0.309076568393177820 0.000000000000000000
2.191323285989684067 14.488758052755722261 0.000000000000000000 0.217349530445255845 11553.000000000000000000
0.378772589988264408 13.040072655641070654 0.000000000000000000 0.351062422322644341 11681.000000000000000000
-0.238271991857747667 13.027305757841116218 0.000000000000000000 0.460618947520976652 0.000000000000000000
2.652353760976238206 14.075216399458897243 0.000000000000000000 0.153061333836503721 0.000000000000000000
3.286148580536973007 13.416466217937163208 0.000000000000000000 0.171452652434169434 0.000000000000000000
2.381214673688906380 13.105127584147393094 0.000000000000000000 0.031677755109885734 0.000000000000000000
0.963376729220283834 11.095574778057068599 0.000000000000000000 0.458969609966804248 2032.410520389648354467
0.798159244985717220 15.382031521532006479 0.000000000000000000 0.464329978600457216 0.000000000000000000
-4.421232928103895787 11.966145224365046573 0.000000000037408441 0.414229605308545468 0.000000000000000000
-8.492593696465636555 13.618804289711182065 0.000000000431191006 0.459427391538809016 0.000000000000000000
-8.983273714528680287 10.702903526701682324 0.000000000225034393 0.439413308196660468 2288.321030327102107549
-5.190948134696085070 11.838090204051530563 0.000000000110652537 0.275546828756433326 21921.000000000000000000
-7.221592499049518388 13.912339474118910587 0.000000000291584443 0.397748531209025702 0.000000000000000000
-4.939625109323342755 10.287179651865903551 0.000000000058882537 0.408035311873409579 21479.000000000000000000
-8.651829473372755430 13.009712219397362887 0.000000000380230834 0.411121313967118651 21711.000000000000000000
-5.091982642470551212 12.101489146145370412 0.000000000111286214 0.300142563218431691 6547.901901686502242228
-8.195365508659078202 10.341522110377693977 0.000000000832865557 0.356663045900154796 21410.000000000000000000
-4.771816636227988795 11.078850794550003656 0.000000000422292680 0.367377197910936926 0.000000000000000000
-8.126726690148224463 9.776710434434869867 0.000000000169876659 0.423707874059376821 5759.078427620314869273
-6.690295905477719351 11.962255250023160258 0.000000000905314371 0.043772520492032618 21286.000000000000000000
-4.829871207449475179 11.655964338946871450 0.000000000596664987 0.339261380290266701 21343.000000000000000000
-7.512510989394034944 12.337585435919081078 0.000000000254999443 0.176964543846060585 21742.000000000000000000
-9.252361758437302797 12.289471012757784862 0.000000000299580392 0.460274947820998481 21262.000000000000000000
-11.117113146617278119 2.542942585273377798 0.000000000000000000 0.468645812096755765 0.000000000000000000
-10.674581178120773117 4.969502940171459215 0.000000000000000000 0.366879489202855125 0.000000000000000000
-11.305534397220101894 6.975554351477549098 0.000000000000000000 0.472523129081582283 13657.000000000000000000
-12.365254407199282483 5.108263949270920534 0.000000000000000000 0.097126729849006180 13611.000000000000000000
-10.919793781871927507 6.475995967053174596 0.000000000000000000 0.447751975704857974 0.000000000000000000
-13.033039402853315636 2.187961286857413867 0.000000000000000000 0.436522782182503233 13505.000000000000000000
-14.674815051025397850 5.998302000886354790 0.000000000000000000 0.417728889512557100 13374.000000000000000000
-14.358050356337901832 3.900769576616999856 0.000000000000000000 0.322720366360698507 13681.000000000000000000
-13.068796511676486816 2.825809701914518079 0.000000000000000000 0.328123219046529802 9197.381543111328937812
-15.290501064111731822 4.939371056965272899 0.000000000000000000 0.461621186246184589 0.000000000000000000
-10.794498368455650805 5.837237132521384986 0.000000000000000000 0.397263252537707223 2559.401449512184171908
-10.985733065778175543 3.175550063380807142 0.000000000000000000 0.404396381510953307 0.000000000000000000
-13.370807019883210742 2.789340596344328294 0.000000000000000000 0.348392347333652208 13484.000000000000000000
-11.083047688301631339 4.085349076875575136 0.000000000000000000 0.308425922339123748 0.000000000000000000
-12.732860780940633560 7.381401340834523594 0.000000000000000000 0.469923492018141264 0.000000000000000000
-10.506516556069136925 -4.749216225935080082 0.000000000000000000 0.393494624844483720 9306.000000000000000000
-14.839300778676486559 -3.367129327901437374 0.000000000000000000 0.441786458029671147 0.000000000000000000
-12.833252040430821239 -4.759160755992735581 0.000000000000000000 0.025589630333925913 242.071753687363326435
-12.707350667895141783 -6.030464223367784093 0.000000000000000000 0.235067911705784532 9176.000000000000000000
-10.128657089585821893 -4.132079856815860097 0.000000000000000000 0.470424661092690932 5279.215285000977019081
-12.669356930392300598 -4.462387352453371925 0.000000000000000000 0.038403838335469814 9968.000000000000000000
-11.236335491382073215 -6.285666891072207108 0.000000000000000000 0.384445140781979611 0.000000000000000000
-11.529585839489318033 -3.282259784338671604 0.000000000000000000 0.322053969053936906 0.000000000000000000
-14.349215565217395607 -3.843860697760041578 0.000000000000000000 0.325551792142922847 9378.000000000000000000
-11.158019797916450599 -3.886406281449221733 0.000000000000000000 0.309707950486957206 9311.000000000000000000
-12.077981156023522402 -3.423395575696769111 0.000000000000000000 0.246113280070014956 0.000000000000000000
-10.291212117711337370 -3.661024686910497206 0.000000000000000000 0.466813801805950501 0.000000000000000000
-14.439062497412926689 -4.176229509626180558 0.000000000000000000 0.319738380101216135 0.000000000000000000
-14.257698652392019056 -4.048469522270386811 0.000000000000000000 0.296207833159739697 0.000000000000000000
-12.132026899974411194 -3.233246503000998917 0.000000000000000000 0.272091250563099407 0.000000000000000000
-6.909996616969677596 -10.598551507778433134 0.000000000141471077 0.200736438337854289 0.000000000000000000
-4.699059829667627142 -13.339296830386066617 0.000000000340547522 0.462494995857648139 0.000000000000000000
-4.798880472773437766 -13.365833155155172562 0.000000000755575847 0.451707613359681126 0.000000000000000000
-7.232768166952360467 -12.000868786469267135 0.000000000194069148 0.102211151378681295 0.000000000000000000
-8.605541147242673716 -10.080126597872906657 0.000000000367382004 0.441811357360554047 0.000000000000000000
-6.091225755465170089 -9.154456817784252465 0.000000000264738438 0.468276893987241150 0.000000000000000000
-4.521554649569268669 -13.125274137847398492 0.000000000286926853 0.466341095694711216 0.000000000000000000
-9.272018341927497076 -12.163741654234799583 0.000000000255133192 0.459384194284049086 0.000000000000000000
-5.741546963791209102 -10.206565715055420540 0.000000000067390755 0.320864384874961384 0.000000000000000000
-7.254483260063255834 -9.434107872606277923 0.000000000143339272 0.414699212710657017 0.000000000000000000
-5.241438240762239076 -9.871429924737396888 0.000000000873908465 0.421664613895436469 0.000000000000000000
-5.228257106287879985 -13.909880270941965108 0.000000000653257834 0.471906666550439557 0.000000000000000000
-6.843401014254878234 -9.909347341079078220 0.000000000547861499 0.320818042594236963 0.000000000000000000
-7.869442894049624826 -11.785023441774404418 0.000000000569567293 0.203002172910878326 0.000000000000000000
-8.808589152880612616 -13.033904543352242911 0.000000000818700420 0.436873767371669164 0.000000000000000000
1.619247919910336231 -12.797796218055202289 0.000000000000000000 0.153365451060748281 20404.000000000000000000
-0.153794239755145307 -12.989978544608627331 0.000000000000000000 0.446351705927266973 0.000000000000000000
1.537626101167616222 -15.108241626437717287 0.000000000000000000 0.355786099125798894 0.000000000000000000
3.344464340401140934 -14.307175252136209664 0.000000000000000000 0.257012557172176026 0.000000000000000000
4.397131582141776462 -11.866524717740665196 0.000000000000000000 0.445060093470569518 20809.000000000000000000
1.126803660722579981 -13.509333955536646954 0.000000000000000000 0.219169219965291873 0.000000000000000000
3.522432175105636443 -13.324598913762024210 0.000000000000000000 0.211920753839911186 20130.000000000000000000
0.492746485791110522 -13.191971850313622738 0.000000000000000000 0.328558873314241273 20195.000000000000000000
1.503257839718482147 -11.053688093817576998 0.000000000000000000 0.422746110546873333 14872.016298412492687930
1.318674385640862701 -14.980395186276510344 0.000000000000000000 0.353355133026304336 20323.000000000000000000
0.198612459981922063 -14.362993152325962853 0.000000000000000000 0.426994953762454721 20608.000000000000000000
0.618725037437514391 -12.508402102639708531 0.000000000000000000 0.334999154073598482 0.000000000000000000
1.471834456751129894 -14.965967730200230079 0.000000000000000000 0.337881581867941705 0.000000000000000000
1.779888667814376602 -15.214495922899848424 0.000000000000000000 0.358993178327817852 0.000000000000000000
4.298453418317889962 -11.951026746764350506 0.000000000000000000 0.422079387505327697 0.000000000000000000
10.763501277563598535 -8.899753064836012584 0.000000000000000000 0.079935855368474210 22109.000000000000000000
10.114131497263823434 -6.186197855185044503 0.000000000000000000 0.451141933263186246 22046.000000000000000000
11.120054293705932125 -7.352869517356565687 0.000000000000000000 0.281059819443223557 0.000000000000000000
9.951957372816208292 -8.186628255071036975 0.000000000000000000 0.120417017049760905 22707.000000000000000000
9.007255713223159432 -6.916382934949012018 0.000000000000000000 0.400038947478232043 0.000000000000000000
11.177539100836986208 -9.720286642607508298 0.000000000000000000 0.226370847725539781 0.000000000000000000
10.822851096690722983 -8.083892705831345893 0.000000000000000000 0.144667944295438888 22866.000000000000000000
9.222706218478824880 -9.268644415099814182 0.000000000000000000 0.219241692561854468 5122.248186796665322618
8.832832829594110535 -10.474904065702038025 0.000000000000000000 0.405363359318638039 22226.000000000000000000
10.772146879529346464 -9.645667088118232257 0.000000000000000000 0.175101494719679091 22260.000000000000000000
8.757159933563519516 -6.996558118946866855 0.000000000000000000 0.417614214565231512 22653.000000000000000000
9.089656189714785839 -9.137065231008394406 0.000000000000000000 0.233213180238127732 0.000000000000000000
12.699769796678751277 -8.895110021119476684 0.000000000000000000 0.421278625967424769 0.000000000000000000
9.074942674213142269 -9.136817102372841504 0.000000000000000000 0.235709495471768782 22992.000000000000000000
8.982735933349770718 -10.121458455608127736 0.000000000000000000 0.341777047232502129 22456.000000000000000000
13.094434669829785989 0.439215291675549235 0.000000000000000000 0.110200342252176023 1658.900586005414652391
12.902681019419217634 -2.181533406749380788 0.000000000000000000 0.395274937518661773 1086.443045959614437379
16.160312230620181850 0.267657752275851091 0.000000000000000000 0.469149072632581599 0.000000000000000000
15.403150756881512251 -0.851304207700080195 0.000000000000000000 0.362989270326371682 0.000000000000000000
14.117557829342214148 -0.855955525511116311 0.000000000000000000 0.180309600454594127 0.000000000000000000
12.704055825868113772 -1.449386107953416047 0.000000000000000000 0.292520288947645535 7008.000000000000000000
13.184936943311974744 -2.359436408784394423 0.000000000000000000 0.414067705527979557 7405.000000000000000000
11.547051009340172811 1.482181525720254189 0.000000000000000000 0.439108553102503629 7610.000000000000000000
13.661368378156820924 1.247227243260367491 0.000000000000000000 0.217155073933290504 0.000000000000000000
13.866933170204299941 -0.228598423645048121 0.000000000000000000 0.070295831027568603 7062.000000000000000000
11.878136343276812781 1.460718440591851630 0.000000000000000000 0.390338879909651659 7981.000000000000000000
15.054385164757878357 -0.300306780937710294 0.000000000000000000 0.274703102955231648 3874.657932829386936646
14.928874600207141299 -0.481211746388197859 0.000000000000000000 0.260986268503060170 0.000000000000000000
11.320738141656356390 1.149894576057715057 0.000000000000000000 0.443483316971072461 0.000000000000000000
11.987031568215163801 1.115315453535612678 0.000000000000000000 0.338119387824710793 0.000000000000000000
