-4.259305221577456280 2.420643574836004674 0.000000000000000000 0.442198726268486664 0.000000000000000000
0.317074239638568345 3.411859039754590928 0.000000000000000000 0.466790909441845814 840268.000000000000000000
-3.934914160722620124 1.971072361974792742 0.000000000000000000 0.453772619652657194 0.000000000000000000
-3.264622333885641048 1.501748663740879675 0.000000000000000000 0.461432130160051968 0.000000000000000000
-0.312054670871226902 5.625175644612457226 0.000000000000000000 0.464578889134427131 666686.934347288450226188
-0.856949480744114145 1.949794643094336477 0.000000000000000000 0.426438665651890703 846989.000000000000000000
-1.430866700845569328 3.776505549667097394 0.000000000000000000 0.148841523812420939 841783.000000000000000000
-1.006818176851599356 2.120414570134705912 0.000000000000000000 0.386177455958289506 844039.000000000000000000
-3.085086367652285944 5.651919349044408847 0.000000000000000000 0.346528790663012454 0.000000000000000000
-0.280858756917710339 4.325025029965235746 0.000000000000000000 0.360818054019816759 558769.051994825131259859
-4.474010256760757365 4.108377403258350213 0.000000000000000000 0.396797724675773122 0.000000000000000000
-3.044627318311140307 1.618626373715473132 0.000000000000000000 0.427986656559134648 780722.395326084108091891
-3.335961967434581510 5.338892578453029003 0.000000000000000000 0.321552772534332343 0.000000000000000000
-2.128705537273098525 2.250243915350011115 0.000000000000000000 0.292972019332941036 568715.632342210970818996
-3.243369829484415323 1.778691757540421969 0.000000000000000000 0.414847293167570741 842292.000000000000000000
-0.639786027052718698 -4.613141562171302112 0.000000000000000000 0.315890666015590682 677132.000000000000000000
-0.883302195872871954 -4.647154855639050730 0.000000000000000000 0.279699438747099016 684047.000000000000000000
-3.134734707462717207 -3.221754735286841420 0.000000000000000000 0.196381334778204575 678975.000000000000000000
-1.936151862188745909 -5.064258844431987150 0.000000000000000000 0.216845691409909558 682504.000000000000000000
-3.232364099630939069 -4.734750513096419589 0.000000000000000000 0.229670340553072644 682524.000000000000000000
-4.333958856395942583 -3.838346803510959138 0.000000000000000000 0.370053449574343274 0.000000000000000000
-2.566443463487533716 -1.935315985285726903 0.000000000000000000 0.352395334409769501 246394.398380602564429864
-4.200494056625126760 -2.878127463800907115 0.000000000000000000 0.390186511685139681 0.000000000000000000
-1.057650966394525716 -4.018340546995851525 0.000000000000000000 0.215187115245781491 0.000000000000000000
-0.498467094455116555 -3.819993986891096593 0.000000000000000000 0.313874771290179377 0.000000000000000000
-2.661743833595878517 -2.392219875965363673 0.000000000000000000 0.276252832687078675 680071.000000000000000000
-2.191542101474042603 -3.750776674636391306 0.000000000000000000 0.027525646008014559 683145.000000000000000000
0.043309113413639085 -4.752839195939599470 0.000000000000000000 0.438013833141679965 685583.000000000000000000
-0.119527387535261542 -3.179042537639894750 0.000000000000000000 0.401656405707320141 150813.847422008635476232
-2.033902327616142536 -5.339830837298130461 0.000000000000000000 0.261258081700162292 685510.000000000000000000
4.848181800206237568 1.638011891557572097 0.000000000000000000 0.296988709638286386 764645.000000000000000000
2.158073982364367094 -0.226692970212466788 0.000000000000000000 0.421830323746734626 649135.003600586438551545
2.982551841218899380 -0.100655557141170068 0.000000000000000000 0.273563631918286754 552422.333705384866334498
4.667164767080653753 0.185528380540260218 0.000000000000000000 0.042776761742833097 480857.614953416632488370
5.504798838691782770 -0.514032736694471581 0.000000000000000000 0.198750935548722973 0.000000000000000000
6.780664588847195695 -0.870153194214867809 0.000000000000000000 0.432403040113751025 0.000000000000000000
6.138243608763540138 1.355881079258259847 0.000000000000000000 0.376383182566415231 757584.000000000000000000
5.576501700206889289 0.957165247677389419 0.000000000000000000 0.254409570111658656 507982.576161185861565173
4.703672075346710280 -1.454401711447154355 0.000000000000000000 0.260574052557445535 762622.000000000000000000
4.198438117732504082 2.032860914569714961 0.000000000000000000 0.365608895216070595 0.000000000000000000
3.091083106037866290 0.890038482590626567 0.000000000000000000 0.298964786908844038 295056.039251183567102998
6.778679147927422655 0.551573908703635207 0.000000000000000000 0.415264100627479427 0.000000000000000000
2.221887157230697962 -1.018587880235538146 0.000000000000000000 0.446904277828560514 0.000000000000000000
3.424732728039044716 0.030460094331761816 0.000000000000000000 0.194248647385543483 759276.000000000000000000
6.113989284132831159 -1.714478676973221205 0.000000000000000000 0.416949887275057274 0.000000000000000000
12.414954106504572096 7.342514856513801647 0.000000000673730333 0.443845978995789758 841288.000000000000000000
9.576666215827211559 8.529037066430777969 0.000000000261884232 0.141489555675393258 0.000000000000000000
7.749515618818958451 9.305144228499177217 0.000000000248799529 0.472091996365485489 0.000000000000000000
10.469192039239739955 9.154646412985595560 0.000000000519969925 0.074888949289809340 844001.000000000000000000
12.611897727140593872 9.962724997980327402 0.000000000912513805 0.457053098095965393 0.000000000000000000
11.182251677776077869 9.969992356639421516 0.000000000242969171 0.261332838295996406 842202.000000000000000000
8.813672061939305635 7.329732473563375983 0.000000000349579993 0.369041848611606493 0.000000000000000000
8.338091929451197259 10.424973955709383233 0.000000000135956684 0.462976661745446161 0.000000000000000000
9.679747759983088784 10.717832617107960758 0.000000000282333910 0.365263380831984563 842940.000000000000000000
9.199725687600576407 9.819950818011832894 0.000000000737615406 0.277137833012969570 0.000000000000000000
9.156187616741004121 9.546563994382848861 0.000000000310582632 0.253469880773665057 842184.000000000000000000
8.832971906238492821 10.912844743816400239 0.000000000739846831 0.465758979747956381 844699.000000000000000000
11.254582330714294258 6.349424701588463726 0.000000000674993992 0.450417554207648840 847081.000000000000000000
11.325957437781045911 6.901447526982429359 0.000000000783766963 0.367884678892963835 0.000000000000000000
8.652749551920644322 7.247104935977364271 0.000000000817903120 0.400129446392305799 845116.000000000000000000
3.448780782894243391 12.618365647451598832 0.000000000000000000 0.230614048456077192 0.000000000000000000
4.563309908512159119 12.482969546961212970 0.000000000000000000 0.421584526864908715 921186.000000000000000000
3.505932745100859727 14.237595124648741773 0.000000000000000000 0.269907642100899181 0.000000000000000000
3.195484328709500943 15.481251012647520682 0.000000000000000000 0.421362782246743117 467541.052663010894320905
3.727159397371338390 14.953136594885261701 0.000000000000000000 0.388103140020573223 918215.000000000000000000
1.013348443860203618 12.555386524367145640 0.000000000000000000 0.268219285402885366 0.000000000000000000
4.688706192799248385 14.478165607589527752 0.000000000000000000 0.470861326714695161 921398.000000000000000000
4.064908057373950889 11.549886439827776741 0.000000000000000000 0.435343289207262119 919014.000000000000000000
1.896107076407113734 14.905257193051074438 0.000000000000000000 0.300376488189747770 924366.000000000000000000
3.108561961541018714 14.477370427613967863 0.000000000000000000 0.254413673850823085 0.000000000000000000
1.886049195793077615 14.915799213830746694 0.000000000000000000 0.302658755770923049 0.000000000000000000
4.129646768072070984 11.601772686539082002 0.000000000000000000 0.437240345562797061 0.000000000000000000
3.393975539554426657 12.023118840431880727 0.000000000000000000 0.292327877251844503 926397.000000000000000000
3.680328556374674154 15.458664701597754743 0.000000000000000000 0.456421525157716335 927110.000000000000000000
0.695282708949825690 11.243564097584172856 0.000000000000000000 0.465300913583906739 921843.000000000000000000
-7.349865961151175853 12.170202802484057614 0.000000000886681860 0.135988682253562920 0.000000000000000000
-6.175354387184293969 14.135553134191198410 0.000000000804533551 0.439374171298123062 0.000000000000000000
-4.596281957774651872 10.881304340184334123 0.000000000854698235 0.408635635795761787 0.000000000000000000
-5.700523923348548294 10.147157402437162688 0.000000000464933535 0.333683821204164732 1704428.000000000000000000
-7.021325228839252475 14.051764795734140279 0.000000000223627756 0.416023958080708689 0.000000000000000000
-8.443152492317794966 11.670089081701348732 0.000000000112192544 0.305032408307931435 1712743.747600019909441471
-6.253491442770173769 11.382927487391105714 0.000000000467353950 0.104022010646098922 0.000000000000000000
-6.878559444621969554 9.618808476108615224 0.000000000902616494 0.372518544842262822 1759326.000000000000000000
-8.706931350820532600 12.360741253213861413 0.000000000927270850 0.369737851830885977 0.000000000000000000
-4.486627754432340964 11.515542202305192987 0.000000000262128614 0.401861847378422510 1717463.000000000000000000
-7.163484668745963901 13.571889793986699146 0.000000000211428541 0.336757925941352343 1747975.000000000000000000
-7.214822008760972238 10.231973359521996159 0.000000000757985147 0.276707907906751038 1729902.000000000000000000
-4.982055447946788895 10.094961149739699380 0.000000000397360299 0.424461702364538451 1773210.000000000000000000
-7.178244935014441275 10.941073654209571231 0.000000000801197730 0.158872169510618833 1724869.000000000000000000
-9.196932924754209537 11.785261663175521818 0.000000000386172316 0.439398082318339545 1738120.000000000000000000
-14.216985489606924986 2.914647184623663900 0.000000000000000000 0.406638619604813012 1037928.000000000000000000
-13.854062544706339466 2.528029760469372444 0.000000000000000000 0.424901048123956182 1080763.000000000000000000
-14.170521834879362899 4.645056405353705564 0.000000000000000000 0.259861265077822201 0.000000000000000000
-10.684495639124831357 6.240255829316330605 0.000000000000000000 0.452782109599980553 0.000000000000000000
-14.044155754020360760 4.591846766345683228 0.000000000000000000 0.237748203388006202 0.000000000000000000
-10.612454408533972483 4.357546217528881272 0.000000000000000000 0.378592911912896735 1058610.000000000000000000
-13.976107394324991162 6.703319788792861722 0.000000000000000000 0.417112111012244935 1097294.000000000000000000
-14.175755380782620207 3.308946466233002148 0.000000000000000000 0.352643375267223114 904251.826363842934370041
-11.990794747827214550 6.265157409987383907 0.000000000000000000 0.304778666602602943 911323.901255359058268368
-11.275870488546035020 5.639337037106527006 0.000000000000000000 0.306080888565365250 195304.624742798798251897
-14.094730061536667520 5.940008981346209360 0.000000000000000000 0.329377887645023903 1103762.000000000000000000
-11.206513079895318086 4.377517444710561811 0.000000000000000000 0.273631241261916514 1026932.985531888203695416
-13.341898481066269966 5.889573954860046534 0.000000000000000000 0.238307021838790378 0.000000000000000000
-12.434277134050947922 2.840294273894401922 0.000000000000000000 0.323658744979144430 1114801.000000000000000000
-11.184259565139754500 4.519975680663443462 0.000000000000000000 0.273913741230868146 1033358.000000000000000000
-13.940046639883645341 -6.985640212864049126 0.000000000000000000 0.455992765526001487 766319.000000000000000000
-15.321745585111584020 -5.048344175647272891 0.000000000000000000 0.469355919742955430 757846.000000000000000000
-14.322916602073751946 -3.981591073900725419 0.000000000000000000 0.311348580946900100 762640.000000000000000000
-12.167716131315652106 -3.532873435482965618 0.000000000000000000 0.221869540801450882 19359.647142343335872283
-11.349534812493368818 -4.919431353263566287 0.000000000000000000 0.246653842362733133 0.000000000000000000
-13.192026533547270617 -2.246499838019998307 0.000000000000000000 0.431015027960835517 765894.000000000000000000
-12.215039939462156937 -3.837632949736818233 0.000000000000000000 0.171196485709603774 0.000000000000000000
-14.563563998392927701 -4.790914431931985185 0.000000000000000000 0.330426408131688776 766228.000000000000000000
-11.991023863407162864 -6.248565060079600109 0.000000000000000000 0.302145212236183291 0.000000000000000000
-11.531253961109033668 -6.991042468109759156 0.000000000000000000 0.454698109391050043 0.000000000000000000
-12.516920156967328737 -3.274895016621107047 0.000000000000000000 0.246669167382021853 761240.000000000000000000
-11.598433892113133581 -5.801925615395506775 0.000000000000000000 0.278906749496345308 759286.000000000000000000
-11.883206976870232197 -6.845815289929869429 0.000000000000000000 0.405368572851266873 0.000000000000000000
-10.810749025465279161 -5.543122911471129122 0.000000000000000000 0.371119178117748028 754303.406342714908532798
-12.657033406842701950 -3.700377812610308847 0.000000000000000000 0.170415136482656965 757539.000000000000000000
-8.001695673902396777 -13.457243368450923171 0.000000000661604057 0.381590410523777734 0.000000000000000000
-8.278079683557226787 -13.714018242414608650 0.000000000340115131 0.447423351693240712 0.000000000000000000
-6.511817922412229898 -13.705718297160148111 0.000000000404809012 0.353977637824743729 0.000000000000000000
-6.339969819425804509 -14.117562266283050221 0.000000000085954929 0.430478424772756829 0.000000000000000000
-4.995220307380627389 -13.055743025875505836 0.000000000591481932 0.389930576736302159 0.000000000000000000
-6.184656367875830618 -13.851559271288119035 0.000000000911440496 0.390134382120859158 0.000000000000000000
-5.065951997428819631 -12.807177864985494153 0.000000000375298125 0.354186720330693317 0.000000000000000000
-8.434793714336120019 -12.791084555243262599 0.000000000850258956 0.357711595789712233 0.000000000000000000
-7.179469652578347905 -12.908424971003567450 0.000000000693377718 0.225076735450403354 0.000000000000000000
-5.593296442276506575 -12.091341707118303361 0.000000000439272344 0.213496886664276020 0.000000000000000000
-6.321767812814708343 -10.932667248041402885 0.000000000282052787 0.157249644225018886 0.000000000000000000
-7.576690829168654773 -9.228983224146871223 0.000000000335169324 0.465250540512097022 0.000000000000000000
-8.747294429808672334 -10.845710174923047120 0.000000000737228879 0.390798202471778933 0.000000000000000000
-8.243027638777705945 -10.019881136728946203 0.000000000361746076 0.403223356498865537 0.000000000000000000
-5.973742004734076794 -9.946776877029190445 0.000000000843934817 0.341738234533240592 0.000000000000000000
-0.235206323753097968 -12.986064482129187070 0.000000000000000000 0.460842777727947017 1608693.000000000000000000
1.171730789463063083 -11.386287438275445538 0.000000000000000000 0.395381234457463537 0.000000000000000000
0.706553585960182806 -12.778912387637291204 0.000000000000000000 0.303362022017559463 1633969.000000000000000000
2.213511475270677931 -15.653526011546251340 0.000000000000000000 0.423796502959853605 1676898.000000000000000000
1.651920787374674182 -11.852292635062429582 0.000000000000000000 0.281357141031156388 1648284.000000000000000000
2.153477065199330021 -15.419426435525579677 0.000000000000000000 0.382935040573663232 1629981.000000000000000000
1.413886100362655274 -14.009477930608561280 0.000000000000000000 0.209642120632046763 1691570.000000000000000000
3.184146629811980045 -15.766733875730126968 0.000000000000000000 0.468390431076747549 0.000000000000000000
3.953671187444196544 -12.596057849036341736 0.000000000000000000 0.312987408892876406 0.000000000000000000
1.813780389227184209 -11.939220183008179887 0.000000000000000000 0.255647620737451953 0.000000000000000000
3.545799027901517686 -11.020045293750930782 0.000000000000000000 0.455981338919725587 0.000000000000000000
1.462054155530376987 -10.819442634597505659 0.000000000000000000 0.464456942879316437 1648559.000000000000000000
0.193085203601026822 -14.065952336054113658 0.000000000000000000 0.406688142221060589 1602388.000000000000000000
0.898865732856663380 -15.258949289204418065 0.000000000000000000 0.436041577271537972 0.000000000000000000
1.509987338495432985 -14.925285802997793283 0.000000000000000000 0.328345098265473645 537491.392118059447966516
11.540949869633537972 -9.574201265281185869 0.000000000000000000 0.258232090724093477 1814642.000000000000000000
12.089526933969514388 -8.240775240366176035 0.000000000000000000 0.324101982548444190 0.000000000000000000
9.526775064682656335 -9.648106033528591752 0.000000000000000000 0.214515451276713121 0.000000000000000000
11.567070431684978615 -7.977150668341097095 0.000000000000000000 0.256880386208795775 736203.341930907685309649
12.870397805272355995 -8.267587948830186662 0.000000000000000000 0.458633407654996161 1777905.000000000000000000
9.604149935531312465 -8.484561889202797857 0.000000000000000000 0.139176869942456261 144528.255551954207476228
8.560086946338829605 -8.443321697496823930 0.000000000000000000 0.321841711625388327 0.000000000000000000
9.666477596595775879 -10.565297351702202633 0.000000000000000000 0.340865575081294336 1818023.000000000000000000
12.603668564005724662 -7.605477538137000337 0.000000000000000000 0.450022715882875290 542003.146646210923790932
12.168052866610706175 -8.700757578233202949 0.000000000000000000 0.325836219998792087 0.000000000000000000
9.988136470982516002 -6.317589117448457081 0.000000000000000000 0.430977071095760611 0.000000000000000000
11.482126601327006910 -8.966180382927436909 0.000000000000000000 0.207027227044437684 1773877.000000000000000000
11.977578656820860203 -6.642449056786359662 0.000000000000000000 0.469757130785334709 1755492.000000000000000000
10.121711852353788785 -6.504710475428030492 0.000000000000000000 0.395400368096421262 1122249.596266562584787607
11.008160214982522618 -7.273025116309484339 0.000000000000000000 0.284434779989158060 1826489.000000000000000000
15.335112537590900317 -1.223007620659742001 0.000000000000000000 0.383190982465994145 603207.000000000000000000
12.897446515844755766 -0.869218187831170330 0.000000000000000000 0.189515123927352258 0.000000000000000000
11.854057542813206894 -0.895345222638320615 0.000000000000000000 0.338621378083141522 0.000000000000000000
15.793608891052109300 1.009225125902684095 0.000000000000000000 0.437604822711087249 598441.000000000000000000
12.812086992514215567 1.148458072338587543 0.000000000000000000 0.237945653615372205 0.000000000000000000
13.675567742438435204 -2.710568900846284102 0.000000000000000000 0.470186138201003467 601761.000000000000000000
13.468523855785020871 0.065496426975992547 0.000000000000000000 0.017210139987125353 601487.000000000000000000
13.804609275322718531 1.229243477710339372 0.000000000000000000 0.218034278707264606 598873.000000000000000000
14.388634693200192061 -0.207326447017002702 0.000000000000000000 0.155285430677742642 599066.000000000000000000
14.512314385591247756 -0.896281669647423618 0.000000000000000000 0.232381835922130991 599309.000000000000000000
11.195223133459853315 -0.167179212933815713 0.000000000000000000 0.419142616328181783 0.000000000000000000
12.328228941776446348 1.369772407128866831 0.000000000000000000 0.321504428241057072 239298.120785763545427471
12.642860498032959526 -2.240488515969770056 0.000000000000000000 0.420630981101860923 603428.000000000000000000
14.618986698216813735 1.835925598471694897 0.000000000000000000 0.371044101405239024 230585.523635676334379241
15.404476613405289953 0.324964699124924650 0.000000000000000000 0.336865479180488814 0.000000000000000000
