-0.849676860189560124 4.867466021573792823 0.000000000000000000 0.305499574575349098 606131.478327035089023411
-3.248480442050069694 4.417585106001740591 0.000000000000000000 0.199911130310809287 839180.000000000000000000
-0.325011107680423350 3.676766347112458533 0.000000000000000000 0.346627329061373002 0.000000000000000000
-3.168985505475782727 3.765940655847034968 0.000000000000000000 0.163825297647274548 0.000000000000000000
-1.950295383553166451 2.842252583019897472 0.000000000000000000 0.194545281352417415 839716.000000000000000000
-0.877632728535031159 3.730036103812600867 0.000000000000000000 0.247703301450581947 837544.000000000000000000
-4.004272172966228283 2.138962810497980094 0.000000000000000000 0.440377413270880869 327319.474804465658962727
-3.162891398643173257 4.705722631510140808 0.000000000000000000 0.216971626097779591 0.000000000000000000
-3.763458087937039842 5.877575818023763610 0.000000000000000000 0.443904909934391856 0.000000000000000000
-4.559138269885651518 4.554765426898269354 0.000000000000000000 0.426762550428400000 844359.000000000000000000
-2.871580084105449071 1.866796889459689135 0.000000000000000000 0.376462172296972930 0.000000000000000000
-1.905284555480466047 2.386258152250370301 0.000000000000000000 0.275145030546920522 837229.000000000000000000
-3.615410768304978983 5.668306092977698718 0.000000000000000000 0.398316508971567618 840250.000000000000000000
-3.324711030656109845 2.475146542038654474 0.000000000000000000 0.315556417349793450 0.000000000000000000
-0.463249513296566995 5.608877413437416415 0.000000000000000000 0.442811697747401478 843795.000000000000000000
-1.085989223462170639 -5.214908133815865376 0.000000000000000000 0.315177965686569361 179192.279815208254149184
-2.253275401922738563 -2.460920451805852505 0.000000000000000000 0.254535037289480570 683636.000000000000000000
-4.154958054932661682 -2.533268870221781377 0.000000000000000000 0.415398292155076676 0.000000000000000000
-1.558375971363626489 -1.516839963356778176 0.000000000000000000 0.440739476895914195 76319.714503324037650600
-3.223998617409458145 -5.270558997253638189 0.000000000000000000 0.300017227125640995 683290.000000000000000000
-2.852482213598117600 -4.931842608685681917 0.000000000000000000 0.213577759779069176 263289.018523677310440689
-1.085290437187775181 -4.011860418853909316 0.000000000000000000 0.210167566634011066 0.000000000000000000
-3.137758918111429818 -3.137557585933544946 0.000000000000000000 0.206219031732598174 685813.000000000000000000
-0.868714988624054940 -2.226097866998997254 0.000000000000000000 0.386271345612053230 685139.000000000000000000
-4.371927196568856644 -5.404594657709706595 0.000000000000000000 0.463123176266108549 0.000000000000000000
-2.033206339509969318 -4.735453427893228096 0.000000000000000000 0.155795139613362194 678636.000000000000000000
-3.987877536108171750 -4.744715925747213348 0.000000000000000000 0.343728079673726206 677146.000000000000000000
-2.106688022218589751 -4.664455530333488475 0.000000000000000000 0.140517030288906858 0.000000000000000000
-4.583819247263641650 -4.153427416019146001 0.000000000000000000 0.417098328445182742 0.000000000000000000
-3.507029179889712633 -3.445540463843310697 0.000000000000000000 0.236224668897946966 0.000000000000000000
6.468880341298874015 -1.662502227818237088 0.000000000000000000 0.456428523188592006 446326.976549642393365502
2.653617680001114199 1.764183720876289829 0.000000000000000000 0.456506766040468415 401272.861382153118029237
4.548825842771941019 -1.110600688091974986 0.000000000000000000 0.197420387255043378 757906.000000000000000000
3.620957284180714719 -0.890648692201900793 0.000000000000000000 0.224533224284719890 0.000000000000000000
5.504110497454138162 -1.297187284213028535 0.000000000000000000 0.290119932513707712 0.000000000000000000
3.129569722330014070 0.678652439578801281 0.000000000000000000 0.274703329291644094 0.000000000000000000
3.578054448503515950 -1.595337096652045483 0.000000000000000000 0.329048604586039128 757626.000000000000000000
4.583461700593154831 1.125675772450895007 0.000000000000000000 0.200378110380239366 759459.000000000000000000
6.171926713686662680 1.819636189083351896 0.000000000000000000 0.437641612451918627 0.000000000000000000
4.313271022270550148 -0.033158980283931536 0.000000000000000000 0.036291825966437846 181938.011389183171559125
4.274724896338047309 -2.559065391701344172 0.000000000000000000 0.456720321607645696 765932.000000000000000000
4.471080512758310199 -1.067388393487451959 0.000000000000000000 0.189812109396667789 764892.000000000000000000
3.241008721763635858 -0.759109285730839356 0.000000000000000000 0.264026480012921116 762632.000000000000000000
2.619588417456413243 1.847707657949346105 0.000000000000000000 0.471169440676019513 762924.000000000000000000
3.018615621607725785 -2.216755379691222938 0.000000000000000000 0.475838932624880973 0.000000000000000000
9.073856693563753240 7.842957077626014240 0.000000000118554341 0.276151203905161902 844723.000000000000000000
11.167633995800814617 6.385802362159782142 0.000000000434902413 0.439102010608258153 845224.000000000000000000
8.852429167924126929 6.657717655530203338 0.000000000421000786 0.453070654407932816 118621.711538173927692696
10.898571517398758957 9.220680405424895199 0.000000000844512824 0.129421686601524755 0.000000000000000000
8.449107428619928584 6.958697659760247234 0.000000000725614660 0.461111339203536086 837190.000000000000000000
12.172456909952016346 8.462562322134770554 0.000000000222441811 0.330306115224216712 845782.000000000000000000
10.227373395247076004 11.096831222746006418 0.000000000059081987 0.412411186325633339 846690.000000000000000000
10.252144443778449912 9.284948860915358537 0.000000000413541239 0.095482202131168009 162598.158257421979214996
12.294936977046761584 7.059518331869946373 0.000000000092795755 0.456511843794025041 837467.000000000000000000
11.551748494663037548 9.260840771074605016 0.000000000697022083 0.233796087313235729 0.000000000000000000
8.584501373564213722 10.500475356804415128 0.000000000532214012 0.439175816026685317 80002.357528232969343662
9.176272287688325591 9.432965822239477660 0.000000000536291636 0.239890247741244428 842851.000000000000000000
8.607202648961630231 8.739933788783341484 0.000000000278968434 0.308960219775553158 0.000000000000000000
8.124139912232157812 8.144582363741262654 0.000000000001704112 0.409052804442320617 0.000000000000000000
8.231090067797683929 7.812272636414765437 0.000000000707332126 0.410421933353387614 0.000000000000000000
2.288874505615910326 14.565803167613127655 0.000000000000000000 0.229704992633880667 0.000000000000000000
3.152055979870610702 14.241922176960075674 0.000000000000000000 0.225308416409040535 920516.000000000000000000
1.070088365205341008 12.506578260871703989 0.000000000000000000 0.263803260168547826 0.000000000000000000
3.404625556781273765 10.974925986180846138 0.000000000000000000 0.451913927340826693 924633.000000000000000000
2.707653394783784417 12.492890426371493717 0.000000000000000000 0.154612966837027355 0.000000000000000000
2.375617749208429164 13.539731424020214234 0.000000000000000000 0.047411744836297100 927126.000000000000000000
3.922737479644714309 12.692622498443709489 0.000000000000000000 0.301567429776012252 923054.000000000000000000
4.712115402292260669 12.782294146865668338 0.000000000000000000 0.432784523530767240 921776.000000000000000000
0.087740683130195146 14.440248797867118569 0.000000000000000000 0.450855046610354637 0.000000000000000000
1.112473479244721730 10.926071255418953854 0.000000000000000000 0.471948930134659717 0.000000000000000000
-0.157628823295287740 13.840904795950427442 0.000000000000000000 0.455333806330649127 926491.000000000000000000
1.497141468286379729 15.238421135778112969 0.000000000000000000 0.379935371104409891 0.000000000000000000
1.764224769629600731 12.772853189503951654 0.000000000000000000 0.135570396122766029 926471.000000000000000000
1.415196739709288387 12.629729108685008754 0.000000000000000000 0.200295492110021817 923253.000000000000000000
-0.003178623122080487 13.810655466986816009 0.000000000000000000 0.427303930043642255 0.000000000000000000
-5.021712623261303854 11.176593847103932333 0.000000000658386495 0.319675644842370543 1693051.000000000000000000
-8.436923603521425008 13.456944466603758315 0.000000000776930737 0.431958426756827107 1756286.000000000000000000
-6.288000773239771135 10.126437056274365744 0.000000000272629095 0.292860857765760374 0.000000000000000000
-7.059989434253772345 13.405994577627907915 0.000000000568092965 0.304217481923883870 0.000000000000000000
-7.255404178975275009 10.430004127862648744 0.000000000393237516 0.246289783890870945 0.000000000000000000
-7.097995084698876411 9.108380934763346204 0.000000000057158899 0.466385952442503748 1339561.222391802351921797
-4.996635864647453573 10.898600671315524124 0.000000000869898860 0.341815379835232303 0.000000000000000000
-8.010178392465951092 10.453789523756055857 0.000000000843723838 0.319135666368148663 0.000000000000000000
-5.724782534656426058 12.940372846161380949 0.000000000444531293 0.281259923454247718 1720218.000000000000000000
-6.208720937946262453 13.853871655687255426 0.000000000071707784 0.389472398491814142 295017.088787414599210024
-7.563513034687060710 11.144896666033192290 0.000000000064948829 0.179553011481731611 1693965.000000000000000000
-9.084573181163298372 12.236242654715439926 0.000000000542285684 0.429057774391836955 1698802.000000000000000000
-6.518756761374664421 10.988232410099188385 0.000000000456685378 0.134804793198426559 1752606.000000000000000000
-7.706822144566856103 12.261570846661346224 0.000000000702315054 0.198444624314725537 0.000000000000000000
-7.818398581435930694 13.944754498224723349 0.000000000627299657 0.438563389156972794 243304.248638830438721925
-15.057304906265141398 3.481510784286938609 0.000000000000000000 0.466364551867005706 1109950.000000000000000000
-15.119222266633144613 5.673312615606413978 0.000000000000000000 0.462116569436341162 1077830.000000000000000000
-13.592980789212255388 4.906858257768170972 0.000000000000000000 0.161773623372288483 0.000000000000000000
-13.035407043602695865 3.833740662258330989 0.000000000000000000 0.157661843219935066 1112257.000000000000000000
-13.661326714059070397 5.472982435209122087 0.000000000000000000 0.218122369081459988 1091965.000000000000000000
-11.969688962437130542 5.808270359970753915 0.000000000000000000 0.237178287201961907 0.000000000000000000
-13.912196539841243492 4.332483918179864446 0.000000000000000000 0.222022132508085890 983536.538998242933303118
-11.550395575046898955 6.612883650910484690 0.000000000000000000 0.395675153226015264 1085108.000000000000000000
-13.253553417385122160 6.159113142504462068 0.000000000000000000 0.274607891560334771 1120994.000000000000000000
-14.670284465415727837 4.494443045634868739 0.000000000000000000 0.350329914972357825 0.000000000000000000
-12.865702420740278811 5.991535648071367959 0.000000000000000000 0.229841405882751176 1105544.000000000000000000
-13.411327847343624597 6.289690785447837662 0.000000000000000000 0.306181205123409073 1055844.000000000000000000
-10.407366309904851676 4.087582711167098815 0.000000000000000000 0.423728313875906593 1059740.000000000000000000
-12.643407860934706477 3.355245290381685841 0.000000000000000000 0.230480447594553550 0.000000000000000000
-15.202672307276349883 5.572589775914140731 0.000000000000000000 0.469924066356419978 0.000000000000000000
-10.952039131589888399 -2.902996975522976086 0.000000000000000000 0.440983488226147580 763275.000000000000000000
-12.941116533903260333 -4.918187042115508056 0.000000000000000000 0.058189203328611230 0.000000000000000000
-13.912575168682078441 -3.994183508950522654 0.000000000000000000 0.244566149234755503 0.000000000000000000
-12.238093838441406191 -5.139555801296293858 0.000000000000000000 0.116641322880700338 0.000000000000000000
-12.318821441953367923 -6.656177653280532347 0.000000000000000000 0.351217694009833936 762071.000000000000000000
-12.324487476971560440 -6.062694273149120683 0.000000000000000000 0.250610960267043659 0.000000000000000000
-12.707903208411918783 -5.610525649703050455 0.000000000000000000 0.162049371526928498 764768.000000000000000000
-13.849769793591510947 -3.477643642934420853 0.000000000000000000 0.290625596137847886 0.000000000000000000
-12.571636608972454496 -2.455216412111815849 0.000000000000000000 0.387522847692757022 757650.000000000000000000
-14.346574146672541161 -6.551266799308355537 0.000000000000000000 0.435986371394606442 763529.000000000000000000
-12.751077090666957048 -6.365652797464737667 0.000000000000000000 0.293398488500974053 761975.000000000000000000
-15.153745249662046390 -4.519197880299826942 0.000000000000000000 0.435914746861002844 0.000000000000000000
-12.217976687413152348 -5.654903772517846150 0.000000000000000000 0.191476171270991508 760039.000000000000000000
-11.438562988703385059 -3.374917812023968899 0.000000000000000000 0.321319947871937850 464148.809806155913975090
-10.908480469207425756 -4.366643295493248367 0.000000000000000000 0.326237016271006874 96066.205253867708961479
-5.818801256297279068 -13.925225780505540385 0.000000000544743103 0.423454300604699185 0.000000000000000000
-4.434435679064252511 -12.635780400218076025 0.000000000789939888 0.440661250722065856 0.000000000000000000
-7.640082121217911748 -9.682947844832453299 0.000000000743722407 0.394638673348798652 0.000000000000000000
-4.258249798828791732 -10.732159304813885470 0.000000000430934056 0.474383856996704101 0.000000000000000000
-6.568510544191774159 -10.522832836038121584 0.000000000307189081 0.213704202738459831 0.000000000000000000
-4.607554598179243399 -11.376589447204512595 0.000000000272512538 0.383522873363418337 0.000000000000000000
-4.624826701634013659 -11.596098446200906906 0.000000000661805070 0.376246308525918671 0.000000000000000000
-6.031754884145322571 -11.845525578061895544 0.000000000389324240 0.126886098260082125 0.000000000000000000
-8.012605304807175699 -9.541644318134691716 0.000000000454815944 0.447332943114630899 0.000000000000000000
-6.576828754320195536 -12.930126261412830502 0.000000000091485015 0.216258345827847698 0.000000000000000000
-8.843182016543407187 -12.931091891755427170 0.000000000753707926 0.432843065973039454 0.000000000000000000
-8.097411681796234717 -13.360101805184044110 0.000000000281821542 0.378608645935357868 0.000000000000000000
-8.688229189112629314 -12.012958053508931755 0.000000000034869753 0.352441937710604891 0.000000000000000000
-4.154715735144756117 -11.635142438198322168 0.000000000664646838 0.459624772735864051 0.000000000000000000
-7.734346869394299162 -10.474248192571378624 0.000000000636430996 0.283373435829478604 0.000000000000000000
4.490644314149910166 -13.575600642792776895 0.000000000000000000 0.387953328148282650 1678228.000000000000000000
2.080758056326849736 -13.734786809266836372 0.000000000000000000 0.093264573193498873 1658797.000000000000000000
2.948501269185277884 -15.142479467011542127 0.000000000000000000 0.349731061949603739 1656319.000000000000000000
4.244065346635949254 -12.068022604069364334 0.000000000000000000 0.402591029571517323 737044.294336435035802424
0.113631940221907882 -14.481993136199713845 0.000000000000000000 0.450261400189099381 1677048.000000000000000000
2.834157656554360916 -12.570733083074340897 0.000000000000000000 0.154063216483554422 1646451.000000000000000000
-0.089898307754650297 -12.263787216152014281 0.000000000000000000 0.468204698908660177 0.000000000000000000
3.043304745257913613 -13.793935252108045830 0.000000000000000000 0.156348959011361449 0.000000000000000000
2.528019960678020706 -12.527226408662553325 0.000000000000000000 0.137852470178019909 1626119.000000000000000000
-0.225196236146198048 -13.931338071821448565 0.000000000000000000 0.470812822169392908 249383.823345576965948567
1.659077136884758996 -15.758301448514970389 0.000000000000000000 0.458067220992293911 929627.099408233538269997
4.656778676901355496 -12.085815767476015381 0.000000000000000000 0.464943719873595451 1652470.000000000000000000
0.165244709897085590 -13.310896188690518827 0.000000000000000000 0.386619209017262488 0.000000000000000000
3.074526467835988264 -13.928675263951054930 0.000000000000000000 0.175712151854150955 1600664.000000000000000000
1.746852332085296444 -14.247709038394390291 0.000000000000000000 0.202173665611647152 0.000000000000000000
9.825360162745999659 -7.840014349654255810 0.000000000000000000 0.183913213343309900 0.000000000000000000
11.177868720634915434 -11.030676277698397314 0.000000000000000000 0.426646743180622068 0.000000000000000000
10.901375103650980947 -7.614081251354419599 0.000000000000000000 0.222380433334074701 1813173.000000000000000000
8.419862895336528652 -9.483011709117375787 0.000000000000000000 0.365926739041197768 1791671.000000000000000000
11.270584105585779611 -11.263090042432924776 0.000000000000000000 0.470479887956606335 0.000000000000000000
7.775281640365615310 -8.891854245979706306 0.000000000000000000 0.457907882707520641 0.000000000000000000
11.933709080557093785 -10.068899827702198380 0.000000000000000000 0.366048290162832524 1174141.420214882586151361
9.453088086518109279 -7.920034956353826594 0.000000000000000000 0.214849214501695390 0.000000000000000000
9.256548311787719641 -8.395186101270400769 0.000000000000000000 0.202918267389679247 0.000000000000000000
7.714545661437136381 -9.182212902950787736 0.000000000000000000 0.474226919228492971 1833486.000000000000000000
9.024689858055356950 -7.659742065748561757 0.000000000000000000 0.302603940652755199 0.000000000000000000
11.620117784393038107 -6.515430432473388045 0.000000000000000000 0.452319578719208637 1837136.000000000000000000
10.997189460436949560 -9.385268048148196485 0.000000000000000000 0.161736498146029861 1835829.000000000000000000
10.507994098538944172 -8.368211757337373768 0.000000000000000000 0.072957469370251465 1576621.403297362616285682
9.358035000255753744 -6.410029963245018614 0.000000000000000000 0.446335164716334942 1757339.000000000000000000
15.542259260338937565 -0.455845358748807716 0.000000000000000000 0.365288957804142056 600186.000000000000000000
11.214708888608848625 -0.377938608218891081 0.000000000000000000 0.419845039952980781 405997.084512520057614893
11.557785260462773991 0.236970858985244059 0.000000000000000000 0.355913246362252078 602737.000000000000000000
14.435126013217068675 -1.001212483064822578 0.000000000000000000 0.235353440147141157 167.261990575795522318
15.778706033279119580 -0.080289946256445990 0.000000000000000000 0.399106236576527884 0.000000000000000000
13.285625367956727771 -1.836889787132458318 0.000000000000000000 0.321736745645568978 0.000000000000000000
13.968120858351976921 0.369142178708640023 0.000000000000000000 0.099400148365655874 603323.000000000000000000
12.081291264008976682 -1.618208121344318018 0.000000000000000000 0.383154047233640382 0.000000000000000000
13.143043104776467089 -1.074495215385334879 0.000000000000000000 0.199417361675063354 0.000000000000000000
11.925748178246267983 -1.042682774714095872 0.000000000000000000 0.340245116906305045 125970.642626145432586782
13.014372437743555011 2.536975537105856215 0.000000000000000000 0.450009298508525835 466401.938981986313592643
11.516117516157803990 0.413735159318509516 0.000000000000000000 0.368051191450923909 0.000000000000000000
11.720703177570115372 0.722397412755566459 0.000000000000000000 0.347955472891907647 604224.000000000000000000
12.522479299735163494 2.217743306097664568 0.000000000000000000 0.425764393641976324 602476.000000000000000000
12.910572917799719050 1.466910436089051029 0.000000000000000000 0.278254004270606481 0.000000000000000000
