-3.636111963681274428 2.376132997157768934 0.000000000000000000 0.364579299569285864 747994.311753431567922235
-0.789817371548199976 3.996226418872430575 0.000000000000000000 0.262385611543284047 839760.000000000000000000
-0.395682168817097946 3.008398730606424820 0.000000000000000000 0.367237922880983780 844916.000000000000000000
-1.459436592608975403 4.628204878300667069 0.000000000000000000 0.193779879895099649 0.000000000000000000
-1.543784448094701833 5.495489990021262372 0.000000000000000000 0.313008897987241352 193518.876835572562413290
-3.011549717973558415 4.143684984626963441 0.000000000000000000 0.141648650357038774 75939.810222351457923651
-1.899798119752584835 4.655444052056201265 0.000000000000000000 0.150528052600707118 0.000000000000000000
-0.827583291029161172 2.383424000574575707 0.000000000000000000 0.370217229837701389 843239.000000000000000000
-2.705840395576051272 6.368767752470558818 0.000000000000000000 0.448452414688165935 175640.162585687125101686
-1.689272830497810407 2.636665924662839888 0.000000000000000000 0.245222213448451021 0.000000000000000000
-3.977997923972869554 5.109265149575294096 0.000000000000000000 0.375501338593235201 843210.000000000000000000
-2.986247775695919149 4.182750357437369892 0.000000000000000000 0.139821277517345771 841049.000000000000000000
-3.892847145386219676 2.562660830846190674 0.000000000000000000 0.375071824356489336 0.000000000000000000
-1.130817728848606096 1.567432320510390387 0.000000000000000000 0.459955914462810200 0.000000000000000000
-4.350903943170660426 4.647728240676367584 0.000000000000000000 0.396559844565118280 838592.000000000000000000
-2.042111072673594929 -4.092996309732550131 0.000000000000000000 0.052804477282608425 100343.567449387381202541
-2.077223750257227497 -1.668403533510040226 0.000000000000000000 0.396987830865804803 81694.277349449359462596
-1.749297291116522324 -6.471905093299962886 0.000000000000000000 0.468667335309093658 0.000000000000000000
-1.319744489136551957 -4.184323957642886782 0.000000000000000000 0.175277090780583428 0.000000000000000000
-2.529294056615718489 -5.875616096331220284 0.000000000000000000 0.356819235065802598 685278.000000000000000000
-1.301127740106541530 -3.043981900767454452 0.000000000000000000 0.227639551005952540 0.000000000000000000
-3.593038538916444313 -2.259100734851259507 0.000000000000000000 0.375324895637708378 0.000000000000000000
-1.282453656549089160 -1.956207694343440773 0.000000000000000000 0.385902042315977689 0.000000000000000000
-1.797413168015360885 -5.116240456631989453 0.000000000000000000 0.233309891700067273 685515.000000000000000000
-2.173635749131843209 -3.433957669036494131 0.000000000000000000 0.082639418507291451 0.000000000000000000
-4.436572715277651291 -5.168014179615807002 0.000000000000000000 0.449873793821305379 0.000000000000000000
-0.854103228874983245 -3.386088966982502946 0.000000000000000000 0.265873789366142699 677628.000000000000000000
-3.951358693156316715 -2.203887842941270492 0.000000000000000000 0.425550397215642917 678424.000000000000000000
-4.823898382200455970 -4.255784710193974085 0.000000000000000000 0.461839455269695498 0.000000000000000000
-1.089251783282968011 -2.574679897850390198 0.000000000000000000 0.313563867988507217 686096.000000000000000000
6.331672813487680074 0.884939691693915731 0.000000000000000000 0.359963947323052369 757915.000000000000000000
4.489174775059832534 0.565014256957867889 0.000000000000000000 0.100492272482633760 762089.000000000000000000
4.134977106424678972 2.554795086900564449 0.000000000000000000 0.459006594481227492 760214.000000000000000000
4.757794725910807543 -0.159688403797568740 0.000000000000000000 0.051864977160231904 0.000000000000000000
6.359655622516711126 0.582557092403539256 0.000000000000000000 0.344764722861333028 44818.015534649406617973
5.898886403860688077 0.242244726288096318 0.000000000000000000 0.250511167573268523 759810.000000000000000000
5.222423179256259651 0.513250815253906700 0.000000000000000000 0.155697983031331588 760456.000000000000000000
4.040254298636976493 -0.806909189838018848 0.000000000000000000 0.166442266924425653 758173.000000000000000000
5.603662466464905734 -0.027174610202658461 0.000000000000000000 0.194238324139802243 760076.000000000000000000
5.494268343886985484 1.020399469172124318 0.000000000000000000 0.251664168749678063 524045.387909587880130857
3.225095203691642265 0.815164867743245591 0.000000000000000000 0.271653137895969066 0.000000000000000000
2.101393481936313812 -0.171395415276971719 0.000000000000000000 0.431077566609333385 0.000000000000000000
7.062827520868782294 -0.348161013474186209 0.000000000000000000 0.458387418456713935 0.000000000000000000
3.320934842917302454 1.005525859931712951 0.000000000000000000 0.277836952025750095 759392.000000000000000000
3.743078927091771924 -1.804359681992198094 0.000000000000000000 0.348942374170118752 758141.000000000000000000
10.241861656139734649 10.173913798974583145 0.000000000545944911 0.250691724032032992 846329.000000000000000000
9.449474697680756208 9.965036637507740380 0.000000000645363778 0.266263134952911096 844530.000000000000000000
8.849288407148002022 10.002771744979712665 0.000000000228038873 0.345366987960029848 0.000000000000000000
10.413799958175298244 10.337474943691351115 0.000000000090877942 0.278985249245816802 0.000000000000000000
11.334130860274981956 6.573180292222581933 0.000000000096586301 0.419876794609664872 837289.000000000000000000
9.089127617883770327 8.745803300034269867 0.000000000481711711 0.223066050840798141 842836.000000000000000000
11.358095190565588695 9.576445310912061970 0.000000000816102496 0.232220635805280518 0.000000000000000000
9.128665737265428959 10.513187291526753242 0.000000000160271890 0.377903466607436289 0.000000000000000000
8.714207388622893902 9.831456096459271876 0.000000000714079657 0.346842148358300184 42985.213604340533493087
10.808447011803073323 10.416247573254173275 0.000000000675677122 0.303965160584321659 840797.000000000000000000
8.486102538694016317 9.975368961416345215 0.000000000746173288 0.394742802739507015 524066.705301827518269420
10.971539627824363095 8.747145275383500618 0.000000000092289675 0.112464742032039877 843014.000000000000000000
9.634193311701110929 10.767862727587537819 0.000000000317387128 0.376246596687175583 844909.000000000000000000
9.576789213287158375 9.424151461371199190 0.000000000066070087 0.180628736807021822 845670.000000000000000000
10.429651015544544990 7.860421538972827804 0.000000000386297408 0.156421411971525454 0.000000000000000000
3.629972649777432725 11.255209746266718440 0.000000000000000000 0.427490148682592663 925092.000000000000000000
4.748435208218269921 12.217412395209757747 0.000000000000000000 0.469667496761815129 921057.000000000000000000
2.667230244670377726 14.493464128272988134 0.000000000000000000 0.224626408104976916 0.000000000000000000
2.272358727761385477 12.135871879684199115 0.000000000000000000 0.203465539308294585 917514.000000000000000000
1.015603444665193811 14.828074176891751890 0.000000000000000000 0.362780632458913843 0.000000000000000000
3.402689445281282143 13.640308207671624885 0.000000000000000000 0.201106905877230624 0.000000000000000000
2.987139914266412788 11.137156368958253339 0.000000000000000000 0.398264033951479079 919937.000000000000000000
0.911586285530158746 11.108643302887092119 0.000000000000000000 0.462003717841151795 0.000000000000000000
-0.084689313664714105 13.882463187109728153 0.000000000000000000 0.444406957280895742 802862.287337683141231537
2.281548678931263119 13.559438609051518654 0.000000000000000000 0.051220631758281496 919836.000000000000000000
1.321567034352900016 15.113925132951260721 0.000000000000000000 0.373728844741612276 0.000000000000000000
3.653069680827543575 15.599500247284407095 0.000000000000000000 0.475507202370631488 923181.000000000000000000
0.213551929595234252 11.960664651653813095 0.000000000000000000 0.444772659124673064 922709.000000000000000000
2.855339569337563610 12.500357077706928166 0.000000000000000000 0.166520131831161988 0.000000000000000000
2.891596123279349673 13.388928184437940416 0.000000000000000000 0.101307990410434187 0.000000000000000000
-5.811041002653148269 14.005665077266515439 0.000000000358918692 0.437160707326319453 1718552.000000000000000000
-6.356891075268615410 13.207396390444650081 0.000000000028560500 0.271976630083954007 0.000000000000000000
-8.092190390113314535 13.637138851203998158 0.000000000546127746 0.416765213391861067 1768111.000000000000000000
-7.159034493861224036 11.555845753736768700 0.000000000152033320 0.081315031946912988 1744820.000000000000000000
-7.652703717106621006 9.980161916521776533 0.000000000787058567 0.348426965672193611 0.000000000000000000
-7.144992978124099281 11.638331067790380402 0.000000000188849296 0.074900504952821370 501150.068082816549576819
-6.793356532587737640 10.096032733448785379 0.000000000440901352 0.287391181240627069 1761099.000000000000000000
-6.154770023374204868 11.908549267847011066 0.000000000308446764 0.108309227100673089 0.000000000000000000
-6.761720982082082720 11.151712766279276323 0.000000000899065523 0.100483153662523889 0.000000000000000000
-7.432004175482865627 12.276922290143053473 0.000000000783095221 0.159059874437532056 0.000000000000000000
-5.797273601935754250 12.525796266692726277 0.000000000562589951 0.219609248986267852 0.000000000000000000
-6.026206202876387863 9.927890620467550775 0.000000000918645596 0.341240222244501179 0.000000000000000000
-5.950707371240238075 10.292162230582393434 0.000000000426339490 0.288545691485155686 1681708.000000000000000000
-6.170101763353049051 14.265901976458167155 0.000000000387592628 0.462089732064274117 1686745.000000000000000000
-6.394749534650528311 13.824509040717840591 0.000000000332646466 0.377683227147151968 1696711.000000000000000000
-13.053512312945287022 6.023310647615259583 0.000000000000000000 0.241412602590297981 1121076.000000000000000000
-11.744113746248176611 3.674713453008608965 0.000000000000000000 0.245800438665675636 0.000000000000000000
-15.153377589584435370 5.595991536750740458 0.000000000000000000 0.463014478411133912 1081175.000000000000000000
-13.522675997875744258 6.881965524176363758 0.000000000000000000 0.408799858124691107 0.000000000000000000
-14.507158648064001127 4.008099135704403793 0.000000000000000000 0.340240952696759691 0.000000000000000000
-12.740295546145643968 3.608199764235147988 0.000000000000000000 0.186184445923453540 1079383.000000000000000000
-12.170443497784640741 2.381432045213499382 0.000000000000000000 0.411371052357301814 1066322.000000000000000000
-13.068328340125036746 3.030188274367874079 0.000000000000000000 0.293346060100368455 85428.266780488425865769
-13.285534402654993968 2.679337611613678227 0.000000000000000000 0.361915960133581072 1105672.000000000000000000
-14.417745844208901929 6.048534057302053846 0.000000000000000000 0.385575817739212734 1033997.000000000000000000
-12.897195647729216006 3.993967870121105435 0.000000000000000000 0.123451840520755016 1080073.000000000000000000
-12.169443210366857500 2.266789379899593726 0.000000000000000000 0.430828521414346965 1078129.000000000000000000
-15.024268179016502245 4.701619370133550468 0.000000000000000000 0.411985082531804492 0.000000000000000000
-12.328500604161726883 5.700023730686579526 0.000000000000000000 0.190501845777357681 0.000000000000000000
-14.553991101551158494 3.841948246670987555 0.000000000000000000 0.358723819242628639 0.000000000000000000
-13.687622916290358432 -4.915410684579128997 0.000000000000000000 0.178512503612311635 0.000000000000000000
-13.000421152835661687 -7.151119130303317029 0.000000000000000000 0.432695211805443458 765530.000000000000000000
-10.824034355169075639 -6.082979681701585761 0.000000000000000000 0.416429478236345962 757908.000000000000000000
-11.385419846824269996 -6.865381247370227591 0.000000000000000000 0.448649923329659250 34064.404048326141491998
-11.004648818295374113 -4.884220191205976391 0.000000000000000000 0.306629587771616419 147722.436630612734006718
-11.233133638856351411 -5.004643328219589016 0.000000000000000000 0.269857238658319620 0.000000000000000000
-13.936059952686598251 -6.484065979102584087 0.000000000000000000 0.381551726063896146 762739.000000000000000000
-12.491991736798020440 -5.141548615728438243 0.000000000000000000 0.089659076012767860 40075.552139535597234499
-11.633524706428820750 -2.783640271239345765 0.000000000000000000 0.382149437259051539 0.000000000000000000
-13.621073660296378449 -4.696185041055173315 0.000000000000000000 0.161884322056056462 764105.000000000000000000
-10.938627601409198320 -3.329206784092375138 0.000000000000000000 0.394272688000811278 0.000000000000000000
-15.212052240043352214 -4.961219574257997422 0.000000000000000000 0.448106367719567744 757677.000000000000000000
-13.325684108917220883 -3.505675000822011889 0.000000000000000000 0.231130473453096813 600860.761537109152413905
-12.333712268354657837 -5.136053339744410806 0.000000000000000000 0.104448988473644699 764056.000000000000000000
-14.689233561973688680 -4.869180370969032445 0.000000000000000000 0.353794584716737359 0.000000000000000000
-7.275707847758092761 -13.878405817825866464 0.000000000190220782 0.394130612248868584 0.000000000000000000
-8.493408884909653622 -10.597935408739514784 0.000000000857500133 0.371082697193134081 0.000000000000000000
-7.442149263326865771 -11.114751893048088860 0.000000000433131714 0.165565398053674456 0.000000000000000000
-6.336520078272021017 -10.745617045109007393 0.000000000001832403 0.186186566032233547 0.000000000000000000
-8.341221265129318496 -10.376672118744847850 0.000000000561755146 0.372069052238556242 0.000000000000000000
-7.611122129515113244 -10.462458182961047015 0.000000000425898868 0.271798485031883752 0.000000000000000000
-8.206056145197173635 -11.420507533202105321 0.000000000222647451 0.267887548316305901 0.000000000000000000
-5.718359998808574929 -11.502102028112867416 0.000000000094632358 0.184763020471928052 0.000000000000000000
-8.601982099121183722 -12.771757656677827697 0.000000000797212154 0.381614289635539561 0.000000000000000000
-4.898353959732283158 -12.317083729268775372 0.000000000627647983 0.343663550691875042 0.000000000000000000
-9.048002862505809318 -11.137281959951057075 0.000000000300050928 0.425267751818162454 0.000000000000000000
-7.072026865125740969 -9.494247265200838726 0.000000000357781199 0.398194000171846085 0.000000000000000000
-4.778344686609464098 -11.435133852350576333 0.000000000854940842 0.351870567064095918 0.000000000000000000
-7.145730265514300683 -10.429826884557794386 0.000000000347217249 0.239631190960735846 0.000000000000000000
-4.594025488239514843 -10.200577996802932645 0.000000000841902287 0.466587781855445916 0.000000000000000000
2.302198362135163823 -11.759499928839707295 0.000000000000000000 0.270244565504212608 1653487.000000000000000000
2.073983325626978846 -12.680122886680845085 0.000000000000000000 0.115943400774542918 1640772.000000000000000000
2.359515625963388263 -13.347102840105030452 0.000000000000000000 0.013312873105973618 0.000000000000000000
3.036803007885653827 -12.989339127046745759 0.000000000000000000 0.135248793217738611 0.000000000000000000
4.289359186088558928 -14.249281428902005331 0.000000000000000000 0.389019048948897606 1614000.000000000000000000
-0.135384397097236653 -14.061587218406108590 0.000000000000000000 0.461814348105388184 0.000000000000000000
2.447085599875021167 -14.019861329708842135 0.000000000000000000 0.133851601898900996 1680622.000000000000000000
2.177111443836011073 -13.708898885241481480 0.000000000000000000 0.081911344313071510 0.000000000000000000
2.992368656180479647 -15.339270625856912034 0.000000000000000000 0.385457387045857913 0.000000000000000000
1.466671722466825312 -11.629009941221449154 0.000000000000000000 0.331737885889746287 1679614.000000000000000000
1.509542600522196798 -12.372357263792276072 0.000000000000000000 0.218080704170225487 1676232.000000000000000000
3.370818214974061977 -11.337240279645962815 0.000000000000000000 0.391528728186928743 1239480.283062558155506849
2.284577118449560018 -13.733543017748344184 0.000000000000000000 0.081836289417807961 0.000000000000000000
3.602896232491944684 -13.864748204893659889 0.000000000000000000 0.249137761408728370 0.000000000000000000
3.530012737672971301 -14.645812406182491472 0.000000000000000000 0.323710812324899344 1616305.000000000000000000
11.200134901959675204 -7.556529676399878603 0.000000000000000000 0.258839799596024045 0.000000000000000000
11.381929882871325788 -11.094822761341525563 0.000000000000000000 0.450766492654737783 1813336.000000000000000000
10.032805488517746895 -8.528304402316974731 0.000000000000000000 0.067047790680356670 1768440.000000000000000000
10.122146163836994504 -8.812496676573230658 0.000000000000000000 0.040550041110442074 1182455.932725367834791541
7.903593379694071608 -8.207528360725165228 0.000000000000000000 0.444630884073219212 1852818.000000000000000000
10.128620782035415715 -10.523416172913053757 0.000000000000000000 0.313700652190048279 1806679.000000000000000000
9.273666037564460396 -7.178761487812699293 0.000000000000000000 0.334843781029441290 1845573.000000000000000000
9.213171684477034162 -8.081483037757635657 0.000000000000000000 0.232570190852520731 1775237.000000000000000000
12.473140955173507294 -9.917608553698631368 0.000000000000000000 0.431542128753502008 1755400.000000000000000000
11.793228944147578829 -9.205765914900961633 0.000000000000000000 0.271024806256002671 0.000000000000000000
10.891548111302254753 -6.402008007821573088 0.000000000000000000 0.422542831887484815 1809019.000000000000000000
10.055806222302663855 -10.444407211056006446 0.000000000000000000 0.301891654823900069 1760504.000000000000000000
10.928840506616642969 -9.897827126893671945 0.000000000000000000 0.227088150983546982 1841062.000000000000000000
9.715916644086201259 -11.224326320562120429 0.000000000000000000 0.448646435833407686 1839544.000000000000000000
8.491017840090657742 -8.265894323318569548 0.000000000000000000 0.340384827104541099 0.000000000000000000
12.187631045506453376 -2.106746810279518822 0.000000000000000000 0.438416856477811923 604142.000000000000000000
15.221902374334424835 1.893967643418861480 0.000000000000000000 0.443503121447146542 0.000000000000000000
12.524301167521638689 1.666719865437814807 0.000000000000000000 0.341498452640974615 0.000000000000000000
14.883159939971166708 0.024395400733610507 0.000000000000000000 0.239277127791837435 0.000000000000000000
14.780259577239529989 0.891678573654079321 0.000000000000000000 0.269344314010290187 390602.099523161130491644
12.241297603132968774 1.075536716409427829 0.000000000000000000 0.297664149757344176 325997.781939491920638829
13.673251410544949636 -1.164668832420075573 0.000000000000000000 0.203156169446281121 598479.000000000000000000
14.191397126340607571 0.706138926334209716 0.000000000000000000 0.168445148609938589 599219.000000000000000000
12.969291988624645384 -1.453507593362862726 0.000000000000000000 0.272008507039955716 0.000000000000000000
11.445062791962930859 0.927318251734499444 0.000000000000000000 0.406960506268488675 0.000000000000000000
12.211312582878187882 1.994177444655262255 0.000000000000000000 0.419814127480981181 601099.000000000000000000
13.053243740141244444 0.044383589017617617 0.000000000000000000 0.087303115090189565 0.000000000000000000
13.230341284861321327 -0.178531176798253671 0.000000000000000000 0.063458624728506455 597646.000000000000000000
12.917477227157720066 2.427222550078944607 0.000000000000000000 0.435574604098173945 597858.000000000000000000
14.657539725645161610 -0.184225785131718695 0.000000000000000000 0.201554193165414591 0.000000000000000000
