-2.163838104904519888 1.561225049076144122 0.000000000000000000 0.415088617335687027 841002.000000000000000000
-1.431266054612626792 3.219791345647162739 0.000000000000000000 0.189693167114777322 0.000000000000000000
-1.050014250015462780 2.900406668593962678 0.000000000000000000 0.278312235466196600 0.000000000000000000
-1.639412316187955909 4.636922422906914143 0.000000000000000000 0.172787945746360277 841129.000000000000000000
-3.679317172741174868 3.500736238393400868 0.000000000000000000 0.262589812274702572 0.000000000000000000
-3.856767587948641829 2.222582812286201914 0.000000000000000000 0.411374341607809835 846374.000000000000000000
-1.269464206712149545 4.202734053818740101 0.000000000000000000 0.184809520124092797 0.000000000000000000
-2.149829190814898983 6.080118636893037554 0.000000000000000000 0.390473042936465675 844393.000000000000000000
-3.528246753147335824 3.394628653455181500 0.000000000000000000 0.242931991124652663 840130.000000000000000000
-0.565797402706252339 4.880116596155600561 0.000000000000000000 0.349400395309933276 485048.451384720683563501
-1.543495728633246467 3.762384172461264331 0.000000000000000000 0.129402440474604474 0.000000000000000000
-1.876471653356217795 2.263249400282324686 0.000000000000000000 0.297647916095851006 841871.000000000000000000
0.112695636751789660 4.652056787589372355 0.000000000000000000 0.443796095032927829 843547.000000000000000000
-2.752566367025978344 3.828688165849829073 0.000000000000000000 0.088785928909249801 421773.495263837801758200
-1.763471168392463095 2.870655833847930438 0.000000000000000000 0.201871487230125407 844027.000000000000000000
-3.143950840155424142 -1.639732618330341118 0.000000000000000000 0.430591014915314263 278957.452870153356343508
-0.917500965638367250 -3.192643632458911362 0.000000000000000000 0.269330012587852941 619322.031472738715820014
0.272250753785191923 -4.059051989418665407 0.000000000000000000 0.451962817817976037 59882.751190954440971836
-4.205547643088480392 -3.272705383723250705 0.000000000000000000 0.364028753186095289 0.000000000000000000
-4.084119362303202827 -5.451266390596985367 0.000000000000000000 0.427837173273568128 0.000000000000000000
-1.430345306537505135 -2.559686235446899882 0.000000000000000000 0.279176784211840556 0.000000000000000000
-2.369224374680663825 -5.708004506473700168 0.000000000000000000 0.324314271298031587 114302.672849961832980625
-2.444968617676004818 -3.231982394365334521 0.000000000000000000 0.121846688141670836 0.000000000000000000
-2.013488392895733003 -4.835084446763085353 0.000000000000000000 0.173850973808315323 683695.000000000000000000
-3.138725909761463928 -5.555004728038879236 0.000000000000000000 0.335355445693799492 0.000000000000000000
-3.453652187622131553 -3.215081095149311619 0.000000000000000000 0.244610580417669282 683905.000000000000000000
-3.095325647032258765 -5.568199939690327227 0.000000000000000000 0.333911337110926132 411120.806876641872804612
-2.177312326644526230 -5.595516822409497770 0.000000000000000000 0.304042928718056882 681593.000000000000000000
-1.488941303537915095 -4.463596503074251487 0.000000000000000000 0.170971632139889418 678847.000000000000000000
-2.391461771881427278 -5.499529770872909396 0.000000000000000000 0.287569087588873062 239141.363061873853439465
6.082122172085603573 -1.119264847388746764 0.000000000000000000 0.342840978509478589 762450.000000000000000000
3.629463216149970695 -1.569849667536548754 0.000000000000000000 0.320539926020534993 765430.000000000000000000
3.706031008343852129 0.973310182187478445 0.000000000000000000 0.225130771687924475 0.000000000000000000
3.339785565272802792 -0.384884818421552755 0.000000000000000000 0.220215631353793378 763780.000000000000000000
3.927939140929247674 -0.318620204787062045 0.000000000000000000 0.118849626040156600 760451.000000000000000000
2.659780644445130626 -0.410985111002042769 0.000000000000000000 0.338484377131458680 757351.000000000000000000
4.095948047704731643 0.816538889372559251 0.000000000000000000 0.163147104041508673 757061.000000000000000000
6.567552233406670936 -1.132030916978101320 0.000000000000000000 0.417419912545635541 550191.067827603896148503
6.753715317662247308 0.679504509425735148 0.000000000000000000 0.416925239052731100 764041.000000000000000000
4.564417302150538092 -0.344166180061724114 0.000000000000000000 0.061801319475544965 766221.000000000000000000
3.684878953452554118 1.799922802336305416 0.000000000000000000 0.352449833837752746 0.000000000000000000
2.114010725475192753 0.047001094183671252 0.000000000000000000 0.427831491355605997 765620.000000000000000000
3.000474215913031095 1.081507850459100029 0.000000000000000000 0.331317072672884960 0.000000000000000000
3.929541954687378880 -1.049699504237574743 0.000000000000000000 0.213704000872834671 765742.000000000000000000
2.179561967745617501 -0.088552515938550957 0.000000000000000000 0.416367681630508801 0.000000000000000000
8.948498383652060184 6.521506120719064548 0.000000000460436404 0.463245928845758326 0.000000000000000000
8.707760642263465911 8.844901888691431679 0.000000000455771587 0.291533656463404400 840126.000000000000000000
10.350338981516712167 7.109259674548455976 0.000000000793126951 0.287345788400389213 847033.000000000000000000
9.386091374899965700 6.774673760135788037 0.000000000511547092 0.386019190792110556 249521.079500438092509285
11.508749395241235192 8.108661161423203367 0.000000000297178807 0.236377624992831797 0.000000000000000000
8.770313646563243637 9.742904599670911381 0.000000000188259264 0.330018337466595313 0.000000000000000000
8.862903127964592898 8.012276912598860434 0.000000000474201700 0.293405688218056682 0.000000000000000000
11.142700771917457558 8.270983073703941812 0.000000000031050528 0.165587743019389971 841103.000000000000000000
12.643486785232328273 8.708641298239330197 0.000000000097581459 0.410521646671850926 320502.809720318356994539
8.955843648122371548 6.917362761801252091 0.000000000815018056 0.405430807818924377 0.000000000000000000
9.238784240447488472 10.832818504548804128 0.000000000700039607 0.415502411208916511 0.000000000000000000
9.875892049540672346 6.254700426238060551 0.000000000817711028 0.445251079339773925 842567.000000000000000000
8.495029374423422652 7.268326518570208172 0.000000000910326374 0.419379468177847048 844761.000000000000000000
10.425079313183521990 7.121655752679350471 0.000000000653964563 0.285530623469602063 0.000000000000000000
8.852220476770867208 8.927035791391020325 0.000000000226472414 0.267148934590136222 0.000000000000000000
3.088277172650470526 15.748812242414498286 0.000000000000000000 0.460115979914933526 924753.000000000000000000
4.091035776068868479 13.100126133186787314 0.000000000000000000 0.314655264122008671 920402.000000000000000000
4.137549689119260243 13.058137743827620270 0.000000000000000000 0.323716129008337739 0.000000000000000000
3.331000088386305347 14.749950832026740954 0.000000000000000000 0.316733915981192327 919269.000000000000000000
4.662692316703134665 14.459574434832530798 0.000000000000000000 0.465232957107478307 0.000000000000000000
3.460128603434444283 11.880588251120487442 0.000000000000000000 0.319387063823498352 923701.000000000000000000
2.931580142136190670 11.906008815450586980 0.000000000000000000 0.266238719752057929 919444.000000000000000000
1.298760788992223469 13.388394694262753859 0.000000000000000000 0.185639205402540142 923795.000000000000000000
3.797402565537674413 14.854406796205134711 0.000000000000000000 0.383164953659766383 0.000000000000000000
-0.212332410118063336 12.777219102048835708 0.000000000000000000 0.462490289666516896 0.000000000000000000
2.964427582512243919 11.167956107057017689 0.000000000000000000 0.391848669872555733 921092.000000000000000000
3.182204434422609918 11.992152429635847710 0.000000000000000000 0.274090525770886717 926182.000000000000000000
1.955891836292503516 11.967370035265151529 0.000000000000000000 0.242754082422629885 694731.295506710419431329
2.578652505159874764 14.467677778026951430 0.000000000000000000 0.216489871345570101 735720.980286420905031264
4.676701136602120279 12.646524508707047474 0.000000000000000000 0.432231857221963223 920886.000000000000000000
-7.182242922897968285 9.713425147683093286 0.000000000859649907 0.363696910223720360 233314.978947486379183829
-5.771011281143049843 9.560306753826464998 0.000000000696755983 0.419001918226705183 0.000000000000000000
-4.692114936902193278 11.251102255855110812 0.000000000044887639 0.372958226903909840 1702997.000000000000000000
-7.524257416628419293 10.256909514708446807 0.000000000223386362 0.294527135337840196 1737026.000000000000000000
-4.868378249636590382 12.849934655269022343 0.000000000580861112 0.388068107250233996 1687129.000000000000000000
-6.950712898959213071 12.382217972592277633 0.000000000640128815 0.123711476944386722 0.000000000000000000
-6.626737586848319594 14.258898571197804017 0.000000000470470048 0.450045849700577816 1769467.000000000000000000
-8.546013164952022123 12.330749668391614904 0.000000000490217756 0.340845714238772524 1681505.000000000000000000
-6.785619936012131426 13.859349142085521933 0.000000000520194098 0.378996018535035117 1726700.000000000000000000
-8.829214576525112435 11.744076340501541367 0.000000000606269432 0.373740009745544555 920073.324382035410962999
-6.932489339123126371 10.311814980204294656 0.000000000903892868 0.251502194655757016 1693173.000000000000000000
-8.239754217629382538 13.252172358280580156 0.000000000037762515 0.381580942183987415 1708530.000000000000000000
-7.080058487043993765 9.908036708353732180 0.000000000740221914 0.326296868123535533 1750131.000000000000000000
-9.121581017266779057 10.517629779046446359 0.000000000816677145 0.475653123563156588 1735572.000000000000000000
-7.691731133670138831 12.074735095514771643 0.000000000672850467 0.182213777045335562 1745200.000000000000000000
-10.479162112515744809 5.955121911070595964 0.000000000000000000 0.456291635939870932 1059786.000000000000000000
-10.387669534277877759 5.914124391930129399 0.000000000000000000 0.467254774290118913 0.000000000000000000
-11.716586827787843106 5.377541005413926989 0.000000000000000000 0.215356115718953744 0.000000000000000000
-13.365784002479134784 3.998541965342574667 0.000000000000000000 0.165786325499592019 784357.345252947183325887
-10.772940917027419516 3.886831254276193359 0.000000000000000000 0.372398581071300472 0.000000000000000000
-12.737117505944496543 2.796744470433941476 0.000000000000000000 0.327231804381666769 83338.484291773173026741
-10.842977852973993080 3.414183123630503136 0.000000000000000000 0.399727316127757748 0.000000000000000000
-11.535011653892089711 4.531663200128190461 0.000000000000000000 0.211551886044781867 1055067.000000000000000000
-10.807302794570192717 4.516523413503488626 0.000000000000000000 0.340872457113086835 1046861.000000000000000000
-11.166133231684659322 5.304066653027194711 0.000000000000000000 0.296529427336268969 0.000000000000000000
-10.542966414715820633 6.185712754182826068 0.000000000000000000 0.467784255225919654 0.000000000000000000
-14.410537618997359743 5.682368553435543035 0.000000000000000000 0.348998445003916413 1089445.000000000000000000
-12.925672994830827989 2.303672108546332975 0.000000000000000000 0.414502983769968969 1112455.000000000000000000
-12.595949324567692784 2.465382022565615561 0.000000000000000000 0.385481741851427362 1068397.000000000000000000
-11.174669537670657959 4.745406956629538264 0.000000000000000000 0.274469678532084926 0.000000000000000000
-11.508931610155809011 -6.047609628681374971 0.000000000000000000 0.320921748119187999 758032.000000000000000000
-12.592477178221658463 -3.155462476241300607 0.000000000000000000 0.265784008793383930 765826.000000000000000000
-12.626186251377868430 -6.972839418770622189 0.000000000000000000 0.399273428049631340 760856.000000000000000000
-12.802178156250860752 -2.986630604743923278 0.000000000000000000 0.294582030147600538 764081.000000000000000000
-14.596141504616495510 -4.406523155354093113 0.000000000000000000 0.338952137742422333 561838.728556964895687997
-11.613409374061234303 -4.475256322099972373 0.000000000000000000 0.199199273078564332 0.000000000000000000
-13.530871721415573816 -6.988248202349781835 0.000000000000000000 0.426599056082919259 760669.000000000000000000
-14.847997461225515892 -5.256369317721540924 0.000000000000000000 0.393470246121799871 364125.081639618903864175
-12.331643426460519919 -5.677628285755985438 0.000000000000000000 0.186665419202157068 759294.000000000000000000
-10.614310234223037099 -5.632981508995582587 0.000000000000000000 0.409499644543328378 0.000000000000000000
-14.064153489251088658 -5.250912189519263862 0.000000000000000000 0.260479833096422086 326090.674666997801978141
-11.565966024262197109 -5.459224092200854805 0.000000000000000000 0.245590201911620287 0.000000000000000000
-11.690170519704244256 -4.065394252492402494 0.000000000000000000 0.211333724504754572 0.000000000000000000
-11.643727248319558853 -5.441434000814925120 0.000000000000000000 0.232378413910252629 0.000000000000000000
-14.800542069889813135 -5.959396425039770406 0.000000000000000000 0.433139202555165581 0.000000000000000000
-5.682052213486958436 -10.932774983984856476 0.000000000374334580 0.233311544295869339 0.000000000000000000
-8.893369918051837075 -10.571280775868324042 0.000000000261571037 0.435164558541687951 0.000000000000000000
-7.576338972076210432 -13.961305833303436330 0.000000000476898300 0.424144397372952120 0.000000000000000000
-6.329775989954607773 -12.601470900857195900 0.000000000817283958 0.172014197546642100 0.000000000000000000
-7.172236162615209132 -13.025511408879394182 0.000000000900490325 0.244143725999538708 0.000000000000000000
-5.730350499519382801 -12.550511436879753902 0.000000000252576714 0.231560787995264389 0.000000000000000000
-7.256044160396478482 -13.998496710948124644 0.000000000412284762 0.413956468189214388 0.000000000000000000
-8.097086706700382663 -10.658721074700219233 0.000000000670098477 0.307005360384529191 0.000000000000000000
-7.163806128144338814 -13.527787018935335084 0.000000000476521219 0.329179968103088250 0.000000000000000000
-5.506002145680771953 -12.521651877601827962 0.000000000928557155 0.260821983232577548 0.000000000000000000
-7.278288035934983746 -10.617420658886258522 0.000000000123457319 0.217754640681953132 0.000000000000000000
-6.914209034256434627 -9.470316783552322093 0.000000000435768045 0.399183557372859155 0.000000000000000000
-5.858293472305579286 -10.766565210313913781 0.000000000728517047 0.229607410176254523 0.000000000000000000
-5.498345915794608629 -11.361314942307751963 0.000000000683654477 0.228881366676219417 0.000000000000000000
-6.899462639365754768 -11.858652441029038371 0.000000000921188133 0.038739371983681034 0.000000000000000000
2.640232002804597133 -10.880275242412805525 0.000000000000000000 0.430146090173144480 0.000000000000000000
3.068484690032337703 -12.881567008852137235 0.000000000000000000 0.148557290545900250 1660899.000000000000000000
3.226406759679322445 -13.144322849708238721 0.000000000000000000 0.160728244643167845 1204024.604752359213307500
1.608192709370265927 -11.319657725899793022 0.000000000000000000 0.371823328456341862 0.000000000000000000
1.544662830207938153 -11.617056814988671931 0.000000000000000000 0.327406989641109702 1665981.000000000000000000
3.705168161556390505 -14.819632320893269650 0.000000000000000000 0.367539462663981131 1609251.000000000000000000
2.074031787330057774 -14.813658348922210450 0.000000000000000000 0.277620941221751683 1674672.000000000000000000
4.616267359458656294 -13.149006392685020472 0.000000000000000000 0.407312079898758839 0.000000000000000000
4.281673340463759025 -13.902745634556158194 0.000000000000000000 0.364487409239624804 0.000000000000000000
1.059700087852667894 -12.787691260433355467 0.000000000000000000 0.243305435239772216 0.000000000000000000
4.137967201559654029 -11.894955296770127973 0.000000000000000000 0.404677698419207366 0.000000000000000000
1.860129588418167002 -10.859713061978064630 0.000000000000000000 0.438670951025936895 0.000000000000000000
0.598203210694134624 -11.543685873371092754 0.000000000000000000 0.437091799600975495 774897.677729845396243036
4.686195558659101756 -12.318362056941960958 0.000000000000000000 0.452469534445290755 1665959.000000000000000000
3.240844173811031848 -11.445260994926602649 0.000000000000000000 0.363845717056051121 0.000000000000000000
11.714483835666053224 -10.587385821520840068 0.000000000000000000 0.404366040851445507 1780458.000000000000000000
11.812134866652774789 -8.744261534802038938 0.000000000000000000 0.262296145603788555 0.000000000000000000
9.306431112762799884 -10.916308896633990955 0.000000000000000000 0.423055463968785073 1701464.239278338849544525
9.640757066265873476 -10.873713649316604446 0.000000000000000000 0.393426148709116630 933422.846864070044830441
11.733035957152337048 -8.229532421333741965 0.000000000000000000 0.264249384932474185 1801338.000000000000000000
8.825369657519072319 -7.313613927560340677 0.000000000000000000 0.369431244623175004 1847954.000000000000000000
9.031373111027317435 -10.642420722312571968 0.000000000000000000 0.406478539433367370 1853059.000000000000000000
9.462252504043512147 -7.369554750114625463 0.000000000000000000 0.288250402336903910 0.000000000000000000
12.563816483167892457 -8.122017591519504975 0.000000000000000000 0.411072266886222115 1831700.000000000000000000
9.175785820114448654 -8.203997054162336156 0.000000000000000000 0.228554123062659598 0.000000000000000000
8.167363236218413647 -8.144502637111123988 0.000000000000000000 0.401621296004080863 1782472.000000000000000000
11.148199460894620216 -10.411516299942215724 0.000000000000000000 0.324933343629186799 0.000000000000000000
11.126640067521851307 -7.161488659070391449 0.000000000000000000 0.311157696187647770 1085454.131740124896168709
11.225629753153851809 -7.330121066097941451 0.000000000000000000 0.294139169818816160 1614062.958814538316801190
11.352016145509082889 -8.306757887729794732 0.000000000000000000 0.196132945142330761 1826327.000000000000000000
12.870016328593454347 1.203013093335206785 0.000000000000000000 0.240614082944496294 415222.181194999429862946
12.438659109727682406 1.539259792583827613 0.000000000000000000 0.331797751952745468 0.000000000000000000
11.212016425592420177 -1.286080482416191995 0.000000000000000000 0.471651209140682703 598987.000000000000000000
14.093746896316424966 -1.685043294893392885 0.000000000000000000 0.307862152936675182 604620.000000000000000000
12.751273725475398280 -0.869549449709810296 0.000000000000000000 0.206408383966582232 600624.000000000000000000
14.789003988476018492 2.248070576612355875 0.000000000000000000 0.447690282290529040 0.000000000000000000
11.256110761064068271 -0.852211216433474306 0.000000000000000000 0.433451283628986217 0.000000000000000000
12.481783139339414745 1.891362747505200392 0.000000000000000000 0.378871716873592668 596991.000000000000000000
14.245377233084724367 -2.022468503840247234 0.000000000000000000 0.371795525335286314 596527.000000000000000000
15.289535433358546257 -0.905902885120934531 0.000000000000000000 0.348709291237387975 599579.000000000000000000
15.677878856145333941 1.105490752086273121 0.000000000000000000 0.425947500071256979 341861.778328553948085755
12.714373389898312894 -2.377806636874918222 0.000000000000000000 0.438262165965591921 602667.500752250198274851
14.189459174056086255 1.434062755626629215 0.000000000000000000 0.273774569130878831 596963.000000000000000000
14.589051301569881502 1.237824415157638303 0.000000000000000000 0.284091197204556833 72756.526213473363895901
12.788188602398792071 -0.917110191388843865 0.000000000000000000 0.208210170925348687 597890.000000000000000000
