-2.026255648069633430 1.306764744895636765 0.000000000000000000 0.461927214096760297 0.000000000000000000
-1.565127748974397104 4.579040236067054792 0.000000000000000000 0.174113267573542257 234986.794639308442128822
-3.348943730125272022 3.570920971133043853 0.000000000000000000 0.202535124206292827 845815.000000000000000000
-2.642376798083580169 2.835156931774896805 0.000000000000000000 0.199950720532587084 847009.000000000000000000
-3.621625732913051898 4.102285457181726436 0.000000000000000000 0.245910047173662188 837190.000000000000000000
-3.699898872587224385 4.257468784704091291 0.000000000000000000 0.265129101722667904 0.000000000000000000
-0.653423521710183919 5.779870467263790168 0.000000000000000000 0.441728690498265242 841413.000000000000000000
-0.884728529327784896 3.100068801895408122 0.000000000000000000 0.282373323741739735 837467.000000000000000000
-1.862288026288472675 3.712861351083367900 0.000000000000000000 0.077312341396512149 843992.000000000000000000
-3.265399064229285386 4.406376426043784100 0.000000000000000000 0.201660742447395513 0.000000000000000000
-3.286546687014692214 2.882145377213015891 0.000000000000000000 0.256496287398561618 846813.000000000000000000
-1.481323646584477016 5.875818346414140692 0.000000000000000000 0.379818839229243088 844952.000000000000000000
-3.455658113902728701 1.752602582962427880 0.000000000000000000 0.436229119552380640 839157.000000000000000000
-2.490201972916112005 4.604658529319730853 0.000000000000000000 0.133780272527006305 846660.000000000000000000
-1.821324893931623112 4.682667326669555763 0.000000000000000000 0.161205981170614188 842491.000000000000000000
-0.289872005837686519 -5.457251342204233246 0.000000000000000000 0.448324699466851329 152848.970554789324523881
-1.676787277256583275 -5.041131248703636381 0.000000000000000000 0.229708549664443318 686083.000000000000000000
-2.471971946694915712 -2.534513512616553665 0.000000000000000000 0.244397062357367689 0.000000000000000000
-2.712209174375297849 -4.201019679296423170 0.000000000000000000 0.098033757624071974 0.000000000000000000
-3.976466047012622074 -5.129907254332296773 0.000000000000000000 0.377413608719731397 597739.150914312456734478
-2.491313031395308020 -6.170036645567285483 0.000000000000000000 0.408076812881601303 0.000000000000000000
-1.150706849245907160 -3.948984202750963401 0.000000000000000000 0.197666051705423979 662402.607651616679504514
-0.558949449757694783 -3.145390567280824889 0.000000000000000000 0.330639248379105966 0.000000000000000000
-2.840981514676375497 -6.145697987292496833 0.000000000000000000 0.414781255087856016 0.000000000000000000
-3.272154916819773884 -4.526769547769123214 0.000000000000000000 0.213304321081145248 457175.421452636888716370
-0.767749611723289926 -4.910894371147024096 0.000000000000000000 0.321912876369286283 528991.443617290118709207
0.115434764874068591 -2.878428030048180819 0.000000000000000000 0.459819360771132279 155155.998425732890609652
0.259461065277382663 -3.497633530383915890 0.000000000000000000 0.454099078556440827 0.000000000000000000
-3.228707886501621438 -2.400190440687390847 0.000000000000000000 0.316654502899648971 0.000000000000000000
-1.336533508166595219 -1.767856415191151997 0.000000000000000000 0.412184594840405649 680944.000000000000000000
2.293671423455626357 -0.766627678242068011 0.000000000000000000 0.418572784039514145 545704.653540722210891545
4.759199406936888366 1.649099891738430523 0.000000000000000000 0.296187011849176007 0.000000000000000000
3.697309197938718928 -2.401311223072471801 0.000000000000000000 0.450990108663523626 66403.572602210682816803
5.347884284709117253 -0.633496718334752629 0.000000000000000000 0.186368426578650576 0.000000000000000000
5.217842014915711424 -1.618999984120101931 0.000000000000000000 0.313666413500566343 765301.000000000000000000
3.423202566714681705 -0.880079379530874562 0.000000000000000000 0.249585422710235066 761271.000000000000000000
4.291079216004520802 -1.082876227536566871 0.000000000000000000 0.196497089303661915 0.000000000000000000
6.293829167310847517 1.918895035760898482 0.000000000000000000 0.465287854839869897 315452.489784806966781616
4.902516082376395801 0.024317236391781322 0.000000000000000000 0.069347706376224977 764755.000000000000000000
7.023795215149347904 -0.475715576397656770 0.000000000000000000 0.455140022882049577 766143.000000000000000000
3.280315900559628961 -0.043011474397052399 0.000000000000000000 0.220044183477294431 0.000000000000000000
3.660299112173533320 -1.159335556347586671 0.000000000000000000 0.256196930096555808 760192.000000000000000000
5.907002697058731933 0.743550746083553982 0.000000000000000000 0.281137872149240242 0.000000000000000000
6.316571110126790956 -0.383711175116648928 0.000000000000000000 0.328365887516980259 763875.000000000000000000
3.712832579261326593 -1.257403205819151326 0.000000000000000000 0.265257073458279979 0.000000000000000000
9.340767266749324449 6.390332905461026058 0.000000000329539956 0.450735334340797156 0.000000000000000000
10.850772550438826158 10.143876617904350468 0.000000000921670867 0.260924663017228442 846255.000000000000000000
9.810655151926205519 7.651207358652487578 0.000000000771617445 0.214407453814430660 0.000000000000000000
11.072933757431535184 8.693827590650439419 0.000000000448809931 0.130882064245719132 204922.829225992056308314
8.896686667465917964 6.507939882962378242 0.000000000885204511 0.470272775012632871 843692.000000000000000000
12.654487958719890628 9.345754525939337753 0.000000000128222021 0.425430946852192016 0.000000000000000000
9.506655785999896580 8.358658810587321852 0.000000000620994492 0.163610805087076344 0.000000000000000000
10.625880178794632869 10.170797202381017144 0.000000000033073749 0.254505387155070872 838769.000000000000000000
9.996237075768322100 6.975899185901995203 0.000000000052055041 0.316894976956251850 193907.079548968205926940
9.668449783070975911 7.829213069829005001 0.000000000139855104 0.200906131110816122 0.000000000000000000
8.969566973556762690 8.076079491652276232 0.000000000503774010 0.271397894564383568 0.000000000000000000
12.188171430017114005 6.883323968218549638 0.000000000880359877 0.463321408369229470 837689.000000000000000000
8.125822566151516213 8.486766475718166447 0.000000000266789465 0.397408635184327341 0.000000000000000000
10.323727844102993600 8.250189956746542208 0.000000000475645776 0.087344255389295800 0.000000000000000000
9.759517769252425978 6.757130798819596329 0.000000000426237854 0.364422808629527695 837121.000000000000000000
1.178107686430683199 14.369081101668303546 0.000000000000000000 0.283425087195171288 892738.618356355116702616
1.393970745077849571 11.753434407648681415 0.000000000000000000 0.318921528683723698 919425.000000000000000000
2.948598356953244792 15.157844259701532152 0.000000000000000000 0.352335106508262830 926331.000000000000000000
0.553972413274483544 13.764592435029781470 0.000000000000000000 0.328989467068108554 0.000000000000000000
2.014359622948884709 14.110588388504540447 0.000000000000000000 0.159086519046820946 0.000000000000000000
1.654433033574244982 14.192109128696355214 0.000000000000000000 0.203147734398448743 918516.000000000000000000
1.032513527162508771 11.984383522849672232 0.000000000000000000 0.326849007726739360 677150.928822432179003954
3.770849970110738969 11.415168507989701396 0.000000000000000000 0.418670866900103522 926765.000000000000000000
1.826861990571797545 14.572718228442790078 0.000000000000000000 0.247914856173012343 851646.169233824941329658
1.834136332236045330 11.074931247026643888 0.000000000000000000 0.402138642222651055 920377.000000000000000000
3.117530900808808791 12.853290535200409650 0.000000000000000000 0.158639610884109161 923541.000000000000000000
2.542254895803548020 12.918634049752814263 0.000000000000000000 0.073748782139879274 926274.000000000000000000
4.259775973449771769 14.189405548306563531 0.000000000000000000 0.379629505857026261 919674.000000000000000000
2.639748558630210962 11.552028745792611630 0.000000000000000000 0.311874444350109192 0.000000000000000000
1.909464132727070496 14.129218902439349748 0.000000000000000000 0.169671639960234377 922750.000000000000000000
-4.597979359057674742 11.441239629201525929 0.000000000315529566 0.383569675898596474 1697449.000000000000000000
-7.997804799975289924 12.367686922475217060 0.000000000760177071 0.253041277380950780 1763410.000000000000000000
-7.569758637387982603 10.376615642920135940 0.000000000885803508 0.280354860554786645 1736418.000000000000000000
-6.072694395123360955 11.979758606570380053 0.000000000713675416 0.126352002821685128 1694519.000000000000000000
-5.314585290112058047 13.445001712691723839 0.000000000566737749 0.396822462602113235 1718457.000000000000000000
-5.981570425385336343 12.784186897722898735 0.000000000015476936 0.231373057402497584 1500360.961603894829750061
-7.154375938057922824 13.548404314623583744 0.000000000810972179 0.332346238771644154 0.000000000000000000
-7.712732606521857548 12.323097079484723437 0.000000000032289533 0.204827321083374508 35592.747405135516601149
-9.293994944073402209 12.172119179179160753 0.000000000524453538 0.463495615379581394 1681290.000000000000000000
-4.388434241752571019 12.247378477789636619 0.000000000562815695 0.428137247511345298 1773929.000000000000000000
-4.983762358839308959 11.693626737796202875 0.000000000872202774 0.311686614948680552 1772874.000000000000000000
-7.683473585661441341 9.546987274040205307 0.000000000590626789 0.419724937115856955 0.000000000000000000
-4.800957390858337170 10.826755466624588209 0.000000000858341584 0.378815891225177226 882011.929056029883213341
-8.672709463735939650 12.700948640545073332 0.000000000408671757 0.386894115272679084 1707366.000000000000000000
-7.895034268548741352 12.608612771518746598 0.000000000502972409 0.260179651487954300 0.000000000000000000
-14.136553939590003282 6.664129949157910460 0.000000000000000000 0.427631867319453685 1128779.000000000000000000
-14.524363954860953996 6.592048370895663645 0.000000000000000000 0.462699298877232212 0.000000000000000000
-11.608288500641066321 4.930391442627489518 0.000000000000000000 0.201761935421348265 1073549.000000000000000000
-11.626110612077814821 2.806338353175080957 0.000000000000000000 0.379415295785651197 1129730.000000000000000000
-13.147009120686215411 6.700279792095661158 0.000000000000000000 0.359633298036706406 1122432.000000000000000000
-13.632797980635372070 6.145425363673076014 0.000000000000000000 0.302797533280888709 1051600.000000000000000000
-10.474644886874123983 3.732087483687683616 0.000000000000000000 0.431845731185924064 1095279.000000000000000000
-13.723153947696765442 3.535342565948274896 0.000000000000000000 0.267912617037919631 1102190.000000000000000000
-14.030489470682683262 3.655660357233379454 0.000000000000000000 0.294306767122141544 0.000000000000000000
-11.194057731387486498 6.391152378437484849 0.000000000000000000 0.403085969572920366 1101096.000000000000000000
-12.907237777858105332 7.043810415357306454 0.000000000000000000 0.412539744406410558 387053.379296663391869515
-13.420653800760396379 6.512109258476151297 0.000000000000000000 0.342426508341200975 433126.145945865835528821
-11.542419799293600846 4.331841597481775885 0.000000000000000000 0.217250056643021688 0.000000000000000000
-10.964859169657993121 5.112703434361216992 0.000000000000000000 0.320684568135805814 0.000000000000000000
-10.634930042400409178 5.912624265255337797 0.000000000000000000 0.428476458406533645 1131931.000000000000000000
-13.806027415850325113 -6.936137761814228142 0.000000000000000000 0.437428028040539651 0.000000000000000000
-14.180214317230117160 -2.493025486140624913 0.000000000000000000 0.460360282165775292 0.000000000000000000
-11.325188516824042040 -4.892832362769585330 0.000000000000000000 0.250197360759758569 762728.000000000000000000
-14.464876665161193969 -4.054658903872350173 0.000000000000000000 0.330445132217147497 765064.000000000000000000
-12.590009707693997854 -4.454659478499055858 0.000000000000000000 0.044708054309205020 766518.000000000000000000
-13.536366886075310134 -2.506645329083069473 0.000000000000000000 0.404579939762594931 481263.742475378618109971
-10.286951962367279378 -4.228003694146543090 0.000000000000000000 0.439530449333693785 759417.000000000000000000
-11.465846656996056652 -2.974933273466108474 0.000000000000000000 0.370932888767592783 0.000000000000000000
-15.295042588959404384 -5.244143456409954496 0.000000000000000000 0.470497170350443972 0.000000000000000000
-13.797182769344306763 -6.233471112721505669 0.000000000000000000 0.331836159041940526 762109.000000000000000000
-12.787228818118380858 -6.624301485240712495 0.000000000000000000 0.338520117634650841 0.000000000000000000
-14.166225777663735030 -3.181778414243083830 0.000000000000000000 0.366648846129701944 762316.000000000000000000
-11.626979445303485150 -2.323645777179005556 0.000000000000000000 0.453680871145203002 758358.000000000000000000
-12.351815374005754578 -5.607756829750086602 0.000000000000000000 0.174030359117374855 758466.000000000000000000
-11.985402793980959757 -4.388067861750399423 0.000000000000000000 0.139232699235124158 0.000000000000000000
-5.962783513512596834 -11.564924319861276558 0.000000000175560982 0.139848788466254398 0.000000000000000000
-8.764533284466558882 -11.898108239100020356 0.000000000652235904 0.363570207367011122 0.000000000000000000
-6.070855714837913197 -13.933432896377235366 0.000000000733031142 0.409598160114945486 0.000000000000000000
-5.827276058563270134 -10.574296561618446333 0.000000000857288655 0.259083363393488031 0.000000000000000000
-7.871230344460554917 -9.769702857294145559 0.000000000129923598 0.399868578607953773 0.000000000000000000
-5.618739242906464426 -10.099769748070004383 0.000000000468024812 0.348820196361400436 0.000000000000000000
-7.252331850329945873 -11.118585521942595307 0.000000000126062489 0.140914977091217697 0.000000000000000000
-8.475419825545776220 -13.080092037568732621 0.000000000170133530 0.392871294526269621 0.000000000000000000
-5.004955920056334939 -13.041027241732802366 0.000000000109660394 0.386967587088825393 0.000000000000000000
-5.812108844207351410 -9.606947711925489131 0.000000000820273835 0.408468414319480111 0.000000000000000000
-4.663613987435488717 -12.774016667997733165 0.000000000055657677 0.413479389016661869 0.000000000000000000
-8.731838334752348274 -13.459077830323828096 0.000000000120927131 0.470576360153144801 0.000000000000000000
-6.531169314869097242 -13.742673284649939092 0.000000000459790603 0.360112788322308641 0.000000000000000000
-6.471567497382947565 -11.192228717561244267 0.000000000243533014 0.104154066700979819 0.000000000000000000
-6.398494801379601249 -11.984546920228757116 0.000000000337997327 0.075886830739037472 0.000000000000000000
3.512665191405600407 -11.605158324330682618 0.000000000000000000 0.364160619399848728 0.000000000000000000
2.662027911050924622 -11.584375462323551531 0.000000000000000000 0.306933578272440444 1678888.000000000000000000
3.966843192872560930 -14.473230618354840260 0.000000000000000000 0.360527866067921643 1662030.000000000000000000
0.114645426675721473 -13.888011190330127320 0.000000000000000000 0.410303717237216314 0.000000000000000000
-0.069745238161042361 -12.351909885040880610 0.000000000000000000 0.459028048135729450 0.000000000000000000
2.013689155161576316 -13.622791458135901976 0.000000000000000000 0.084055294587606064 368277.885954035620670766
-0.277026160331409976 -13.039373401108065309 0.000000000000000000 0.467292748903434085 1671937.000000000000000000
3.451889590653621553 -15.650685036617071333 0.000000000000000000 0.467108811826444925 0.000000000000000000
0.149640817507366353 -12.046402010156276319 0.000000000000000000 0.446803098808661037 1664479.000000000000000000
1.309794165109106956 -15.657400114935658308 0.000000000000000000 0.461684204476472793 1683226.000000000000000000
1.794704215406453640 -12.328341936632972065 0.000000000000000000 0.194378731981427272 1623895.000000000000000000
3.440067401946397929 -13.796675544845156125 0.000000000000000000 0.217720351282724045 0.000000000000000000
2.221555648580911146 -13.350220802720022206 0.000000000000000000 0.023989373824796392 0.000000000000000000
4.218369492240236163 -11.463641938341327275 0.000000000000000000 0.465600651618546635 801328.814081612625159323
1.618741084926561324 -14.739947212817492428 0.000000000000000000 0.290156949112877316 0.000000000000000000
10.845325207694896719 -6.646773085513847157 0.000000000000000000 0.378962542012010795 1849548.000000000000000000
10.155342689100217868 -6.820724008277003314 0.000000000000000000 0.339640480694005931 655016.805481258081272244
12.343446921678348005 -8.077417410554733834 0.000000000000000000 0.375729458664087190 0.000000000000000000
10.638211972144027584 -7.428232760849422966 0.000000000000000000 0.237312311782277657 0.000000000000000000
10.009814413585155890 -7.147704825232478854 0.000000000000000000 0.286873347575263449 1840511.000000000000000000
12.353131651644785549 -7.463204454281972211 0.000000000000000000 0.423172537165825313 1825897.000000000000000000
12.074062189021265823 -7.817785132131413128 0.000000000000000000 0.349163277446918718 0.000000000000000000
8.773377179243457391 -9.672905955776061049 0.000000000000000000 0.323196173471879400 1853232.000000000000000000
8.920951900381449917 -6.908632743198812598 0.000000000000000000 0.410464873896191351 0.000000000000000000
10.702343043550779811 -8.105454186355490975 0.000000000000000000 0.129759032447300526 0.000000000000000000
10.660672777959446123 -9.458316075535968537 0.000000000000000000 0.136944684138918332 1769853.000000000000000000
9.708690896615641108 -8.200196800153801036 0.000000000000000000 0.148092987102801832 1775970.000000000000000000
9.654525033961164127 -8.966197973171064817 0.000000000000000000 0.128149253347173919 344850.819392262841574848
11.531838533645759171 -8.552031630434665743 0.000000000000000000 0.215086751436375789 1802405.000000000000000000
8.927181746368663795 -9.155836789316673219 0.000000000000000000 0.261924453526819534 0.000000000000000000
15.304545042219825035 0.468319542802509425 0.000000000000000000 0.324580775635984475 600360.000000000000000000
14.025762174659929471 2.468799982478415700 0.000000000000000000 0.436024725436291838 604364.000000000000000000
13.984589985205616358 2.079545198029791653 0.000000000000000000 0.368614562974933224 0.000000000000000000
12.097565165615556282 1.424757194988312214 0.000000000000000000 0.357102779309455109 0.000000000000000000
14.254523561281164490 2.388720557116758236 0.000000000000000000 0.432435951258534956 0.000000000000000000
11.282402913858373239 1.352216949341910057 0.000000000000000000 0.466337843699705656 198079.060391180246369913
13.656874595426693020 0.664197945068557227 0.000000000000000000 0.116918082262759862 0.000000000000000000
13.315644265643191702 -2.430783069281168274 0.000000000000000000 0.423341769939864221 166504.021342617430491373
13.956292530069342561 2.528463390772606179 0.000000000000000000 0.443984016642818224 600902.000000000000000000
14.385326904815183724 -1.112783887438632879 0.000000000000000000 0.244346041202172681 602482.000000000000000000
15.061258530647585019 -0.155328456669063641 0.000000000000000000 0.272311455777532241 597680.000000000000000000
15.079181381907394766 -2.238185699476646029 0.000000000000000000 0.473907940194196631 600479.000000000000000000
12.306541788797053627 0.941227938115047680 0.000000000000000000 0.274165540248869577 601123.000000000000000000
12.580835079195518134 1.771117209911780011 0.000000000000000000 0.351953036549085385 0.000000000000000000
13.296244324176019092 0.239858288507022316 0.000000000000000000 0.060288320054445149 596590.000000000000000000
