-0.682282897607708994 3.725703447058286599 0.000000000000000000 0.282392839431217790 0.000000000000000000
-0.212576858585401263 5.009254659113491215 0.000000000000000000 0.415521703520308761 0.000000000000000000
-2.501813834727598440 2.514562304078248101 0.000000000000000000 0.248777017028201985 847000.000000000000000000
-3.129816758087817341 2.437659349177312418 0.000000000000000000 0.301656414619784541 0.000000000000000000
-4.041157262683128693 3.314366667516909892 0.000000000000000000 0.333870884174114257 0.000000000000000000
-1.942762826016608102 3.270824252751264982 0.000000000000000000 0.123815374529602104 0.000000000000000000
-3.475678793402359190 2.523912887087033319 0.000000000000000000 0.325916013553191886 160647.771986598701914772
-4.331840627437959945 5.542299019366810242 0.000000000000000000 0.472180795470266645 0.000000000000000000
-4.104080097717837994 5.171626470783897034 0.000000000000000000 0.400260314002908790 0.000000000000000000
-3.598775413873159579 4.526008579866577008 0.000000000000000000 0.264368547149718192 840191.000000000000000000
-3.281827909716594327 4.383668426915129146 0.000000000000000000 0.202485010451265601 0.000000000000000000
0.274290515931218781 4.235784170976953256 0.000000000000000000 0.455504076294463101 844206.000000000000000000
-3.288247731943022778 2.688568875512029166 0.000000000000000000 0.281877742277825860 846707.000000000000000000
-2.985467967242019682 3.960033075967076766 0.000000000000000000 0.130212871979726558 0.000000000000000000
-3.566108512123554952 5.693022980017873991 0.000000000000000000 0.396599832503869709 0.000000000000000000
-1.168905571900094698 -3.225705242963141206 0.000000000000000000 0.227384882008724476 0.000000000000000000
-2.060434060182478877 -2.053199741816348567 0.000000000000000000 0.329050501289391950 0.000000000000000000
-3.849392168612502108 -4.025257140555220658 0.000000000000000000 0.284603339876546346 684904.000000000000000000
-1.293197460709624824 -1.672110505516705148 0.000000000000000000 0.430905026429330595 0.000000000000000000
-0.592719249558690486 -2.271457014208978276 0.000000000000000000 0.413841445713647726 678429.000000000000000000
-3.882389730186781573 -3.009868583858582802 0.000000000000000000 0.329138081794995208 681980.000000000000000000
-3.077311904040723078 -5.747969728200272854 0.000000000000000000 0.361515350673052238 680412.000000000000000000
-2.350710459108177108 -5.380233920624826638 0.000000000000000000 0.265859987549074916 462445.753178231942001730
-2.396018071017649298 -6.469078152048560959 0.000000000000000000 0.459866727609490933 684156.000000000000000000
-1.186215330621433361 -2.787525297183815809 0.000000000000000000 0.274019575971129192 684900.000000000000000000
-0.216068624558671513 -3.268454352467967006 0.000000000000000000 0.380430618488489580 0.000000000000000000
-3.331338597205554031 -3.237069885454098905 0.000000000000000000 0.223823771062471866 319862.510665599664207548
-1.690961292532275673 -1.943490804553069440 0.000000000000000000 0.361168216331958947 376855.418909906758926809
-4.595321145586654943 -3.641149444327748341 0.000000000000000000 0.418860164817824565 682756.000000000000000000
-0.206809462000697108 -3.521779184508732286 0.000000000000000000 0.371443485156609576 37203.293369059145334177
4.024317269875687053 -2.298049510710055809 0.000000000000000000 0.417642120612384538 0.000000000000000000
5.757137137970326002 -0.519243614927000774 0.000000000000000000 0.239940011182947721 0.000000000000000000
5.628545092667152971 -1.428651655508588414 0.000000000000000000 0.322130802434166308 762722.000000000000000000
5.095907409476223116 -2.059351388069899702 0.000000000000000000 0.380139217172897892 0.000000000000000000
5.191054779343843073 -1.323421008463370185 0.000000000000000000 0.264176722571211775 0.000000000000000000
3.849939798926429901 0.299395112387070339 0.000000000000000000 0.129801874292109043 765921.000000000000000000
4.722464705254709294 -0.689151196577319824 0.000000000000000000 0.127934185960994456 0.000000000000000000
3.937598849695734149 0.637667210965678799 0.000000000000000000 0.152994939902396793 764221.000000000000000000
5.503056777953771572 -1.227993401254035000 0.000000000000000000 0.280350005495218546 604996.442275397828780115
3.698529191207270639 1.449966776400305912 0.000000000000000000 0.295922909013892177 763996.000000000000000000
5.019784281623432598 1.675459837363102888 0.000000000000000000 0.310919735589024360 0.000000000000000000
4.403322467095893700 2.533612567078106448 0.000000000000000000 0.450595436632475088 761278.000000000000000000
5.903457595093180466 0.197230803160981794 0.000000000000000000 0.250070930632352362 0.000000000000000000
6.606152374798353044 1.201425017932605366 0.000000000000000000 0.429431626182988024 758865.000000000000000000
3.890897527712571247 1.600918397495941337 0.000000000000000000 0.305469320633330099 764357.000000000000000000
8.039464394576523176 9.690709568998013168 0.000000000899159763 0.442391871096353806 0.000000000000000000
10.278038462282241383 6.656056211404020040 0.000000000900652118 0.367008581025684011 0.000000000000000000
10.802665079537165482 9.311156314695420377 0.000000000345099983 0.128535473042457826 0.000000000000000000
12.254980958749113640 10.415300987082574125 0.000000000581407636 0.448707250788878298 0.000000000000000000
8.324252428450083841 10.287611537202041134 0.000000000858957217 0.449950515395047379 845970.000000000000000000
11.723132955050628468 8.770076272335122880 0.000000000001944793 0.246462123047919118 0.000000000000000000
11.677804653365571497 6.478174558870070321 0.000000000884564819 0.463130501122794414 0.000000000000000000
12.427077905820929971 8.624781505564818929 0.000000000454697025 0.372518726159111802 48738.413162349912454374
8.748582027466726529 8.721495012341563324 0.000000000402203512 0.283798451427365594 841699.000000000000000000
9.734928099332940121 9.820863509618652287 0.000000000841137418 0.217057205267966902 0.000000000000000000
9.609058702736277269 7.350216726148952162 0.000000000346211544 0.277865030400528401 635187.260419799597002566
10.162777257407379139 9.593041546245062889 0.000000000296551582 0.151574887078662068 680674.247790006687864661
9.198035880376757234 10.935900675562649553 0.000000000269794579 0.434911730133046626 845363.000000000000000000
9.750562888720834209 9.095831584117593849 0.000000000905372848 0.121607983582968177 0.000000000000000000
7.924152209693897220 7.798203841568963846 0.000000000338546561 0.461961562141995519 0.000000000000000000
3.398881492995305287 14.664752991635069179 0.000000000000000000 0.311507868552163447 291269.164686062838882208
2.702279493491085205 12.549621884084205092 0.000000000000000000 0.145124836562580989 0.000000000000000000
3.173216869937553586 12.373481246247653331 0.000000000000000000 0.219562314170331951 921697.000000000000000000
4.732134016241204222 12.635675828345302563 0.000000000000000000 0.442271010009032184 925206.000000000000000000
3.930259596223730778 13.873400948367384800 0.000000000000000000 0.303602188634774839 925923.000000000000000000
3.752935822077487327 15.305615090835297920 0.000000000000000000 0.440769988046382621 0.000000000000000000
2.291499799605184240 13.665178718729560359 0.000000000000000000 0.069599526568457165 918301.000000000000000000
2.815539615940215068 14.885160877287750836 0.000000000000000000 0.298937137307054013 919979.000000000000000000
1.804624137385022031 12.645238889357525380 0.000000000000000000 0.146846780118781772 0.000000000000000000
3.343715466525528868 13.706664859870729245 0.000000000000000000 0.195500760851221450 922459.000000000000000000
1.102043609584958173 14.692761477212590293 0.000000000000000000 0.334460438777246238 922453.000000000000000000
3.145573388020594496 12.492332914215003470 0.000000000000000000 0.201004888068035570 0.000000000000000000
4.806936769300345524 13.427083516355498460 0.000000000000000000 0.441463543565726868 0.000000000000000000
1.813256719689132268 14.180153523668710847 0.000000000000000000 0.185789774986295536 919140.000000000000000000
1.569536117570883293 13.723571735003021743 0.000000000000000000 0.157848592505430929 172735.467016992304706946
-6.324963971504728555 10.515958480861224089 0.000000000373358702 0.225006945449435114 0.000000000000000000
-9.147991717090656394 12.165494175561445189 0.000000000384028481 0.437683377368912441 1719848.000000000000000000
-6.210274753008282467 11.337161405956278415 0.000000000824400330 0.114998367191934403 1679678.000000000000000000
-8.646518381731517877 10.445407023209632769 0.000000000445175179 0.408592240709115484 1680429.000000000000000000
-5.729748043548637426 12.688502880470005962 0.000000000660946167 0.247917357250836468 0.000000000000000000
-7.322697266698005691 11.895148992371034069 0.000000000755553810 0.109749509434541953 0.000000000000000000
-5.958131136179032339 9.725081933946139401 0.000000000828193086 0.379125625160775803 0.000000000000000000
-7.490746023032652801 13.441396196529749929 0.000000000035643562 0.333315181423281037 0.000000000000000000
-6.682092204663955037 10.770180816094992338 0.000000000144087666 0.168130745050728669 1049332.626995443133637309
-6.474793565249355787 12.231775901255042882 0.000000000055876671 0.101796288254714540 1750343.000000000000000000
-7.969162771624759500 10.990472841290873873 0.000000000469451127 0.255261480329949109 0.000000000000000000
-4.422428711450269390 11.288918953021099156 0.000000000923167807 0.418678671058530516 0.000000000000000000
-8.257685765664392719 12.693604343389564448 0.000000000176420055 0.321845672020067974 596539.504626843961887062
-5.277577200354006237 12.252310380482063223 0.000000000372238813 0.276007433685036163 1734319.000000000000000000
-8.649857898979984583 11.918943246891137377 0.000000000026205530 0.343575957447053770 1700331.000000000000000000
-13.901370708737294635 7.091180913223422699 0.000000000000000000 0.469010320994944108 1103752.000000000000000000
-10.941590983455817820 3.154891043271053963 0.000000000000000000 0.412741497715632455 125998.654705998822464608
-15.188024540469042378 4.818182033681739362 0.000000000000000000 0.441810814975922228 1039657.000000000000000000
-12.972444032024959881 5.103559691375179064 0.000000000000000000 0.087130467797245620 0.000000000000000000
-14.643425484676599879 3.521435869837074684 0.000000000000000000 0.398188885942063031 0.000000000000000000
-14.005282663595638226 4.976227142848978602 0.000000000000000000 0.236053745503352175 495712.078490791027434170
-11.405253460392005493 3.724308103137170090 0.000000000000000000 0.286385851955048287 0.000000000000000000
-11.838280908361818788 5.271911015643923726 0.000000000000000000 0.187070418197669119 1126108.000000000000000000
-12.021979571720162738 6.120380054200925457 0.000000000000000000 0.279626623034494870 0.000000000000000000
-11.384126276949178447 6.432739106822989328 0.000000000000000000 0.386784326845989679 1060945.000000000000000000
-13.821703720749946243 2.215000786151456236 0.000000000000000000 0.470859357757338448 1050981.000000000000000000
-11.237327957019504154 4.387577504359409630 0.000000000000000000 0.267904692375023401 0.000000000000000000
-11.593007422962262609 6.141471376905196067 0.000000000000000000 0.323782093850535135 1086314.000000000000000000
-14.030539402730964227 3.255780920489733887 0.000000000000000000 0.340631575602480141 0.000000000000000000
-15.150358976993175020 5.115466055237218868 0.000000000000000000 0.440960430592134078 0.000000000000000000
-12.665411829040648328 -2.310191130003149240 0.000000000000000000 0.411933243435770535 0.000000000000000000
-11.155850538066253819 -6.256539577448545053 0.000000000000000000 0.390841150302482898 13079.871603323710587574
-12.207578206920526753 -3.882374150183455441 0.000000000000000000 0.165310720874427330 763240.000000000000000000
-13.235311574095179665 -4.126472599362577931 0.000000000000000000 0.133659833147848628 0.000000000000000000
-12.868174444801548262 -2.020674425818049347 0.000000000000000000 0.462821117254267222 758283.000000000000000000
-10.731557334950846183 -5.809132055280158191 0.000000000000000000 0.404555845587095619 0.000000000000000000
-15.307051104189397961 -5.215394720689166874 0.000000000000000000 0.471586703770688676 763712.000000000000000000
-14.355940541890829465 -5.964941752926607776 0.000000000000000000 0.368026759434738948 270611.756437549076508731
-15.188378282862174729 -5.598098291287890937 0.000000000000000000 0.468998475001445037 0.000000000000000000
-13.004917425419211696 -4.281226751545708531 0.000000000000000000 0.086462590891541027 0.000000000000000000
-11.522894857508456212 -6.471767522837575726 0.000000000000000000 0.377695766972998337 758764.000000000000000000
-12.658321714754517728 -7.379364833930820211 0.000000000000000000 0.469726092008993512 0.000000000000000000
-12.927122512368169893 -6.745430615620260362 0.000000000000000000 0.361238875309742968 763995.000000000000000000
-11.739789682218086497 -4.510416642946736943 0.000000000000000000 0.175952486390896085 766837.000000000000000000
-13.650260944172472932 -2.832260741343257671 0.000000000000000000 0.361365761019971421 0.000000000000000000
-7.137884115730371626 -12.334044347387230545 0.000000000376880419 0.130688489719129969 0.000000000000000000
-7.416251396443807486 -11.732097089006312984 0.000000000866076163 0.121911938340560314 0.000000000000000000
-8.795700287025095321 -12.495089805823196727 0.000000000505469934 0.392465775111580595 0.000000000000000000
-6.945995712992451665 -12.626144749049217353 0.000000000597371069 0.165050263473769193 0.000000000000000000
-4.589754306231062841 -10.674135930532967720 0.000000000920434862 0.424416062722101028 0.000000000000000000
-6.510705842633929485 -10.331835118782512595 0.000000000428451601 0.248682950457452506 0.000000000000000000
-8.601127871299334871 -11.074492447703303100 0.000000000332891849 0.351959878855304553 0.000000000000000000
-6.096326728908659121 -9.429580393989130727 0.000000000680055358 0.420954131443376067 0.000000000000000000
-5.901882105629554509 -9.799651142611860877 0.000000000117740815 0.370759549834646818 0.000000000000000000
-7.651383765182424135 -11.969610386840665583 0.000000000765835695 0.169703156442505082 0.000000000000000000
-6.839473259889499168 -12.891610500073854340 0.000000000212164961 0.208474980531888149 0.000000000000000000
-8.118561560669844468 -10.901012924677260685 0.000000000578785715 0.286215471515179454 0.000000000000000000
-4.160973646092275935 -12.300393417271964225 0.000000000170837344 0.469745302332159276 0.000000000000000000
-5.550315710869919705 -12.982609599234260500 0.000000000203706120 0.307494350128561522 0.000000000000000000
-4.725887144911522064 -13.404472412116852809 0.000000000539738267 0.466080146454063371 0.000000000000000000
0.609509894583337153 -15.181171070076151963 0.000000000000000000 0.457811514002483599 0.000000000000000000
3.003432764728128479 -13.608475989885867818 0.000000000000000000 0.133076643118414051 0.000000000000000000
2.641512742532045266 -12.091186847190101616 0.000000000000000000 0.218077095641868474 652857.350044085411354899
1.532571776185078560 -12.918204410351284750 0.000000000000000000 0.156519510355819874 1442661.760096817277371883
2.477978036342759260 -10.664031928161907814 0.000000000000000000 0.465903815416940481 1606392.000000000000000000
3.592186082235476086 -12.478974697664032334 0.000000000000000000 0.265359675012556195 0.000000000000000000
-0.065286558096973188 -14.120261488928573357 0.000000000000000000 0.453283835214219222 1614498.000000000000000000
0.105558549023489753 -14.541068720833193240 0.000000000000000000 0.456624469961692980 99933.036302333799540065
1.270416301195548048 -12.231863505952398796 0.000000000000000000 0.265701106359284955 1616256.000000000000000000
0.376286933138292645 -13.400801074090903597 0.000000000000000000 0.349664307222039006 1652319.000000000000000000
0.343320103475627914 -12.177974498593286512 0.000000000000000000 0.405245850780043715 1656345.000000000000000000
4.256699336348267693 -13.300672421396795286 0.000000000000000000 0.342631122388780851 0.000000000000000000
3.530043158723640495 -12.218398606433609643 0.000000000000000000 0.284420158052940297 1653881.000000000000000000
1.913579543842080177 -11.802023534628533596 0.000000000000000000 0.273140915785255123 893208.878190287621691823
4.043688812751861761 -12.964108037873172563 0.000000000000000000 0.309681308363912444 0.000000000000000000
12.259179718302315010 -9.670044485202561546 0.000000000000000000 0.378038238710768859 1787286.000000000000000000
11.661871634989591229 -10.613656676324010775 0.000000000000000000 0.402499125791987766 1803917.000000000000000000
8.595476984162637279 -8.331554973727556046 0.000000000000000000 0.319545162832621576 0.000000000000000000
11.776269244997696006 -6.738983733876402482 0.000000000000000000 0.434707546556193036 1837837.000000000000000000
8.793016938843900121 -7.970468836557244252 0.000000000000000000 0.307831650824037129 421765.357355372863821685
8.195608637964967969 -7.401898521486023341 0.000000000000000000 0.449674845802899292 1833767.000000000000000000
12.286615589745862209 -10.078745900471833608 0.000000000000000000 0.417607210481129032 0.000000000000000000
11.183649704436358974 -6.535717486344558402 0.000000000000000000 0.415487073498067960 1790296.000000000000000000
10.801323947817607518 -9.335391306508155296 0.000000000000000000 0.131674624798135825 1802147.000000000000000000
11.974861296285116197 -9.950368029608569032 0.000000000000000000 0.359246900531789259 1793910.000000000000000000
11.807394561941940481 -8.464912086271286995 0.000000000000000000 0.266097629235519162 0.000000000000000000
8.158305140520811349 -8.975540998066106724 0.000000000000000000 0.391008948571095416 1792800.000000000000000000
12.310157072997332861 -7.148854118556392301 0.000000000000000000 0.448695583420939348 0.000000000000000000
11.537864613011256765 -10.163112765765506040 0.000000000000000000 0.326909221342309930 1759471.000000000000000000
8.845519115952477307 -10.170654488858680509 0.000000000000000000 0.365399485219090825 1653661.336230773711577058
15.578632805475246315 1.174128276828596551 0.000000000000000000 0.415863374570662025 598320.000000000000000000
13.022871512996296417 -1.883689535716920993 0.000000000000000000 0.339590821355816919 330141.742340404656715691
13.405328295976724817 -0.614269425163181171 0.000000000000000000 0.109202000821618961 0.000000000000000000
11.302581422064351457 -0.267685084712122046 0.000000000000000000 0.401709791244787118 597921.000000000000000000
12.307520821284066770 2.181491320504006737 0.000000000000000000 0.438139661299888294 492427.673361892986577004
12.648195358154350032 -1.692121395047025523 0.000000000000000000 0.334118040380701309 598175.000000000000000000
13.510488264026729865 -2.667072279829396209 0.000000000000000000 0.462233236880992715 0.000000000000000000
11.716681369937608892 1.191339640097514030 0.000000000000000000 0.385593865619723031 602390.000000000000000000
11.424190529570106278 0.503325341771933998 0.000000000000000000 0.387357801126895274 0.000000000000000000
12.568968882231811079 1.582959829670494756 0.000000000000000000 0.324927734781208233 0.000000000000000000
11.341691897654978760 -0.594463692109587938 0.000000000000000000 0.405450148273740263 598140.000000000000000000
11.738002024956365688 -1.568105251080056162 0.000000000000000000 0.421501761530662433 54695.448701600711501669
12.837551510464049187 -0.559734017438906939 0.000000000000000000 0.158634859991276495 606473.000000000000000000
12.967629031892204949 -0.666247640908165795 0.000000000000000000 0.154315081875668419 602525.000000000000000000
15.638923821673971659 -1.247211926212084210 0.000000000000000000 0.431411665846844650 601574.000000000000000000
