-1.989426464375927628 6.061674036269284471 0.000000000000000000 0.389685870901716747 843439.000000000000000000
-0.474979935692103838 4.255433522470227992 0.000000000000000000 0.324404162313462474 0.000000000000000000
-3.651956589435213729 1.747252689144273230 0.000000000000000000 0.455132637049091904 845751.000000000000000000
-3.428551167387530629 3.276537506388583765 0.000000000000000000 0.235455105487109684 846166.000000000000000000
-2.895707317212872223 2.971485594542073283 0.000000000000000000 0.199159992230088928 401668.910167094785720110
-3.736024947374197769 3.063105716238166742 0.000000000000000000 0.301722963962987534 837843.000000000000000000
-2.543280979686056043 4.751618103438242535 0.000000000000000000 0.161591939096362769 0.000000000000000000
-4.309335353347509390 4.132226889395423264 0.000000000000000000 0.368078045108783836 839611.000000000000000000
-2.281972141828142675 5.303457711555767062 0.000000000000000000 0.251718644397521896 0.000000000000000000
-1.232614354417950642 1.640488699887566293 0.000000000000000000 0.440448779783888578 837665.000000000000000000
-4.001590018522675152 4.252485157409195971 0.000000000000000000 0.317327264259805619 0.000000000000000000
-4.353271205858417758 5.149302153248244807 0.000000000000000000 0.435413507967715663 843802.000000000000000000
-1.373997286543009455 3.321811423858842094 0.000000000000000000 0.187313871835796147 0.000000000000000000
-2.902029433004167380 1.963504770796911769 0.000000000000000000 0.361703541766048853 841921.000000000000000000
-4.361529798814767211 4.589584644976323347 0.000000000000000000 0.394961394860258608 0.000000000000000000
-4.034454637994763893 -1.945832356481348002 0.000000000000000000 0.468933147058429534 0.000000000000000000
-3.786095939271918454 -3.621676146439233079 0.000000000000000000 0.276467337331707808 678787.000000000000000000
-2.473932538337334730 -4.721484831789064529 0.000000000000000000 0.152946168422234491 684343.000000000000000000
-0.571907230871445127 -4.628972875051546865 0.000000000000000000 0.328094574389400873 0.000000000000000000
-1.041760461622716960 -2.235408139732368404 0.000000000000000000 0.365920556811471676 681147.000000000000000000
-0.626656253947479258 -4.911746891534162884 0.000000000000000000 0.343037345638439573 0.000000000000000000
-2.673562774233123385 -2.070871075944212603 0.000000000000000000 0.332289338696552916 0.000000000000000000
-2.831061571895490570 -3.450159557547405331 0.000000000000000000 0.128694910314789274 678227.000000000000000000
-3.052434787344288747 -5.904132071058459275 0.000000000000000000 0.385461672672896105 535561.122662587906233966
-3.990613922327934660 -2.515875465607973371 0.000000000000000000 0.393864697369238514 679682.000000000000000000
-2.405089551298176698 -6.271094319372966908 0.000000000000000000 0.424768987878756610 0.000000000000000000
-1.369802682210961464 -4.729389499850049638 0.000000000000000000 0.217758990789849283 683411.000000000000000000
-2.856926499676962106 -4.169756977648117591 0.000000000000000000 0.117747381922643099 0.000000000000000000
-3.212073782139067468 -1.496538383917143777 0.000000000000000000 0.458744489427036439 252135.822012741584330797
-2.377884596097584069 -6.190808104582242066 0.000000000000000000 0.410226645630129005 0.000000000000000000
4.367634971116201470 2.095912458745428086 0.000000000000000000 0.373328853071175470 757877.000000000000000000
4.546744489106801623 -2.074622054376363156 0.000000000000000000 0.368632639797980610 0.000000000000000000
3.912245627107010737 2.022050368156037337 0.000000000000000000 0.375064992595854130 0.000000000000000000
5.496536157858937344 -0.111093091528515001 0.000000000000000000 0.176193095656143550 284459.771623827051371336
6.237778923106752416 -0.663155947382610189 0.000000000000000000 0.328952891288641747 0.000000000000000000
3.244471942038907208 -0.259792580222303671 0.000000000000000000 0.230965995217113695 765999.000000000000000000
3.049177723350823932 -1.303141938088564045 0.000000000000000000 0.349103448909717562 764928.000000000000000000
3.082151394469464289 -0.721709111519860946 0.000000000000000000 0.285677131813705243 761323.000000000000000000
4.022684999826458885 -1.879850608523094602 0.000000000000000000 0.345394075805318945 0.000000000000000000
2.844879459177843906 0.914604421390913025 0.000000000000000000 0.339071769852410665 757774.000000000000000000
2.505948809260862387 -0.191705420667859561 0.000000000000000000 0.359530913424133403 757852.000000000000000000
3.189019032888723792 0.016661486733665985 0.000000000000000000 0.236200608888824964 765242.000000000000000000
6.651984456983312199 1.548071330563891346 0.000000000000000000 0.469616454920016468 757403.000000000000000000
4.831710505019859880 1.889161281356534827 0.000000000000000000 0.340311495816534915 0.000000000000000000
5.231764902248188243 0.448591495392419548 0.000000000000000000 0.150676942243731737 757491.000000000000000000
12.495487983003808807 9.814157205505056325 0.000000000652123942 0.426861644424332998 679888.760697147343307734
8.473250917093150036 9.660304099922402798 0.000000000092080065 0.369465030605167222 0.000000000000000000
9.631847002268376201 7.701554466499760387 0.000000000924219993 0.222940116276802963 844332.000000000000000000
11.804601510034418155 9.753516480567773428 0.000000000238896058 0.314691038319468763 0.000000000000000000
10.398630817803148574 6.267806335090696734 0.000000000570661742 0.434950185825032698 838937.000000000000000000
11.669360717129562133 7.135459156832956396 0.000000000795472734 0.368355548330282223 0.000000000000000000
10.027421343088500194 6.519427849916046291 0.000000000336093504 0.394911783261755689 0.000000000000000000
8.105566054846716995 7.474401725453716949 0.000000000185088968 0.457022757533732726 219987.597961257823044434
9.415209425742295579 9.330617436217568894 0.000000000061703646 0.194098829523770056 0.000000000000000000
9.773350553132711838 7.784118204934769913 0.000000000789903717 0.197077067109115406 845668.000000000000000000
8.818516086875714421 9.228639117859012586 0.000000000176110753 0.284142704617503183 840179.000000000000000000
7.818420781829687805 8.732474290471865075 0.000000000913468465 0.449529057659020237 0.000000000000000000
8.230102867699306657 9.108053903793742023 0.000000000529949051 0.381453741703490667 0.000000000000000000
10.733364036220503834 11.112737905978317343 0.000000000176361663 0.420242083129098498 0.000000000000000000
10.831436791800790331 7.554271314104807011 0.000000000438202223 0.226713429575303493 715604.094200697611086071
0.785836761654996052 11.483228061690324395 0.000000000000000000 0.422180898144710881 528952.064730086131021380
1.637644311729893554 14.644813550920385836 0.000000000000000000 0.273491828791359470 917603.000000000000000000
1.841947266417606199 13.654811228496663844 0.000000000000000000 0.110620593610819287 0.000000000000000000
0.340023815396782891 12.063787881791425249 0.000000000000000000 0.415954592581759430 0.000000000000000000
3.742107706695315006 13.274668799359352178 0.000000000000000000 0.250899773017031702 213075.727312125789467245
4.168271549479189098 13.036690392522199744 0.000000000000000000 0.329624470605155595 0.000000000000000000
0.849285189293545018 12.168837211507764096 0.000000000000000000 0.330155795513963402 0.000000000000000000
2.681065545349010648 11.610674468929506276 0.000000000000000000 0.303009789469326052 58512.940019384550396353
3.821706858680294250 14.802716890731653976 0.000000000000000000 0.379487762193635558 918563.000000000000000000
2.008122508408341833 12.146420460275471953 0.000000000000000000 0.209532633478604902 919023.000000000000000000
0.947718530179546104 12.099309639329492327 0.000000000000000000 0.324138348237609342 925316.000000000000000000
3.062906517907320492 14.841579146766511244 0.000000000000000000 0.307357174421662216 0.000000000000000000
1.213095556458205548 15.374372038908182603 0.000000000000000000 0.423723799294089765 925356.000000000000000000
3.288356718182007921 12.681463971668462065 0.000000000000000000 0.200345684957061704 0.000000000000000000
1.153159432714122801 14.740588779019924814 0.000000000000000000 0.335133574287057034 0.000000000000000000
-5.650090311547730337 11.942729758518201066 0.000000000763466026 0.196947630985841143 0.000000000000000000
-5.392703099899635255 9.762950382925904336 0.000000000813096984 0.420867126266157576 1760845.000000000000000000
-7.322418132160169790 12.884079636948774450 0.000000000779216687 0.231432685172363983 482696.703074231510981917
-6.512961289096363515 14.336358834074459878 0.000000000857135461 0.465060078964401657 0.000000000000000000
-4.994506671393982522 12.223026504067577847 0.000000000641871206 0.322388838744166906 1074474.758047305978834629
-5.679512709536174597 9.614522668387124327 0.000000000225663034 0.417357462521787015 1717412.000000000000000000
-5.451376897073921590 11.915537542760882062 0.000000000877255730 0.230969977076893679 1734327.000000000000000000
-6.572693910817375418 10.958348657968143058 0.000000000506833312 0.137575350801017515 325300.653118978138081729
-7.632405541701269946 11.262480874032405609 0.000000000245240315 0.179553906017015791 1758283.000000000000000000
-6.381100113177262223 11.763098229544452167 0.000000000902361894 0.063107266294467487 169101.996430042781867087
-6.098481361428758518 12.573360205801966671 0.000000000290292533 0.188900736166223160 555247.798049275297671556
-7.639946967379456666 9.302443861942645498 0.000000000043739730 0.456820385996456302 0.000000000000000000
-6.752399814918732091 13.314569302328919775 0.000000000886983825 0.282499852470359469 1697841.000000000000000000
-6.562848981674792803 10.644087935082595209 0.000000000614878521 0.192619328439676302 0.000000000000000000
-6.497296723222396153 12.652986120586145802 0.000000000259492305 0.170649871993029140 1697320.000000000000000000
-13.911276748115954049 5.558383287656594618 0.000000000000000000 0.262499506423690132 1061512.000000000000000000
-12.786810677656134771 5.377104100914267271 0.000000000000000000 0.122148339718295640 0.000000000000000000
-15.248356536845541598 5.336445711958383242 0.000000000000000000 0.466001430921087423 809316.693368645850569010
-12.535019401203816969 7.288698292977084492 0.000000000000000000 0.455079114454858324 334569.568483162147458643
-12.222379483120585419 3.016755329580783407 0.000000000000000000 0.302176768337027279 0.000000000000000000
-12.572685304224906488 5.256261462217720393 0.000000000000000000 0.103542262856056486 0.000000000000000000
-14.491547505609361224 4.608197535380313070 0.000000000000000000 0.317251868062032205 1054312.000000000000000000
-11.439344769610041652 2.765650233097024735 0.000000000000000000 0.403375770868487582 45974.317972770477354061
-12.432137460250107353 2.481915674517245485 0.000000000000000000 0.385428672327709609 1045635.000000000000000000
-13.085236180756290025 3.948758753757706241 0.000000000000000000 0.143122758534257044 0.000000000000000000
-12.437111944772336614 4.876319270059076949 0.000000000000000000 0.060027299828307443 1017278.050763371051289141
-14.057805950966159259 5.276886545471623613 0.000000000000000000 0.261190614481403349 0.000000000000000000
-12.144420467630283156 5.515535404518024265 0.000000000000000000 0.177482948847037497 0.000000000000000000
-14.898910611105065982 5.527905438442722641 0.000000000000000000 0.416427808941160327 1129022.000000000000000000
-15.150948970728418175 5.657796996486217367 0.000000000000000000 0.466383184159902708 1070912.000000000000000000
-10.228589226806082735 -5.295648395286228549 0.000000000000000000 0.455751624340565875 760657.000000000000000000
-11.721859198633252319 -6.208754073454752387 0.000000000000000000 0.319800377950193504 0.000000000000000000
-10.402374623536163156 -4.842800925896454167 0.000000000000000000 0.412856695516458039 763777.000000000000000000
-10.323497243750512808 -3.868913596071968275 0.000000000000000000 0.448771258472724699 760048.000000000000000000
-12.602422599584345519 -3.125694449221274596 0.000000000000000000 0.270804296688487822 766396.000000000000000000
-11.213809229213737240 -3.801872425316027204 0.000000000000000000 0.307881493315300014 762445.000000000000000000
-12.562849382279278387 -7.275078529173425679 0.000000000000000000 0.452371565384202479 0.000000000000000000
-13.581783026486021981 -3.627539185499556673 0.000000000000000000 0.239302586455902383 762659.000000000000000000
-10.254256681599168033 -4.846518776158776021 0.000000000000000000 0.439234904425150452 766282.000000000000000000
-11.584055798343534605 -5.326758979880905187 0.000000000000000000 0.230778279161517053 761097.000000000000000000
-13.245518732096002168 -3.424684715079052033 0.000000000000000000 0.237588461441359061 761022.000000000000000000
-11.757667291287024369 -5.859331759728709343 0.000000000000000000 0.267034482255428363 762282.000000000000000000
-13.264506558164116612 -4.374099608728307942 0.000000000000000000 0.111622990839085584 0.000000000000000000
-14.394226910617364368 -3.132898760022370332 0.000000000000000000 0.401912038827094920 758104.000000000000000000
-10.724508626796776412 -5.080382253469312381 0.000000000000000000 0.361319732692342965 0.000000000000000000
-4.464464031561585777 -11.377966237419041562 0.000000000632771318 0.408684215134584750 0.000000000000000000
-8.281673261836420608 -11.187316099412660364 0.000000000403769812 0.291655481635177738 0.000000000000000000
-8.593877745164125059 -10.359021657720882459 0.000000000507506794 0.409555855379338973 0.000000000000000000
-5.100900147658053996 -13.448464898282566082 0.000000000407372482 0.422577331705028925 0.000000000000000000
-7.637087333899490460 -12.295428309312253390 0.000000000893846276 0.190799481728117282 0.000000000000000000
-6.627050659021432644 -10.537607075050736682 0.000000000266674092 0.209912152437791960 0.000000000000000000
-9.371433320322955396 -11.323962461499011312 0.000000000622488114 0.475461593848894970 0.000000000000000000
-6.302381448772996997 -10.644833678776381092 0.000000000092803842 0.205015833742152015 0.000000000000000000
-4.711634024655059427 -13.385698203256803041 0.000000000213319077 0.465915006232529405 0.000000000000000000
-7.874747568464790071 -13.192335767568359017 0.000000000060885785 0.330643180051599928 0.000000000000000000
-5.410665477021312952 -12.086524822388057032 0.000000000133128713 0.244430314922061381 0.000000000000000000
-7.170484328514040939 -14.360598440063931491 0.000000000829836674 0.473860176518442477 0.000000000000000000
-7.219568346642537549 -12.397521430369080164 0.000000000154187573 0.148206829559789005 0.000000000000000000
-7.284126428852167656 -13.863815781263964411 0.000000000105624254 0.391999954161407094 0.000000000000000000
-6.407359011680653360 -11.777554876953146845 0.000000000138281989 0.058865757292962582 0.000000000000000000
2.316505669424687053 -15.032709416480194875 0.000000000000000000 0.312715238045752408 1652911.000000000000000000
0.891950335285929707 -15.279554920295836951 0.000000000000000000 0.439738417106183888 1671317.000000000000000000
0.320567329649807331 -13.402048486116655113 0.000000000000000000 0.359587702664584064 1636573.000000000000000000
4.353202975064829339 -13.266003688190563636 0.000000000000000000 0.359806671539381950 1628773.000000000000000000
3.764952987814845553 -11.723262763743983683 0.000000000000000000 0.376075830400317945 1598504.000000000000000000
1.726253866098194534 -15.333913160277232279 0.000000000000000000 0.382088170205680200 0.000000000000000000
4.317500536413803935 -12.894957813935628010 0.000000000000000000 0.359905404710840759 1679285.000000000000000000
2.307487421547298467 -13.081948574538845520 0.000000000000000000 0.035014112676525017 1656223.000000000000000000
2.495383312551197719 -15.837544660139464270 0.000000000000000000 0.456867855809932666 1652125.000000000000000000
1.561576752634925125 -15.515245208089389450 0.000000000000000000 0.421820311329852593 0.000000000000000000
2.033828240331332804 -10.928255398771231199 0.000000000000000000 0.421641582948355520 1643587.000000000000000000
2.156749765631867710 -14.829225125063555168 0.000000000000000000 0.278287472963392957 1656122.000000000000000000
3.603357777048573407 -10.939825676746107064 0.000000000000000000 0.473405015754284730 1594724.000000000000000000
1.321480269105113070 -13.416581201919678179 0.000000000000000000 0.182232166643695820 1661397.000000000000000000
2.737500581713446568 -13.898991547567581151 0.000000000000000000 0.132058137976156093 0.000000000000000000
9.946675793178936686 -7.807083768331889218 0.000000000000000000 0.179401168701961766 1835513.000000000000000000
11.705523102350088749 -10.089988701853526365 0.000000000000000000 0.338098346945175710 0.000000000000000000
11.645443560937767558 -8.798280762888387230 0.000000000000000000 0.232750981514154881 0.000000000000000000
9.627160082564248711 -9.102553648315984347 0.000000000000000000 0.141583453399849540 1801604.000000000000000000
9.763062204607626526 -10.439376117427642043 0.000000000000000000 0.314185427447597143 1778777.000000000000000000
11.046930985225859700 -10.224873399591261958 0.000000000000000000 0.287682736507010817 1845048.000000000000000000
11.900673215583097431 -9.088166141781940155 0.000000000000000000 0.284368887115734992 1764782.000000000000000000
10.889290043368870187 -6.940914866849858811 0.000000000000000000 0.331341298820716113 0.000000000000000000
9.555285665409190443 -9.491968557105266768 0.000000000000000000 0.191453347425187520 0.000000000000000000
10.842492144555134104 -8.786872093789968474 0.000000000000000000 0.089721203240757663 1773099.000000000000000000
11.875329032610826729 -7.338929024078474583 0.000000000000000000 0.368185992843549692 1807864.000000000000000000
10.170104314045701699 -10.810398772813321955 0.000000000000000000 0.362999278496568767 0.000000000000000000
8.282855739449109578 -8.270776043660456267 0.000000000000000000 0.376238960653110910 1809342.000000000000000000
10.461043395234517206 -6.601798669116358376 0.000000000000000000 0.376855080224706263 1806924.000000000000000000
12.383004417992962587 -7.498707151834196338 0.000000000000000000 0.424465411047658614 828002.076656366698443890
12.808740284962185640 0.533836774999316810 0.000000000000000000 0.160085851487487663 600733.593267635209485888
15.261136801905001548 0.425056949755103219 0.000000000000000000 0.315273634810467773 0.000000000000000000
13.533401931819758701 0.407760313740452129 0.000000000000000000 0.070682128463543020 0.000000000000000000
15.406274192050897653 1.672092722408678345 0.000000000000000000 0.440241366254166488 596583.000000000000000000
13.811776659200493356 -0.158107346069220195 0.000000000000000000 0.055483957316338102 605782.000000000000000000
14.710315528521361372 -0.322106699197416246 0.000000000000000000 0.215738685462223995 604237.000000000000000000
12.777474149588163854 -0.264581869727131991 0.000000000000000000 0.143659022421264299 0.000000000000000000
14.183896987248621357 -0.699936754312099563 0.000000000000000000 0.166747862700615895 597677.000000000000000000
13.471457789994191856 0.715977611562321870 0.000000000000000000 0.124720271436165667 0.000000000000000000
11.869329928602363466 -0.726542900956816617 0.000000000000000000 0.323662025975222090 603827.000000000000000000
14.774523998406550618 0.442791898968559583 0.000000000000000000 0.232813381762936034 597148.000000000000000000
14.109772285285259841 0.962719308331216883 0.000000000000000000 0.195054988318651396 596852.000000000000000000
12.347330827042773294 1.636759459530987337 0.000000000000000000 0.355135248747146026 0.000000000000000000
11.334538897215287179 -1.328588465144156183 0.000000000000000000 0.456232258662540191 0.000000000000000000
11.770078205102681324 1.990242018238909782 0.000000000000000000 0.468434427623808713 602546.000000000000000000
