-4.448600700383659401 2.987586306247139500 0.000000000000000000 0.422097250720740003 844665.000000000000000000
-3.416516865134962000 3.308354468081652122 0.000000000000000000 0.230963083851050049 840574.000000000000000000
-3.057612136964291238 2.606232010465741045 0.000000000000000000 0.269349258507860290 837532.000000000000000000
-1.714486677545826732 1.460740975506833683 0.000000000000000000 0.443414425282621594 839216.000000000000000000
-3.128554229929847441 4.532520717320075221 0.000000000000000000 0.192713992068139606 837514.000000000000000000
-3.797926009681518167 3.612154911319106709 0.000000000000000000 0.278839683035956631 837618.000000000000000000
-1.069274032429810672 3.152489188363467143 0.000000000000000000 0.249343335344645534 838550.000000000000000000
-2.901616537436968013 3.599698666658950330 0.000000000000000000 0.125797045247896144 846602.000000000000000000
-1.215651716633074031 4.757365458400959035 0.000000000000000000 0.241640480988116246 0.000000000000000000
-1.379028116837373918 6.167704585344211843 0.000000000000000000 0.434883072317845176 842775.000000000000000000
-2.538263924296527918 4.156180807837833058 0.000000000000000000 0.068810728677359712 837901.000000000000000000
-2.583262347627202526 6.463374137191291169 0.000000000000000000 0.461810497783682272 0.000000000000000000
0.049379072260364865 4.890320375732835956 0.000000000000000000 0.448188070732202071 0.000000000000000000
-1.725579101884936239 6.077265943054239727 0.000000000000000000 0.400935580301613859 0.000000000000000000
-4.688354149957073780 2.873760523210945550 0.000000000000000000 0.469303501709303517 0.000000000000000000
-0.523698539764425486 -2.825864409735928895 0.000000000000000000 0.362646817111457409 645713.249007226666435599
-1.824470039111317776 -6.025569855371577077 0.000000000000000000 0.388096224191431416 629506.904617692576721311
-3.242915141398910350 -4.374978144384103373 0.000000000000000000 0.195572795769699131 685521.000000000000000000
-3.859032913488393834 -4.804113335570908028 0.000000000000000000 0.328405059653400277 677537.000000000000000000
-0.525315547877892697 -2.037202641325695396 0.000000000000000000 0.452048368449247839 686062.000000000000000000
-0.222947745807488523 -2.918593869879935188 0.000000000000000000 0.401906549403941327 69913.019636404103948735
-0.180412201711830922 -3.256181854727780323 0.000000000000000000 0.387145804309033892 0.000000000000000000
-3.722091650897072945 -4.898840948493575098 0.000000000000000000 0.316689809033794289 684082.000000000000000000
-0.768416959930697918 -2.411866672761883823 0.000000000000000000 0.373972668624597715 683411.000000000000000000
-4.486148099369489550 -2.992449414292777110 0.000000000000000000 0.427967423490333398 0.000000000000000000
-1.409697963750307315 -3.077473088748012842 0.000000000000000000 0.209353644787972554 0.000000000000000000
-2.839026484079636425 -5.137469253551032011 0.000000000000000000 0.245017691042154567 678197.000000000000000000
-2.309320170216285995 -1.693526272566829638 0.000000000000000000 0.391277506440492806 684509.000000000000000000
-4.644203641232905966 -4.909589124943198435 0.000000000000000000 0.462263318565345305 679614.000000000000000000
-1.986517691024314081 -6.402731659508487994 0.000000000000000000 0.450072157894151559 686054.000000000000000000
5.104161848185718497 1.741628536286709439 0.000000000000000000 0.326690612175849493 0.000000000000000000
2.076438898798511179 -0.775838361887746686 0.000000000000000000 0.455839347551623142 291214.348658865783363581
3.898386054591866046 2.411707316789503786 0.000000000000000000 0.442470245208670510 765435.000000000000000000
4.521545569264568520 -0.369928963649502174 0.000000000000000000 0.065741900022231292 65855.868436686432687566
5.964441358900798740 -2.076431462382745785 0.000000000000000000 0.450103132012589446 760387.000000000000000000
4.275915874725201959 -1.112881107057565711 0.000000000000000000 0.202273448716027343 766537.000000000000000000
2.449159749498264649 0.063825690177109359 0.000000000000000000 0.368204996791782480 0.000000000000000000
5.163520835932532194 1.017509450949126482 0.000000000000000000 0.214586340757728561 0.000000000000000000
5.192661056058695657 0.070769897721062819 0.000000000000000000 0.121577482151813174 760896.000000000000000000
6.142017224080735360 1.195196680263555855 0.000000000000000000 0.359371897477339053 0.000000000000000000
3.352406755525749738 -1.722153160391747706 0.000000000000000000 0.369630170263935076 764173.000000000000000000
5.493358763690496360 0.523798730663354140 0.000000000000000000 0.197751819722096406 563571.232824044185690582
4.040967434820056603 -0.065946568016966564 0.000000000000000000 0.085154032450128508 766211.000000000000000000
4.550046941794657407 -1.224109402314335737 0.000000000000000000 0.217584003908978946 0.000000000000000000
5.527032433097196495 -1.643236864609342929 0.000000000000000000 0.343067499136087029 763144.000000000000000000
9.974800609394437245 6.592523183009080689 0.000000000121656805 0.383735924010396190 837124.000000000000000000
12.650165678107654799 8.671274553149048714 0.000000000009052718 0.411872371302017648 0.000000000000000000
8.943321119588478751 10.097795290035428195 0.000000000396603646 0.343915783955029197 842729.000000000000000000
9.164678411980759165 9.817247217641074997 0.000000000555162012 0.281442259960441754 0.000000000000000000
10.167734103772801291 7.639745510764318404 0.000000000921802107 0.196810275079065261 623767.966256870538927615
12.833074464790270142 9.222592826488400064 0.000000000702081706 0.451910669033976531 839310.000000000000000000
11.594894026538593579 7.878942823733440015 0.000000000696855959 0.270387979197409645 841324.000000000000000000
10.473259009751645365 10.259154963621373469 0.000000000863524207 0.265977381649162126 842532.000000000000000000
12.967625299204767586 9.082745405811891715 0.000000000808816912 0.471859214025072304 844970.000000000000000000
12.329557352320712482 8.381331902362482822 0.000000000327197714 0.360259085392658607 0.000000000000000000
11.002869604007845084 9.861657848308743368 0.000000000919363468 0.228009763349482336 0.000000000000000000
10.057355345006525837 9.269051024912249304 0.000000000105929377 0.104426950343979350 0.000000000000000000
11.161640448546721771 7.686564249251280678 0.000000000856327511 0.236570276827075432 0.000000000000000000
10.205991881463155835 9.279394952195124446 0.000000000420255229 0.096242936912811647 185747.590282847959315404
12.129436726439305261 7.491267947714458586 0.000000000848472578 0.387201653792773326 0.000000000000000000
1.490744359671245967 12.670919480029160908 0.000000000000000000 0.185068793289579148 0.000000000000000000
2.312775101574632064 15.445537698723455833 0.000000000000000000 0.386223383718612867 0.000000000000000000
2.463845151143234879 10.671862789682112549 0.000000000000000000 0.464382295838596137 740627.690434403484687209
3.080081359091226822 14.956935673877795878 0.000000000000000000 0.327313091368815534 682842.706103024072945118
4.475221890494274213 13.276224696437379791 0.000000000000000000 0.381544962537665011 294426.755303856858517975
1.344465836924034541 13.150240627755911405 0.000000000000000000 0.177857256135210112 63055.292184178229945246
4.287240142470904125 12.887743260363604847 0.000000000000000000 0.354859639874056609 0.000000000000000000
0.415116183265519356 13.392605222691214450 0.000000000000000000 0.342668033625055990 0.000000000000000000
0.831909178565256591 13.491326155924729946 0.000000000000000000 0.270486356280336515 922072.000000000000000000
0.340182955587957248 12.389233245259049454 0.000000000000000000 0.388979118204637819 923449.000000000000000000
1.468771401424453726 14.300957209918355062 0.000000000000000000 0.238923010594560975 0.000000000000000000
3.240999855521770723 14.379093558290206190 0.000000000000000000 0.254204460727579074 0.000000000000000000
3.047019715768541914 12.850608652779982322 0.000000000000000000 0.147948208923786517 734051.414172156946733594
2.926817305243560874 15.487240910277980888 0.000000000000000000 0.407453457852843648 0.000000000000000000
2.664448713505719990 10.837897266878803393 0.000000000000000000 0.438184554619937439 921059.000000000000000000
-4.904360491177073733 12.809639421447471364 0.000000000681127320 0.378894237859156768 1739247.000000000000000000
-6.845870237466595398 13.056361631653281563 0.000000000581457741 0.237617383852216812 0.000000000000000000
-6.732349027542713138 9.791112000465458820 0.000000000511341539 0.341169328989185894 0.000000000000000000
-8.812522310608528642 11.291233780217462268 0.000000000304518613 0.378341133231897886 0.000000000000000000
-4.966464624602800804 11.480376207619739759 0.000000000573077853 0.317559390790855267 1703434.000000000000000000
-4.283137661000777641 12.462468623401463219 0.000000000408614807 0.456005259417846420 646044.599549287580884993
-6.961896154628551159 10.951664250200296991 0.000000000435750976 0.141757464134348199 1739743.000000000000000000
-7.552863496425628931 9.526650256477486423 0.000000000310112454 0.414292656397693082 685101.619654800393618643
-4.305470537161514955 10.609869043581975134 0.000000000320615928 0.475130168103785944 1725659.000000000000000000
-7.316107297354855987 11.586306408821226199 0.000000000119263736 0.106640347482217276 1766166.000000000000000000
-5.483953275806080718 13.933130453823094896 0.000000000738288969 0.451103052853592645 1710306.000000000000000000
-7.443752946010603111 11.606816524642749044 0.000000000839272568 0.128323740296266059 0.000000000000000000
-5.354139740891542765 13.880964794268589202 0.000000000197090235 0.455178868551747051 1709203.000000000000000000
-7.503709337875315910 12.944338227284944765 0.000000000310020812 0.256691489593353028 0.000000000000000000
-5.434386815775984481 11.757460774466743203 0.000000000750031279 0.231449143310212740 1691044.000000000000000000
-14.231439833809377049 3.543931637611439367 0.000000000000000000 0.334570818389804459 1050085.000000000000000000
-14.434989116724324276 6.739474512709551668 0.000000000000000000 0.470835633385982999 1036332.000000000000000000
-13.924961591974145847 3.027641701127205653 0.000000000000000000 0.358703313160686765 1094088.000000000000000000
-12.523803982789310396 5.419392019255584891 0.000000000000000000 0.133202094269086913 1056772.000000000000000000
-14.803524199765391245 3.932230028679675193 0.000000000000000000 0.394389468297183299 0.000000000000000000
-13.432325382747897891 3.369783761975094993 0.000000000000000000 0.260927447294511339 1089363.000000000000000000
-12.921499859123645848 4.374830582149690450 0.000000000000000000 0.064563548071304516 386136.293900134274736047
-14.167687645267806218 3.526241639595560695 0.000000000000000000 0.327325939299361157 0.000000000000000000
-11.505849980144761346 3.351940041692222927 0.000000000000000000 0.315854871726460762 1059911.000000000000000000
-14.567089954214589298 3.639344476470492751 0.000000000000000000 0.376325945492579583 0.000000000000000000
-12.845748271212356073 2.443319349266776630 0.000000000000000000 0.389280985110970978 0.000000000000000000
-14.180470461193733556 6.551948423375276498 0.000000000000000000 0.416981193580035381 0.000000000000000000
-11.273310165491951196 3.737276575520819044 0.000000000000000000 0.304631112459143760 0.000000000000000000
-11.506434919539051620 5.975052100267171262 0.000000000000000000 0.311944186890069364 0.000000000000000000
-11.448717389429370783 2.289722870173794611 0.000000000000000000 0.473425076937536604 977440.727572142495773733
-13.426319889950310227 -2.795619082109830789 0.000000000000000000 0.350794507399557032 0.000000000000000000
-12.402381944851216033 -5.208107744097303815 0.000000000000000000 0.107493808652805681 0.000000000000000000
-12.795540117581969852 -4.404174488080948358 0.000000000000000000 0.049927869591973414 0.000000000000000000
-14.145498976842871386 -4.805123575614264730 0.000000000000000000 0.256275968381745323 759122.000000000000000000
-13.544950041558767140 -4.677726400252915084 0.000000000000000000 0.148286078616903072 0.000000000000000000
-12.551335299942383728 -6.627194621535310581 0.000000000000000000 0.340145103587077280 0.000000000000000000
-11.745901858628149839 -2.558155648769416146 0.000000000000000000 0.407622818648789464 0.000000000000000000
-10.721511029129764836 -5.806646688452067551 0.000000000000000000 0.405910941629096300 291643.577090581879019737
-13.984125189966821523 -4.334857977883101121 0.000000000000000000 0.234283939023331750 0.000000000000000000
-15.250307824635779497 -4.266523588229483188 0.000000000000000000 0.457831396177084016 759300.000000000000000000
-11.176582245236383883 -3.778233610268447507 0.000000000000000000 0.315692495990928523 0.000000000000000000
-10.985041895063369921 -3.864092696186024245 0.000000000000000000 0.339208964014221404 765167.000000000000000000
-12.367569146581113060 -6.115768580714897595 0.000000000000000000 0.257535246198472179 0.000000000000000000
-12.740385227368140164 -2.367774649066285875 0.000000000000000000 0.401804697667004052 0.000000000000000000
-13.121732637512625530 -3.159419051762371478 0.000000000000000000 0.273815217452031301 762082.000000000000000000
-5.135693568515144136 -13.348642308504727438 0.000000000234520119 0.405539903344554753 0.000000000000000000
-5.691155124437677237 -12.030279407697870298 0.000000000364525729 0.193624900626967272 0.000000000000000000
-6.836593296122107866 -12.140053530456512476 0.000000000077999143 0.076863832096674134 0.000000000000000000
-7.000556821416129338 -13.586011781932024078 0.000000000556280946 0.333870354617592069 0.000000000000000000
-8.130832459710497062 -11.141758547044769756 0.000000000766467160 0.269293630463501077 0.000000000000000000
-5.808422907189062734 -11.436086018886399529 0.000000000296753046 0.172123992298646278 0.000000000000000000
-7.902315401533387629 -12.285209268177041508 0.000000000203718874 0.231327741189369634 0.000000000000000000
-5.077457375633145809 -11.605280110899323986 0.000000000065749936 0.295641338270854814 0.000000000000000000
-4.283248109789205671 -12.385721911253206429 0.000000000101802339 0.452235825359544930 0.000000000000000000
-8.616768146884361101 -10.160571129800231915 0.000000000540505533 0.434183007865404980 0.000000000000000000
-7.128056251318800385 -12.419899504530443224 0.000000000800891194 0.142717928659153198 0.000000000000000000
-6.709953845714132115 -12.441608438118310076 0.000000000786609526 0.128036974969076789 0.000000000000000000
-7.707864051890073398 -12.696758578286926777 0.000000000521943806 0.245233614995503085 0.000000000000000000
-8.756453330206953822 -13.290044555804930937 0.000000000419014937 0.455114080866535708 0.000000000000000000
-5.570745095147000114 -11.957582386891925097 0.000000000623534327 0.211329877132433286 0.000000000000000000
1.667746872085765997 -14.634028465601780056 0.000000000000000000 0.269371259560572840 1619503.000000000000000000
4.326075182334593983 -13.358568243307182399 0.000000000000000000 0.355265998417828355 0.000000000000000000
4.447376109069446137 -11.936789210796487026 0.000000000000000000 0.445671931208156402 1624162.000000000000000000
2.988642937420719292 -12.839857000256900577 0.000000000000000000 0.140172081988598651 1595153.000000000000000000
2.826742247438877254 -13.727133555100621720 0.000000000000000000 0.118882807578146815 1606910.000000000000000000
0.673244975575258753 -11.331866373795575598 0.000000000000000000 0.455708410730008340 0.000000000000000000
1.872945480644027993 -15.826270609769517606 0.000000000000000000 0.461438394205888613 1627978.000000000000000000
4.799849403315731067 -12.625286303193290038 0.000000000000000000 0.454405753586760830 0.000000000000000000
2.278451997803729423 -11.930418839980406531 0.000000000000000000 0.239957468835288457 102503.348566828906768933
3.529154371132164236 -13.164874113394970934 0.000000000000000000 0.213875853955588224 0.000000000000000000
1.439367087913813181 -15.409702811898929653 0.000000000000000000 0.412043838078490710 0.000000000000000000
0.241996790094701320 -12.045561288908242403 0.000000000000000000 0.432613363379185878 1655324.000000000000000000
2.279377343369290099 -11.672623919991755415 0.000000000000000000 0.285823496872006089 0.000000000000000000
1.766852196251672114 -11.999735008369940559 0.000000000000000000 0.248918309918796515 1635630.000000000000000000
3.408337715621665431 -11.445337976529776469 0.000000000000000000 0.378012302437591097 1602359.000000000000000000
12.141844313886938522 -8.742275758562668031 0.000000000000000000 0.321061993979551707 0.000000000000000000
10.591238182198161155 -8.118172954681414311 0.000000000000000000 0.119092521371231289 1790862.000000000000000000
11.233631933281536419 -6.710494636304079386 0.000000000000000000 0.390634609761003393 1768863.000000000000000000
9.896856764495769454 -6.354222205167611826 0.000000000000000000 0.427388753586941339 0.000000000000000000
12.039358040352730939 -7.908754172573449814 0.000000000000000000 0.336473033769906338 1847981.000000000000000000
9.166590098007755927 -6.893457210603932239 0.000000000000000000 0.387170809145925610 189247.319985831098165363
11.325648989986980553 -10.214707624008077858 0.000000000000000000 0.311059473019945298 1786237.000000000000000000
11.946743775516386776 -8.489638766892561250 0.000000000000000000 0.289830107192028008 1755638.000000000000000000
10.736917502949127723 -7.365229569192067061 0.000000000000000000 0.252397101169846372 0.000000000000000000
10.508486244246235231 -9.392368697249429133 0.000000000000000000 0.116860894548976316 1811546.000000000000000000
8.283424170598133074 -10.328777741634572962 0.000000000000000000 0.460127917485032456 0.000000000000000000
12.401335678006269347 -8.288332526210284712 0.000000000000000000 0.375985791168641725 1828544.000000000000000000
11.315644126149484450 -9.483034534025442497 0.000000000000000000 0.216254472111920587 1811646.000000000000000000
8.079792484579991552 -8.385015482713804147 0.000000000000000000 0.407973268882616646 1793626.000000000000000000
8.819471313965451031 -7.639141804098980693 0.000000000000000000 0.333889925667544885 1826456.000000000000000000
11.287533793638347746 -0.963944992847411086 0.000000000000000000 0.435309557762328436 596619.000000000000000000
11.435155318182193440 -0.358525417805676316 0.000000000000000000 0.380521292774395337 4125.900270559039199725
14.630586266244414162 0.195016779531115514 0.000000000000000000 0.197122151630961140 0.000000000000000000
12.849011046719185813 -1.321307240794639126 0.000000000000000000 0.260387987744721772 499055.135194044734816998
13.547367407629641534 1.040075726548339574 0.000000000000000000 0.180250866151309086 0.000000000000000000
11.583251387524729381 0.546831292077354036 0.000000000000000000 0.361711737875435424 600820.000000000000000000
14.335565062078567067 -2.006508832964873701 0.000000000000000000 0.374905359892488022 0.000000000000000000
11.894394335678432739 -1.627986904622169995 0.000000000000000000 0.407757592428059423 597043.000000000000000000
14.594194595856407659 -1.392901438026463268 0.000000000000000000 0.305362167521853078 605406.000000000000000000
11.887590303784174139 -0.354357530673456100 0.000000000000000000 0.301108094058533726 603028.000000000000000000
14.172740546367830206 -0.866612189547396605 0.000000000000000000 0.187548996492358261 599957.000000000000000000
14.508492607209285907 -0.488471239455341821 0.000000000000000000 0.192032447597683287 173128.706230474606854841
14.684515371235683290 -0.739245376642604257 0.000000000000000000 0.240579579930760817 0.000000000000000000
15.910150594917395139 0.610717072036211506 0.000000000000000000 0.435215950373552540 602183.000000000000000000
13.307929843188478714 0.082225191575800494 0.000000000000000000 0.043939850497123248 486114.682176427333615720
