-4.541017959966864304 3.585271707212459358 0.000000000000000000 0.410434470002606910 0.000000000000000000
-0.131994125036860310 3.717822888178397012 0.000000000000000000 0.380172551718188201 37908.856195254680642392
-1.071633255723298150 2.450551275708880539 0.000000000000000000 0.332404431457241523 0.000000000000000000
-2.368154956553358836 3.208219038366995512 0.000000000000000000 0.123018091152064843 840576.000000000000000000
-4.359743894618719473 4.903243247672486760 0.000000000000000000 0.415637360517232601 425952.380882754980120808
0.091523738210442601 3.697512658107334094 0.000000000000000000 0.420162979561508054 845627.000000000000000000
-1.698080215948484684 4.419651071909449058 0.000000000000000000 0.137334783239513175 838802.000000000000000000
-0.889952843920595371 5.138021317972333968 0.000000000000000000 0.329972874090533663 837839.000000000000000000
-1.995863438217031494 4.450994385310649726 0.000000000000000000 0.110286890032658472 122723.427650707628345117
-1.661360384092256615 5.692647904265564662 0.000000000000000000 0.338209648201356960 0.000000000000000000
-1.752667763622212105 1.680374455290044367 0.000000000000000000 0.403762084969422175 0.000000000000000000
-3.370306187954692501 3.498309525145848475 0.000000000000000000 0.210122145431234836 0.000000000000000000
-2.345563200678422167 4.674967689289870165 0.000000000000000000 0.140622475439722255 837827.000000000000000000
-3.510080906310674820 3.411710381083147503 0.000000000000000000 0.238817630721500307 840124.000000000000000000
-1.580463543580180819 4.551207862213383137 0.000000000000000000 0.168687518376168272 846602.000000000000000000
-2.286329554639782380 -1.375519297631360605 0.000000000000000000 0.447821726781738871 0.000000000000000000
-1.872701398557904184 -5.075291452655665836 0.000000000000000000 0.221980757602349921 0.000000000000000000
-3.956986417840214099 -3.882546616058790701 0.000000000000000000 0.302763919366532464 0.000000000000000000
-1.754870039202199639 -4.265443296287493524 0.000000000000000000 0.111874098407983610 683600.000000000000000000
-1.238800284883482705 -2.874204607693513935 0.000000000000000000 0.256447936256958331 0.000000000000000000
-2.927484849754713014 -4.448300317905620638 0.000000000000000000 0.155250761934021375 0.000000000000000000
-1.046446669404773600 -3.391302957450500699 0.000000000000000000 0.233540632656495495 679358.000000000000000000
-0.952745831028007806 -3.061160170404218395 0.000000000000000000 0.275583015148537669 682467.000000000000000000
-2.043372694382174615 -4.314261665375844323 0.000000000000000000 0.084681815729466300 0.000000000000000000
-0.587220800855844050 -5.358753283229019004 0.000000000000000000 0.396403833622353263 0.000000000000000000
-0.280792809590948933 -4.756657592762022269 0.000000000000000000 0.384740277153579502 0.000000000000000000
-3.797093602472352725 -2.466355043104306421 0.000000000000000000 0.373396186407381980 678959.000000000000000000
-3.672855092624054851 -2.557070563154260956 0.000000000000000000 0.346205285977716160 679148.000000000000000000
-2.749456039499419635 -5.905845904202891461 0.000000000000000000 0.369408785089018643 678560.000000000000000000
-3.850211032182428106 -2.549104821854627723 0.000000000000000000 0.370753081470773738 677247.000000000000000000
2.981625314740736776 1.791423051887905515 0.000000000000000000 0.419625699969911059 760758.000000000000000000
5.827026362404291504 -1.054861866550783400 0.000000000000000000 0.299675068352366014 0.000000000000000000
3.270907732398857348 -0.771514455050796855 0.000000000000000000 0.260614422659225020 765417.000000000000000000
3.603179960028098705 -0.108790280509207735 0.000000000000000000 0.163517421989137379 0.000000000000000000
2.778588458807687012 -0.617992064813911335 0.000000000000000000 0.328271291427993439 764989.000000000000000000
2.925836635486582793 -0.815202554349484521 0.000000000000000000 0.318046696610128854 0.000000000000000000
5.999276370878254383 -0.734136259044971817 0.000000000000000000 0.295012569756736509 761557.000000000000000000
5.274708341918445953 1.439242174205507929 0.000000000000000000 0.289293353521049457 0.000000000000000000
3.784983161440428567 -0.022304037905956968 0.000000000000000000 0.130027960558845079 0.000000000000000000
3.155494574615713255 1.537443693026155911 0.000000000000000000 0.365204687557980523 0.000000000000000000
4.061683748551963014 2.122484923826659653 0.000000000000000000 0.385733773931400348 164455.381273563427384943
7.095211180723649314 0.645635530514446665 0.000000000000000000 0.474008097447521037 0.000000000000000000
3.761589852400094358 -1.343923631252209372 0.000000000000000000 0.273976558262092440 764296.000000000000000000
3.772672753877406748 1.773830175169025525 0.000000000000000000 0.341883234125087310 759850.000000000000000000
3.944784409350271748 -0.061562494016328656 0.000000000000000000 0.102074387661928237 763346.000000000000000000
12.225271901513417916 7.141634377761689301 0.000000000114525369 0.437797544476684897 0.000000000000000000
9.667790068622133859 7.477217905764684147 0.000000000778932000 0.253252532184720047 626270.245101334294304252
11.397846201836976832 8.376119082187724274 0.000000000912810708 0.199377420291101642 844755.000000000000000000
12.908664754770402538 9.493414371382895567 0.000000000100832955 0.475854390835753871 0.000000000000000000
11.433389189582074508 7.861882260042198034 0.000000000328029354 0.248991692526142616 839082.000000000000000000
8.176904041609491358 8.899346243765220876 0.000000000059282545 0.386558530473138928 272962.632273901137523353
11.627230794355265076 10.202285038928474492 0.000000000172862996 0.342553822833407740 0.000000000000000000
8.854793590680094084 10.886387726449196833 0.000000000728136047 0.459709707095900588 842986.000000000000000000
8.666507292559312958 10.583473262539460080 0.000000000137464488 0.439453214804574110 846168.000000000000000000
9.927220053840068559 7.628358698047501996 0.000000000485409312 0.209816675224816396 840373.000000000000000000
10.531711659358959920 6.144885385170851144 0.000000000244696761 0.457545746437682310 0.000000000000000000
10.020202187460242271 7.495756475285791254 0.000000000797071193 0.226989279990268356 837521.000000000000000000
12.305837873977132801 7.985199281390025661 0.000000000519148095 0.374793623837596124 843169.000000000000000000
9.353662103416663598 9.909347370597938465 0.000000000634533414 0.269334057131789872 842144.000000000000000000
12.610435448411910997 8.099225203829236719 0.000000000395446643 0.420140481740423288 837973.000000000000000000
0.759248296215148777 11.397087473177224481 0.000000000000000000 0.436937389103135065 0.000000000000000000
4.814749214955563517 13.776147192941504471 0.000000000000000000 0.450879374238378039 0.000000000000000000
0.341901247748272963 14.871174070896019614 0.000000000000000000 0.454719831250905926 0.000000000000000000
4.461675015072255057 14.249682481234119180 0.000000000000000000 0.416766121620825880 922095.000000000000000000
3.912538950747556754 13.111858319343484780 0.000000000000000000 0.282798499040592677 926687.000000000000000000
0.854234810839651693 13.202838987943906091 0.000000000000000000 0.264120199582283555 476778.117476044339127839
1.755629915778218697 15.812844868847093949 0.000000000000000000 0.463302504686236738 0.000000000000000000
3.181690038949524624 13.891819426063111820 0.000000000000000000 0.186540949127600664 921043.000000000000000000
0.446731837781236096 13.343778436168863166 0.000000000000000000 0.336623644891248686 920208.000000000000000000
2.345903353787513801 10.665405586085279666 0.000000000000000000 0.464982445353840423 0.000000000000000000
2.075625978909791058 12.321391079330549445 0.000000000000000000 0.176277515740874607 887477.639888723148033023
2.562215132451471256 12.995965342006227772 0.000000000000000000 0.064410420338654267 926606.000000000000000000
3.189434678655981514 14.211819044085883590 0.000000000000000000 0.225690504987934498 0.000000000000000000
2.507772011514460164 12.398779410301099091 0.000000000000000000 0.159360204622908785 925091.000000000000000000
2.089089834743040885 15.908610674116387074 0.000000000000000000 0.470716323427887162 0.000000000000000000
-5.665324502442875776 10.884736645217765627 0.000000000122651674 0.240837512943322007 0.000000000000000000
-5.984974438329391688 11.261427849295552406 0.000000000030132693 0.155903546112526353 0.000000000000000000
-7.416603678795661736 10.859971531180487858 0.000000000823440277 0.194779134552339250 0.000000000000000000
-8.038286687493192417 14.046192247611710258 0.000000000913799298 0.472638947980945023 0.000000000000000000
-6.115498772538563443 14.096624127907240620 0.000000000800830274 0.435257154486810960 1754771.000000000000000000
-9.011645282581584482 11.407728801905747673 0.000000000358512117 0.409913515884535173 1684734.000000000000000000
-6.011037320729349709 13.706763596245549408 0.000000000630900815 0.374876960276041116 947555.551703135832212865
-7.271711314488636724 10.476402222500746930 0.000000000518098379 0.239859193998082948 0.000000000000000000
-5.620035627942401746 9.483314362120173868 0.000000000799835863 0.442903355347409100 0.000000000000000000
-5.390210827731933385 13.557589948068626384 0.000000000674308406 0.404267469219369180 1738592.000000000000000000
-6.538790470631458795 14.341063489582209556 0.000000000791156234 0.465514027177122536 0.000000000000000000
-7.017364400260813539 10.150707789023686090 0.000000000216693124 0.282055112361124960 1753512.000000000000000000
-5.803962255781653923 13.449787647972984317 0.000000000344864748 0.348480389654065081 1728180.000000000000000000
-4.664269971027234618 12.709676468896089929 0.000000000832701550 0.408337195751100779 0.000000000000000000
-6.647011627961733282 10.015303432983838405 0.000000000061096243 0.301901618239632241 1755193.000000000000000000
-14.182760827076826615 6.317062340149272259 0.000000000000000000 0.386395475293718149 0.000000000000000000
-13.048862780570930298 6.647236566251371492 0.000000000000000000 0.347267699758649351 1058050.000000000000000000
-11.133561429466254822 6.370642270864249390 0.000000000000000000 0.407834117198367707 0.000000000000000000
-13.729700651705574188 3.853550037415425678 0.000000000000000000 0.230951098560513879 0.000000000000000000
-13.401913589418919415 5.720436138974486440 0.000000000000000000 0.218640573661267879 1043560.000000000000000000
-14.204003497032282155 3.634589873979257035 0.000000000000000000 0.321533870276764389 0.000000000000000000
-13.358976369851218280 3.032103583971746286 0.000000000000000000 0.308237556363900933 1130514.000000000000000000
-12.040604890237919022 5.776252967190835363 0.000000000000000000 0.225591256262835105 1057702.000000000000000000
-13.829069316795640887 5.284320467616750783 0.000000000000000000 0.224980385317467224 1108646.000000000000000000
-11.790728856943646363 4.442442819834607093 0.000000000000000000 0.169484597227432643 0.000000000000000000
-10.816895353606346575 5.639988898273050388 0.000000000000000000 0.377321427131422860 1046966.000000000000000000
-13.664274598493049595 3.749797291204763905 0.000000000000000000 0.233952957168511416 0.000000000000000000
-12.082208505567731294 2.061840587343146680 0.000000000000000000 0.469202682883429090 1050511.000000000000000000
-10.910317591159408579 5.697114170859636673 0.000000000000000000 0.367188017832663693 1097062.000000000000000000
-13.095207027132081734 3.532272346119199824 0.000000000000000000 0.210506938151191564 0.000000000000000000
-12.093368715106636913 -2.555789476879077426 0.000000000000000000 0.385704459917744213 731227.095469522173516452
-12.163956705857101426 -2.419908209218737838 0.000000000000000000 0.405148443752363863 758471.000000000000000000
-12.620394285821330271 -4.172970644583588573 0.000000000000000000 0.089481813248544956 0.000000000000000000
-13.136842846291688858 -4.434461481923222870 0.000000000000000000 0.086634105222452809 766556.000000000000000000
-12.397093137587939182 -6.287587203990385731 0.000000000000000000 0.285550874245242392 357757.629252436454407871
-13.773526231454047419 -5.562835137034542576 0.000000000000000000 0.243454600045205111 0.000000000000000000
-11.795208616879856223 -3.047343702724162551 0.000000000000000000 0.327879926215958573 763741.000000000000000000
-13.025451430620346827 -4.560413625209549515 0.000000000000000000 0.059349412727315205 765171.000000000000000000
-12.254037221829999993 -3.538123600486598797 0.000000000000000000 0.214696647258249329 765564.000000000000000000
-13.100774934718829812 -5.652116383831841340 0.000000000000000000 0.182719497704733974 608670.173459569574333727
-13.260671406646800108 -5.554830518046158794 0.000000000000000000 0.180805996615806347 279315.501202962303068489
-13.000886298732465818 -4.336491620739660213 0.000000000000000000 0.078531737939006113 352833.460890393704175949
-13.429399164913842668 -6.561654841628273616 0.000000000000000000 0.350996295213138576 756938.000000000000000000
-13.701658313931995181 -5.840618823260152581 0.000000000000000000 0.267796153401870907 0.000000000000000000
-12.873681478877955442 -6.995987806710153301 0.000000000000000000 0.403817834514627994 765440.000000000000000000
-6.922395911114737288 -12.882660301795848312 0.000000000629389116 0.208762753630261477 0.000000000000000000
-8.958994975101077785 -10.398721229974050573 0.000000000772880133 0.460187577536146475 0.000000000000000000
-5.217021916067081655 -13.262132167357322032 0.000000000154334168 0.384433322066400518 0.000000000000000000
-7.017593138920728890 -11.887451478843409802 0.000000000082173641 0.058960784919373940 0.000000000000000000
-8.415001056586781658 -10.292820031797136338 0.000000000342601156 0.391638555411821021 0.000000000000000000
-9.218336257888632090 -11.065695910196227558 0.000000000265951643 0.457792236264655539 0.000000000000000000
-8.484750643013216020 -13.068064146957173222 0.000000000342308209 0.392893177341198052 0.000000000000000000
-4.833087449781571010 -12.794720366664085631 0.000000000900625703 0.388569202415928905 0.000000000000000000
-5.014945294465031012 -10.426312928566233040 0.000000000491441416 0.382334542943957745 0.000000000000000000
-7.622875633483962687 -12.960252479126561198 0.000000000676733005 0.270917456394085321 0.000000000000000000
-6.354363440647628813 -10.966285884003900364 0.000000000508191153 0.149291812828219933 0.000000000000000000
-6.960990935732676910 -12.923474464384510085 0.000000000153441792 0.217069700939185845 0.000000000000000000
-5.753239945444756920 -13.801637975788795032 0.000000000200842138 0.408211325276590598 0.000000000000000000
-5.840624229508851961 -10.269128993601334798 0.000000000553016010 0.301996664687542382 0.000000000000000000
-8.512451388132241448 -13.133696490602451590 0.000000000081620515 0.403893031423485704 0.000000000000000000
1.083618469372583881 -14.003452402123166110 0.000000000000000000 0.257778298941895356 1651991.000000000000000000
1.574703147020704908 -14.633751207704033703 0.000000000000000000 0.277046796280088548 1656168.000000000000000000
0.331903717986848368 -13.302585755723931982 0.000000000000000000 0.356903580198510151 452559.853139104205183685
3.188966230988255823 -12.830562981572464665 0.000000000000000000 0.171781446957313511 0.000000000000000000
2.071159721092509454 -15.129494175136308343 0.000000000000000000 0.333276634937879235 1598022.000000000000000000
3.538717989556065202 -14.765662936019685603 0.000000000000000000 0.341030210962089630 1622119.000000000000000000
0.027619112308300598 -14.323399353134654177 0.000000000000000000 0.451405944078286270 1660619.000000000000000000
2.645040364810370637 -13.484665608940657577 0.000000000000000000 0.066614069583351754 1201176.143864952959120274
1.506209722518058181 -14.050837646305971873 0.000000000000000000 0.201986550624426775 0.000000000000000000
0.010067193412195280 -13.380624725618927684 0.000000000000000000 0.414635395510206006 0.000000000000000000
1.566379717791842818 -11.122745015040775840 0.000000000000000000 0.407328510193132654 805546.209682439570315182
4.600597935549334494 -12.955916518399330783 0.000000000000000000 0.407896673980219948 0.000000000000000000
-0.177050727109550610 -12.471435440009480899 0.000000000000000000 0.469992351213187609 1669331.000000000000000000
3.894110352973218614 -13.810013410262309108 0.000000000000000000 0.293740564303001384 1689337.000000000000000000
2.187135597588448999 -15.757744978623970056 0.000000000000000000 0.442586343761861456 1659306.000000000000000000
9.129150752753808717 -8.345693118811709610 0.000000000000000000 0.227202643780716557 0.000000000000000000
10.547045514205571237 -7.071975336870454321 0.000000000000000000 0.296080820614251949 0.000000000000000000
10.765038648284789957 -10.332451814002546087 0.000000000000000000 0.287764279500120346 1808521.000000000000000000
11.088685253410037745 -7.292104366388258541 0.000000000000000000 0.287735636530908667 1773848.000000000000000000
11.298476429600658122 -8.777902792188756464 0.000000000000000000 0.170820390544403233 0.000000000000000000
12.274989014251438846 -8.119407352311611703 0.000000000000000000 0.361867069529201058 1814422.000000000000000000
10.145207163140360862 -11.127016754524390763 0.000000000000000000 0.418714107393222068 1823423.000000000000000000
9.958736204429712302 -9.741273740401400261 0.000000000000000000 0.187098146058122083 0.000000000000000000
9.417650031617773365 -8.842719160217457741 0.000000000000000000 0.165350289108066761 0.000000000000000000
8.154421071139223542 -7.697546704038356502 0.000000000000000000 0.431231816776358523 1851286.000000000000000000
10.803166283752684507 -8.069725854937971121 0.000000000000000000 0.144646634838841992 1780924.000000000000000000
9.780726093965288470 -6.353107036997465151 0.000000000000000000 0.431960578285404906 0.000000000000000000
11.497365003689306917 -8.265445401840326056 0.000000000000000000 0.222815068476653555 0.000000000000000000
8.114386547058243693 -7.267789393750537563 0.000000000000000000 0.474574429631488715 0.000000000000000000
8.217532651925330001 -9.288317893965814420 0.000000000000000000 0.390151241224524548 1837055.000000000000000000
14.259856006947638107 -0.852807594134819102 0.000000000000000000 0.195432180398170313 343529.708850336901377887
15.073003404371856817 -2.085459280073747479 0.000000000000000000 0.451992598452040206 601910.000000000000000000
12.937239265927621190 -1.057897565070171630 0.000000000000000000 0.212796522337727945 602822.000000000000000000
14.786493560437703465 -0.926272091694973265 0.000000000000000000 0.273708573736063276 0.000000000000000000
14.919185074611183595 -1.059993570079272862 0.000000000000000000 0.306416582846347485 0.000000000000000000
12.136320745480345451 -2.020437366658792033 0.000000000000000000 0.431249262906330033 0.000000000000000000
11.750637395822792541 0.352213720283107323 0.000000000000000000 0.324971483758048574 0.000000000000000000
12.145404540742145372 -2.165326831261166873 0.000000000000000000 0.451081483678459516 217672.150547053897753358
12.499284363932492425 0.589770332829882116 0.000000000000000000 0.212080913450441083 112736.795188288393546827
12.031003053114384116 -0.413178011075542362 0.000000000000000000 0.278592574750804012 605298.000000000000000000
12.528602390542827649 -1.533538956187707303 0.000000000000000000 0.321700334728329540 600550.000000000000000000
14.980296353653127284 -0.994352965382163445 0.000000000000000000 0.308752456216008497 597995.000000000000000000
13.340779830808921602 -1.607470720989577329 0.000000000000000000 0.280968892313409824 603536.000000000000000000
13.014113296649885143 1.105944314115559157 0.000000000000000000 0.213632641817704805 605417.000000000000000000
13.777899893318016566 0.822781461172294559 0.000000000000000000 0.148642188484637311 597120.000000000000000000
