-0.233343549245270232 2.988920921969251410 0.000000000000000000 0.394978661558107402 837618.000000000000000000
-1.243091993717374333 1.991640500834140237 0.000000000000000000 0.383540041426179867 0.000000000000000000
0.050676132518955523 3.921283424411197593 0.000000000000000000 0.411517358539683520 0.000000000000000000
-2.627281549135775496 5.045632088881120580 0.000000000000000000 0.216003002319914705 0.000000000000000000
-4.399936333571735858 5.045609383137499293 0.000000000000000000 0.433518147110208807 838243.000000000000000000
-3.159355915007626692 3.581309876806476833 0.000000000000000000 0.169761387751910214 845015.000000000000000000
-3.635432848964412766 4.421185228750922569 0.000000000000000000 0.263021437588529194 213904.994227716670138761
-3.763731020134425620 5.672728327525854652 0.000000000000000000 0.415480178153097346 839389.000000000000000000
-2.049539990102514420 2.821468275709424933 0.000000000000000000 0.193939624776056529 838409.000000000000000000
-3.101595799115867358 3.720246095265682396 0.000000000000000000 0.153329198017957108 0.000000000000000000
-4.679040799791554406 3.568437455823667115 0.000000000000000000 0.435207728553597184 319517.631292358099017292
-0.112240779026020060 4.871250622112177631 0.000000000000000000 0.420495153221721985 842025.000000000000000000
-3.011832025159867587 4.498867679182057877 0.000000000000000000 0.172581973744396544 837476.000000000000000000
-1.032496164398861049 4.148997948947150682 0.000000000000000000 0.223268089900803546 0.000000000000000000
-0.235126477072826162 4.599488451957467028 0.000000000000000000 0.382055723688788096 666279.836186542990617454
-0.369763961794744078 -2.971873136207928923 0.000000000000000000 0.374216650766062198 685399.000000000000000000
-0.901944166412783077 -3.794982018814354596 0.000000000000000000 0.242316458218910180 0.000000000000000000
0.119433194238126913 -3.812663964749006595 0.000000000000000000 0.423956499354549821 679542.000000000000000000
-1.471292453599405858 -5.637402074294704413 0.000000000000000000 0.341361957120335957 0.000000000000000000
-3.422640060970753240 -5.557724068127432027 0.000000000000000000 0.362169542320578741 676991.000000000000000000
-0.156532948416698264 -3.400695470871341719 0.000000000000000000 0.384575357938517548 0.000000000000000000
-3.072879169507233943 -5.079751991206171269 0.000000000000000000 0.256771845139299237 0.000000000000000000
-3.131898122745256696 -5.685035886910296377 0.000000000000000000 0.355441556250566892 0.000000000000000000
-2.374807394068117805 -5.134608940389039589 0.000000000000000000 0.222580023506730146 0.000000000000000000
-1.472405189820700011 -4.687233510666774627 0.000000000000000000 0.199431427542169332 137011.866103520733304322
-0.000426515744216828 -2.821513341162231292 0.000000000000000000 0.445142691804516544 0.000000000000000000
-2.880139845460926384 -2.879503750868216194 0.000000000000000000 0.211347932006002381 320494.345934864715673029
-2.458496380381933299 -2.685947640637815326 0.000000000000000000 0.217396017342393333 677492.000000000000000000
-0.956153404417740327 -2.383448755096827298 0.000000000000000000 0.354819383417947609 0.000000000000000000
-1.592726085889232035 -3.339454988778922218 0.000000000000000000 0.153921460439433749 678826.000000000000000000
4.981946229086632982 0.435218030566000058 0.000000000000000000 0.113694249726195837 761852.000000000000000000
2.347431893415387272 -0.552416563021231988 0.000000000000000000 0.398462739760228557 0.000000000000000000
3.489535574881073021 -2.116879596334868552 0.000000000000000000 0.418303892084206097 0.000000000000000000
3.505234335049129513 2.293145237023729965 0.000000000000000000 0.445561159332498957 19879.403372314693115186
4.874543552036316285 1.599029104805261170 0.000000000000000000 0.291203236952829903 764888.000000000000000000
5.672823504692623864 0.876330451516235343 0.000000000000000000 0.258542875064290245 763402.000000000000000000
6.203835889670763493 -1.580275714469907111 0.000000000000000000 0.411461363637868449 761100.000000000000000000
2.748116568541894900 -0.833661897364061044 0.000000000000000000 0.347927783005884561 0.000000000000000000
2.503462466017819743 0.432801070855270420 0.000000000000000000 0.366528583375002215 758945.000000000000000000
5.513515400170809322 0.783503006052793105 0.000000000000000000 0.225995795569030766 761452.000000000000000000
3.956394453713570680 -1.247857279101225680 0.000000000000000000 0.243055908226791434 0.000000000000000000
5.237896857968008746 -0.734336786339200742 0.000000000000000000 0.183422433890110148 46647.139446815534029156
5.771992817604868264 -1.219273399016075121 0.000000000000000000 0.311599915635101421 760456.000000000000000000
3.557963320192048418 1.974700779308285803 0.000000000000000000 0.390231107345517747 759004.000000000000000000
2.690019188072131140 -0.941774574224410355 0.000000000000000000 0.365719428890160958 0.000000000000000000
10.240539433285849924 10.170950298252661170 0.000000000926493369 0.250190481873116932 844481.000000000000000000
10.297469649742895470 9.567177642235776602 0.000000000343476742 0.143862513073480636 838400.000000000000000000
11.463548899093215283 7.761742201560660526 0.000000000395870353 0.264311946478887838 844648.000000000000000000
9.602485819702417658 9.140048674153888442 0.000000000675853403 0.148481666945105562 838605.000000000000000000
10.688635108660086814 10.423419555285908800 0.000000000575088565 0.300098682819310625 837382.000000000000000000
10.330354222982412793 9.654457418282786918 0.000000000416565247 0.158964560097052232 843300.000000000000000000
11.009184282515967368 11.120683373300982666 0.000000000236197141 0.432320223914097468 842954.000000000000000000
11.736396576574579242 7.945310538002336109 0.000000000006690923 0.285685792049823639 0.000000000000000000
11.782687581443740399 7.806438850909082738 0.000000000472287117 0.305283290613880542 846534.000000000000000000
11.001816785887902128 7.891419267731540010 0.000000000715211181 0.190795001407966069 839905.000000000000000000
11.432398906404385386 8.139799899987680831 0.000000000708779979 0.221823296602409487 837124.000000000000000000
11.676622250354787624 6.780013312001054615 0.000000000117913798 0.418625301206019762 0.000000000000000000
8.757841214522887441 8.834220739114774901 0.000000000217949259 0.282516955219065224 842493.000000000000000000
9.334245391525184843 6.824232515011372513 0.000000000906431966 0.382495865460287743 0.000000000000000000
12.927593256391883614 8.079077895858620906 0.000000000181132482 0.475645399335730246 0.000000000000000000
3.085400663246721908 11.221942945156726523 0.000000000000000000 0.389505746491107308 918298.000000000000000000
1.977572617235012764 14.931395573808265098 0.000000000000000000 0.301473840771206647 919042.000000000000000000
1.115417828230609310 13.209720481918466817 0.000000000000000000 0.217572996863418633 0.000000000000000000
0.565069507319714615 13.085706361825447885 0.000000000000000000 0.317154448008478695 0.000000000000000000
3.436225916876558983 11.218543357498949931 0.000000000000000000 0.415642888935803312 0.000000000000000000
4.589512199519675484 14.590593243635092691 0.000000000000000000 0.464911328193181317 0.000000000000000000
2.284537999030492816 13.766390410898731389 0.000000000000000000 0.087654436568497862 923159.000000000000000000
3.492625380552544456 14.431810227557390292 0.000000000000000000 0.291348663410046282 282563.148156163864769042
1.106105109778828366 12.143457074460652478 0.000000000000000000 0.297778636987206025 132124.298451677634147927
4.148461894759811308 12.048345644033650714 0.000000000000000000 0.390251664220728822 918261.000000000000000000
4.465311425514342680 12.033943627513613350 0.000000000000000000 0.439432102676081571 922487.000000000000000000
2.566830884383877187 12.311118897210368672 0.000000000000000000 0.176861501545996863 920015.000000000000000000
1.674788990056958360 13.425907244466863233 0.000000000000000000 0.120518929618080500 319224.194816257979255170
0.674367627261661329 14.276585236889582475 0.000000000000000000 0.345328755145242305 926907.000000000000000000
3.935157898691439282 14.746067852344653559 0.000000000000000000 0.386983889015955429 927261.000000000000000000
-4.508919854346173040 11.613862704841592333 0.000000000579929552 0.396707673099174152 1693360.000000000000000000
-6.272226656550262014 10.333014582385347424 0.000000000881402797 0.258716728598858747 1729217.000000000000000000
-7.181538618432578680 12.335785345158145176 0.000000000649818998 0.135391108464962828 1698808.000000000000000000
-9.266890441101260478 11.397663044613256744 0.000000000695124996 0.455243653743568510 1132786.390505962306633592
-6.747032926000849251 12.925558200176121559 0.000000000240700916 0.213643875779848641 1580489.482194739859551191
-6.704167608509817633 12.586539239774504395 0.000000000370918321 0.153711602578153389 0.000000000000000000
-5.929395255573187029 13.363938759823003721 0.000000000896756314 0.324691143901779389 1738812.000000000000000000
-7.895900169312500161 12.615086606569587246 0.000000000515780068 0.260995727655871923 1768642.000000000000000000
-6.487925278058059853 14.147959092415698379 0.000000000896537450 0.432279073591643803 0.000000000000000000
-5.770812848039492238 10.986684642246482113 0.000000000300239328 0.214919060922401040 0.000000000000000000
-9.225806633784330302 12.191129983193114583 0.000000000638255793 0.452140340895378134 0.000000000000000000
-7.373583949268757820 9.691292330074354311 0.000000000693496146 0.376358500429249065 1697554.000000000000000000
-8.642551000092652203 10.222033367144323535 0.000000000668954506 0.431001135488219389 0.000000000000000000
-5.348753090436511037 12.483794713307720059 0.000000000893725556 0.281434919835981845 1675111.000000000000000000
-5.861248196878429795 9.283206099045234083 0.000000000765335304 0.458501039021522283 0.000000000000000000
-10.554327064542537329 6.175116143416907732 0.000000000000000000 0.465067588109173979 0.000000000000000000
-11.998082533433654717 6.562073120278569149 0.000000000000000000 0.351833777887743782 0.000000000000000000
-14.751740976041904929 4.506081434557383858 0.000000000000000000 0.364619287549823645 1079548.000000000000000000
-12.586338139641233269 2.255453051030712253 0.000000000000000000 0.422032112633393464 432436.884011946094688028
-13.417771117651440704 3.801734838207293965 0.000000000000000000 0.197390798138294771 0.000000000000000000
-13.630922650744254909 4.427672728766462562 0.000000000000000000 0.169309595720584682 0.000000000000000000
-10.696583807510593900 3.657112751478488466 0.000000000000000000 0.401208396766341180 1084027.000000000000000000
-11.953475604061150506 3.649983730468811860 0.000000000000000000 0.224543634447966184 0.000000000000000000
-14.034229497551214294 4.444508973922850714 0.000000000000000000 0.238975925371817527 1117179.000000000000000000
-12.817422043482208593 5.621805314994735348 0.000000000000000000 0.165024091746707957 1067515.000000000000000000
-12.235214953447943742 4.391586174515329510 0.000000000000000000 0.098753961947219526 0.000000000000000000
-10.723256027218342368 4.560282355746790195 0.000000000000000000 0.355276510711500793 0.000000000000000000
-10.649682625889351328 4.075781848085379799 0.000000000000000000 0.382540828322596949 12006.902342125562427100
-11.410737308441627036 5.401602695767397933 0.000000000000000000 0.264145743056657278 0.000000000000000000
-14.618385956237862189 3.767639313690453129 0.000000000000000000 0.374480998550701771 1124149.000000000000000000
-10.164461906344273601 -4.151309395637861499 0.000000000000000000 0.463499006378685463 763058.000000000000000000
-14.593272845848844099 -5.245780549446889651 0.000000000000000000 0.349247400374519124 0.000000000000000000
-11.552047500702247618 -6.286724343779095392 0.000000000000000000 0.348363131559593753 423830.980334634776227176
-11.802599506917713867 -3.434818753929076873 0.000000000000000000 0.270698577933833340 766197.000000000000000000
-12.137378842672930546 -6.687606584521958553 0.000000000000000000 0.364448337457558613 761108.000000000000000000
-14.634391636460204467 -5.280585439035625051 0.000000000000000000 0.357992439570238574 764319.000000000000000000
-14.991560495163925637 -5.274002527292265263 0.000000000000000000 0.418999409131012135 762590.000000000000000000
-12.030394311976772670 -5.005267841202417856 0.000000000000000000 0.134329061370504793 176229.252756143512669951
-11.125678403643178171 -5.537754018653114230 0.000000000000000000 0.320172193498359292 0.000000000000000000
-13.719253512724808530 -5.762381500285351343 0.000000000000000000 0.259877754527004845 758227.000000000000000000
-10.466499787449256687 -3.475689164120377761 0.000000000000000000 0.452158724415574420 0.000000000000000000
-13.758224539916355411 -6.286369542020716850 0.000000000000000000 0.335451684627672220 0.000000000000000000
-14.640468058413581787 -6.037307424784251531 0.000000000000000000 0.416406740441982004 764336.000000000000000000
-14.708575111573566119 -5.934458234588218417 0.000000000000000000 0.416898542729185695 0.000000000000000000
-11.879651416461173952 -3.908464043075577266 0.000000000000000000 0.200157082373627893 761736.000000000000000000
-6.602928458176552162 -13.350720001907610879 0.000000000368985591 0.289839335084489724 0.000000000000000000
-4.787414059709428571 -12.287521936932835231 0.000000000126034733 0.361022222218308764 0.000000000000000000
-7.164226229104716737 -9.262152101426494255 0.000000000844521953 0.441342990162208182 0.000000000000000000
-5.897897344725101298 -12.418939592590447774 0.000000000886458794 0.193682980107029085 0.000000000000000000
-5.915464466392031717 -12.575570050250485465 0.000000000423509368 0.210344807193072164 0.000000000000000000
-6.411269111466532777 -12.100173901668703991 0.000000000814579930 0.088543928166757865 0.000000000000000000
-7.131655434314299491 -10.784291577717002752 0.000000000573943293 0.179981783351676361 0.000000000000000000
-8.665953564794047992 -10.788360379937390832 0.000000000401136343 0.381775435471625624 0.000000000000000000
-6.668785933580555714 -13.299059672217399708 0.000000000587887015 0.279985973579490288 0.000000000000000000
-8.047307225861576541 -10.876269712184496896 0.000000000538120648 0.277654917988553185 0.000000000000000000
-7.362375336288636163 -10.534411008361654893 0.000000000077393582 0.237669333433359525 0.000000000000000000
-9.355811339915440783 -11.699446951349020907 0.000000000100906648 0.467563761072562367 0.000000000000000000
-7.071880448572010813 -9.731560872256485695 0.000000000499031415 0.356751927418394454 0.000000000000000000
-8.434836707924951327 -12.510657078587046342 0.000000000095381348 0.334134774069431872 0.000000000000000000
-7.023313578076963992 -10.424024134947122988 0.000000000496746794 0.234877382011944136 0.000000000000000000
3.095398201967420437 -15.436779271015991455 0.000000000000000000 0.407743062952386714 1673153.000000000000000000
3.592760626612900854 -12.295478339298458792 0.000000000000000000 0.284256439973956387 1671788.000000000000000000
4.665439223755766029 -13.838366916840049825 0.000000000000000000 0.427281053380995535 0.000000000000000000
3.685097976448735935 -11.569855991921933480 0.000000000000000000 0.387588135988439941 1665207.000000000000000000
0.925765774026992672 -11.033737377798646051 0.000000000000000000 0.471862496805438014 0.000000000000000000
4.246993563365784041 -13.874165339993865587 0.000000000000000000 0.357062390715827294 0.000000000000000000
2.674816901101403577 -13.660576571506409138 0.000000000000000000 0.091400274819642524 0.000000000000000000
0.568770762244205308 -13.757224100743560058 0.000000000000000000 0.326099798235721272 1601529.000000000000000000
1.198318429929385198 -11.456088893038172571 0.000000000000000000 0.382316774683530813 1612000.000000000000000000
2.704280435150348882 -12.199320452300998596 0.000000000000000000 0.202849667336462786 0.000000000000000000
0.347173318943376330 -11.519139459870778808 0.000000000000000000 0.472709598247216478 1655575.000000000000000000
1.990161912220414386 -11.530462637182612440 0.000000000000000000 0.316990388664877831 1365264.591014096047729254
0.683607309699289845 -15.354675860529557241 0.000000000000000000 0.472831306911205673 0.000000000000000000
2.057076214332396180 -14.337610566014429736 0.000000000000000000 0.195296923261943561 1679689.000000000000000000
3.940577222571357563 -12.563434363503331426 0.000000000000000000 0.313145030580633477 1620527.000000000000000000
10.775652699794914469 -7.938996243512468354 0.000000000000000000 0.161583020268493305 1223067.017057937569916248
12.101277752349631101 -8.601155824986012277 0.000000000000000000 0.314878314904794177 1823648.000000000000000000
10.802559645767917829 -9.959525210366232173 0.000000000000000000 0.227695542142680313 281988.266444048786070198
9.343817994128595927 -9.326654861304689348 0.000000000000000000 0.204680929047476257 0.000000000000000000
7.805406391434974722 -8.358816618601993653 0.000000000000000000 0.456999544135873292 0.000000000000000000
9.504893916054474090 -9.485621657669298656 0.000000000000000000 0.197388469634028285 1528075.345647002570331097
12.485447761950027257 -7.753868143222187648 0.000000000000000000 0.419893804340432442 1773368.000000000000000000
11.670088692459874125 -10.794711397653873775 0.000000000000000000 0.429386181988162530 1773409.000000000000000000
10.989669048034286902 -9.321945861032711278 0.000000000000000000 0.153276400626622678 0.000000000000000000
9.895224976135057915 -9.197568813691669121 0.000000000000000000 0.111919560112948319 1833273.000000000000000000
9.965769328034895125 -6.547664890005350458 0.000000000000000000 0.391769026010961419 1835536.000000000000000000
8.291571778578948226 -10.270974736458981624 0.000000000000000000 0.452886028909584459 45923.982509685345576145
7.898542775416932393 -9.635716396488490432 0.000000000000000000 0.462420091033381997 0.000000000000000000
10.305302123936376901 -7.988077606304536005 0.000000000000000000 0.133407609522725734 1775666.000000000000000000
8.652407986549881969 -7.245972926057516084 0.000000000000000000 0.400306474433670123 1837577.000000000000000000
16.100995214944145317 0.044511399397132959 0.000000000000000000 0.456371012872606285 599667.000000000000000000
14.097495850946041074 -0.825139599944315960 0.000000000000000000 0.173893771256583590 596677.000000000000000000
13.822776288699907710 -0.647432172480111978 0.000000000000000000 0.122867261894189214 596625.000000000000000000
12.478934342849717254 -2.022734362467931479 0.000000000000000000 0.399052822811659491 600715.000000000000000000
11.922778441692390317 1.246864240946181424 0.000000000000000000 0.360833632782175673 0.000000000000000000
15.479060805572569137 0.959120315224613607 0.000000000000000000 0.383053403876751242 0.000000000000000000
13.063139502999353780 2.055274544581726648 0.000000000000000000 0.366557943688360754 605200.000000000000000000
11.895174245748968644 1.596805447530818212 0.000000000000000000 0.403912466229592815 598939.000000000000000000
15.654869710987224352 1.112542834396496483 0.000000000000000000 0.422839692534709100 603410.000000000000000000
15.711522021206745237 -0.139511983146386437 0.000000000000000000 0.387639008991490785 604075.000000000000000000
15.499884377890023046 -0.789846189011665367 0.000000000000000000 0.374822526706134085 603296.000000000000000000
11.579063675987134374 0.485983673219381240 0.000000000000000000 0.359798807215849004 573127.708009296562522650
13.768748778604559035 -0.624328728017704560 0.000000000000000000 0.115512423257302044 597496.000000000000000000
11.439970387571509747 -0.883976645347222534 0.000000000000000000 0.404869675734070233 601292.000000000000000000
13.464770768425958991 -1.093777236831523947 0.000000000000000000 0.190073688617987541 395425.955998385616112500
