-0.714179552611425073 4.600389071785198070 0.000000000000000000 0.302876692921251467 0.000000000000000000
0.342759363394853078 4.204855666473086728 0.000000000000000000 0.466900820862688748 0.000000000000000000
-2.894047071801823634 3.099652670724450942 0.000000000000000000 0.180702070828321765 845876.000000000000000000
-1.826449158880030899 4.446595269918152127 0.000000000000000000 0.125474097111049232 535696.221400606096722186
-1.723236622260239770 3.795180385461891515 0.000000000000000000 0.096839544156419002 0.000000000000000000
-3.990868225916401002 2.848984268884181326 0.000000000000000000 0.360114160563778707 0.000000000000000000
-1.638504845445084124 2.827981872753821069 0.000000000000000000 0.219081100560461456 845114.000000000000000000
0.292716659598819429 4.207999479388918829 0.000000000000000000 0.458119199846369785 845852.000000000000000000
-0.850845916513765732 4.352470373410382898 0.000000000000000000 0.264002606745406820 839795.000000000000000000
-4.645059619159373376 3.415190223107376077 0.000000000000000000 0.433682619951799186 840262.000000000000000000
-1.143181251772364515 2.593279330091695645 0.000000000000000000 0.304741062773024318 838043.000000000000000000
-3.986183235928501656 4.109788908307174360 0.000000000000000000 0.310433223921899870 0.000000000000000000
-2.452442365447601524 5.046969935446737665 0.000000000000000000 0.208884277228184895 844314.000000000000000000
-0.757052096055609525 4.831720038341305923 0.000000000000000000 0.315775235216073036 0.000000000000000000
-4.084411767385754288 2.491262198336439138 0.000000000000000000 0.409736839093596150 0.000000000000000000
-3.731801857327791794 -2.913420328166083539 0.000000000000000000 0.314948765310606615 677260.000000000000000000
-3.249370634332195973 -4.538966757920368522 0.000000000000000000 0.211056089743795916 43120.798445248212374281
-0.580628803749571709 -5.830904400453469805 0.000000000000000000 0.457074507726300983 685614.000000000000000000
-3.306444098060060011 -3.426345747898455141 0.000000000000000000 0.204256495815792583 685891.000000000000000000
0.181911175893443466 -3.734219539495885254 0.000000000000000000 0.435750710438294331 685012.000000000000000000
-0.157889708981475446 -2.998198136653728252 0.000000000000000000 0.406650996313861035 677997.000000000000000000
-1.298822861338280843 -2.528614177774663574 0.000000000000000000 0.296754731915445769 0.000000000000000000
0.190016123116233282 -4.322895732172885808 0.000000000000000000 0.443065877610759218 681220.000000000000000000
-3.143783217833110655 -2.286532858022054970 0.000000000000000000 0.326207570291740023 459651.093619408551603556
-2.570789289813522949 -2.032630804276284842 0.000000000000000000 0.335419129215145662 685850.000000000000000000
-4.030716121236297411 -3.158819890748540971 0.000000000000000000 0.341655513170219693 0.000000000000000000
-1.560192725790595203 -3.432859059814529434 0.000000000000000000 0.148706311827365045 0.000000000000000000
-4.661998619405073541 -3.605702996428874929 0.000000000000000000 0.431370089354885911 685784.000000000000000000
-0.903366387131083082 -3.846235371866960406 0.000000000000000000 0.241595580208276262 0.000000000000000000
-0.207943374571106843 -3.178112395822450864 0.000000000000000000 0.386791926941194408 541448.679762361920438707
2.654092184885688432 1.777800326549976884 0.000000000000000000 0.458113215226732262 763823.000000000000000000
3.610004632816304238 -2.390875270178410616 0.000000000000000000 0.454535240584490741 0.000000000000000000
5.264106126865267576 -0.813682361888282579 0.000000000000000000 0.196833048605414812 763777.000000000000000000
5.534655072521399433 0.263858676244178914 0.000000000000000000 0.187815524973910131 0.000000000000000000
5.425389876704614700 0.204666413392041308 0.000000000000000000 0.166421411917107270 108773.684455195238115266
5.494636503079258993 0.140421533717784819 0.000000000000000000 0.176516543439703272 757849.000000000000000000
4.354191244666543170 -2.559544793447604771 0.000000000000000000 0.455676519843851435 764193.000000000000000000
6.966659886836913174 0.526096881111308701 0.000000000000000000 0.446919070127450635 62955.838178738405986223
3.032068683845883239 1.828421932560624574 0.000000000000000000 0.418909914795284222 0.000000000000000000
5.506339446907598578 -2.293507378810049069 0.000000000000000000 0.443909712581197602 758338.000000000000000000
4.121299155027072558 1.285979937495834058 0.000000000000000000 0.239033587950832960 760016.000000000000000000
3.837734974993403103 1.673975708629251713 0.000000000000000000 0.321045111264789906 0.000000000000000000
6.337872955662223085 -0.617034992169952057 0.000000000000000000 0.342967083373500348 196377.244420940754935145
6.155896917977832672 -0.280499748700924312 0.000000000000000000 0.296800860236219988 0.000000000000000000
4.398852075781082505 1.124056874402836748 0.000000000000000000 0.200789870315039809 760379.000000000000000000
9.453676859525250720 6.597295861899639569 0.000000000328015447 0.409366514451212027 842834.000000000000000000
8.181847340370341115 7.782597400342673666 0.000000000256061762 0.420559496032778979 635785.032106182305142283
9.152905036926680893 8.394800969401385871 0.000000000327617117 0.220602361584984974 840586.000000000000000000
12.437584389847327060 8.242040735475812951 0.000000000697852593 0.384078461724291997 846558.000000000000000000
10.453606502466165296 7.054153619758872118 0.000000000884887461 0.297635855775289615 0.000000000000000000
10.484946391222711881 7.181621931997525188 0.000000000154201851 0.275797135077324618 0.000000000000000000
10.165995832027061141 8.653647725207351371 0.000000000700223478 0.035248312430309320 107266.865042534802341834
10.091977112785597726 9.816997437550154970 0.000000000608615177 0.192690379656415584 0.000000000000000000
10.849800016960847060 9.793405931781400398 0.000000000578255773 0.204419289938590626 0.000000000000000000
11.878121864992614576 10.423570230285436722 0.000000000388070616 0.401218844932996921 843725.000000000000000000
9.407216386379813500 6.524039547162676200 0.000000000531342126 0.424459181934203067 846145.000000000000000000
11.873776675499792432 9.124560328286939637 0.000000000153385402 0.281106271113234552 846041.000000000000000000
11.790149418614380039 9.467957112769214589 0.000000000191906173 0.287434725874513464 843468.000000000000000000
10.244963091206418682 6.122108139868419840 0.000000000050206431 0.460792755780075114 0.000000000000000000
12.439594389911048822 7.756022959620600510 0.000000000374501892 0.412315422731973302 458480.452275419665966183
0.995835540463362423 15.254849202495373461 0.000000000000000000 0.425523470525977499 926566.000000000000000000
1.084768882158569481 11.188556055252087518 0.000000000000000000 0.433532632054817069 0.000000000000000000
0.286125043268539603 14.066746161262866366 0.000000000000000000 0.391224241615040935 925564.000000000000000000
1.271116906895476628 10.852789833226783145 0.000000000000000000 0.471497894111488236 920587.000000000000000000
4.254200450682434465 11.769049222322012227 0.000000000000000000 0.434756500262352852 0.000000000000000000
1.736062705669120021 14.712020325353071470 0.000000000000000000 0.276988986158642092 0.000000000000000000
0.911716407524512662 12.628715701988619813 0.000000000000000000 0.278589600970721940 0.000000000000000000
1.303629266361794992 12.253594160648235700 0.000000000000000000 0.258768295376833435 918648.000000000000000000
2.368422251746747254 12.330342068844124981 0.000000000000000000 0.168638292008845447 917410.000000000000000000
3.932924823449442275 13.949742574288402253 0.000000000000000000 0.309053215939683878 0.000000000000000000
4.839089297921166377 14.050174845589248562 0.000000000000000000 0.467092667380642701 924492.000000000000000000
3.897761205585252409 14.966917719856798641 0.000000000000000000 0.409992319485486090 920859.000000000000000000
0.398723819668757362 13.755784247424088562 0.000000000000000000 0.355367126868457728 926728.000000000000000000
2.555039946947895491 14.179046442471607392 0.000000000000000000 0.165418920816959247 405562.293741982546634972
1.671991172577158347 11.451392672205338741 0.000000000000000000 0.345876178120072597 924680.000000000000000000
-7.644926867868365505 12.104867714628422704 0.000000000785695446 0.176404380944674172 0.000000000000000000
-6.373224062846286841 11.413419752485470582 0.000000000008019101 0.083780661747627314 1773604.000000000000000000
-5.420009925256848327 13.778008635875441001 0.000000000021034168 0.433468798605718408 1708023.000000000000000000
-9.283253040494237496 11.080365000215541826 0.000000000734575110 0.468364783456580058 243780.244716163811972365
-8.278655017470828881 10.051467594718149101 0.000000000383361607 0.403387736579965350 0.000000000000000000
-5.738370727842857733 9.803773614125818270 0.000000000491489176 0.382722557858763079 0.000000000000000000
-5.128437048643634810 11.823690875908619446 0.000000000791278299 0.286478358044643722 1741739.000000000000000000
-5.045916997923728609 13.749737350943236791 0.000000000227343189 0.469012975885223171 1766719.000000000000000000
-4.607322436456870562 13.181281315457074044 0.000000000732830555 0.459030792472355620 1716009.000000000000000000
-5.104974417152414290 10.488733866993865007 0.000000000517302312 0.362851431737783503 0.000000000000000000
-5.840489850154876095 9.593100571854145997 0.000000000282628976 0.408713424430891203 0.000000000000000000
-6.057230798160539109 14.138037102576209492 0.000000000792296165 0.445073176211666033 1680604.000000000000000000
-6.238167785612681371 9.807456245048234322 0.000000000298902795 0.349717162247411339 1737980.000000000000000000
-7.066092322369224910 11.620854438908764905 0.000000000532091334 0.061942885192169422 1714905.000000000000000000
-6.018342563584166527 11.924072566397292405 0.000000000124477779 0.132370142960914927 0.000000000000000000
-13.443301612660038202 3.727951713694579450 0.000000000000000000 0.210213766092292031 1062267.000000000000000000
-13.497599276292985948 2.998387677116103767 0.000000000000000000 0.323487566851747121 413211.557653862400911748
-12.354701610199988693 7.342871832703039559 0.000000000000000000 0.467932288280280217 0.000000000000000000
-15.199203282193892051 4.105644504832509867 0.000000000000000000 0.454088350703835464 0.000000000000000000
-10.689750655546719216 5.353642895352459519 0.000000000000000000 0.379398795618310636 1091785.000000000000000000
-12.302720917680732171 4.277836736255996364 0.000000000000000000 0.101073500735426910 1062933.000000000000000000
-13.297335739553332701 5.818923081893497162 0.000000000000000000 0.223763129227467300 257458.121753604034893215
-14.437334328693710361 2.775781301476115903 0.000000000000000000 0.450716896177832393 1047249.000000000000000000
-13.305786465977160304 5.964957432869199216 0.000000000000000000 0.247130317075471201 1086719.000000000000000000
-12.963931082138103079 6.311653745911338653 0.000000000000000000 0.287313552144655593 1068299.000000000000000000
-11.240045719642900224 6.753431749982982346 0.000000000000000000 0.446984776967634612 1083035.000000000000000000
-14.176532381257766602 4.255498822726808683 0.000000000000000000 0.270984169319433754 0.000000000000000000
-11.562447769538396258 5.992534981120213544 0.000000000000000000 0.307391732070884327 1125423.000000000000000000
-11.965865733197420084 2.784424851399348810 0.000000000000000000 0.355707021851415117 1121263.000000000000000000
-10.873366758111354002 3.632740634212007880 0.000000000000000000 0.375270086022466032 0.000000000000000000
-13.194821259475700614 -5.261200275112265956 0.000000000000000000 0.132727867413961004 0.000000000000000000
-10.723058554457560732 -5.311759479379775328 0.000000000000000000 0.371520012404387867 16375.710403687411599094
-11.437076796042761728 -5.484361980646921708 0.000000000000000000 0.267314885946103087 763416.000000000000000000
-12.636364583689431385 -3.873122732576709915 0.000000000000000000 0.140753066715295083 0.000000000000000000
-14.671441487205196808 -3.610702964241403023 0.000000000000000000 0.395037820720364252 766651.000000000000000000
-11.129575738146877839 -4.105646170958696217 0.000000000000000000 0.299424109199914967 766291.000000000000000000
-13.375884628527032305 -6.729953843032472349 0.000000000000000000 0.375287068295837578 764701.000000000000000000
-11.592375236048841458 -3.414879770204504172 0.000000000000000000 0.297318439841317061 0.000000000000000000
-12.015825735746444636 -2.760512290563413185 0.000000000000000000 0.356339267307037688 198685.556695628649322316
-12.044023267803817490 -3.352982040527805019 0.000000000000000000 0.259794746985549774 761808.000000000000000000
-15.176491455489486526 -5.617727291006482382 0.000000000000000000 0.468174546714304363 0.000000000000000000
-11.156915977291697928 -3.254768040592024292 0.000000000000000000 0.372277081319691838 759864.000000000000000000
-11.560137953791324250 -2.326692620077322360 0.000000000000000000 0.458460346833121646 762050.000000000000000000
-11.542436394960995827 -5.448196670338229630 0.000000000000000000 0.248051782875881199 765753.000000000000000000
-14.464536124329558930 -2.700570607234673570 0.000000000000000000 0.463567685115392036 757229.000000000000000000
-7.064808012343537058 -9.234480333169056365 0.000000000397288455 0.443497086386420269 0.000000000000000000
-7.274343342258743128 -10.767327213773345562 0.000000000091178540 0.194042319256562568 0.000000000000000000
-5.646147116549740552 -10.452941318463684794 0.000000000455353378 0.296270879163035794 0.000000000000000000
-6.601269676287156329 -13.643613517612447339 0.000000000399796140 0.341564144445804518 0.000000000000000000
-7.608996704932446953 -10.335147149789232657 0.000000000012138626 0.290282981839278753 0.000000000000000000
-8.999217003857662434 -12.818467099491115846 0.000000000732534357 0.448233985395199208 0.000000000000000000
-4.301600602330208467 -10.851910553854709818 0.000000000651644956 0.459679537871771349 0.000000000000000000
-7.768560738302195290 -14.150421849552087039 0.000000000912138624 0.467902636174116371 0.000000000000000000
-6.322118244746635085 -14.315561832113665730 0.000000000393339534 0.465595343966824560 0.000000000000000000
-5.655940905931075235 -10.646746574992338452 0.000000000267261361 0.269964364426505676 0.000000000000000000
-8.480207338112574433 -10.966390663273815065 0.000000000246446862 0.338673135300734007 0.000000000000000000
-5.140926957333108227 -10.272347326353880703 0.000000000705149145 0.382330299081773572 0.000000000000000000
-7.005863652021115939 -11.861189118701425116 0.000000000791821411 0.054883052083139351 0.000000000000000000
-6.436652232615164948 -12.931250208437102600 0.000000000763958559 0.221078260079538180 0.000000000000000000
-5.339670236696841599 -13.410602471418734183 0.000000000247107948 0.389271111911936973 0.000000000000000000
-0.116175586640175646 -12.455299975280251346 0.000000000000000000 0.460580590128717438 1619444.000000000000000000
2.447370268206338739 -14.610436540708255038 0.000000000000000000 0.238349179866028188 1631194.000000000000000000
0.910066696992892665 -14.232871993754164563 0.000000000000000000 0.305692833990649893 0.000000000000000000
4.110014560354398050 -14.002219024415715865 0.000000000000000000 0.341778522679602070 0.000000000000000000
2.040011367350778038 -15.233901252844406216 0.000000000000000000 0.352479516405853954 0.000000000000000000
0.545830587699629333 -12.075829956836381385 0.000000000000000000 0.383887540406736394 1666783.000000000000000000
2.388881923103931548 -11.850466110980551804 0.000000000000000000 0.254163867921115172 1653586.000000000000000000
4.809868838723615703 -14.066726579063917768 0.000000000000000000 0.463005118721554976 235303.696258620795561001
1.728254953065001764 -13.594248703781678600 0.000000000000000000 0.121933846714562227 0.000000000000000000
0.573941886240792898 -11.435873404237279161 0.000000000000000000 0.453838827840400472 1678730.000000000000000000
-0.130477279829126824 -13.582319045281044723 0.000000000000000000 0.442625454925741013 1691983.000000000000000000
2.854100030181795589 -13.710651222756743195 0.000000000000000000 0.120625469762164511 857273.243124018306843936
1.490743153100126506 -10.814233953349221551 0.000000000000000000 0.463645333961159589 0.000000000000000000
0.652866693027787548 -13.054681089281872985 0.000000000000000000 0.302276945711221823 1331681.899930085754022002
2.730893230183027320 -12.426621909888750039 0.000000000000000000 0.167050310564845622 0.000000000000000000
11.795675008389574501 -10.534998739806558987 0.000000000000000000 0.406161168595205901 1791147.000000000000000000
7.929582170350211179 -9.855401126489512720 0.000000000000000000 0.471818697002945098 0.000000000000000000
11.628670818857623104 -6.592550724807857421 0.000000000000000000 0.441507494486453211 0.000000000000000000
10.191047385308632300 -8.632849785383253760 0.000000000000000000 0.033442985498537872 1780785.000000000000000000
8.417674690119723024 -10.061240472147082059 0.000000000000000000 0.413261110111445007 0.000000000000000000
12.137895173193882670 -7.961390382530857401 0.000000000000000000 0.348618968069517421 1840203.000000000000000000
10.059581812005220058 -9.688078665962482461 0.000000000000000000 0.172358431023571151 1800899.000000000000000000
9.979410486639093136 -9.715249300521312747 0.000000000000000000 0.181508079494993008 1768849.000000000000000000
10.676906367349232596 -10.961129447323390451 0.000000000000000000 0.392449028934389210 1771702.000000000000000000
10.378197238591456042 -9.218569260378490782 0.000000000000000000 0.082785316171846174 1813247.000000000000000000
11.220105641512512662 -11.112862266219183383 0.000000000000000000 0.442735623482956309 1755141.000000000000000000
9.080101138425302310 -9.823114636440880787 0.000000000000000000 0.293517818013941556 0.000000000000000000
9.199953765983094556 -6.822323280266028966 0.000000000000000000 0.394629757863043995 1785266.000000000000000000
9.428213894105194726 -11.107708537462228193 0.000000000000000000 0.445093580451633830 0.000000000000000000
12.618286320203505824 -8.857659480112763717 0.000000000000000000 0.406424748742452879 1755600.000000000000000000
14.671758837738790859 -1.943779694754924625 0.000000000000000000 0.391834366748132601 605756.000000000000000000
12.514263614394396384 -0.609320723915300233 0.000000000000000000 0.211424087981599895 69580.411070727757760324
11.310800449024347003 -1.067130939011353918 0.000000000000000000 0.438778074227580417 162426.582469072978710756
12.717016557370991237 -1.977885677336815418 0.000000000000000000 0.373437044536204243 604433.000000000000000000
15.890357180431198714 -0.424415757891873913 0.000000000000000000 0.425108081091753520 600138.000000000000000000
14.982397272673617650 1.509797059054339252 0.000000000000000000 0.366111721580275162 0.000000000000000000
15.140634256369459365 1.312323177054885548 0.000000000000000000 0.364223661805557819 604970.000000000000000000
14.374350113542705643 -0.639745993670725932 0.000000000000000000 0.185236855896659475 311759.849997691286262125
11.956930244233202387 0.159385085575905444 0.000000000000000000 0.283734988883917461 606353.000000000000000000
14.154727329999504448 2.083453366350084046 0.000000000000000000 0.376806893875223647 597685.000000000000000000
12.261480449782579782 -2.145619676206748316 0.000000000000000000 0.437016081164565529 605965.000000000000000000
12.514597147121392595 -0.358707628237782294 0.000000000000000000 0.193292198278352007 603730.000000000000000000
12.674125534281019512 2.123419119220697926 0.000000000000000000 0.399705994257728958 600357.000000000000000000
12.253841042162429531 0.015407031895568900 0.000000000000000000 0.229473373673797304 599958.000000000000000000
14.546293784913149949 -1.155061326378454378 0.000000000000000000 0.268337920687985121 0.000000000000000000
