-3.684778589878141108 3.134763878700232098 0.000000000000000000 0.287608669372243886 0.000000000000000000
-2.232903413605625609 5.981690101730685605 0.000000000000000000 0.372485767454685313 844346.000000000000000000
-3.583125948401657102 4.545391399195419346 0.000000000000000000 0.263360466459280074 0.000000000000000000
-0.860729697871454813 3.706784215383241321 0.000000000000000000 0.251201036803245792 0.000000000000000000
-4.611215467729291362 3.005902963782663306 0.000000000000000000 0.447869581410059392 842787.000000000000000000
-1.255844668179360912 3.299400872873744284 0.000000000000000000 0.207344390252147653 226632.854586623929208145
-3.218173788473478236 4.012697093241500923 0.000000000000000000 0.172476271190263181 845280.000000000000000000
-4.082020671370328202 5.826643744583256179 0.000000000000000000 0.473666301623764496 839272.000000000000000000
-3.196756827195770700 3.093161292533005202 0.000000000000000000 0.219346126632688154 837637.000000000000000000
-2.909298813863452793 2.181756132000061577 0.000000000000000000 0.325549868991150737 0.000000000000000000
-4.190881199648370803 4.170638943472080307 0.000000000000000000 0.348037629254242642 843717.000000000000000000
-4.361858668168236086 2.530384051746138674 0.000000000000000000 0.446176755477252829 74795.399908647785196081
-4.241268471864467315 4.891748690385571585 0.000000000000000000 0.395800456778419518 0.000000000000000000
-2.451282671421720405 3.297453941589401527 0.000000000000000000 0.111020413736028584 168085.654232222354039550
-0.801565161418319572 4.646014214040278922 0.000000000000000000 0.292452505202072388 325681.069797901436686516
-1.010493478242172616 -2.226536028730802919 0.000000000000000000 0.370513281108876491 0.000000000000000000
-3.019227159549477513 -4.230243082640571473 0.000000000000000000 0.148533315557284690 681623.000000000000000000
-1.593475902005995426 -3.067231697966771975 0.000000000000000000 0.188480228749192930 0.000000000000000000
-3.908200327341790459 -3.826122158380754090 0.000000000000000000 0.294287662589694132 681671.000000000000000000
-3.739350964293048918 -1.950831865302886436 0.000000000000000000 0.434506003482199921 682085.000000000000000000
-4.470543365729743535 -4.573843860100493153 0.000000000000000000 0.412606414651126963 686597.000000000000000000
-1.245286814815156573 -3.680642667934514556 0.000000000000000000 0.184350839126280391 0.000000000000000000
-3.582004734765230403 -3.775735019841210960 0.000000000000000000 0.236811972921097624 681676.000000000000000000
-2.597410882847581703 -1.524456860056890850 0.000000000000000000 0.425544192246348152 0.000000000000000000
-1.046427992383683225 -3.179358256194414256 0.000000000000000000 0.250358107709790279 0.000000000000000000
-4.750517093166158666 -3.804703066973881942 0.000000000000000000 0.444424971145317149 682639.000000000000000000
-1.767880605542841765 -4.807349027053975377 0.000000000000000000 0.185268903570171423 0.000000000000000000
-4.611956915465915685 -3.382106574211979133 0.000000000000000000 0.429099799156128003 429833.787257721531204879
-1.894486684104885521 -4.351438489608515425 0.000000000000000000 0.104651998921132555 686636.000000000000000000
-2.460662804374090573 -5.341243511141977152 0.000000000000000000 0.260902147534917084 0.000000000000000000
6.140998960474859381 1.038455960350103124 0.000000000000000000 0.343540862220219012 758319.000000000000000000
6.594070444890695271 -0.365967332741554296 0.000000000000000000 0.376323989736252362 760510.000000000000000000
5.708741511698799620 0.041939210262621637 0.000000000000000000 0.213036216429634495 0.000000000000000000
4.907608245639034195 1.062489009445468424 0.000000000000000000 0.201332717990305610 757869.000000000000000000
6.729575768317760165 -0.145777560480704976 0.000000000000000000 0.395676253122603794 0.000000000000000000
3.464651058653299920 0.611409820196970322 0.000000000000000000 0.216350241462237136 0.000000000000000000
4.652092194973199923 -0.431405916719952098 0.000000000000000000 0.080489567368847006 557677.491876175976358354
4.168757589130795971 -0.295489479040550895 0.000000000000000000 0.080921659867789833 110865.335754237981745973
5.317782764625410330 0.315524308692507416 0.000000000000000000 0.153795576689436053 647622.123671031091362238
4.060990001379607861 1.182159008117505961 0.000000000000000000 0.225095950095121095 0.000000000000000000
3.561034082366861142 -1.712965995605234326 0.000000000000000000 0.348702800471967667 766213.000000000000000000
5.533718963708849969 0.454362468466994740 0.000000000000000000 0.198813456773783231 0.000000000000000000
5.957749588588244549 -0.546742367995603384 0.000000000000000000 0.274973925707768518 638804.483339842525310814
6.960221428466795146 -0.372061412210863363 0.000000000000000000 0.440892744290734440 756983.000000000000000000
3.293504862090501639 -2.276600367084023357 0.000000000000000000 0.459527763914430287 763226.000000000000000000
9.339514070612679575 7.633890925614423395 0.000000000756528797 0.264800270973076846 840514.000000000000000000
11.574056956449153333 6.630316412792351954 0.000000000786081783 0.430861302140751634 0.000000000000000000
10.891732481537538035 6.395152310190270306 0.000000000155906643 0.423718287476235300 488800.255847233231179416
12.661985758421575810 7.637362692114268548 0.000000000358416248 0.456960579945698664 837336.000000000000000000
9.854448631479657550 7.012954930432965917 0.000000000050567423 0.316549990609045928 839920.000000000000000000
8.178785910772793599 7.406178979148564601 0.000000000665954271 0.451835242867589193 0.000000000000000000
8.717796441097906524 10.638873889593709166 0.000000000433567584 0.440579310239757826 0.000000000000000000
10.520351794960342673 7.539204236815447047 0.000000000136697124 0.214307704263343779 843257.000000000000000000
12.282813248255193272 10.320640839916569220 0.000000000527647401 0.442010977300911101 0.000000000000000000
12.055725138867630974 10.055578203154993844 0.000000000298146311 0.381733795885750127 0.000000000000000000
12.654615567929353048 7.731606143908961393 0.000000000878350490 0.449016759042110136 0.000000000000000000
10.183870141815008381 6.558709299958417560 0.000000000503510925 0.384978762884997883 839926.000000000000000000
10.872146021549912831 6.620935879981741046 0.000000000528157617 0.384494539701415172 847069.000000000000000000
11.080411197859596939 10.496391827184224255 0.000000000111071398 0.333391515951623196 0.000000000000000000
12.094923051185045182 8.492207705787423677 0.000000000325306385 0.315878658133594947 0.000000000000000000
1.769783386724687269 11.207607237171426817 0.000000000000000000 0.382002663662236286 0.000000000000000000
0.176462390155562365 14.600952098657410616 0.000000000000000000 0.451162882490600603 0.000000000000000000
4.487960145943691970 13.343651514204163178 0.000000000000000000 0.383999467146000695 0.000000000000000000
1.009325836559531231 13.842812954923685353 0.000000000000000000 0.256783354480515813 0.000000000000000000
3.460209947469404135 11.942116015460518597 0.000000000000000000 0.310952597675914211 925674.000000000000000000
0.040013158537567532 13.782281010647315256 0.000000000000000000 0.418688070710982463 921191.000000000000000000
3.023994035382103096 11.288272701910441853 0.000000000000000000 0.374718811792981110 924790.000000000000000000
3.419420474713724012 11.704671874733195480 0.000000000000000000 0.340136815710932239 926036.000000000000000000
1.314639089912657433 13.714535722743486090 0.000000000000000000 0.197767245460713198 925527.000000000000000000
2.113722372158537421 14.437206925557392267 0.000000000000000000 0.210381894480245024 0.000000000000000000
3.507949125771454568 14.743534054502948294 0.000000000000000000 0.334526581164406867 919640.000000000000000000
1.779291797875192094 13.529411774360994514 0.000000000000000000 0.108684954538755527 0.000000000000000000
3.791265093049640988 15.235915434784205402 0.000000000000000000 0.434709073946210944 0.000000000000000000
0.213120002204299608 14.024428139895345424 0.000000000000000000 0.400821408075248797 5680.153694572246422467
0.113865144554578815 12.052673634116770174 0.000000000000000000 0.451828745097128948 309553.674380165815819055
-8.750164416056252392 12.263795379959425702 0.000000000791691515 0.372287174408349242 0.000000000000000000
-4.962051309534769139 11.617429889124053943 0.000000000183789931 0.316033818853727888 0.000000000000000000
-4.778613302777028338 10.957190512112024550 0.000000000777330500 0.373470333783860520 0.000000000000000000
-5.875722226627638101 11.603218517968016954 0.000000000555223168 0.154052426758309657 0.000000000000000000
-5.204420022713511784 10.454358485958682223 0.000000000398067317 0.352676213663504878 543717.662671694299206138
-7.452703725140852775 10.929593084140936554 0.000000000549921725 0.189629264096181221 30392.195390297569247195
-6.529314024085861590 10.010497776402997872 0.000000000524480511 0.304562630151491320 0.000000000000000000
-8.414252235802957003 11.343620244602881542 0.000000000086339504 0.306995175626272654 0.000000000000000000
-7.658809749372467834 13.866432785489278601 0.000000000101705346 0.414108466788319585 1750618.000000000000000000
-7.799175697161308207 9.743302043479683761 0.000000000731318215 0.397623619085737234 1728444.000000000000000000
-7.916906975607204799 10.760501168743049405 0.000000000646144262 0.270664120534956087 1744678.000000000000000000
-6.867403722114167941 10.760252672196662260 0.000000000210240695 0.171314984742878124 609243.376108431722968817
-7.829683712434395204 11.110230282502930876 0.000000000028276557 0.223202822218562885 1724595.000000000000000000
-4.831490368081317932 12.494287651397605998 0.000000000718003768 0.365638597762117934 1735425.000000000000000000
-6.932891568471434951 10.951345166886568450 0.000000000460948706 0.140411623235286026 0.000000000000000000
-13.230648049104686947 2.837830080591457804 0.000000000000000000 0.332788921662379222 0.000000000000000000
-11.638895412503375226 5.239865232730331890 0.000000000000000000 0.215004668333448695 0.000000000000000000
-14.518954595757257664 6.146912707138712406 0.000000000000000000 0.410254846927963601 0.000000000000000000
-14.586590314656115552 3.924825014525085809 0.000000000000000000 0.358570400528775202 1054918.000000000000000000
-12.510064363549149746 3.505766278998539320 0.000000000000000000 0.207207588031217999 1050138.000000000000000000
-12.705332571819258902 4.363090448379749908 0.000000000000000000 0.054885770816521559 0.000000000000000000
-11.921554028374810486 5.582998331717035079 0.000000000000000000 0.211453172095455028 0.000000000000000000
-13.286456172116594132 3.068947476038202726 0.000000000000000000 0.297668450258828710 1132152.000000000000000000
-13.221072437561160129 2.042980272891224303 0.000000000000000000 0.466662881052848200 1083683.000000000000000000
-12.279871169260214714 3.777100551309577892 0.000000000000000000 0.174868873115991974 684755.940046001225709915
-14.134271303646634976 6.244273790048556094 0.000000000000000000 0.371289010547917075 853814.455834983498789370
-14.312879581369362114 5.056466388974865112 0.000000000000000000 0.292592653851392659 1103152.000000000000000000
-14.402893281896687938 4.544515171779806906 0.000000000000000000 0.302110276149397339 1035575.000000000000000000
-12.783070389355145835 2.358433671218463257 0.000000000000000000 0.403557959932476173 0.000000000000000000
-11.867982356508795405 4.297989725558024610 0.000000000000000000 0.164586781779742369 1098522.000000000000000000
-11.294283561410161099 -2.502659616476982762 0.000000000000000000 0.455909841404960270 765152.000000000000000000
-14.867611599910867781 -3.086148077460482586 0.000000000000000000 0.472716781312076284 0.000000000000000000
-11.603097776190514523 -2.363279555924560515 0.000000000000000000 0.449320186870849125 0.000000000000000000
-12.618888952804553583 -2.332323231724315438 0.000000000000000000 0.408380011714551461 763142.000000000000000000
-12.704681707928282108 -2.498687426958395186 0.000000000000000000 0.379047087095893520 0.000000000000000000
-11.821096688892369642 -4.495993388440897576 0.000000000000000000 0.162153489716291926 728522.106339317513629794
-13.942884590664261779 -6.646880510494961314 0.000000000000000000 0.405697868754429203 756933.000000000000000000
-12.212931139855252027 -2.643164627238383080 0.000000000000000000 0.365305998915177788 7660.933401452822181454
-13.796320848935321735 -4.210244728436822292 0.000000000000000000 0.209497977295915849 756959.000000000000000000
-11.840472847798279687 -6.410175975062034404 0.000000000000000000 0.339329668000191209 458119.307784956879913807
-14.800292719945227660 -5.434771800707102862 0.000000000000000000 0.394402890448588561 0.000000000000000000
-12.904159962802769002 -5.586941196558008471 0.000000000000000000 0.161516587373164544 762070.000000000000000000
-10.432077192561107992 -6.079839157341988098 0.000000000000000000 0.474489366390532907 757678.000000000000000000
-14.113818061873377729 -5.846729461685741036 0.000000000000000000 0.321498457035588325 0.000000000000000000
-12.918428210586622384 -2.418574933231925961 0.000000000000000000 0.394507767400865017 766570.000000000000000000
-6.723720550073081448 -9.593242030895485328 0.000000000401550857 0.376193782591218717 0.000000000000000000
-9.142582317074944953 -10.696923747423433326 0.000000000087435099 0.465867159460121305 0.000000000000000000
-5.854929293170879845 -9.461639401755141066 0.000000000303358502 0.429310596835932146 0.000000000000000000
-6.758406348304651701 -13.269768840348010741 0.000000000896652182 0.274585804577217263 0.000000000000000000
-4.966347186506291145 -11.267509265696588727 0.000000000316702639 0.324760348066399751 0.000000000000000000
-5.978924411387212423 -11.264056263830980242 0.000000000260212866 0.156586340997633938 0.000000000000000000
-5.663040409030586808 -9.283039361099133302 0.000000000207272119 0.471731278419951827 0.000000000000000000
-6.019164206843241161 -9.899953467910481919 0.000000000106043946 0.346304642767281567 0.000000000000000000
-6.092300194599815200 -11.995412533144062195 0.000000000686064897 0.124174707940180540 0.000000000000000000
-6.213039984933846682 -12.450628857588892373 0.000000000229880482 0.159292050868246965 0.000000000000000000
-6.680800028032651383 -10.584682312220170530 0.000000000117080011 0.200937325634223840 0.000000000000000000
-5.649795542409472127 -13.545950438600380394 0.000000000411917488 0.376899450869637553 0.000000000000000000
-5.010052677405292698 -11.412235642336915120 0.000000000733066473 0.311738577560610020 0.000000000000000000
-8.295209992454658732 -13.175895176775281215 0.000000000534057611 0.379316333162065811 0.000000000000000000
-7.544144909679572741 -14.117103322981110480 0.000000000525572120 0.448134699391530000 0.000000000000000000
1.414995983218644060 -14.687382226564842824 0.000000000000000000 0.299976270951251123 0.000000000000000000
3.072876092628204159 -11.354311409837260172 0.000000000000000000 0.366663976036477657 0.000000000000000000
2.738099113781215621 -15.614351132824834778 0.000000000000000000 0.422367183106501620 0.000000000000000000
0.919468764138205885 -14.142429880052587166 0.000000000000000000 0.295586502298186005 1597399.000000000000000000
0.991690293993985450 -13.591998302558456757 0.000000000000000000 0.245798499650285329 0.000000000000000000
1.491962225183278479 -10.907607664993374641 0.000000000000000000 0.447875720310764336 678580.952496047248132527
1.817479714400402013 -11.333246081771422453 0.000000000000000000 0.358183055971988740 0.000000000000000000
0.748102341355341593 -13.044482921437973388 0.000000000000000000 0.285717200387198944 0.000000000000000000
1.110944989314536002 -14.537371726466695065 0.000000000000000000 0.313004814632196593 1607499.000000000000000000
3.895719950956080702 -14.898306543523146317 0.000000000000000000 0.400870716471111332 1662617.000000000000000000
1.863406548405578622 -12.957484259263150506 0.000000000000000000 0.101380939509494603 609628.240042816847562790
1.117048767557647704 -10.989673124860274811 0.000000000000000000 0.461545384453673713 1672834.000000000000000000
-0.128882848277616480 -12.555406950547908451 0.000000000000000000 0.457401327928047885 1671245.000000000000000000
2.280318647855663183 -11.780961453485963020 0.000000000000000000 0.266538190568662126 1650220.000000000000000000
2.603611868938201734 -15.475934724378353380 0.000000000000000000 0.394503522955673258 1640961.000000000000000000
11.463906867439343173 -8.536309880435341668 0.000000000000000000 0.203625883581510819 0.000000000000000000
8.872499784851463289 -8.604130175662154656 0.000000000000000000 0.262893319759002764 0.000000000000000000
10.992233589618283673 -6.929300699840022837 0.000000000000000000 0.339072504189635970 944580.232634690823033452
8.393952747419605842 -8.499517410429577424 0.000000000000000000 0.349701181941614592 1800742.000000000000000000
12.124192344187411763 -8.875400146660423317 0.000000000000000000 0.318693675898647777 1344224.399493671022355556
10.013747674826177558 -7.870890349132477759 0.000000000000000000 0.164538532723553760 1797371.000000000000000000
12.857985644278425497 -8.216473007095931536 0.000000000000000000 0.458182532897727701 0.000000000000000000
10.151816908157178077 -6.749801658055700315 0.000000000000000000 0.352082830890258047 1801355.000000000000000000
7.894770399923523918 -8.360714942001441941 0.000000000000000000 0.441209305783701655 1786162.000000000000000000
11.560139496662280578 -8.176893559083454832 0.000000000000000000 0.239251842581523488 0.000000000000000000
9.913419959640730639 -6.697637540537090928 0.000000000000000000 0.367720369266341773 1841795.000000000000000000
10.419863561982474209 -9.604982470040834386 0.000000000000000000 0.150920090473271207 0.000000000000000000
8.968544557865000044 -7.770192849835101612 0.000000000000000000 0.298871814312807182 0.000000000000000000
11.541251144322721700 -9.064952214338223513 0.000000000000000000 0.221084712794371363 1834838.000000000000000000
8.082578135494316030 -7.869064072287385692 0.000000000000000000 0.431124812781528421 0.000000000000000000
12.109312712396574696 2.188668227955128387 0.000000000000000000 0.458044059773863255 604584.000000000000000000
13.849408037741367750 -0.487237374178914662 0.000000000000000000 0.100707451988775010 0.000000000000000000
14.146008900760433491 -2.386716477827967253 0.000000000000000000 0.426907231257900532 0.000000000000000000
14.840365947328768570 0.177470106096266095 0.000000000000000000 0.233633510656018561 602929.000000000000000000
14.285228330772316241 -0.422689537311640218 0.000000000000000000 0.151479632411357062 598698.000000000000000000
15.291983731314203965 0.346504683195706653 0.000000000000000000 0.317793262055341974 600545.000000000000000000
13.686050962827987831 0.889145290938823885 0.000000000000000000 0.156199119692063959 599864.000000000000000000
16.019902825716815897 -0.628507591010253996 0.000000000000000000 0.454933766974049025 600213.000000000000000000
14.384021669862868009 2.465795588941946281 0.000000000000000000 0.452217144694827156 0.000000000000000000
13.783509125886823199 0.026580661135473298 0.000000000000000000 0.043460185700599424 0.000000000000000000
16.147392674496177989 0.276212767569882944 0.000000000000000000 0.467005744166017200 601140.000000000000000000
12.638610666637228874 2.425208002912626171 0.000000000000000000 0.450718435247877858 606078.000000000000000000
11.916074792027504969 0.022746579439724707 0.000000000000000000 0.289687670428148525 0.000000000000000000
12.591425031860790540 -2.312156609136425178 0.000000000000000000 0.435677200501514261 597951.000000000000000000
15.701593317867599708 0.790660047298776592 0.000000000000000000 0.408547680276191372 597229.000000000000000000
