-2.291650500440860938 2.561524318680397982 0.000000000000000000 0.236690236644418295 844553.000000000000000000
-3.411647869697683966 5.205057685340394258 0.000000000000000000 0.311507965788417940 0.000000000000000000
-3.636723656680152406 2.808963132247821459 0.000000000000000000 0.312077135466037825 838828.000000000000000000
-2.542589830891526237 1.503576637294789631 0.000000000000000000 0.427966297014556796 0.000000000000000000
-1.207036963312074995 5.515084378469495618 0.000000000000000000 0.344789343421482652 0.000000000000000000
-0.053771760094323558 4.811958751058180717 0.000000000000000000 0.425808780059227732 840230.000000000000000000
-4.098814334652384872 2.761947120047855808 0.000000000000000000 0.384585004381378159 0.000000000000000000
-3.201727442043686978 2.808603478497017747 0.000000000000000000 0.255637239785513892 0.000000000000000000
-3.774425081536383786 4.586937523257391014 0.000000000000000000 0.297317568699079771 0.000000000000000000
-4.325674885867520914 4.869421532693421817 0.000000000000000000 0.407569195651614757 0.000000000000000000
-3.210208848739170229 2.613135921033846731 0.000000000000000000 0.283672962757500202 844519.000000000000000000
-2.187844789032638904 1.975181481021028418 0.000000000000000000 0.341266531476847323 839746.000000000000000000
-2.636445034114550001 3.441884595378672973 0.000000000000000000 0.104483390821442007 0.000000000000000000
-1.876731724476218943 2.952705389921316037 0.000000000000000000 0.180288111231879433 0.000000000000000000
-3.638239650737634445 3.045987917598887762 0.000000000000000000 0.288217356529211433 843241.000000000000000000
-2.237657139759845926 -2.787034000678581869 0.000000000000000000 0.196494723326324561 685574.000000000000000000
-4.425646238847991576 -3.679404594990252964 0.000000000000000000 0.388092362095762589 0.000000000000000000
-2.150338185179088146 -2.480532232195626019 0.000000000000000000 0.251784905326782160 0.000000000000000000
-3.735312399091521574 -3.995479804064247631 0.000000000000000000 0.263922087778163450 684989.000000000000000000
-2.742084748308965203 -1.931927739363983987 0.000000000000000000 0.359172367084637456 274123.220825440133921802
-2.278390113277869222 -1.440305478954292395 0.000000000000000000 0.436275285204680618 683296.000000000000000000
-2.778455605535486761 -3.182777042858970340 0.000000000000000000 0.156405909545952071 678355.000000000000000000
-1.120544969759827536 -2.317480273156988346 0.000000000000000000 0.345832341050239689 0.000000000000000000
-3.149119287849523996 -4.642254576551263057 0.000000000000000000 0.207697650889487856 680307.000000000000000000
-2.309533348943677122 -2.335962759153343171 0.000000000000000000 0.276930898223702926 0.000000000000000000
-4.652804106877553636 -4.358830926784420079 0.000000000000000000 0.434818278541335812 294070.783291676314547658
-0.835553581534560386 -2.035585695639272164 0.000000000000000000 0.416460244722911155 685250.000000000000000000
-2.319346647683852236 -4.160971472283157446 0.000000000000000000 0.049439292679505170 0.000000000000000000
-2.750665874554813595 -1.552633780483705150 0.000000000000000000 0.425339922352815814 0.000000000000000000
-1.011662587538188829 -3.586577871835769038 0.000000000000000000 0.228657354707396787 0.000000000000000000
3.330958273309391870 1.080671336930856929 0.000000000000000000 0.285293212094657689 254567.227622174948919564
5.273098629820890615 1.025815180650992975 0.000000000000000000 0.226889143841129098 0.000000000000000000
2.282182014683250770 0.173096812069695349 0.000000000000000000 0.398973983500350238 763334.000000000000000000
2.618208125435146361 -0.646765724584146606 0.000000000000000000 0.356949305937572403 132283.981043186708120629
2.437968933682484796 -0.285757740690027628 0.000000000000000000 0.373498771724737832 0.000000000000000000
3.205157490607765336 -0.142731737641179968 0.000000000000000000 0.234682228007665722 549308.781603088718838990
3.404608730005158179 2.178662331498944837 0.000000000000000000 0.434896399400772904 574317.549974738038145006
4.048026120980299680 1.745277351043461600 0.000000000000000000 0.321115480527966235 0.000000000000000000
4.882762980470299219 1.032156899153930496 0.000000000000000000 0.194756602666924850 758225.000000000000000000
2.142292512353792144 0.890220741337729549 0.000000000000000000 0.451398855060924808 764208.000000000000000000
6.249831497015409632 1.259055402727170536 0.000000000000000000 0.381562637825629103 765523.000000000000000000
2.990879680056583112 -2.031365036063246698 0.000000000000000000 0.451870692136282781 762658.000000000000000000
7.135924405920006208 0.217553292250447838 0.000000000000000000 0.468826516001958626 159453.023874995968071744
6.563282757133033662 -0.000508737305186267 0.000000000000000000 0.365197446193363806 765778.000000000000000000
4.925423745099648976 1.321105367796319818 0.000000000000000000 0.245839786300667523 0.000000000000000000
9.292714239490241113 7.653274807847333605 0.000000000422121773 0.268048791424779498 0.000000000000000000
9.749152760602662227 6.606140724863434954 0.000000000464527124 0.390398231540087237 0.000000000000000000
12.986194997257745953 8.760718691155057414 0.000000000265631839 0.471542653757443753 0.000000000000000000
8.153434266261514907 8.684499028128024989 0.000000000883367008 0.389983034085895297 0.000000000000000000
11.179266922033527010 9.282436876134919856 0.000000000286352942 0.176370055526121478 0.000000000000000000
11.234988523723773213 7.458795664341630882 0.000000000894061854 0.276346022848540207 843637.000000000000000000
10.297146811651522569 9.813240444479555791 0.000000000023266203 0.186966766211585228 841524.000000000000000000
10.021676416204963189 9.598991814105206188 0.000000000526005447 0.159756281606955264 0.000000000000000000
10.148314061220354176 6.607489611822506603 0.000000000515610818 0.376991749296575529 838917.000000000000000000
8.938126605393510005 8.219457406176507774 0.000000000665961742 0.266672206165559533 0.000000000000000000
9.794783988492838489 8.351123774740758066 0.000000000010105662 0.119651439520199271 0.000000000000000000
8.241898820685259253 8.135582350520930817 0.000000000665804472 0.389255458372062713 841962.000000000000000000
9.563264630055105187 10.075809165796774991 0.000000000865421546 0.271177211985749900 844462.000000000000000000
10.462500036418846960 6.918665387406870870 0.000000000178203418 0.321434757500970503 0.000000000000000000
9.041014442506707383 9.047421620876999526 0.000000000772929550 0.237539719125482218 843148.000000000000000000
4.535599790944886855 13.846397978550202268 0.000000000000000000 0.405179320007659383 0.000000000000000000
2.144225746408895628 14.325390133521867853 0.000000000000000000 0.189808811005317019 329137.175820287142414600
3.705173115984096821 11.191328198412652029 0.000000000000000000 0.444311989694243292 922365.000000000000000000
1.670100378195380486 12.778029004878870722 0.000000000000000000 0.148005872249542120 923768.000000000000000000
2.668919267919757754 15.688649602742509970 0.000000000000000000 0.433550263460523222 0.000000000000000000
1.370591636830536197 11.902182102448865209 0.000000000000000000 0.299082471469261590 920674.000000000000000000
1.711156061097048431 11.802129164073571488 0.000000000000000000 0.285160172741721341 436430.589313037111423910
2.558538631601456004 10.946452738366813762 0.000000000000000000 0.416829665296338137 922853.000000000000000000
3.790374621965522550 11.068139369894325341 0.000000000000000000 0.470953190254114307 920563.000000000000000000
4.073604674090164579 15.236451283564875325 0.000000000000000000 0.466538347577223067 0.000000000000000000
3.606588705446168941 14.751107577518475011 0.000000000000000000 0.346798569321658257 0.000000000000000000
2.786814630163287898 15.114872103466696629 0.000000000000000000 0.337058221581054973 910755.802504417835734785
3.005709706601150444 14.068860133234844412 0.000000000000000000 0.184949684687978150 924736.000000000000000000
2.589531149500319707 12.586972204155024713 0.000000000000000000 0.130969940553150255 0.000000000000000000
0.163771466182512204 14.349550417974574756 0.000000000000000000 0.431472192602676441 920767.000000000000000000
-7.846870817923582209 12.564348316582629295 0.000000000642044582 0.248618558717392663 1750901.000000000000000000
-7.799634025421434913 11.352276721230850853 0.000000000248480659 0.200945856212032814 0.000000000000000000
-8.101822701884261235 12.469527804377243285 0.000000000818563989 0.277823082165285118 1755149.000000000000000000
-7.085754483499285605 14.119465312003720570 0.000000000318187788 0.429415505100293748 1477474.167736171511933208
-4.933857572320541784 11.459988227931598104 0.000000000562830408 0.323811736729979593 1210785.372289042454212904
-7.591962021466029498 9.664703767336952467 0.000000000141000465 0.394189596991480207 0.000000000000000000
-7.045542871816148356 11.469669711644570498 0.000000000429267552 0.071106344281807995 0.000000000000000000
-6.539503269739284086 9.305656119135118587 0.000000000426577085 0.428544434484775805 458528.505341741431038827
-7.244690808187844056 9.337575274278053783 0.000000000911426183 0.430985351405429096 1759110.000000000000000000
-8.140516015098159031 13.466429622313837555 0.000000000346519982 0.397976740167455045 0.000000000000000000
-4.672051158470394761 13.227177438527490949 0.000000000715658753 0.454297743843009250 1755856.000000000000000000
-7.469102448197371125 9.938576062500970920 0.000000000758091003 0.341105863572577273 1706271.000000000000000000
-4.602638684489590126 13.127197207392899969 0.000000000535678229 0.454378851460686239 0.000000000000000000
-6.950068097122337640 9.776039695708478305 0.000000000514147389 0.345941334911216147 1719646.000000000000000000
-8.202831511249462082 12.674082086204261799 0.000000000537433454 0.311756516573401754 0.000000000000000000
-14.900847805573846472 5.250237719719011764 0.000000000000000000 0.402322287602009387 0.000000000000000000
-14.306684439678816645 3.330078662211958918 0.000000000000000000 0.367850074388707482 0.000000000000000000
-11.856091837831495894 4.186075514529052022 0.000000000000000000 0.175203886368810124 1046735.000000000000000000
-12.818517690646359597 5.632971102231975280 0.000000000000000000 0.166974508897903356 0.000000000000000000
-10.320055307809177236 4.963964968785057330 0.000000000000000000 0.429430292479888231 1102889.000000000000000000
-13.386315415951798968 4.509913440995454437 0.000000000000000000 0.123532541871573337 0.000000000000000000
-14.496195354394108890 4.454100394417576325 0.000000000000000000 0.320216645747834372 1045213.000000000000000000
-12.095512999390811260 2.450238730395558839 0.000000000000000000 0.403234780514640734 1106726.000000000000000000
-11.663285429851773856 6.329357964890899524 0.000000000000000000 0.343116647212207138 0.000000000000000000
-11.424985406799496701 6.643254825533470687 0.000000000000000000 0.412274915330472835 0.000000000000000000
-12.911415837858132960 4.448970859579431725 0.000000000000000000 0.053322646793071429 0.000000000000000000
-13.568327430317660642 5.804383871301006081 0.000000000000000000 0.247847699093294571 0.000000000000000000
-14.732653044569257617 6.446420692544207576 0.000000000000000000 0.472514020899905296 0.000000000000000000
-12.231467624851040554 4.512218181019890473 0.000000000000000000 0.090606937833529813 0.000000000000000000
-12.860137231126987700 4.929032483005994614 0.000000000000000000 0.050813350987824177 1046208.000000000000000000
-15.078981351160802404 -5.387006644741676453 0.000000000000000000 0.439162785256182575 0.000000000000000000
-12.186885238581776747 -4.226344759531586170 0.000000000000000000 0.122458665174384612 758172.000000000000000000
-13.333118832177405011 -4.799955219730403400 0.000000000000000000 0.112516186607451801 764641.000000000000000000
-13.028866119471418372 -4.493020624311690803 0.000000000000000000 0.064875559506613334 50714.699376868091349024
-10.505231329002560514 -3.580608536898305161 0.000000000000000000 0.437727959624643725 0.000000000000000000
-10.230199524716224957 -4.499461187203421808 0.000000000000000000 0.443646940751140861 757957.000000000000000000
-13.950717181495015495 -6.362541646587422939 0.000000000000000000 0.366015517845208027 0.000000000000000000
-10.967738293415820294 -4.241836490978636576 0.000000000000000000 0.320297868650550155 761959.000000000000000000
-10.945838169890926395 -3.702902631417132273 0.000000000000000000 0.358049526266392526 757897.000000000000000000
-14.380947073774693834 -2.536023915339369772 0.000000000000000000 0.475617135044934025 764737.000000000000000000
-15.038927372709869346 -5.222609194077978856 0.000000000000000000 0.425127891954631854 0.000000000000000000
-10.896784297685162102 -4.896394512549687938 0.000000000000000000 0.325971014925676095 0.000000000000000000
-10.893984779314433098 -5.007860331696624812 0.000000000000000000 0.329296495769807074 0.000000000000000000
-11.512347873647547303 -5.613453103832068969 0.000000000000000000 0.268985079620649270 758076.000000000000000000
-10.953467278816420460 -5.192063475551362828 0.000000000000000000 0.326184672376029050 758340.000000000000000000
-5.068452320504676756 -12.736499590604564602 0.000000000201603714 0.347139129044594430 0.000000000000000000
-8.507482745585450701 -12.400639503174456735 0.000000000699910119 0.338536500200335655 0.000000000000000000
-6.615004479023602890 -13.559398097809161499 0.000000000666843345 0.326523827658042554 0.000000000000000000
-7.798302260206018133 -13.057672076904866643 0.000000000391999336 0.303540033086750927 0.000000000000000000
-7.898816265897544042 -12.795804793560391133 0.000000000112934407 0.281921505337874967 0.000000000000000000
-8.181153047788356503 -12.955352984472702005 0.000000000000488648 0.338285641379646673 0.000000000000000000
-4.402651199107154412 -10.843544995702320222 0.000000000607703232 0.443265203188528301 0.000000000000000000
-4.848313590053987099 -10.236429846957561196 0.000000000092513269 0.426394491404757325 0.000000000000000000
-4.938384630406856601 -11.748713915614576564 0.000000000684222264 0.319786173339327517 0.000000000000000000
-4.423136471738099651 -12.808815669724376463 0.000000000722912955 0.454708692507363066 0.000000000000000000
-4.468293436478163017 -11.395740668216157943 0.000000000386888158 0.407554497383165959 0.000000000000000000
-8.927113677398168079 -11.240112423228469041 0.000000000442764274 0.400177758754811430 0.000000000000000000
-7.896854922679258593 -10.881937987306701032 0.000000000462517005 0.254859164845796071 0.000000000000000000
-5.287025601461500024 -9.596941067378240930 0.000000000645289945 0.455802770927782819 0.000000000000000000
-5.883525238071613650 -11.149174057344124478 0.000000000498023115 0.181846981424052756 0.000000000000000000
3.041910910988958161 -14.168100390209321660 0.000000000000000000 0.202698308846991193 0.000000000000000000
2.566056191121143470 -13.970894885082266512 0.000000000000000000 0.130325960343283836 1614065.000000000000000000
3.813071134627502357 -15.473629621834820824 0.000000000000000000 0.471467332082370461 1262267.745637631975114346
3.221330876403151411 -14.107734835865953116 0.000000000000000000 0.216507116018999940 0.000000000000000000
1.828053873196342050 -12.003122694234470202 0.000000000000000000 0.244124983060946044 1663271.000000000000000000
0.738306953201618765 -15.112721665369022617 0.000000000000000000 0.433452140978189460 1607901.000000000000000000
1.170274299969600751 -13.890966286279015307 0.000000000000000000 0.234555047873046263 0.000000000000000000
1.707292757025349328 -10.920832009196580259 0.000000000000000000 0.434214478166317308 0.000000000000000000
2.139038179499725967 -13.124487771054477392 0.000000000000000000 0.044122205158594455 1553039.613530764356255531
2.525479151965314362 -14.186875534981160385 0.000000000000000000 0.165611651059232867 1632521.000000000000000000
1.135534330650159296 -12.865104858728024340 0.000000000000000000 0.225891656552544479 0.000000000000000000
4.208498282718992733 -13.421639365088138263 0.000000000000000000 0.335008664966916003 0.000000000000000000
2.612146458034979801 -12.834309175484412080 0.000000000000000000 0.093044398739209819 1673030.000000000000000000
0.895941918148611349 -14.727947837229969252 0.000000000000000000 0.364076768373439219 0.000000000000000000
3.535449666483645004 -14.916910761759329063 0.000000000000000000 0.361998248554976809 537952.004929753136821091
8.562662293775051836 -6.930123468843952139 0.000000000000000000 0.450049247971443578 1789171.000000000000000000
10.389859788219213854 -10.827528103162029183 0.000000000000000000 0.364708546157284930 0.000000000000000000
10.411984726001911383 -6.209391328240976726 0.000000000000000000 0.445238804388533138 1831376.000000000000000000
11.641578263389181558 -8.483010267040388186 0.000000000000000000 0.236484732996585956 1799065.000000000000000000
8.459972549553365084 -9.627831979836257048 0.000000000000000000 0.369170832350162570 0.000000000000000000
11.167237526207221876 -7.277004470314309081 0.000000000000000000 0.296748287485634032 0.000000000000000000
12.185559412271091517 -10.103491930880167615 0.000000000000000000 0.405311178588104115 1821163.000000000000000000
10.897442499710644270 -7.866456924764995584 0.000000000000000000 0.183583477181320814 1434208.939351707464084029
10.598481808788351444 -10.580956272431947696 0.000000000000000000 0.324540762687995699 0.000000000000000000
7.980227078030933008 -8.809150567330384263 0.000000000000000000 0.420825882876433188 1782797.000000000000000000
12.035167639781802151 -10.273392508845329729 0.000000000000000000 0.402938091078408445 0.000000000000000000
9.868148544158014346 -10.125302502275728145 0.000000000000000000 0.255938410967560259 1778488.000000000000000000
10.053437582790744287 -8.693801733959174882 0.000000000000000000 0.052061347168275221 0.000000000000000000
10.238288966532980595 -6.554324242366732278 0.000000000000000000 0.385132117962937004 1836839.000000000000000000
10.151190620227684036 -9.770627200965746439 0.000000000000000000 0.182524283491758171 1809554.000000000000000000
12.075404328735515946 1.449630259443709379 0.000000000000000000 0.362953512331991190 3697.368650749263451871
11.384147247125095959 0.311673200847279508 0.000000000000000000 0.388269849656761701 0.000000000000000000
15.059038445083499980 -0.432741269240732529 0.000000000000000000 0.280724383844681458 0.000000000000000000
15.304707827802412012 1.644841812998997010 0.000000000000000000 0.423614927149522147 602230.000000000000000000
13.387128287106806468 1.306213564734597377 0.000000000000000000 0.228099746022309091 603765.000000000000000000
14.177677063670717672 -1.253201416888822362 0.000000000000000000 0.244781890121637369 0.000000000000000000
11.500588638883677106 -0.989483857182644644 0.000000000000000000 0.402395777057115489 0.000000000000000000
15.365701467400944225 -1.128103126943817314 0.000000000000000000 0.379076865504982041 597338.000000000000000000
12.470036861655158233 -0.798369841023449434 0.000000000000000000 0.235960141612729407 0.000000000000000000
15.459433548469215580 -1.891777704239341995 0.000000000000000000 0.472747320519822878 0.000000000000000000
13.572628036096229920 -2.746810661960715994 0.000000000000000000 0.475987849856830347 0.000000000000000000
13.462080796955961048 -2.726260000618367485 0.000000000000000000 0.472713175969922572 210925.361098547320580110
12.654694180470542619 -1.327168903803613853 0.000000000000000000 0.279384890121611329 0.000000000000000000
12.038229085900431059 1.992050724369562653 0.000000000000000000 0.437768910852384729 367678.848735439009033144
12.300166055931107678 -0.877768394062830581 0.000000000000000000 0.268672357197192957 0.000000000000000000
