-3.254410649232739594 4.673382253168264278 0.000000000000000000 0.225748366527537242 0.000000000000000000
-3.527006619779631258 2.289419847902459004 0.000000000000000000 0.363744969718535371 839473.000000000000000000
0.158603281808876256 4.354833151447206063 0.000000000000000000 0.438593364329440405 843713.000000000000000000
-1.739218203582156397 5.402770087648767650 0.000000000000000000 0.284849541941028128 0.000000000000000000
-2.405556624776461927 3.092369777096397154 0.000000000000000000 0.144482713077788899 0.000000000000000000
-0.402881621340823892 2.723649707150249011 0.000000000000000000 0.390543887299080239 844343.000000000000000000
-1.449643154585836369 1.910239404568939037 0.000000000000000000 0.380977896679663586 846123.000000000000000000
-4.032658115727613790 3.149336760914104527 0.000000000000000000 0.342621088708836063 0.000000000000000000
-2.171727785293207091 3.840341672470191092 0.000000000000000000 0.017788408606484632 0.000000000000000000
0.410066873095383422 3.937806438819774879 0.000000000000000000 0.475591224099646714 0.000000000000000000
-0.687459304388561177 3.038529018466512355 0.000000000000000000 0.318417066478224042 843430.000000000000000000
-3.855440477458830451 5.476819640404383627 0.000000000000000000 0.400937946339661455 785664.026900016353465617
-0.257916624800107575 5.335603740251367633 0.000000000000000000 0.439764729409310939 838597.000000000000000000
-1.013491943895895586 4.855040784130289389 0.000000000000000000 0.280637812669717490 844881.000000000000000000
-3.862716987738570307 3.065602334099700510 0.000000000000000000 0.321412556538868799 841211.000000000000000000
-1.010229995698211258 -2.508250084002687341 0.000000000000000000 0.331777234951436850 685520.000000000000000000
-2.972959996288680351 -3.328233894530988835 0.000000000000000000 0.161981015205004214 0.000000000000000000
-0.154446565247314038 -4.972505515289173950 0.000000000000000000 0.421605133347341843 686497.000000000000000000
-0.430282572871083846 -5.098945445510191909 0.000000000000000000 0.390515230639048749 0.000000000000000000
0.020858464545285310 -3.006113043185745237 0.000000000000000000 0.435635099225077205 679639.000000000000000000
-3.937294644924834053 -4.193125516720495050 0.000000000000000000 0.304068413759442990 0.000000000000000000
-0.204298360480630131 -3.775408163105502535 0.000000000000000000 0.366616919911606887 684130.000000000000000000
-0.308730060778009963 -4.986169435490138468 0.000000000000000000 0.398542013639147097 680565.000000000000000000
-1.920232705885654756 -4.741496125688282604 0.000000000000000000 0.163154266699689771 0.000000000000000000
-2.374381858011568980 -5.564136879728383001 0.000000000000000000 0.298810764932424200 684838.000000000000000000
-1.722898823786904288 -3.789610889215516920 0.000000000000000000 0.097076967317606899 0.000000000000000000
-1.065032355767720817 -3.146724771135461118 0.000000000000000000 0.250527400683493606 0.000000000000000000
-3.241616275008526227 -2.438349644597145538 0.000000000000000000 0.312271226688482451 686497.000000000000000000
-3.942916061622614432 -5.452247310055223117 0.000000000000000000 0.409159388172956939 683911.000000000000000000
-2.548239292314453230 -5.345725289190716545 0.000000000000000000 0.264288667331384508 677389.000000000000000000
5.184633731770072806 -1.267906107852644570 0.000000000000000000 0.254908762473374295 760981.000000000000000000
4.216531341055749671 -2.144178838736271686 0.000000000000000000 0.384701885006750399 0.000000000000000000
5.134010464795066397 0.991018471431436621 0.000000000000000000 0.207800166128192548 758522.000000000000000000
2.854482907522871038 -1.498687570539481984 0.000000000000000000 0.398159749638613891 765420.000000000000000000
4.552210048718826840 -0.097864500776313257 0.000000000000000000 0.018662095652422633 0.000000000000000000
3.178101561995527291 2.285754949567200711 0.000000000000000000 0.471037148707240227 760443.000000000000000000
5.092657194391938980 2.092604928557072252 0.000000000000000000 0.385669065264247379 765362.000000000000000000
3.990241037979556094 0.411544433511273955 0.000000000000000000 0.118622385187726595 0.000000000000000000
3.519623124438457928 -0.647138944163401453 0.000000000000000000 0.211326052353245392 761061.000000000000000000
4.316811743669434875 1.372890807684678194 0.000000000000000000 0.246484453618120630 766351.000000000000000000
5.410206222112860175 -2.195870454707823161 0.000000000000000000 0.421309403025385443 766170.000000000000000000
3.304088481731824345 0.138812915023489525 0.000000000000000000 0.217082163258824179 0.000000000000000000
3.928986182126736892 0.430509983950697950 0.000000000000000000 0.129361678628517968 760468.000000000000000000
5.043462313711942535 -2.465783462065713305 0.000000000000000000 0.447956607431903908 648032.814908941858448088
4.496714877323610082 1.270323275016769005 0.000000000000000000 0.225730347961876021 766275.000000000000000000
11.245846594325765722 6.825517233147108342 0.000000000883512065 0.373266161503120197 846709.000000000000000000
7.869145403356047730 8.118387688925963630 0.000000000347443501 0.454198425552132523 846682.000000000000000000
10.106709981720062075 9.948237200741420594 0.000000000686112499 0.214629135619525402 837513.000000000000000000
9.828433534784991821 8.037515695598823839 0.000000000867826323 0.154530374368789469 846230.000000000000000000
11.948268378210173069 10.494957512036572567 0.000000000508319579 0.418847691089467011 0.000000000000000000
10.314439844078490793 10.223607968938956958 0.000000000600978888 0.258800262491409139 844836.000000000000000000
8.669566316593556365 10.515521271537490833 0.000000000117788619 0.430383650327360534 838300.000000000000000000
8.077247258225604298 9.883529583605923818 0.000000000205091767 0.450144196835318755 0.000000000000000000
8.377612620502162599 8.031200610997032641 0.000000000173333721 0.371883472682252691 838745.000000000000000000
11.118187418531494615 9.458901842061253618 0.000000000055433741 0.186310902758294650 844521.000000000000000000
11.225484455198767364 9.140988282544787680 0.000000000593723356 0.172087043482279212 843267.000000000000000000
10.882125050953174394 9.673593170006572706 0.000000000112642297 0.188718120774285292 838151.000000000000000000
8.809294489711202658 7.434761357901059853 0.000000000814131589 0.357432848239802758 0.000000000000000000
10.504267173840416305 10.051271932942519527 0.000000000103080138 0.230325806994614607 0.000000000000000000
10.706710773620381261 7.422799170078678621 0.000000000071551843 0.241228048844611770 0.000000000000000000
3.112816948825091412 14.283943871801463743 0.000000000000000000 0.226720532169447903 0.000000000000000000
3.059533964765439595 15.111330412342276475 0.000000000000000000 0.351243364201348163 921127.000000000000000000
4.293682133379703281 13.832611008239050321 0.000000000000000000 0.362928819929173641 924958.000000000000000000
0.482023566553227756 12.464452432620417355 0.000000000000000000 0.360444028109162484 0.000000000000000000
0.956016693234280845 15.025243754982396283 0.000000000000000000 0.396685856630395184 0.000000000000000000
0.790367868621802194 14.654428497131924303 0.000000000000000000 0.368719815950340923 920230.000000000000000000
4.812488292896517805 13.325767621853527700 0.000000000000000000 0.441728258154121256 0.000000000000000000
2.253912690105849936 11.063398524882321894 0.000000000000000000 0.394395417509411483 925097.000000000000000000
4.114930436835069649 12.797989704975352154 0.000000000000000000 0.328573132131139756 0.000000000000000000
4.646096143825512392 14.538359553203797248 0.000000000000000000 0.469136573281177083 924471.000000000000000000
1.290838861466651277 11.598312720288253885 0.000000000000000000 0.352093208713589345 922320.000000000000000000
0.657932108152776141 11.708236299114311407 0.000000000000000000 0.409067656414374980 924477.000000000000000000
3.800665914001884804 12.203695878973142896 0.000000000000000000 0.323663953060842946 919758.000000000000000000
1.047579413698197515 14.674381177677672028 0.000000000000000000 0.338499273060094696 922750.000000000000000000
3.906543616477182734 13.803788159307869066 0.000000000000000000 0.295484656739742335 0.000000000000000000
-6.890876855197078932 11.936741391682922142 0.000000000793436113 0.047831748568111669 1748904.000000000000000000
-5.926216873994246903 12.346230581450623021 0.000000000026235017 0.181677241233297787 0.000000000000000000
-7.415335078872939079 11.550235656590377431 0.000000000403924661 0.125316790053426830 1677416.000000000000000000
-8.096197820436154657 10.161759800422013100 0.000000000123507961 0.367138165668530247 0.000000000000000000
-7.097913663837535303 12.709032672642193162 0.000000000185480026 0.186957394002827765 1710627.000000000000000000
-5.000105219266737677 10.697907696985373249 0.000000000548135402 0.357861958439516403 0.000000000000000000
-6.669510313452195582 10.711826622376145579 0.000000000647368293 0.178575244019363810 0.000000000000000000
-5.698238081774323227 12.068264285178884165 0.000000000498635273 0.194453403234368882 0.000000000000000000
-6.515898374256541281 12.609315235162680935 0.000000000838207257 0.162343371511872364 0.000000000000000000
-8.763708035790955364 13.038068848772814690 0.000000000859144010 0.430525266974556231 0.000000000000000000
-5.537422438563403659 13.070734567374637791 0.000000000790637834 0.320571288164666623 0.000000000000000000
-7.436256361452043606 11.819434253247862898 0.000000000564221585 0.126714757059827376 0.000000000000000000
-8.298901739411704170 12.897158202920982362 0.000000000339853479 0.348300607531566109 1762071.000000000000000000
-5.892381659524243531 9.396529173822194991 0.000000000629050417 0.437729551431428221 0.000000000000000000
-7.277220509225893252 13.834529671963039732 0.000000000715960580 0.386679880861582059 1712923.000000000000000000
-10.678636245147471229 6.087061139928761300 0.000000000000000000 0.438079048428192952 0.000000000000000000
-12.326792915970923303 2.514877612905707771 0.000000000000000000 0.382748204072697440 1038513.000000000000000000
-11.350617968239784972 2.860004467043455900 0.000000000000000000 0.399349643217871364 1074479.000000000000000000
-15.040974051681899937 3.891371890486233109 0.000000000000000000 0.436726703533717842 1093314.000000000000000000
-14.312196020420033804 3.393672108136301713 0.000000000000000000 0.361720740245914385 1093616.000000000000000000
-13.039113677024241511 7.387520243763257888 0.000000000000000000 0.474261750159876316 1099298.000000000000000000
-14.186221870262111011 6.347599990525503166 0.000000000000000000 0.390715524155514304 0.000000000000000000
-11.928733415728299150 7.240059978767408033 0.000000000000000000 0.467420260099117357 712224.784020476276054978
-11.952471416743142285 4.773655436384797390 0.000000000000000000 0.136591339742879153 1083275.000000000000000000
-10.885423532550928982 5.933922769277660159 0.000000000000000000 0.392540637278244398 0.000000000000000000
-12.353436424405902727 3.885998193097902842 0.000000000000000000 0.152095172083063140 1087252.000000000000000000
-11.014753827333308323 6.389675512427680282 0.000000000000000000 0.425094777660830925 0.000000000000000000
-12.972347392544046230 3.746838165356335626 0.000000000000000000 0.168406838009362431 1033005.000000000000000000
-12.927106687840270283 2.322350988827792673 0.000000000000000000 0.411293395355009805 0.000000000000000000
-11.260708034331512906 2.631225883247742203 0.000000000000000000 0.440944277333706225 1097113.000000000000000000
-13.128494346743551091 -6.346177587430869238 0.000000000000000000 0.299029823508470294 760125.000000000000000000
-11.780707045416024314 -3.611281434820738490 0.000000000000000000 0.249378217237886585 556609.833180013694800436
-12.930199213495995991 -5.506822521259413072 0.000000000000000000 0.149062804622225542 762950.000000000000000000
-12.164803229495799286 -5.350948507455167480 0.000000000000000000 0.152475408791375278 764922.000000000000000000
-12.043156648478813509 -3.842166751332043884 0.000000000000000000 0.188335988876199817 0.000000000000000000
-13.772279569257136700 -6.261066601597454984 0.000000000000000000 0.333216356686741932 0.000000000000000000
-10.905788377911788345 -6.668194721429610894 0.000000000000000000 0.473534688704268847 0.000000000000000000
-12.738446855055254758 -4.020380792582456841 0.000000000000000000 0.114543661909417657 760574.000000000000000000
-13.858957903701135450 -6.486119324981157952 0.000000000000000000 0.374211420887307966 756905.000000000000000000
-10.469353027532607214 -3.996326647784851804 0.000000000000000000 0.417286006157366940 0.000000000000000000
-11.709992188725166784 -7.170078313842650708 0.000000000000000000 0.469397226230091724 763997.000000000000000000
-11.162821372540827625 -4.583481789831181707 0.000000000000000000 0.276831793250138958 0.000000000000000000
-11.128487335534543945 -4.593001121269895570 0.000000000000000000 0.282848057026140798 0.000000000000000000
-14.112402745801743364 -3.643894022998904525 0.000000000000000000 0.307252084821310667 0.000000000000000000
-14.363608046736647594 -4.700295359680661811 0.000000000000000000 0.294236920295269211 760228.000000000000000000
-5.173710816325543860 -10.898832165711459297 0.000000000063963119 0.313514158823226086 0.000000000000000000
-7.287457959985034428 -12.346021825205621525 0.000000000751827814 0.148679850245439837 0.000000000000000000
-8.773187821337582903 -12.355701421011577423 0.000000000203678610 0.380726615183732242 0.000000000000000000
-5.739896671310090071 -10.398768961836365676 0.000000000349388580 0.293213390653815908 0.000000000000000000
-7.430994370588347664 -12.790593638735193949 0.000000000760698767 0.226830906496402085 0.000000000000000000
-5.396396654956650885 -12.598159496048264572 0.000000000684265387 0.284597744379253614 0.000000000000000000
-6.408859938192380312 -12.611034006149143494 0.000000000317852516 0.168205264001324573 0.000000000000000000
-5.418316499755455595 -9.575897667109353861 0.000000000108096354 0.446135013871592490 0.000000000000000000
-5.096767339382789253 -10.084139329750280822 0.000000000567285462 0.411004492719270920 0.000000000000000000
-7.151119287884871945 -12.294244182001294874 0.000000000274482845 0.126260842271630536 0.000000000000000000
-6.993395022106073888 -11.773579540647041597 0.000000000252633634 0.047525121845649033 0.000000000000000000
-7.505072213818229088 -10.111310165230122493 0.000000000190100645 0.315865313264687753 0.000000000000000000
-6.258403851542384544 -9.200636171437579947 0.000000000870303705 0.453805376515957926 0.000000000000000000
-5.565322980875280656 -14.084176284162730042 0.000000000329674943 0.467915708059084390 0.000000000000000000
-8.044662158512846162 -11.382466431342150415 0.000000000090123932 0.241320709038609804 0.000000000000000000
3.289918488548540854 -13.362786550192709001 0.000000000000000000 0.170997985431548039 1642641.000000000000000000
1.125304414702746891 -11.074888808349856006 0.000000000000000000 0.447496107809042032 1140695.232646932126954198
3.369735585457027227 -11.963737414082206811 0.000000000000000000 0.297778890465229984 0.000000000000000000
2.838262141298233843 -11.650521210160347252 0.000000000000000000 0.303138312990140213 0.000000000000000000
1.902528930114730787 -11.764050434758802410 0.000000000000000000 0.280185076734570493 0.000000000000000000
2.053427839744236483 -12.682820250955407104 0.000000000000000000 0.117024021022506600 1642609.000000000000000000
0.769817542646172859 -12.829261165006860423 0.000000000000000000 0.290006204093939846 1618895.000000000000000000
3.714283134163637534 -13.964470307795419757 0.000000000000000000 0.274714296223658172 473450.907130273990333080
2.711518746398183133 -12.728388369318592410 0.000000000000000000 0.118538087032413614 1691973.000000000000000000
3.243133246506629597 -11.571986422178385467 0.000000000000000000 0.343973376451931767 0.000000000000000000
3.057581281058162848 -12.353699024836526377 0.000000000000000000 0.208848177063815837 0.000000000000000000
2.190781054762900748 -11.729528445716232099 0.000000000000000000 0.276716635139806377 0.000000000000000000
3.571922632982990731 -13.489418313889908418 0.000000000000000000 0.223794725862325600 0.000000000000000000
1.078951394824514187 -12.451578353023865731 0.000000000000000000 0.267706904141167601 0.000000000000000000
1.301552979380463215 -13.920204688000890059 0.000000000000000000 0.216844808461767846 1657375.000000000000000000
10.004360647641991733 -8.472517124121811349 0.000000000000000000 0.076992471401896828 291105.797554467688314617
10.666464404422455914 -7.268290295363843079 0.000000000000000000 0.265751104049713638 1795438.000000000000000000
7.752012095315758522 -8.184292505232695802 0.000000000000000000 0.471897265015498724 0.000000000000000000
9.228749293210515958 -11.093805817193214125 0.000000000000000000 0.457181502822041286 0.000000000000000000
9.462449683738848094 -7.420572563504051367 0.000000000000000000 0.280752106594345130 0.000000000000000000
7.993514499234051662 -7.689357300209674229 0.000000000000000000 0.457903591823797473 0.000000000000000000
12.228814184491705319 -10.022936045696821949 0.000000000000000000 0.403640286299569051 0.000000000000000000
8.393381963460482709 -7.164161124077691234 0.000000000000000000 0.444980336215206662 1848104.000000000000000000
9.653886561373829167 -9.901015059405938956 0.000000000000000000 0.236530992504872750 1218088.183687725104391575
10.815159486401064726 -10.347694587321759840 0.000000000000000000 0.292774711420542788 1838156.000000000000000000
9.458685114618502254 -9.862068773418545931 0.000000000000000000 0.250950683492416782 1766825.000000000000000000
8.343802384257310578 -8.466653924772304052 0.000000000000000000 0.359320413022321761 0.000000000000000000
10.824103698692242759 -9.577135878950310044 0.000000000000000000 0.168919517200407071 1784442.000000000000000000
11.227133048877496080 -7.720312206419126966 0.000000000000000000 0.239477554610353999 0.000000000000000000
9.825792170970700568 -9.221019210039086644 0.000000000000000000 0.123740805764497835 1815220.000000000000000000
12.275846852366234074 -0.468502256124306349 0.000000000000000000 0.239774571920538332 598757.000000000000000000
14.997758564271565618 -1.758583183132047756 0.000000000000000000 0.399635933064273807 603995.000000000000000000
11.624988065026000683 0.357299195765444777 0.000000000000000000 0.347149402392616158 0.000000000000000000
12.869571923087340437 -0.947049046829386398 0.000000000000000000 0.203323880397274226 205079.626717298087896779
15.526940611391070846 1.054836702882155253 0.000000000000000000 0.398033338005538251 0.000000000000000000
15.053501970107609154 -0.070515350292322934 0.000000000000000000 0.269878965680230842 0.000000000000000000
13.836092253499163718 -0.274482446525735335 0.000000000000000000 0.070892100659115304 0.000000000000000000
12.660121851147222216 0.086471012578869674 0.000000000000000000 0.157755057786062192 66353.873410900370799936
15.144235330858156985 -1.372492533264056291 0.000000000000000000 0.371270001054653354 597230.000000000000000000
12.878280797271601799 0.406533586428773186 0.000000000000000000 0.137611946086784787 370249.975006364111322910
15.482334820893505878 1.627392986425440169 0.000000000000000000 0.445634831503080309 601576.000000000000000000
12.908098256610076149 -1.383311189613832148 0.000000000000000000 0.265237587205685577 0.000000000000000000
15.573535060933110685 1.269300973999721860 0.000000000000000000 0.423325202615239982 596897.000000000000000000
13.882349545627279852 -2.649169122452893710 0.000000000000000000 0.462754401101665103 119717.572553371690446511
12.798374569543810253 2.440119293643119303 0.000000000000000000 0.443700192265745141 0.000000000000000000
