-1.780258426521858395 2.013152519986637579 0.000000000000000000 0.344997601648055763 843375.000000000000000000
-2.515386560428802376 3.635914898067594603 0.000000000000000000 0.064429176480422318 0.000000000000000000
-3.634512352772887311 4.860158272677634450 0.000000000000000000 0.299951048658740671 842569.000000000000000000
-4.794285634940568031 4.012505320391648311 0.000000000000000000 0.452486825769155998 838289.000000000000000000
-3.293822253349719009 3.192358002656533245 0.000000000000000000 0.222483059500758140 0.000000000000000000
-1.624071517070442505 6.063208226033821369 0.000000000000000000 0.403205901536472067 0.000000000000000000
-3.995322539308880927 4.172232001026003445 0.000000000000000000 0.313634206696144224 722839.345854450133629143
-4.187708041147521598 4.342246429132185170 0.000000000000000000 0.353157577337797290 846485.000000000000000000
-4.494963373887148173 4.464566212224975850 0.000000000000000000 0.411514101194599413 842316.000000000000000000
-1.187867116947879831 4.583986055251044966 0.000000000000000000 0.227303384789585367 0.000000000000000000
-3.063849730608854127 3.040738256795744388 0.000000000000000000 0.208536455682390737 0.000000000000000000
-0.371930080716488587 2.730576845486430315 0.000000000000000000 0.394577231619185564 0.000000000000000000
-0.590739947533274079 2.340966198093712869 0.000000000000000000 0.405569392068666046 844867.000000000000000000
-3.125690249592199876 2.031439172167761154 0.000000000000000000 0.365230563874926029 840485.000000000000000000
-3.305232864410091675 5.355916537774147557 0.000000000000000000 0.320774650804098616 0.000000000000000000
-3.827322721014316809 -3.505126869816502122 0.000000000000000000 0.287926636217014587 0.000000000000000000
-1.453322127758345239 -5.632230271397830279 0.000000000000000000 0.341855027763881658 0.000000000000000000
-3.520355557542746539 -5.446997424487138417 0.000000000000000000 0.356903370602066339 0.000000000000000000
-0.271132602636307452 -2.738481866153165800 0.000000000000000000 0.409280916625099467 0.000000000000000000
-4.479910776471413669 -3.859510373822470086 0.000000000000000000 0.395983888680325802 0.000000000000000000
-3.551929240932907739 -5.651442477902966388 0.000000000000000000 0.389136784151460413 683867.000000000000000000
-4.642672023367552470 -3.120503776162419474 0.000000000000000000 0.446455160219338898 684285.000000000000000000
-2.951659309148103372 -2.930553200310212159 0.000000000000000000 0.210869415475585936 551946.594909998937509954
-0.397773503420758678 -2.841226104855488543 0.000000000000000000 0.380605088414503578 0.000000000000000000
-2.975131533162201247 -3.178788840636229907 0.000000000000000000 0.179912663649636317 683762.000000000000000000
-1.367665038466303828 -4.755796989638660932 0.000000000000000000 0.221287875405254297 0.000000000000000000
-2.588613911165003056 -3.626098725914685073 0.000000000000000000 0.075359848183700007 684044.000000000000000000
-0.251066064650450949 -4.673454536462157805 0.000000000000000000 0.383966518212645769 119381.383513584398315288
-4.200376702862778089 -4.001541646598266944 0.000000000000000000 0.346700832110550250 0.000000000000000000
-0.970166920333227933 -5.101055678681500005 0.000000000000000000 0.315006665799567320 685822.000000000000000000
2.398276650557188194 -0.372018159338998677 0.000000000000000000 0.382858778861623672 765078.000000000000000000
4.054916352509474464 -0.997014480586111529 0.000000000000000000 0.195193489678968851 0.000000000000000000
5.849873011890597496 0.861520475228003124 0.000000000000000000 0.282938007498929001 765747.000000000000000000
6.815139415891174224 -0.845667397552107847 0.000000000000000000 0.436635241274734076 139106.803616871591657400
1.998862619521581063 0.529813968830665338 0.000000000000000000 0.458068033048730505 761308.000000000000000000
3.623724793847165948 -2.458511920747305179 0.000000000000000000 0.464951492855229243 762875.000000000000000000
5.000409718118934421 -1.522540887877444016 0.000000000000000000 0.283967543524709432 0.000000000000000000
6.231292426147425623 1.761277680166823956 0.000000000000000000 0.437383569302979891 0.000000000000000000
3.362787271977565329 1.315321467543648648 0.000000000000000000 0.311131363218582313 758425.000000000000000000
6.324113003601775418 -0.724895718369883535 0.000000000000000000 0.347266953306050008 764654.000000000000000000
5.551654792630377422 -2.125251832634990290 0.000000000000000000 0.420163552659457984 0.000000000000000000
5.221348069056211294 -0.140484245815711367 0.000000000000000000 0.128484499574112981 761864.000000000000000000
5.572089566916474723 0.929720872514262386 0.000000000000000000 0.250589674062583312 766340.000000000000000000
3.152284737073451026 1.354220008719285717 0.000000000000000000 0.341908614576737879 363084.069520724413450807
4.632100679176677893 1.808683719699572423 0.000000000000000000 0.322011730973498611 765061.000000000000000000
9.649428500900688377 7.386961923612864744 0.000000000511568821 0.268800692546630859 0.000000000000000000
12.308132359550995716 7.589905474364825544 0.000000000863418237 0.404898948667297809 0.000000000000000000
10.174323255300622648 10.180836605261671224 0.000000000852249071 0.253055302455221398 839859.000000000000000000
10.860706541719855167 6.415788374125632743 0.000000000861032825 0.418965391582883040 840691.000000000000000000
11.598418553919795926 7.997300813004814657 0.000000000022984907 0.259848098539789518 0.000000000000000000
12.436914194348535290 8.451083910405188249 0.000000000270217205 0.377232645794281285 839699.000000000000000000
8.284721148253279210 9.348858314166227146 0.000000000061052128 0.381359543598367212 0.000000000000000000
12.379023458282807368 10.412717434097366720 0.000000000350615543 0.465414845772774644 577358.010450674453750253
9.443889109448289076 6.854246282886311548 0.000000000007845098 0.368926196940837892 845449.000000000000000000
11.266125599194227291 7.543455979799634115 0.000000000257393182 0.267751590313251742 840239.000000000000000000
9.639834983912232147 10.767807108283417250 0.000000000402562571 0.375899354633562943 0.000000000000000000
11.188974097451112044 9.959984150844418238 0.000000000770105819 0.260591365326448887 646916.651895631337538362
11.305706699234981727 8.712637881302432774 0.000000000361571411 0.172140106637862333 846963.000000000000000000
12.602300377356597139 8.819560604001580373 0.000000000828483755 0.403317980071447202 0.000000000000000000
8.187072621110885962 7.276193778676057100 0.000000000304209910 0.462958419200532711 843029.000000000000000000
2.758727991990959527 12.633529393939507912 0.000000000000000000 0.137244767355358649 414151.114967985369730741
3.888918031612397019 12.513750035235004177 0.000000000000000000 0.308540325825150508 0.000000000000000000
2.066564835241502252 11.193357476455261690 0.000000000000000000 0.374075507046250422 927125.000000000000000000
1.021369963205298159 11.675345649744311771 0.000000000000000000 0.368958958805672088 0.000000000000000000
-0.146140472346241557 14.240632738400396562 0.000000000000000000 0.474236218382388997 922248.000000000000000000
4.823280141367657592 12.493898539854013663 0.000000000000000000 0.464897726996741367 921980.000000000000000000
4.327001240693047812 14.595778970913976025 0.000000000000000000 0.425654257012753001 924360.000000000000000000
0.095914968258598660 11.822538249918302711 0.000000000000000000 0.475657693698001371 925195.000000000000000000
3.431912223736115042 12.606314957570415203 0.000000000000000000 0.229140048390100326 0.000000000000000000
2.756103709913345856 12.527465399016243452 0.000000000000000000 0.153126198713496198 0.000000000000000000
3.286365713867631211 12.247148863328565227 0.000000000000000000 0.249756407472477460 715384.558220471953973174
0.535328605698906723 13.363136795940768309 0.000000000000000000 0.320993018522180318 0.000000000000000000
4.692892611211762599 14.231227356873350942 0.000000000000000000 0.453318334023790015 470782.907190476020332426
1.923941147550907393 15.785502481465297109 0.000000000000000000 0.452734158010321741 921145.000000000000000000
1.131593553374227623 11.790098145555813147 0.000000000000000000 0.340701365029340286 920269.000000000000000000
-5.437053124797728287 10.807372430540297614 0.000000000348425737 0.281746670171187708 1683604.000000000000000000
-5.187059068026474762 13.614281388337051482 0.000000000294878146 0.434452997718925815 106391.061032847588649020
-8.614796784898134163 11.844543035462045566 0.000000000822047556 0.336237677235706467 1754600.000000000000000000
-4.909845842447803754 10.061341478604921562 0.000000000451628439 0.437992388290989965 448263.720707023399882019
-7.457691109682558661 9.802468346310025282 0.000000000243032513 0.362712649893558559 0.000000000000000000
-7.191645429138450396 14.130989213596150122 0.000000000931307944 0.434540186108572313 1749705.000000000000000000
-5.279618444723198856 11.686430381297567394 0.000000000844086080 0.258992557292315073 1716689.000000000000000000
-6.165045593104038879 11.160352968354407821 0.000000000895087283 0.141429114787995247 0.000000000000000000
-7.240726685516936989 9.666196975719836715 0.000000000688335566 0.374213582591119864 0.000000000000000000
-5.079793380214820075 10.080323507957562157 0.000000000859219934 0.413632680837903111 1436056.106063409242779016
-6.147105282198020326 11.259935030977588966 0.000000000457265824 0.132222293486360581 1749038.000000000000000000
-4.820651194056969402 10.329195899348382781 0.000000000120251624 0.420448238298498866 0.000000000000000000
-5.718411801855102894 11.934188534826628114 0.000000000322502492 0.184717949362283557 1754175.000000000000000000
-8.094601457389188681 11.256760181317991609 0.000000000618391780 0.256147355703984059 0.000000000000000000
-6.098846893128222035 12.620565660425556942 0.000000000017046681 0.195627231212602781 1680527.000000000000000000
-13.803571076210047863 2.560690422102739561 0.000000000000000000 0.415686896152407670 1037183.000000000000000000
-13.047644037316057819 3.391707911313336599 0.000000000000000000 0.231441137097439853 1131113.000000000000000000
-12.910954635798969292 2.913724014342815138 0.000000000000000000 0.308782202787643567 1129292.000000000000000000
-12.021449645514827864 3.130176871285260898 0.000000000000000000 0.296453745101747546 0.000000000000000000
-14.555860569816131189 5.751191591017069449 0.000000000000000000 0.377376508836275382 1073380.000000000000000000
-10.949101737967348313 5.902086238143326113 0.000000000000000000 0.380014837115519089 0.000000000000000000
-11.188820405319845008 5.873470515585944796 0.000000000000000000 0.342386640322188462 1125855.000000000000000000
-14.555886937512031665 5.965991607193371848 0.000000000000000000 0.397018132607334040 0.000000000000000000
-14.646110361215891160 6.246669454211014383 0.000000000000000000 0.438701466753449565 1079769.000000000000000000
-13.513342168771844243 4.377378570078920283 0.000000000000000000 0.151936228941536994 1041030.193397518480196595
-10.851334754524858184 4.178831481870145304 0.000000000000000000 0.343114945819620487 1036253.000000000000000000
-10.710441777178770550 5.542026550007792984 0.000000000000000000 0.387455914186237982 0.000000000000000000
-13.482530968437320240 4.861535271412476433 0.000000000000000000 0.140787717824754438 1108793.000000000000000000
-12.825474155655131270 2.981337825508521444 0.000000000000000000 0.295739523218300715 0.000000000000000000
-14.144845939376107680 5.795130893249721638 0.000000000000000000 0.320320431156874474 0.000000000000000000
-13.164726523480050346 -2.016903611454405887 0.000000000000000000 0.469331204289185788 765879.000000000000000000
-12.770338517600965389 -4.029427051957869210 0.000000000000000000 0.113334801663808701 0.000000000000000000
-15.075276270452517835 -5.052943027964110989 0.000000000000000000 0.426007525244220864 757917.000000000000000000
-13.690660011237028471 -4.994744695459754524 0.000000000000000000 0.182691321274033286 758509.000000000000000000
-11.311875893277916205 -6.400863294704945972 0.000000000000000000 0.390544738429173699 759651.000000000000000000
-11.222480729498791163 -6.565623597587994631 0.000000000000000000 0.422896333452539686 370441.939994621847290546
-13.337525106767909477 -4.506528555121171564 0.000000000000000000 0.115253580665286348 760941.000000000000000000
-14.552689318562292087 -3.852946764704788585 0.000000000000000000 0.357745920664349015 763322.000000000000000000
-14.293278308226302187 -3.473111797658187783 0.000000000000000000 0.350703414862082008 762255.000000000000000000
-11.899848826748129937 -5.987800070517661943 0.000000000000000000 0.270178358643559324 765632.000000000000000000
-11.898022901794988115 -3.643233829443661254 0.000000000000000000 0.231567230508225225 0.000000000000000000
-14.955578745712447386 -3.184689781317524560 0.000000000000000000 0.476037042176132907 763578.000000000000000000
-12.119160005457056073 -4.180688143205927076 0.000000000000000000 0.136831715426059486 761851.000000000000000000
-15.085377003698660303 -4.095977566206896014 0.000000000000000000 0.434704542218241952 0.000000000000000000
-13.136434738025629443 -6.114735690407034241 0.000000000000000000 0.260667738124116866 0.000000000000000000
-4.656806585821545497 -11.917884850076282177 0.000000000595632675 0.371603035415093264 0.000000000000000000
-6.068886704036843938 -13.821527195155100642 0.000000000180870794 0.390768729916656177 0.000000000000000000
-5.155957828556661404 -12.725555677420826939 0.000000000581094963 0.332864459794864564 0.000000000000000000
-8.035052115203265899 -10.725311900892380734 0.000000000845336246 0.291084849883134378 0.000000000000000000
-4.306242274416065996 -11.706113994082445018 0.000000000543950462 0.432392742840685518 0.000000000000000000
-6.300847454176188300 -11.344251500933886234 0.000000000074196307 0.101546917682089011 0.000000000000000000
-6.183312083030839013 -12.649418368282834280 0.000000000234906723 0.191705980525122194 0.000000000000000000
-8.128801276268854181 -11.927193960940615014 0.000000000279981184 0.251601872890988287 0.000000000000000000
-5.069618734761439427 -13.339567500173664882 0.000000000604396024 0.412776824292792943 0.000000000000000000
-4.689601919117602158 -11.821858775996275881 0.000000000533860990 0.364535351001401053 0.000000000000000000
-7.822267820927380377 -14.169521175411450287 0.000000000546886614 0.474815772936559632 0.000000000000000000
-8.889447333629208359 -12.669470162396116564 0.000000000152878676 0.419498371129039205 0.000000000000000000
-5.597887326262161345 -9.931688384175020090 0.000000000202960649 0.375683893749781173 0.000000000000000000
-6.556181935833418351 -9.935976162036075365 0.000000000250484313 0.317146358578415000 0.000000000000000000
-5.916345608773919906 -11.005299755740665546 0.000000000843658777 0.192674529648833581 0.000000000000000000
0.756761775013956806 -11.921504503479813053 0.000000000000000000 0.370587936360966375 0.000000000000000000
1.366292544607067727 -12.248846127680840468 0.000000000000000000 0.251576616597014302 1664962.000000000000000000
2.666351026394185197 -15.646437930029593488 0.000000000000000000 0.426045312065055137 0.000000000000000000
2.826999742868096188 -12.344022743059356984 0.000000000000000000 0.187847257613577373 0.000000000000000000
3.574297011124457413 -12.183949749678459895 0.000000000000000000 0.294387522550177416 1650408.000000000000000000
0.919690987859408504 -11.365763258346113673 0.000000000000000000 0.423606136534847189 0.000000000000000000
3.151592662523006627 -12.899140048403371139 0.000000000000000000 0.160418512730377189 1607559.000000000000000000
0.454920156716955904 -11.674826632379595281 0.000000000000000000 0.440029586257623229 0.000000000000000000
3.333222971532062040 -12.544221774455271756 0.000000000000000000 0.220669028180923765 0.000000000000000000
4.753925613780821458 -14.092583172096347255 0.000000000000000000 0.454964326705305566 1608383.000000000000000000
2.546011468157900026 -13.303756614075446407 0.000000000000000000 0.038030954623026497 1629315.000000000000000000
1.346263883227079683 -14.840633762986977118 0.000000000000000000 0.329567208583202653 0.000000000000000000
4.574151001475240896 -13.188156200734390211 0.000000000000000000 0.399484143860258656 0.000000000000000000
3.315091784802198127 -13.720468418843399405 0.000000000000000000 0.191816123345238648 0.000000000000000000
0.582848661860476680 -13.439914143624489995 0.000000000000000000 0.313506250685291088 1609769.000000000000000000
11.496195299458195294 -6.704209167179994822 0.000000000000000000 0.412739061434188315 1797528.000000000000000000
8.521984687881191789 -10.216610316139046688 0.000000000000000000 0.414405370700959397 1774632.000000000000000000
11.611310497746915260 -8.211376584494244568 0.000000000000000000 0.245191033184411683 0.000000000000000000
8.541610076793938688 -8.242796805108293157 0.000000000000000000 0.332719550036297385 1831136.000000000000000000
8.845396980227892669 -7.252836054453494441 0.000000000000000000 0.374244390066081789 1782957.000000000000000000
10.099144497014902910 -8.585577235515568617 0.000000000000000000 0.051614202675699196 1785374.000000000000000000
8.857924495326679803 -8.177367542879824924 0.000000000000000000 0.282657749827161575 1850164.000000000000000000
9.095051733604128330 -8.940409821257187417 0.000000000000000000 0.224568808314398877 0.000000000000000000
8.987952988834031487 -7.293559630747154188 0.000000000000000000 0.351323031079592174 0.000000000000000000
9.757725659464012935 -6.224902796075293843 0.000000000000000000 0.454809532380453796 1757422.000000000000000000
8.128207423990174263 -8.468427263748148803 0.000000000000000000 0.397372722162530279 0.000000000000000000
11.306772487156337093 -7.440027693942266040 0.000000000000000000 0.286516457201300367 0.000000000000000000
11.383815108742032507 -11.091713818012342685 0.000000000000000000 0.450408054714019790 1787636.000000000000000000
9.004861666267405695 -8.104887417405677752 0.000000000000000000 0.263535851925947306 0.000000000000000000
9.087615599048238124 -8.437648194667749735 0.000000000000000000 0.229893483139899046 0.000000000000000000
13.612119477594347927 1.432915060335916424 0.000000000000000000 0.248612509528958664 0.000000000000000000
15.882192375157490716 0.791722285450987218 0.000000000000000000 0.439059931394072289 603693.000000000000000000
13.171216342533938359 -0.335868510128665754 0.000000000000000000 0.087980415789483721 346092.665867893490940332
14.913686995222130705 2.293712978676063052 0.000000000000000000 0.465734149710116452 0.000000000000000000
15.058341559429978318 -0.115686188269997964 0.000000000000000000 0.271203768891841057 0.000000000000000000
12.652270978713158200 1.637869479662404038 0.000000000000000000 0.325512179169319738 603558.000000000000000000
12.824555743349700165 -1.780548087319831607 0.000000000000000000 0.334372174922485554 0.000000000000000000
14.380147989306198753 -0.262878110393562014 0.000000000000000000 0.156334547123209266 605041.000000000000000000
13.250663207669273191 0.866304232239586969 0.000000000000000000 0.158895671349414430 419569.015839400468394160
13.324590654063515061 1.262434943642655183 0.000000000000000000 0.222258030963615849 604703.000000000000000000
11.866320603828796720 -0.439204901084790822 0.000000000000000000 0.308141026073777691 597495.000000000000000000
14.816511519815739106 0.691580745378922113 0.000000000000000000 0.256860389026543789 598642.000000000000000000
13.691283101385316456 1.161218069109574147 0.000000000000000000 0.202953842535236934 602269.000000000000000000
12.677291288850268458 -2.415248221280719143 0.000000000000000000 0.446651035733339863 599078.000000000000000000
11.830881105559198474 -0.981696871984266251 0.000000000000000000 0.349382766767680264 308851.979103017132729292
