-3.844541438548813250 5.064457894105842684 0.000000000000000000 0.351566925419132426 0.000000000000000000
-1.635831168166626215 4.390091174211302238 0.000000000000000000 0.142246224911229152 841762.000000000000000000
-1.871590058524554845 5.571306434260963947 0.000000000000000000 0.307244426693448425 0.000000000000000000
-4.248961896146278505 4.806681810668005816 0.000000000000000000 0.390466817590308324 844841.000000000000000000
-3.947308264277063827 4.362606443498943776 0.000000000000000000 0.312553745369605895 178286.264429519942495972
-2.101631009927337868 2.734617096480116416 0.000000000000000000 0.207687958898867597 845247.000000000000000000
-4.267700365094328596 5.266090056901198579 0.000000000000000000 0.433792423292091278 0.000000000000000000
-2.167394057607739732 4.102448527994591032 0.000000000000000000 0.041123465148176185 839115.000000000000000000
-1.651432907939528461 1.782541671437634756 0.000000000000000000 0.390662881641524573 842119.000000000000000000
-2.237372664615374873 3.187629215836313534 0.000000000000000000 0.125175055965124349 843975.000000000000000000
-2.553372366885802158 2.589305267735493743 0.000000000000000000 0.237543840566943332 0.000000000000000000
-0.191820199053324147 5.145796519434444605 0.000000000000000000 0.430881997953101892 0.000000000000000000
-4.046212225043546162 4.539185885304073409 0.000000000000000000 0.338940775563311592 846552.000000000000000000
-2.243414524780099395 2.408470049117306555 0.000000000000000000 0.263887659672096264 841520.000000000000000000
-3.987205151859356977 2.755925313339620430 0.000000000000000000 0.368360385333706963 576046.784908718662336469
-2.884518698472855469 -5.379671617606043732 0.000000000000000000 0.287727038084569897 0.000000000000000000
-1.994760658197184178 -1.742494651146519802 0.000000000000000000 0.385363173598533115 676720.000000000000000000
-1.634654813355783887 -1.869310094153313395 0.000000000000000000 0.376711519470820932 0.000000000000000000
-3.804769290675352078 -5.517726571061746021 0.000000000000000000 0.399824917377628319 0.000000000000000000
-1.270917266399251622 -3.277548357064250073 0.000000000000000000 0.207059287117290824 0.000000000000000000
-1.711726651285311096 -3.214631058034585820 0.000000000000000000 0.154810272103409419 685412.000000000000000000
-2.934838691750796702 -5.919517692500881445 0.000000000000000000 0.380882992669074161 0.000000000000000000
-0.473812570231964603 -5.571337304544763391 0.000000000000000000 0.436842275672143510 0.000000000000000000
-4.641552057601677994 -3.682303226831036280 0.000000000000000000 0.426355358268924289 0.000000000000000000
-3.102855467236689702 -1.773096857575153562 0.000000000000000000 0.405832992470903930 0.000000000000000000
-3.128525742918664587 -2.226596861294999119 0.000000000000000000 0.334315840362960748 682090.000000000000000000
-1.118644572789505798 -2.239679077874231261 0.000000000000000000 0.357343520024349826 686138.000000000000000000
-0.293606789745465613 -4.633833128936197809 0.000000000000000000 0.374358513683600791 0.000000000000000000
-2.278756951385159546 -4.860377477545323899 0.000000000000000000 0.172818801757775170 680540.000000000000000000
-1.387273059546538789 -3.120642832620426965 0.000000000000000000 0.207090690838498320 685586.000000000000000000
2.929355311480954960 2.147195746767739166 0.000000000000000000 0.474942717489067523 0.000000000000000000
4.137880468320898508 -2.370445033303439697 0.000000000000000000 0.426554322849651557 760902.000000000000000000
5.684264997864228341 -1.415449394503178970 0.000000000000000000 0.326530627648628557 762412.000000000000000000
6.558368344947465900 -0.767870373465512901 0.000000000000000000 0.388947035231500982 0.000000000000000000
2.946989886456271801 -1.002065022635394209 0.000000000000000000 0.331318548962887593 0.000000000000000000
3.518706835668457877 0.916978817878567609 0.000000000000000000 0.240949669583206877 763440.000000000000000000
1.991439224759693261 -0.412782186581283905 0.000000000000000000 0.455546827384045061 758467.000000000000000000
2.120574401449307089 -0.231748949318311637 0.000000000000000000 0.428567623678050791 763744.000000000000000000
3.587127333266020290 -1.673974931683831269 0.000000000000000000 0.340381433755339635 764938.000000000000000000
3.200907512546135258 -0.183274987231721975 0.000000000000000000 0.236321142998498157 0.000000000000000000
4.277730361839841677 -1.978547002549123635 0.000000000000000000 0.354100090525705458 146607.933337585069239140
4.829785365178223877 -1.446903997426863819 0.000000000000000000 0.263104088828163052 747632.464495897875167429
3.720712483869432763 0.439148129774747209 0.000000000000000000 0.161538197559258190 760659.000000000000000000
2.891313811517634669 -0.221709592716649168 0.000000000000000000 0.291912110809572745 763060.000000000000000000
2.627487653913044507 1.687053487970403554 0.000000000000000000 0.450656288669664007 0.000000000000000000
11.052233144735938097 11.150055597275281727 0.000000000563617528 0.439390675283466370 838036.000000000000000000
11.562477851594737288 8.611254878406212399 0.000000000108696642 0.219107041926002916 0.000000000000000000
9.258748591534832428 10.102872910776174109 0.000000000488042478 0.306285009091336935 841633.000000000000000000
11.590609837099906443 7.747267734363305181 0.000000000538034781 0.283385394732209472 0.000000000000000000
9.185210241028350708 10.686757040817697728 0.000000000547724666 0.397964172602238209 843120.000000000000000000
11.804188417434463787 9.396718781876229443 0.000000000450171922 0.284489162923304340 845453.000000000000000000
12.359621645413621849 7.735056203682569631 0.000000000016940905 0.401042419918683835 837980.000000000000000000
11.412662597729504199 8.954404964539909528 0.000000000630936990 0.194479080047931352 0.000000000000000000
11.838938744667329317 10.937743660558693293 0.000000000127424748 0.466899630571072033 841481.000000000000000000
10.068343591659113301 11.256338985316141077 0.000000000714449154 0.442661162871031633 0.000000000000000000
9.663129929822321884 8.487777968475766599 0.000000000740893018 0.129106390376341112 838639.000000000000000000
10.139788182042872577 11.312029685197209972 0.000000000846726739 0.451132379763735047 839316.000000000000000000
11.554487605352679935 7.471523368155581935 0.000000000559862381 0.310984034883692417 844741.000000000000000000
8.964725276953005917 8.109575136424712838 0.000000000225685252 0.269674725266636883 842834.000000000000000000
11.159471472977955386 7.839787078443214874 0.000000000191866401 0.215867094627021333 0.000000000000000000
3.956137289330232676 15.175730247336169043 0.000000000000000000 0.444656149848329685 924533.000000000000000000
2.025508337893571209 14.068731970884858384 0.000000000000000000 0.151416950050452831 921433.000000000000000000
3.451344880638915757 11.173473798396198475 0.000000000000000000 0.423984476005328903 918475.000000000000000000
4.793161171012230604 13.999661367585654048 0.000000000000000000 0.456669797507340935 0.000000000000000000
3.979162216337025271 12.130516192699175804 0.000000000000000000 0.357113765712916476 921267.000000000000000000
2.308509823856150778 15.642851333823204030 0.000000000000000000 0.421359808072059250 0.000000000000000000
3.495435837815692448 14.477862169086549216 0.000000000000000000 0.297537130879719947 923726.000000000000000000
2.726142201246242625 11.357107889476866447 0.000000000000000000 0.348838759865449932 926328.000000000000000000
2.570132187287064607 11.856619778143560495 0.000000000000000000 0.256333156189013311 918021.000000000000000000
1.555407436518925879 13.138236183290233683 0.000000000000000000 0.141004026789211478 925618.000000000000000000
3.384429392913376411 15.700069866284742659 0.000000000000000000 0.470172750423273611 0.000000000000000000
1.594431977129013855 13.934755625430193859 0.000000000000000000 0.176434465210538433 919688.000000000000000000
1.670887648411700122 12.042743869504136001 0.000000000000000000 0.249578389335946255 920361.000000000000000000
2.364553745301291254 14.886110857549422093 0.000000000000000000 0.286641389422911119 0.000000000000000000
2.005015642533364950 14.512226005666095219 0.000000000000000000 0.227735766948250928 924860.000000000000000000
-6.065595757391544218 13.593510214728979690 0.000000000905682955 0.352692949987198745 1686623.000000000000000000
-5.473458779585386402 10.845523305850035101 0.000000000860030955 0.272558335453881195 0.000000000000000000
-5.448662477589205189 13.143208439659920472 0.000000000122520595 0.340708275242322833 1726074.000000000000000000
-6.803503034128731031 13.054465052123706670 0.000000000895053811 0.236769209860714397 1682786.000000000000000000
-7.466091692871924757 13.131910213649979013 0.000000000707248444 0.282097526730728243 1328174.271127860294654965
-7.128169400476688011 9.073002780279891155 0.000000000099963100 0.473339560879314003 0.000000000000000000
-5.758495093949559163 12.898802004827162548 0.000000000901463512 0.271750706141704768 54798.240511283911473583
-5.551624271502679342 13.513662439741244370 0.000000000563048836 0.381388072639720910 1685906.000000000000000000
-5.675860374179982237 13.027494977524543884 0.000000000294884581 0.298730146694349996 1687418.000000000000000000
-5.336728808793019141 13.977799025705239799 0.000000000741272862 0.471349987852447971 0.000000000000000000
-7.327342431781925569 10.785541731253394104 0.000000000547867523 0.196186702502932769 1764475.000000000000000000
-8.553784804301551858 11.941546173124658381 0.000000000861393288 0.327007272461090681 0.000000000000000000
-7.266248034683960633 10.600449736708487336 0.000000000838153639 0.219508203431454024 1751293.000000000000000000
-8.944465188902949393 11.027068989507293750 0.000000000361550785 0.412721665657489301 0.000000000000000000
-5.401554918366535674 12.441264233109146531 0.000000000133033770 0.269562460909385182 0.000000000000000000
-11.981334911731991610 5.822024573814154280 0.000000000000000000 0.238020857209960357 1130118.000000000000000000
-11.457292408030211206 2.974170095436678096 0.000000000000000000 0.371958508091523421 790624.725684400065802038
-13.687187944949615215 6.110622353383693195 0.000000000000000000 0.303160694784351425 1056259.000000000000000000
-13.211027852932557991 4.314016590721863942 0.000000000000000000 0.109042669310976323 138743.894475533335935324
-14.901959091910187638 3.911855009028189833 0.000000000000000000 0.412118132460350506 1067660.000000000000000000
-13.980778237089049654 6.721809697802028083 0.000000000000000000 0.420258762697726052 1016788.332982315681874752
-15.259066778346401350 4.998448211403952790 0.000000000000000000 0.457169657864920587 0.000000000000000000
-11.709994842341117760 2.493624063311582262 0.000000000000000000 0.420537668304775680 682065.974964141962118447
-12.478072825875271334 2.245523614202794338 0.000000000000000000 0.425309962105666628 1108482.000000000000000000
-10.630244006350247687 6.196251444724608426 0.000000000000000000 0.456051481338366205 0.000000000000000000
-11.306480077327458744 4.593924827153288426 0.000000000000000000 0.251163704658699027 0.000000000000000000
-14.941284553710991290 5.354354935669615401 0.000000000000000000 0.414033520247915787 1071464.000000000000000000
-14.902321345179696976 5.191946699622205230 0.000000000000000000 0.400217126994384942 1041635.000000000000000000
-11.677947152315317325 7.117673852242770494 0.000000000000000000 0.463239232167020121 1052053.000000000000000000
-13.261736550901733978 6.078276226070188137 0.000000000000000000 0.262043898606893866 1033473.000000000000000000
-13.958939331080154389 -3.759269665580596609 0.000000000000000000 0.273395965968480537 758703.000000000000000000
-12.544368739299784465 -6.150687827351975834 0.000000000000000000 0.257810911109526142 566079.656916023930534720
-12.687500805507774260 -6.653146289123011314 0.000000000000000000 0.343373569887785834 0.000000000000000000
-14.393609867411358394 -5.222771608696382017 0.000000000000000000 0.314048749459980125 0.000000000000000000
-12.647963920566031248 -7.352467793351826764 0.000000000000000000 0.465102919085482625 757781.000000000000000000
-13.219176775134638291 -3.347287241903239341 0.000000000000000000 0.248236737101881128 0.000000000000000000
-13.156298498491933557 -7.328639122616216639 0.000000000000000000 0.467080079710835816 0.000000000000000000
-15.200313889491264163 -4.399069683350456117 0.000000000000000000 0.445969800305943465 758459.000000000000000000
-11.259440788715942006 -5.989853094054805815 0.000000000000000000 0.345546163938782791 0.000000000000000000
-12.927979576002881501 -2.068024543184559860 0.000000000000000000 0.455326499377637528 0.000000000000000000
-12.765802024994188812 -2.557471593379565089 0.000000000000000000 0.368899701700327098 47905.953066275353194214
-11.436935812813100455 -4.594664514127641652 0.000000000000000000 0.227947391547741490 0.000000000000000000
-14.417495009679639040 -3.209539688806325231 0.000000000000000000 0.396349669347639211 0.000000000000000000
-12.796862414162971433 -6.691943212127277718 0.000000000000000000 0.350332009793205501 0.000000000000000000
-15.080317085841299374 -4.532191079647454046 0.000000000000000000 0.422714938542257945 0.000000000000000000
-5.524253853120366209 -9.427961947885158622 0.000000000323724161 0.459470457587233705 0.000000000000000000
-7.744775752484455822 -12.802154051541927871 0.000000000741066091 0.263173418792465585 0.000000000000000000
-8.027333781906301979 -13.181757012723991807 0.000000000225434928 0.346616502701925622 0.000000000000000000
-4.485083944226868624 -11.301291996685746355 0.000000000718794936 0.407300745817810617 0.000000000000000000
-5.455577322097449944 -10.625246321646027781 0.000000000146019429 0.298885281381378431 0.000000000000000000
-9.235461235283977999 -11.292843018013478229 0.000000000088017071 0.452389572935741391 0.000000000000000000
-8.147009798745292741 -13.818525769617066246 0.000000000455652501 0.448627744797891415 0.000000000000000000
-5.473856278734080760 -12.234849267330393019 0.000000000652776131 0.242249236052048178 0.000000000000000000
-4.225561087759073686 -10.966986650024001193 0.000000000757557540 0.466231004032886309 0.000000000000000000
-5.223238199552380223 -12.789186533827686887 0.000000000673572202 0.329172015018650843 0.000000000000000000
-6.634027654466267521 -9.671618694201354671 0.000000000101324972 0.362776814905047262 0.000000000000000000
-8.261540413562864060 -10.804911063719877973 0.000000000015168974 0.316776249072425131 0.000000000000000000
-8.530182801764292222 -12.119291989897620354 0.000000000662663516 0.328144401355723314 0.000000000000000000
-7.660614988516955215 -12.161846570479255547 0.000000000467716612 0.183066883916095130 0.000000000000000000
-8.128234527673923182 -10.428329870514287947 0.000000000695564155 0.337477430223703023 0.000000000000000000
1.956352144512838231 -12.407198328822065747 0.000000000000000000 0.168882967602789674 647570.250291934586130083
3.937008698661419892 -11.453357318861876024 0.000000000000000000 0.432258863255369330 1688583.000000000000000000
2.224439758417748880 -15.303421102102252149 0.000000000000000000 0.361442878493768105 1677003.000000000000000000
1.963541285829680350 -13.964991658833767474 0.000000000000000000 0.139264282716574123 0.000000000000000000
1.580708753492489738 -11.559072512809231981 0.000000000000000000 0.334124070874256718 1666732.000000000000000000
4.761638811838010632 -12.913729206961926721 0.000000000000000000 0.437371955981762095 1654012.000000000000000000
0.395851770120751123 -11.634426641848625295 0.000000000000000000 0.452711366093000889 1616172.000000000000000000
4.202257048982259491 -12.891304975953921996 0.000000000000000000 0.339891332862260032 1623963.000000000000000000
1.478683656377741906 -12.708770315308878907 0.000000000000000000 0.183007906274179843 1673603.000000000000000000
2.052528012157690540 -15.571440178867616666 0.000000000000000000 0.411730417551055272 1689874.000000000000000000
3.435930314687469789 -13.328778356607221767 0.000000000000000000 0.196551447465945078 0.000000000000000000
1.668268432509066646 -12.030803499228140296 0.000000000000000000 0.251673200714551404 0.000000000000000000
3.320958461508634052 -14.577028871615945960 0.000000000000000000 0.290677372372945553 1661741.000000000000000000
2.961877951615723426 -13.581670917974294710 0.000000000000000000 0.124326180925747889 1610847.000000000000000000
4.772359838684319122 -12.837451327407256585 0.000000000000000000 0.441458901706665963 1630483.000000000000000000
8.944520167002213640 -7.615663087630639261 0.000000000000000000 0.318599758152557755 1804875.000000000000000000
10.291710505723823843 -6.269716786077320414 0.000000000000000000 0.434653197521441048 1812441.000000000000000000
8.855397953795169030 -7.040275543661852709 0.000000000000000000 0.400164268636515719 1823231.000000000000000000
10.131884937939494407 -8.502694518000041057 0.000000000000000000 0.056880369418519941 0.000000000000000000
9.557539347069127444 -9.579502068784140789 0.000000000000000000 0.201971433003669487 1845702.000000000000000000
12.850147228564146928 -7.858686319368724860 0.000000000000000000 0.473466434381785484 0.000000000000000000
12.451789553913489073 -10.411007405381569768 0.000000000000000000 0.475400203316091452 1846259.000000000000000000
10.983230206167235110 -11.052438241225857496 0.000000000000000000 0.419575818996532346 1830589.000000000000000000
12.331957237652741100 -10.311046395139316090 0.000000000000000000 0.447863740285366241 1838771.000000000000000000
9.159299765084877976 -11.045483680884757405 0.000000000000000000 0.455176839104382669 654263.738044778583571315
10.929554770105900374 -9.149229955995505037 0.000000000000000000 0.126340648450063237 1765113.000000000000000000
8.648022580194915321 -8.502453735911068122 0.000000000000000000 0.304753765681662625 676365.812986108707264066
11.314992898116987163 -9.201267761797064182 0.000000000000000000 0.190954252368499555 1813262.000000000000000000
9.877472595353605556 -6.773889737069201722 0.000000000000000000 0.356092653115080204 1748637.309675564290955663
9.656481182009049036 -9.933897543300869160 0.000000000000000000 0.241253570192279165 0.000000000000000000
11.705125342591570003 1.767154871584330156 0.000000000000000000 0.448944892068752099 0.000000000000000000
14.515136609192158090 -1.296402518988093666 0.000000000000000000 0.283572444608873264 0.000000000000000000
14.014110882965738369 -2.215296492433018738 0.000000000000000000 0.392671845311880097 599859.000000000000000000
13.246719337095521851 2.266012016789374250 0.000000000000000000 0.396411734272699767 373871.821501351310871542
12.424608596252760151 -1.083901761655371887 0.000000000000000000 0.273955426514907119 0.000000000000000000
13.388770190742171451 -1.515538650726527159 0.000000000000000000 0.264126879564577921 604474.000000000000000000
12.566341887955307044 -1.159912075045542723 0.000000000000000000 0.266001831318375570 0.000000000000000000
12.929277769056174208 2.389274191789914514 0.000000000000000000 0.428663280779480182 598274.000000000000000000
14.185052557531186324 -2.112072939396290483 0.000000000000000000 0.383110380654616445 0.000000000000000000
15.378607870059417095 0.702336350779711127 0.000000000000000000 0.349263165551000343 599567.000000000000000000
11.928747719437705399 -1.651621993495164586 0.000000000000000000 0.406253289833980291 600166.000000000000000000
14.529373318052879682 2.275263058410955441 0.000000000000000000 0.431084429632131283 597227.000000000000000000
14.885088258885614820 -1.375698246340065323 0.000000000000000000 0.337497404176276938 603691.000000000000000000
14.271184298331260010 2.353960124514463459 0.000000000000000000 0.427572492396508630 0.000000000000000000
12.725631856758223392 1.434447968091461467 0.000000000000000000 0.288326057119463741 0.000000000000000000
