-3.884987289207980865 2.404730789992033380 0.000000000000000000 0.392341693918468792 0.000000000000000000
-0.536080081856094348 3.512506173762804274 0.000000000000000000 0.314211510179602360 845902.000000000000000000
-1.883071088208368771 4.245946780249649777 0.000000000000000000 0.092118293900441059 838367.000000000000000000
-3.134417667570941202 5.630603480476072953 0.000000000000000000 0.346959260201217534 342245.764330061036162078
-3.238852695510848978 2.235288891267899203 0.000000000000000000 0.342534958912636522 842229.000000000000000000
-2.222490356127173161 2.634203436956460642 0.000000000000000000 0.223768640449614559 0.000000000000000000
-4.091009197940683073 2.431434690235007245 0.000000000000000000 0.417207990268359752 0.000000000000000000
-1.980265352631647158 5.752342891749073317 0.000000000000000000 0.335326834000116314 839723.000000000000000000
-2.975578756768058941 1.860256331231555649 0.000000000000000000 0.383337780504387438 0.000000000000000000
-3.711605236243958661 4.734326297310078147 0.000000000000000000 0.299444391501550999 842206.000000000000000000
-0.677028379527176427 1.883824391199083292 0.000000000000000000 0.455147404446212267 837935.000000000000000000
-4.698724605391614517 4.888493729017405975 0.000000000000000000 0.469781546512180070 843827.000000000000000000
-0.158889802070780323 3.102144246091401047 0.000000000000000000 0.399611332299295630 0.000000000000000000
-0.603021652783008011 2.759593703765673034 0.000000000000000000 0.357195807478855931 0.000000000000000000
-2.510843533178714893 4.315236934542672209 0.000000000000000000 0.088070912043288860 843903.000000000000000000
-3.024213561180445264 -5.517975853874425241 0.000000000000000000 0.320343141063786030 678910.000000000000000000
-1.344583194753293132 -3.331644369044681753 0.000000000000000000 0.190826511546791727 0.000000000000000000
-2.234943074082230474 -6.175357750415518154 0.000000000000000000 0.406962487361658021 682990.000000000000000000
-2.196169625211589871 -3.910820101466066401 0.000000000000000000 0.011653442921934732 685402.000000000000000000
-3.400815909336096343 -2.754971255724594226 0.000000000000000000 0.286883256274220899 686598.000000000000000000
-0.577829069425063624 -3.103785894327504291 0.000000000000000000 0.330632022946173443 0.000000000000000000
-1.653448613001841538 -3.460771305673540965 0.000000000000000000 0.132169269596865480 500206.497741795494221151
-3.051796905357854417 -4.658700066420065511 0.000000000000000000 0.196786914408318303 321886.278852928837295622
-3.434221659353679623 -4.976645446361445124 0.000000000000000000 0.285182636890813357 104229.750824402348371223
-1.915433496231548016 -1.432637260320472006 0.000000000000000000 0.441919314427357712 0.000000000000000000
-1.032007621205470960 -6.209239842378419638 0.000000000000000000 0.467339951740214865 682464.000000000000000000
-1.600821057834925121 -2.502700086901485932 0.000000000000000000 0.273507389041307392 686274.000000000000000000
-2.372561343772064291 -1.752081192214147931 0.000000000000000000 0.381282369289283163 0.000000000000000000
-3.043788056484738380 -5.452872392319287442 0.000000000000000000 0.311448666802946028 551681.267614058568142354
-3.702718753742792579 -4.684373195920464639 0.000000000000000000 0.293695536611084940 682230.000000000000000000
3.348523302745737062 0.799873466679816070 0.000000000000000000 0.251770310777157946 762321.000000000000000000
5.824799635640195206 -1.983973243142996168 0.000000000000000000 0.422560041035411005 53271.526372652748250403
6.088403310968866222 0.007326832431202577 0.000000000000000000 0.280572436044427942 759878.000000000000000000
6.092921372999587248 -0.305252393017927282 0.000000000000000000 0.286541115590268125 0.000000000000000000
5.797616190021020799 0.238253319501408323 0.000000000000000000 0.232622022549551027 0.000000000000000000
5.042550750900187673 1.040894048445534903 0.000000000000000000 0.207475672498148300 0.000000000000000000
4.703447283491109410 1.665101027990257387 0.000000000000000000 0.297721239826685635 758197.000000000000000000
2.477169403251107571 -0.501837785878460396 0.000000000000000000 0.373850989481704976 762316.000000000000000000
5.253850034247746770 -1.389867997170717739 0.000000000000000000 0.279811367714075887 758902.000000000000000000
2.669408637073741541 -0.535273245017870769 0.000000000000000000 0.342287401479798192 762490.000000000000000000
4.041832064272502301 -0.004489937372521594 0.000000000000000000 0.084193166039697856 0.000000000000000000
5.515099277253300514 0.379572174322642120 0.000000000000000000 0.190698650763693939 759701.000000000000000000
5.178716586011742784 -1.918992042024489919 0.000000000000000000 0.360776334323764047 0.000000000000000000
4.459913728983386783 -1.429099791891064841 0.000000000000000000 0.254108872873318736 759222.000000000000000000
2.243184576719049694 -1.208461399896091359 0.000000000000000000 0.458274667018181925 0.000000000000000000
10.449775980738625236 10.722758258035272050 0.000000000331025132 0.346749520459297800 2634.545443175781201717
8.046985742339805014 8.279145859130808915 0.000000000909487894 0.417028993520847935 843901.000000000000000000
10.130731347461578551 8.476410151076363420 0.000000000072940462 0.060570125019146021 121163.878681766742374748
9.810891848296158457 10.835865674451474305 0.000000000016826579 0.378361699443237609 362427.338701171567663550
12.654446622705831871 9.698515627646765225 0.000000000380653165 0.444568952770067916 843925.000000000000000000
11.090846505103835185 9.397476547686640203 0.000000000734912036 0.175564511326708556 0.000000000000000000
8.506188177864656197 10.576175509719218937 0.000000000453530800 0.458478975837384506 842729.000000000000000000
8.502085888770913868 8.551300903857143254 0.000000000507478049 0.329509999004120757 0.000000000000000000
11.782768401172514672 7.519780551588159057 0.000000000002875638 0.335015365090436723 284913.096227101457770914
10.347895004155743592 10.684262451414273443 0.000000000388382035 0.339512451105659807 842146.000000000000000000
12.592099603724610901 7.636857048898961331 0.000000000416858396 0.445764704111973498 0.000000000000000000
11.263383617809536119 9.364393350194157861 0.000000000895665450 0.196730211677010713 0.000000000000000000
8.210716226188770506 9.668127735273863266 0.000000000272681788 0.412670673609230876 0.000000000000000000
12.801911998208145960 7.839205620843719302 0.000000000306245176 0.466504829587040315 843970.000000000000000000
10.730785101308514484 9.600733406898241284 0.000000000097205578 0.164829113218214696 845780.000000000000000000
0.368664448931577349 13.137401963032701246 0.000000000000000000 0.351201162657457377 0.000000000000000000
2.828623402421378774 11.776824333686301216 0.000000000000000000 0.281199434813957427 0.000000000000000000
3.156844100948357212 11.209394552059723793 0.000000000000000000 0.396125458370180206 0.000000000000000000
1.895344111482291982 12.696338428352090588 0.000000000000000000 0.129643022950600123 925400.000000000000000000
0.750217002301424518 12.905853742335162693 0.000000000000000000 0.289956346309599877 920824.000000000000000000
0.870114971506592672 14.666086523667908992 0.000000000000000000 0.359662976684146596 0.000000000000000000
4.861289778499747527 13.265069440990478356 0.000000000000000000 0.450342394396233303 459313.043671181541867554
4.253072722074611178 14.097606622996437409 0.000000000000000000 0.371838149707493626 921550.000000000000000000
1.282503812389345299 14.657611979086082599 0.000000000000000000 0.309270129373099056 392178.886358067335095257
2.784884677321518343 15.431400041773558840 0.000000000000000000 0.391930785868025433 925771.000000000000000000
3.149751893796417956 13.127668122211373358 0.000000000000000000 0.147731406299524942 722004.351038821740075946
1.718485711956680984 12.043663337833974580 0.000000000000000000 0.245523883803792697 924927.000000000000000000
1.219115372955509313 14.060052398367369975 0.000000000000000000 0.242854440674909078 922673.000000000000000000
2.279549613501442806 13.720069654998498621 0.000000000000000000 0.079556616903012384 0.000000000000000000
1.897685444989256176 14.941862031622937579 0.000000000000000000 0.306604067738464325 925499.000000000000000000
-9.161295508430562506 11.217389164009242464 0.000000000568657262 0.441836400003473240 0.000000000000000000
-6.972143798768861700 12.972552818122055740 0.000000000374865871 0.225970702863877160 0.000000000000000000
-6.769859253389328479 13.424391136263967184 0.000000000150776908 0.301982381464652450 0.000000000000000000
-7.553770354883140747 9.707654712906100158 0.000000000183544376 0.384575804062147419 1736582.000000000000000000
-7.493821164172711491 13.308156540082478614 0.000000000677359628 0.312160753217835651 1725023.000000000000000000
-6.937372411761751678 13.039778511164930919 0.000000000815117869 0.236635086148668905 0.000000000000000000
-8.839237769308853743 10.721193703519750429 0.000000000112810687 0.414745478521262922 1675916.000000000000000000
-5.549781946674367639 12.065293874191644008 0.000000000133395836 0.219549627553455723 279769.403587532171513885
-6.772220248584173596 10.712594037933646618 0.000000000461758556 0.178210036305646663 0.000000000000000000
-6.359353031979654958 11.158059326830121805 0.000000000436648714 0.119474758941707795 1757931.000000000000000000
-7.023472986128862061 11.822475726806686680 0.000000000160808840 0.055038714594234858 0.000000000000000000
-6.556591647955776203 9.330653332905257002 0.000000000594605409 0.423891331700080087 0.000000000000000000
-7.094345228446282015 14.004610745091429891 0.000000000161787370 0.409563275831397899 1696597.000000000000000000
-4.702935113718917037 10.886371740524456442 0.000000000172506726 0.390645972949824394 975850.462360705249011517
-7.525922174752048832 11.754045592674895460 0.000000000258069627 0.141574468698581452 1721001.000000000000000000
-12.929376845032980015 7.013750422868052503 0.000000000000000000 0.407671193100124396 1076971.000000000000000000
-11.554768280783196843 3.492423681287963877 0.000000000000000000 0.292162972470037585 0.000000000000000000
-12.294396078428052377 2.597244374967065283 0.000000000000000000 0.369804646736808018 1117479.000000000000000000
-12.710094647296079629 5.760802760053940652 0.000000000000000000 0.188177182615342609 1079798.000000000000000000
-13.528320616485284944 5.805308806830450585 0.000000000000000000 0.243667933989162089 0.000000000000000000
-14.569869351283458059 5.956228670982600448 0.000000000000000000 0.398136438802705606 1033632.000000000000000000
-11.078143612414374175 4.845267422161733784 0.000000000000000000 0.292872115221725737 0.000000000000000000
-13.116119815136517701 6.954890853655404825 0.000000000000000000 0.401940213320714501 1093467.000000000000000000
-14.295487066185497582 6.325594376448539613 0.000000000000000000 0.401291124950130917 1059979.000000000000000000
-13.312398407159546920 2.170293002454365183 0.000000000000000000 0.448511623490771560 0.000000000000000000
-13.183692632405950462 4.982849141801630743 0.000000000000000000 0.099149651360412192 1047689.000000000000000000
-10.518806316711636129 4.761272971615138516 0.000000000000000000 0.391377445106022903 0.000000000000000000
-13.854425346308442357 6.486341384600758708 0.000000000000000000 0.373805875571370960 1106593.000000000000000000
-11.001091370406500758 3.645819161350706494 0.000000000000000000 0.354365886086848436 0.000000000000000000
-12.865024631481668749 6.428998485493785608 0.000000000000000000 0.305467673945958862 1132518.000000000000000000
-14.318433159639074148 -6.553128674934230347 0.000000000000000000 0.432909911230099420 0.000000000000000000
-12.005865206435961667 -5.101114630773029290 0.000000000000000000 0.145961688449995880 758196.000000000000000000
-12.385766092866296262 -5.828554797825141520 0.000000000000000000 0.208416529471737444 759919.000000000000000000
-14.452078661595519904 -3.225883051429306203 0.000000000000000000 0.399291063317858019 762914.000000000000000000
-14.740938554245424541 -5.123033043238369721 0.000000000000000000 0.369566730488910478 766609.000000000000000000
-12.315558749624280210 -4.746273395712030663 0.000000000000000000 0.071834723603029615 763256.000000000000000000
-13.452889244155347370 -6.021992329114120857 0.000000000000000000 0.267941406325914067 765244.000000000000000000
-10.833888327501673743 -5.058052351323457430 0.000000000000000000 0.341438335728519837 0.000000000000000000
-12.944982494166790588 -5.080165303869124571 0.000000000000000000 0.081114385812301334 250889.481002431333763525
-12.615538390841773975 -6.655906577578674543 0.000000000000000000 0.344310819393774226 763811.000000000000000000
-12.176353448946059643 -4.485572602670341524 0.000000000000000000 0.101407121458457067 759405.000000000000000000
-13.140376361686680440 -3.617057062501959575 0.000000000000000000 0.199542853375127976 0.000000000000000000
-14.453782872436331530 -5.928312656834572536 0.000000000000000000 0.378354720521229093 761131.000000000000000000
-12.727058511269309093 -3.020284657864745981 0.000000000000000000 0.288356749607442620 0.000000000000000000
-13.465823958268142491 -2.164910206477376420 0.000000000000000000 0.456561282424251147 762976.000000000000000000
-4.301204810943590751 -12.688772046763068246 0.000000000502299638 0.466198934130806597 0.000000000000000000
-5.399357643942858331 -12.421484626469547763 0.000000000176026774 0.268261773411393067 0.000000000000000000
-8.818555136858124754 -10.679277196777130499 0.000000000742437239 0.414635542259079337 0.000000000000000000
-5.826072786056022856 -11.418439508413992911 0.000000000900082229 0.170068117971642535 0.000000000000000000
-8.180456802448695441 -13.466787167129698588 0.000000000842912088 0.402540227535054307 0.000000000000000000
-6.841967178106651559 -13.163815708983321429 0.000000000884741678 0.256516914131760532 0.000000000000000000
-5.291173394072774983 -13.792220694480553433 0.000000000855679549 0.448370422715703265 0.000000000000000000
-6.268864968013795114 -10.038051707810490498 0.000000000820658039 0.308856528473857472 0.000000000000000000
-6.647177764448569448 -9.183421365234883282 0.000000000241232309 0.449006291793209444 0.000000000000000000
-7.612663554774820263 -9.261155828693064862 0.000000000895543598 0.461992698657010092 0.000000000000000000
-5.942700909434504908 -13.761143945389513021 0.000000000816171071 0.388206770135732404 0.000000000000000000
-5.406491778573526474 -13.328121988037183954 0.000000000254535543 0.370406297854293964 0.000000000000000000
-8.112668502258630454 -10.242303230943386794 0.000000000825547029 0.358599440620401111 0.000000000000000000
-8.287963509103326132 -13.257959171895775441 0.000000000362015260 0.388381951185790830 0.000000000000000000
-5.811026782308593042 -12.292465946597793902 0.000000000171436259 0.193140468133969262 0.000000000000000000
0.247481227032185669 -13.457143929682224837 0.000000000000000000 0.373303792921232891 0.000000000000000000
3.510811480897848114 -12.342450320111252537 0.000000000000000000 0.267612123957098269 0.000000000000000000
3.528899677664537826 -13.562148464699316008 0.000000000000000000 0.218879397403933751 165063.556203933578217402
1.219697151738491581 -14.088371712700627825 0.000000000000000000 0.245703661398509021 1433583.650185429491102695
2.665152063226734480 -14.595970484616310969 0.000000000000000000 0.242186943694048445 1216885.509253169642761350
1.747892492382248086 -15.609309074656685823 0.000000000000000000 0.428380900653943131 1599396.000000000000000000
0.000097008800336458 -13.664932599479024944 0.000000000000000000 0.421708408524734513 1680500.000000000000000000
3.539936419484955632 -15.478050892313616416 0.000000000000000000 0.446830263656128546 0.000000000000000000
4.627041332018208664 -13.930493417817542579 0.000000000000000000 0.424821871545380592 0.000000000000000000
1.872043302721131397 -14.582603718856526953 0.000000000000000000 0.246747799126178918 0.000000000000000000
2.199357731137776995 -12.809440876209487570 0.000000000000000000 0.086625642943028353 894080.540594755671918392
3.319576124780421189 -14.218915608703875719 0.000000000000000000 0.242821687448735279 1658468.000000000000000000
0.391875327859048439 -11.750828330045909098 0.000000000000000000 0.440153852350126884 0.000000000000000000
0.025388936386153409 -12.223205526039281565 0.000000000000000000 0.452271364361614359 0.000000000000000000
3.440516568806717856 -11.756619983161009202 0.000000000000000000 0.334770422196133899 0.000000000000000000
9.390022278642192077 -9.405523557364794840 0.000000000000000000 0.205038657055533424 1831315.000000000000000000
9.850706483120344359 -6.534872357511021690 0.000000000000000000 0.398037837652429394 1830582.000000000000000000
8.170088339075826767 -8.886312570422541413 0.000000000000000000 0.387619602053715373 0.000000000000000000
8.627544538227004622 -8.982506517200521401 0.000000000000000000 0.308102191550754578 1817727.000000000000000000
10.437197189545909026 -10.587747879304735932 0.000000000000000000 0.323002284960243691 1781525.000000000000000000
9.563978629371792550 -7.938007491054855258 0.000000000000000000 0.198452265165680625 1817590.000000000000000000
8.944551216939611749 -7.093159938705315248 0.000000000000000000 0.382701445626486281 1787637.000000000000000000
12.652192800735781120 -9.187182030547035083 0.000000000000000000 0.419093793284744942 0.000000000000000000
10.422452222920409071 -10.815900114395750720 0.000000000000000000 0.362839000426121272 0.000000000000000000
10.865366435460064309 -10.860701421013231993 0.000000000000000000 0.381767874466950152 1194168.445606636581942439
11.274211232159270679 -6.361639257683907367 0.000000000000000000 0.449694542533752462 0.000000000000000000
9.309227081518866243 -6.479072881509146065 0.000000000000000000 0.438809551659439245 1452711.932904721237719059
10.714685794057213997 -10.402836410805846867 0.000000000000000000 0.297564617738821091 1792361.000000000000000000
11.358093338867455202 -9.067090816261490716 0.000000000000000000 0.189774423399675068 1800833.000000000000000000
10.034462811898345436 -7.107709920436365181 0.000000000000000000 0.292882173729755391 0.000000000000000000
12.441891804486177264 -0.703293322488276251 0.000000000000000000 0.230896296789243588 0.000000000000000000
15.513142752230901777 -0.387541596353178475 0.000000000000000000 0.357835688832493448 264939.628579429641831666
11.677192952791216385 0.397517425706104488 0.000000000000000000 0.339354415544171284 0.000000000000000000
12.334234556017447559 -2.224985958037517086 0.000000000000000000 0.442338083988840003 605899.000000000000000000
14.000718922280523060 2.249429206039069040 0.000000000000000000 0.397956797176895027 602495.000000000000000000
15.828968611795751542 -0.153634484370997387 0.000000000000000000 0.408683608236811602 0.000000000000000000
13.396693832818925785 0.048333221521597781 0.000000000000000000 0.027068837191294635 606140.000000000000000000
11.574212234596185311 -0.751134899310208604 0.000000000000000000 0.374149103027745844 0.000000000000000000
13.224215900802269275 1.717948486784804496 0.000000000000000000 0.303221469128417853 601100.000000000000000000
12.701130001028579031 2.524353315684930266 0.000000000000000000 0.463061796770570744 600202.000000000000000000
11.959322540013861413 -1.761593999003208566 0.000000000000000000 0.416259183427427182 0.000000000000000000
12.928924421989808735 -1.978531097388812388 0.000000000000000000 0.360226478645286452 600971.000000000000000000
11.932318159218885611 1.219848627040146294 0.000000000000000000 0.356661239319595536 0.000000000000000000
14.509911309756327924 0.748715491386014786 0.000000000000000000 0.215855005528960531 207826.736110692232614383
11.559218939421377570 0.301902807375474480 0.000000000000000000 0.357145055247173215 606218.000000000000000000
