-4.715346995844201139 3.234660793045287974 0.000000000000000000 0.453152758978063619 0.000000000000000000
-2.237516208603666179 2.438474391731793922 0.000000000000000000 0.258558348999977428 846652.000000000000000000
-1.676455237703115442 5.394370910775029060 0.000000000000000000 0.287284368255893596 844856.000000000000000000
0.247249222548331982 3.908340737903522655 0.000000000000000000 0.446517397752505318 846036.000000000000000000
-1.561697028848285873 3.714288196743898318 0.000000000000000000 0.128033242616376552 842493.000000000000000000
-3.112972693482400466 4.694276232097871926 0.000000000000000000 0.209046150226944005 841225.000000000000000000
-2.882114049746599793 2.812479497014279239 0.000000000000000000 0.221772432136901954 605482.623787749907933176
-3.917308895059250062 2.913617683815801662 0.000000000000000000 0.342974613859009902 0.000000000000000000
-2.712630033149417308 3.027221249352928911 0.000000000000000000 0.173696667707459701 839992.000000000000000000
-3.688737360598775439 6.047561034874746611 0.000000000000000000 0.460874937127275730 838066.000000000000000000
-4.356024750407076596 4.032848460759453246 0.000000000000000000 0.374731036648595861 846881.000000000000000000
-1.612568092117853569 4.860278410487412160 0.000000000000000000 0.207606285262694340 838357.000000000000000000
-0.907927579420927611 2.625186826796235273 0.000000000000000000 0.329694441970756313 841744.000000000000000000
-3.599355444317906993 1.810438131004836970 0.000000000000000000 0.440607815947481773 844488.000000000000000000
-1.823000604257447144 5.728887024025639541 0.000000000000000000 0.336546026797382047 0.000000000000000000
-3.159931199956024894 -5.424077080938853435 0.000000000000000000 0.316845417362567661 683209.000000000000000000
-0.356526572571753353 -3.597025792181234749 0.000000000000000000 0.342920159758905108 683084.000000000000000000
-3.906721317611772548 -3.351968187300941260 0.000000000000000000 0.309020100493489769 0.000000000000000000
-2.109839321502673393 -5.932315886495280743 0.000000000000000000 0.364641859655473521 681543.000000000000000000
-2.397267352117880002 -4.614201184220216412 0.000000000000000000 0.131294554710627120 23278.650718555567436852
-2.557638534497532756 -4.326103218871065081 0.000000000000000000 0.094199597404036689 0.000000000000000000
-2.928795739516958374 -6.396256936986031150 0.000000000000000000 0.461880243077183672 678241.000000000000000000
-0.690910652127817881 -4.916250035950696429 0.000000000000000000 0.333824481230095504 0.000000000000000000
-0.763062729914204652 -4.860993744051537391 0.000000000000000000 0.317676789955666672 163200.044422130042221397
-2.149460552452622242 -1.489190976216011819 0.000000000000000000 0.428014415058943276 0.000000000000000000
-2.938511559983974841 -6.377069535051704818 0.000000000000000000 0.459034633034928918 0.000000000000000000
-2.338631060381552995 -3.607814026756023917 0.000000000000000000 0.052289340866832984 634351.809528001234866679
-3.645692805424365801 -5.032909120840761474 0.000000000000000000 0.320175006473924773 0.000000000000000000
-4.058662218458458426 -2.976769280429523157 0.000000000000000000 0.359693061475032605 676965.000000000000000000
-2.825606713458645558 -2.726901074381261836 0.000000000000000000 0.230490772319781906 680904.000000000000000000
5.251336181111036616 -2.191085413072485277 0.000000000000000000 0.410654764671859018 764362.000000000000000000
5.063188252053858029 -0.946066676269747608 0.000000000000000000 0.194442975346936747 0.000000000000000000
5.128507467337990455 -1.627252733082787506 0.000000000000000000 0.309035618727621419 0.000000000000000000
4.629526813640920224 2.567058470743303289 0.000000000000000000 0.456495643362767323 765711.000000000000000000
5.679246547325788264 -2.068257139363852914 0.000000000000000000 0.421785487596341657 759409.000000000000000000
4.576371663871059425 2.390785009173403530 0.000000000000000000 0.424884183324143294 470881.680648698704317212
5.547051527718716457 1.587147595542913514 0.000000000000000000 0.336575556901968997 29499.508510409123118734
6.025199194739908393 -1.078251485374075891 0.000000000000000000 0.330361926630516112 764498.000000000000000000
6.078823885292466755 -0.586809500793722072 0.000000000000000000 0.297670144628541578 0.000000000000000000
4.729677193614973518 0.140112028990722670 0.000000000000000000 0.045768013543369672 0.000000000000000000
3.538389783956092494 2.069974877826225246 0.000000000000000000 0.407014875122769737 765845.000000000000000000
4.527346185929556732 2.016063462544918305 0.000000000000000000 0.358196929816014253 756946.000000000000000000
4.443355955484096675 2.202306054963013793 0.000000000000000000 0.391499652753862504 761175.000000000000000000
6.665783191801906149 -1.013869296954409416 0.000000000000000000 0.423526657436549381 732901.679889134247787297
3.630143321367452991 -0.581594862391163425 0.000000000000000000 0.188458621148838518 758723.000000000000000000
10.365007496867375991 11.432293531410806509 0.000000000793899837 0.470652614334393260 838102.000000000000000000
11.418015729365937005 11.012750447710404345 0.000000000793055149 0.440460945830488559 0.000000000000000000
9.571388272449814494 6.808073356665195419 0.000000000003106395 0.367113139262613408 838399.000000000000000000
10.004748643430593447 10.548189882086830949 0.000000000509941665 0.321445482160542417 842970.000000000000000000
10.313815554404520469 7.770434278369653391 0.000000000883025516 0.171488697023618436 0.000000000000000000
11.201273893188783859 10.334943724450914360 0.000000000253680716 0.317409794392594258 846738.000000000000000000
11.025353868700445759 7.242435306454275690 0.000000000076420788 0.290576703573117545 0.000000000000000000
12.532992990496767405 9.937667843052125249 0.000000000850179881 0.442589487131179349 0.000000000000000000
9.883158479900892246 6.742311356120674226 0.000000000192042856 0.361251271790903605 845537.000000000000000000
11.018264581507320798 7.942294455723799551 0.000000000651181807 0.185759705708585882 845447.000000000000000000
8.747121076812423013 7.231654478359166305 0.000000000373136714 0.389473393990439176 0.000000000000000000
10.145583298398317851 10.587026825171925282 0.000000000603372536 0.324432238186724398 839939.000000000000000000
9.881376496439596480 9.424508678839549347 0.000000000781774820 0.144199332965116861 838062.000000000000000000
9.822408862532030938 8.381263052514359657 0.000000000556383824 0.112576280504174134 0.000000000000000000
9.708720188749863311 8.319269087997231082 0.000000000906734834 0.135455342565088871 842943.000000000000000000
3.369470312058794548 14.317131714728686731 0.000000000000000000 0.261404522695039609 923081.000000000000000000
4.129204245418189423 11.503338815724106325 0.000000000000000000 0.449301509726646675 920233.000000000000000000
-0.217396892161601213 13.434602843812008643 0.000000000000000000 0.455620560769212757 923353.000000000000000000
3.143793570387261926 10.737641309797053779 0.000000000000000000 0.474432791861954362 926228.000000000000000000
2.290339502126443882 12.572261404802038243 0.000000000000000000 0.125697446698180643 0.000000000000000000
3.677156936890284555 14.466759012362764736 0.000000000000000000 0.319579314747290344 920721.000000000000000000
1.389771397914419060 12.075624388856967428 0.000000000000000000 0.272239218547208173 924996.000000000000000000
4.653333392770838906 13.769216949032440311 0.000000000000000000 0.422463842971587955 927162.000000000000000000
1.030865751114600881 13.332265255596110975 0.000000000000000000 0.232524719429032606 920950.000000000000000000
3.636232267195297574 12.199742715496929790 0.000000000000000000 0.300959446454920843 0.000000000000000000
3.529766236104152188 12.587747194133891426 0.000000000000000000 0.245825871465095103 161995.642648029577685520
2.235888257645693322 10.707632913163616095 0.000000000000000000 0.457814266533713876 919694.000000000000000000
0.046958063186335164 13.910055214308176375 0.000000000000000000 0.422974777652998957 32017.725586227425083052
2.037096407473858672 13.301810706590742939 0.000000000000000000 0.053167489916095080 924525.000000000000000000
2.944921694483476848 11.882366760816374551 0.000000000000000000 0.271046328668171244 926469.000000000000000000
-5.247387766308466261 10.776108110025923281 0.000000000543643699 0.312985857073053320 0.000000000000000000
-7.994520743677630215 9.953873852448248627 0.000000000146290735 0.384575566634943522 1685512.000000000000000000
-5.654845001736465981 9.425770201599487308 0.000000000797557865 0.449344752038531414 1761098.000000000000000000
-5.954067167643994019 14.023884001215675355 0.000000000834301024 0.431242498305448474 1612387.681475113146007061
-6.286666458240868671 9.453255278213747559 0.000000000754759596 0.408928311142544409 1699561.000000000000000000
-5.835661342399867557 13.208841218448677424 0.000000000096658396 0.308607907770335532 0.000000000000000000
-5.955321207169856024 11.527820863003151786 0.000000000534909057 0.142567483779482002 1742387.000000000000000000
-5.421188948861986212 12.396145818558908402 0.000000000386744730 0.262738735671178558 0.000000000000000000
-7.611330126394131312 14.119998966784530481 0.000000000373750411 0.452592033587249476 0.000000000000000000
-5.716307069036246524 11.161240186895270199 0.000000000015920217 0.206278952127631532 1761867.000000000000000000
-6.067587970439250356 12.655643641510330610 0.000000000702023432 0.203922502357995056 852805.099993801093660295
-5.826842157800944833 9.345779493017669637 0.000000000224934576 0.450262817068086629 1696316.000000000000000000
-6.232089258263664000 12.021671313039618667 0.000000000270317368 0.104076557759459953 0.000000000000000000
-7.342965865238454626 13.821733384103422893 0.000000000447990484 0.387588734098091359 488517.419671452429611236
-7.204599404544038244 14.243982398767027320 0.000000000576159056 0.454598823882451819 1691067.000000000000000000
-13.411295396156081239 3.429997065089035679 0.000000000000000000 0.249995280054578717 1085988.000000000000000000
-10.169603499335400087 4.489565069439857226 0.000000000000000000 0.454541125799390822 1035762.000000000000000000
-10.191111610519874020 5.292004557760134453 0.000000000000000000 0.462096810181786721 0.000000000000000000
-13.460815609114270330 6.477743755875702725 0.000000000000000000 0.339608073205843353 1034789.000000000000000000
-11.614472567845432138 4.544013931102529824 0.000000000000000000 0.197232242477055814 1082373.000000000000000000
-13.426289426115358694 5.237210120680811265 0.000000000000000000 0.159907590671550970 0.000000000000000000
-13.424538342952789804 4.739459800803082601 0.000000000000000000 0.127260949287301611 1058777.000000000000000000
-11.530822953785925478 4.221716662480873516 0.000000000000000000 0.225283337020020652 1086969.000000000000000000
-10.378030632357219787 3.375162162785796394 0.000000000000000000 0.474357518721143900 1079213.258116704877465963
-14.274911947863220263 4.885214927423377596 0.000000000000000000 0.280696581616593166 1083763.000000000000000000
-11.721273164205355144 7.137897735145043221 0.000000000000000000 0.463441208880102429 1130340.000000000000000000
-12.696002367547963630 6.573138149004077668 0.000000000000000000 0.329441144576005651 0.000000000000000000
-14.215347093710414939 6.735350899552064341 0.000000000000000000 0.445871002826503049 1098080.000000000000000000
-10.402217402340049546 5.663513410087455568 0.000000000000000000 0.446341707014601852 1098554.000000000000000000
-12.520367282569491607 2.109866049856260695 0.000000000000000000 0.448117284598860521 0.000000000000000000
-13.301074689029958265 -7.351593942702329798 0.000000000000000000 0.475885054369740490 763796.000000000000000000
-10.561790516401215356 -3.789546318115386558 0.000000000000000000 0.413664753851247180 0.000000000000000000
-14.175541976153750667 -2.481169569343182779 0.000000000000000000 0.461585214479012018 759596.000000000000000000
-14.998187285996271711 -4.474200634366433782 0.000000000000000000 0.408850604725680411 766701.000000000000000000
-10.392022371595535546 -3.858258852563288155 0.000000000000000000 0.437798920155717419 762778.000000000000000000
-13.741272169574900275 -4.866023124397261590 0.000000000000000000 0.186143971009438136 758432.000000000000000000
-14.643424338697260012 -5.936412633716516396 0.000000000000000000 0.407234420066690916 757604.000000000000000000
-12.419988324148699022 -2.515739980099771511 0.000000000000000000 0.379896276603986172 759830.000000000000000000
-13.799089358947696837 -5.619294861326849855 0.000000000000000000 0.253204375918008873 766735.000000000000000000
-14.122081561258870153 -2.902426155305180000 0.000000000000000000 0.397379862007384954 747058.544397033634595573
-13.261821626940330177 -3.169672300269480214 0.000000000000000000 0.279750069251190503 764914.000000000000000000
-11.220426816086579436 -4.670246944104604836 0.000000000000000000 0.266071076042387111 757116.000000000000000000
-14.555988601284948203 -2.769447024321511019 0.000000000000000000 0.466110853827024607 0.000000000000000000
-11.546589489773408488 -3.913219890488021324 0.000000000000000000 0.247035781557326528 290989.105812154302839190
-11.794322297139350653 -6.016773994180950602 0.000000000000000000 0.284869444784177361 0.000000000000000000
-7.000681336136203470 -9.607442688680773557 0.000000000265103872 0.376617346091995153 0.000000000000000000
-5.628057656724616997 -13.382705817399713766 0.000000000670796763 0.354508193080618483 0.000000000000000000
-7.452621971814774149 -13.082321185194778934 0.000000000091333508 0.273224068134726883 0.000000000000000000
-7.161726792580094703 -13.678304640442194184 0.000000000224807490 0.355044804590429919 0.000000000000000000
-6.796646260407699813 -9.753227809325638376 0.000000000866746812 0.348039370026345662 0.000000000000000000
-8.344994008777382177 -9.798460128574840056 0.000000000580927824 0.444622912570189988 0.000000000000000000
-7.870796896973212498 -9.363222388127587337 0.000000000433261359 0.463171641647183330 0.000000000000000000
-8.614099858240473750 -10.686444022987478419 0.000000000834534294 0.381721073540534861 0.000000000000000000
-7.700656566317057639 -13.805153301123912257 0.000000000923989655 0.407283716043705390 0.000000000000000000
-4.911766710276844528 -11.140353752201033188 0.000000000204774396 0.340296460336268591 0.000000000000000000
-4.925071448408603558 -12.283052127765170525 0.000000000909068537 0.337298602877214637 0.000000000000000000
-8.197663785885870524 -10.233346324604209343 0.000000000882296315 0.370256653726324825 0.000000000000000000
-6.157044901221151889 -11.787616471399681828 0.000000000260367102 0.103273856665258498 0.000000000000000000
-5.687527187624575653 -12.593235532361292783 0.000000000159686605 0.242270869674837075 0.000000000000000000
-7.738359355277258267 -13.811325429189064806 0.000000000284577804 0.411143010609403614 0.000000000000000000
2.110975158335984592 -13.853483379800421105 0.000000000000000000 0.110164718626479669 0.000000000000000000
3.588348461691830860 -14.784331532699489742 0.000000000000000000 0.349206209192303774 611397.751726979855448008
2.454931676003687446 -11.871757135057009691 0.000000000000000000 0.251102130076718277 0.000000000000000000
0.893990580591027539 -15.312978571432651620 0.000000000000000000 0.444371660373648225 0.000000000000000000
3.796078795590822619 -13.510121903003433630 0.000000000000000000 0.263808533539870271 0.000000000000000000
1.079494760625918648 -12.995728412411038377 0.000000000000000000 0.229180565935079350 1651897.000000000000000000
1.345617463515274670 -15.324539895970914927 0.000000000000000000 0.405093063856127089 1660924.000000000000000000
1.704603239379308688 -13.118180568106183159 0.000000000000000000 0.115736819870802879 1657795.000000000000000000
4.067616113611828510 -14.894010596943484614 0.000000000000000000 0.422168958664065508 1618391.000000000000000000
3.841736847708474567 -12.622428429836663355 0.000000000000000000 0.292800462332648115 1608253.000000000000000000
3.973271667743364599 -14.020853960345586842 0.000000000000000000 0.320706579053513352 0.000000000000000000
4.794957549961385901 -13.243608883242860230 0.000000000000000000 0.438557981491346338 1642426.000000000000000000
3.508974689380885525 -14.901093609211681468 0.000000000000000000 0.356947840452448706 1212009.445128028746694326
-0.079127237047929719 -14.277485628710204324 0.000000000000000000 0.465600592869024776 1672070.000000000000000000
3.310642993670903422 -12.370088000661745298 0.000000000000000000 0.237323358520365013 0.000000000000000000
10.835656804522681540 -8.140187315747732910 0.000000000000000000 0.138303416461854733 1851836.000000000000000000
10.641467436700207116 -6.792778973806404608 0.000000000000000000 0.346838184803937188 945016.326603873982094228
10.548765971850611933 -9.223218524858477707 0.000000000000000000 0.091195981617103766 0.000000000000000000
11.317559372502193682 -10.272748467482163193 0.000000000000000000 0.318710498895535377 1786321.000000000000000000
9.953940023177255014 -7.153665552284168783 0.000000000000000000 0.288092389469140175 1823965.000000000000000000
7.763512147625007742 -8.382104643746975725 0.000000000000000000 0.463795445865727018 1800351.000000000000000000
8.361168682761297433 -9.423505820289113544 0.000000000000000000 0.372264218640382671 1826818.000000000000000000
10.867442580800320329 -8.149080182302771647 0.000000000000000000 0.140816450301165103 0.000000000000000000
8.918366816475892023 -8.922401731390381840 0.000000000000000000 0.255346336779867178 1811239.000000000000000000
11.267040946327787410 -6.534741875497049435 0.000000000000000000 0.421196815900306720 95677.131424139457521960
9.766572213103708933 -8.850259196064428124 0.000000000000000000 0.103881466245625526 0.000000000000000000
10.401447822886074945 -10.568448642763371481 0.000000000000000000 0.319362345783795243 1782975.000000000000000000
8.910251155750572138 -10.827569567606401435 0.000000000000000000 0.445551512360133239 1766292.000000000000000000
9.285553318477898443 -6.404449707492234189 0.000000000000000000 0.452489961315391764 1825670.000000000000000000
11.614567374135987166 -6.478686357164199272 0.000000000000000000 0.457393351820739202 0.000000000000000000
13.150613392320655848 1.933652206596530476 0.000000000000000000 0.342512665529310811 601062.000000000000000000
14.472456633585776942 2.074306425919357544 0.000000000000000000 0.395299893260055435 479962.637816673202905804
15.067351904191665923 -1.041984271306290122 0.000000000000000000 0.326209311794268320 61361.737420279525395017
12.916173737501798868 1.158800124385377828 0.000000000000000000 0.229874546804448410 602840.000000000000000000
15.304567134144084761 -1.200647908022200561 0.000000000000000000 0.376529490317847937 0.000000000000000000
15.941503899033897085 0.523181882614172533 0.000000000000000000 0.437279708718885496 0.000000000000000000
12.392682761298578598 1.668826844084128957 0.000000000000000000 0.354866225723161566 597194.000000000000000000
15.016268359240037000 1.167936120819318413 0.000000000000000000 0.331441434416526348 562579.328135606716386974
14.829158956725690288 2.065848850498885447 0.000000000000000000 0.424457492870407904 596934.000000000000000000
13.049955513010768726 -2.666038880585153148 0.000000000000000000 0.470671080089481997 606180.000000000000000000
14.172691629172550876 -1.458981085965199487 0.000000000000000000 0.276467346460836372 0.000000000000000000
14.506378018655885498 -1.773321586727702348 0.000000000000000000 0.351649124939653945 0.000000000000000000
11.576166750010910889 0.372842272602053215 0.000000000000000000 0.356196699004995843 0.000000000000000000
12.167422942857479384 -1.141561288204674618 0.000000000000000000 0.315133005717709302 597118.000000000000000000
15.385249395919657900 0.877279935239145270 0.000000000000000000 0.361928830445919059 604573.000000000000000000
