-2.636904412105123274 2.563144047948704873 0.000000000000000000 0.245746327590078806 0.000000000000000000
-1.877990394811460684 3.187390649594684877 0.000000000000000000 0.142343219242767854 844374.000000000000000000
-3.083833496286912279 4.326482531621856253 0.000000000000000000 0.166391718491175622 89829.336791484369314276
-2.455617135912036009 3.242800684406571765 0.000000000000000000 0.120534536914943841 0.000000000000000000
-3.927256298080043173 2.146596136698865287 0.000000000000000000 0.429817905238516929 840184.000000000000000000
-2.451071252031854275 5.588158619621025558 0.000000000000000000 0.304308947668898822 837785.000000000000000000
-0.089029520778688212 2.775807366062557957 0.000000000000000000 0.434583321785397936 838923.000000000000000000
-1.001261186333803455 5.835832913937652577 0.000000000000000000 0.412685532528993204 841229.000000000000000000
-3.312084774196033976 3.584817449788612720 0.000000000000000000 0.195536799746636736 844106.000000000000000000
-1.853298971018901176 4.742414558380544598 0.000000000000000000 0.168075458587893301 843106.000000000000000000
-2.763988499010232136 3.419402675699874550 0.000000000000000000 0.123096561575191055 0.000000000000000000
-3.351203495848951164 3.801857982272725422 0.000000000000000000 0.195434268079564544 0.000000000000000000
-0.306235021689340081 4.113862139794296269 0.000000000000000000 0.350156413860936933 0.000000000000000000
-3.445975389082411855 6.176088388762191350 0.000000000000000000 0.458633629065644366 0.000000000000000000
-3.052843696287512287 4.718150350158510697 0.000000000000000000 0.204416485687296146 846794.000000000000000000
-2.197684807252948680 -2.808804499838695623 0.000000000000000000 0.192888106802855397 352350.837068083346821368
-4.353858840172614819 -3.665295208203894983 0.000000000000000000 0.375621377576898674 679813.000000000000000000
-2.084284853958866979 -3.940279017941086259 0.000000000000000000 0.032258432860614875 679297.000000000000000000
-4.606337146076360689 -3.979958537512434003 0.000000000000000000 0.418778715880267272 679100.000000000000000000
-0.288586343274639945 -2.953983460936688399 0.000000000000000000 0.388635541757297920 0.000000000000000000
-3.653610813593311413 -1.786239929172714014 0.000000000000000000 0.449498299117589484 0.000000000000000000
-3.495501185919562381 -2.300206482501514493 0.000000000000000000 0.358768807024947511 678210.000000000000000000
-2.248298833630793414 -4.985151371781880947 0.000000000000000000 0.195010072477803387 0.000000000000000000
0.010215320014021747 -3.824234057177171575 0.000000000000000000 0.404441224360934493 685860.000000000000000000
-0.865223126159486711 -6.133798533106040729 0.000000000000000000 0.470498043925588638 0.000000000000000000
-1.314554151421405193 -5.714459959404603495 0.000000000000000000 0.365898393963522972 0.000000000000000000
-3.451416408514880185 -4.118156490923001734 0.000000000000000000 0.216497727885336055 685677.000000000000000000
-1.912231641085723188 -1.552108590809841759 0.000000000000000000 0.420944102184545477 422547.661588806193321943
-0.452493465435354791 -5.297002737274291384 0.000000000000000000 0.407895696973557098 678937.000000000000000000
-2.214483148333025841 -4.725712375943265542 0.000000000000000000 0.149005613465067882 0.000000000000000000
6.015682850976969753 0.694844010909479559 0.000000000000000000 0.294652428056680238 760425.000000000000000000
4.834289100124332883 -1.534658737271133555 0.000000000000000000 0.278513224005830007 0.000000000000000000
6.545626911458049868 -1.737191576234350165 0.000000000000000000 0.475412287183969495 760472.000000000000000000
3.708700995468049211 1.761137228038128111 0.000000000000000000 0.344408501080317286 0.000000000000000000
6.639170973658067965 -0.730761065278380473 0.000000000000000000 0.400283145017459874 0.000000000000000000
5.029977807133446888 0.325600413965502877 0.000000000000000000 0.108608085061767418 762585.000000000000000000
4.976969091644022569 1.432815284033261749 0.000000000000000000 0.267523383911502599 762941.000000000000000000
4.748076480080619888 -0.897642556222889465 0.000000000000000000 0.164824263929417569 760665.000000000000000000
4.939948883363006971 1.467125897555105363 0.000000000000000000 0.271415368548141633 761927.000000000000000000
2.898336607011637422 -0.784123992805898284 0.000000000000000000 0.319970264680878913 139636.723022908408893272
5.347430170059207732 0.965380950721353326 0.000000000000000000 0.226804041814181179 761776.000000000000000000
3.232540926448758345 1.134341401256033777 0.000000000000000000 0.304728656123111952 759617.000000000000000000
4.830038595642440313 -1.659826059256932718 0.000000000000000000 0.300166224405185422 0.000000000000000000
4.091063322863825569 1.278293114011262332 0.000000000000000000 0.239374703851014420 759117.000000000000000000
4.122056253255407476 -1.527301196776950087 0.000000000000000000 0.280285024109122483 0.000000000000000000
11.045781938307237979 9.167527907666173093 0.000000000179381575 0.145601506242242829 843845.000000000000000000
11.906923916816696263 7.133210255069362127 0.000000000770119427 0.397100772565018245 0.000000000000000000
8.520071118930992782 10.369318515165394601 0.000000000922363187 0.431898167126812893 728067.982347049633972347
11.218712437243597790 9.709518382493834920 0.000000000233646331 0.229880006462190645 0.000000000000000000
8.635702623868525052 8.112187992469305442 0.000000000761250405 0.323778536042832132 839203.000000000000000000
8.888361954550392241 7.072394327589776708 0.000000000582596705 0.392036385839767687 841901.000000000000000000
12.531398914843649095 9.234664484385392669 0.000000000189376996 0.399634802946472301 0.000000000000000000
9.502052353376505778 8.225315230526984323 0.000000000650427211 0.175390882843013213 609795.915423133410513401
9.781093725334800482 7.139761260991663860 0.000000000571028723 0.299341350742799328 664197.072526830132119358
9.432079430169352463 7.707099797155362531 0.000000000353300751 0.244191212226582605 844091.000000000000000000
11.084233031083407184 8.941151917943802374 0.000000000206590857 0.136801252455975991 844577.000000000000000000
9.330594900652277701 10.852083289751973894 0.000000000757548598 0.411018496238440167 837798.000000000000000000
9.864966981968676052 9.733524803231432543 0.000000000345824531 0.192605350981589207 846095.000000000000000000
12.078078395080266816 9.297222435730468248 0.000000000393803197 0.324239737678438333 839739.000000000000000000
9.982085488957926245 10.524890084629891618 0.000000000768017151 0.318227731914185574 0.000000000000000000
3.393044276828070860 13.008748368397615280 0.000000000000000000 0.194625047471576690 0.000000000000000000
3.871949782030197351 14.890740304200786426 0.000000000000000000 0.396969741429780032 920454.000000000000000000
3.489324753354625219 12.076778427067763388 0.000000000000000000 0.296626470833026679 867433.584613075712695718
2.521684302123915256 13.463613682761158330 0.000000000000000000 0.047142802617106142 920839.000000000000000000
3.556778645137634420 15.126497772769683436 0.000000000000000000 0.394777680394947150 919582.000000000000000000
2.930275185866220156 14.658583352504480857 0.000000000000000000 0.267968527885908137 926263.000000000000000000
4.585140606391506779 13.787028876411630662 0.000000000000000000 0.411272865792755127 0.000000000000000000
-0.166291987248913226 14.114416554717569952 0.000000000000000000 0.469968978757503320 921576.000000000000000000
2.311401551623889716 11.846862636284376080 0.000000000000000000 0.254659371913642851 668636.152351833297871053
2.525910867827997119 12.290484660130525540 0.000000000000000000 0.178904286371093124 920745.000000000000000000
2.930124229114649204 12.289360537794873807 0.000000000000000000 0.205368502512453033 0.000000000000000000
1.642057168722123706 14.853632767524580061 0.000000000000000000 0.306775725837393709 0.000000000000000000
4.010306720203727693 12.554360085639400424 0.000000000000000000 0.325176785591920037 0.000000000000000000
4.503751590609247124 12.612021469345572555 0.000000000000000000 0.404303137354536546 0.000000000000000000
1.646431920323254694 11.875325269743168377 0.000000000000000000 0.278093911269979732 441095.961817895353306085
-4.890802590196923205 9.814213457351804948 0.000000000511182943 0.470868894171178332 1694205.000000000000000000
-7.497563656899817630 11.494950757544511788 0.000000000279758737 0.142003559004275276 0.000000000000000000
-7.097661648790402289 11.807913482995109788 0.000000000465021483 0.066993192472139654 1713539.000000000000000000
-7.310252129778113783 12.771746176220956315 0.000000000828444542 0.212867529000979189 1725842.000000000000000000
-6.166267691642683069 9.130790446333373112 0.000000000073245075 0.469254219726513211 1707674.000000000000000000
-7.959139197776638142 11.461719087170047615 0.000000000210308228 0.223315624043897626 1718870.000000000000000000
-7.138281968263283872 9.509870232097187071 0.000000000133454031 0.397413952012640570 1733873.000000000000000000
-4.486538140809175346 11.353301099412371755 0.000000000777233465 0.405470312877112937 1750123.000000000000000000
-4.550457204495420349 10.498901361656152176 0.000000000435313160 0.444976978954549462 1743413.000000000000000000
-5.565589052910556056 11.942824831033110655 0.000000000376741262 0.211724039821462817 958637.988134570419788361
-4.491742243305973936 11.768617589505700138 0.000000000051307473 0.399431607480537132 0.000000000000000000
-7.659686198336445706 10.935319345293963877 0.000000000178288915 0.215643226628400436 0.000000000000000000
-5.646647039047699046 10.241107695228867769 0.000000000205024138 0.325551907941162788 1744426.000000000000000000
-8.876955503161005012 10.213582148453870246 0.000000000184082506 0.465506202326164520 0.000000000000000000
-5.997429179503896535 11.869950761236349734 0.000000000874019208 0.133711411489368770 0.000000000000000000
-12.265214067158511924 5.111203619033948264 0.000000000000000000 0.109735761851079444 1129920.000000000000000000
-12.080043707267913433 2.264634968001783655 0.000000000000000000 0.435119808877799608 0.000000000000000000
-13.626836385397602669 2.930079919168567137 0.000000000000000000 0.344421782298464152 1062539.000000000000000000
-11.972349701169738623 4.675149329879029203 0.000000000000000000 0.132043182690700367 0.000000000000000000
-13.192281188221276267 4.322546549817214867 0.000000000000000000 0.105465685729226030 1058015.000000000000000000
-13.646901844961449868 7.107219629585006970 0.000000000000000000 0.453145186774238540 1127281.000000000000000000
-13.161260036903360771 2.893650812624777746 0.000000000000000000 0.320219478945586000 0.000000000000000000
-10.438331415732738705 5.577801448636478199 0.000000000000000000 0.434782076964277509 99419.568479423294775188
-14.112471012967406025 3.925208530241786065 0.000000000000000000 0.281582210642880248 759920.280117745976895094
-10.746167975010543216 4.002858824553035433 0.000000000000000000 0.369892461492102809 1124462.000000000000000000
-11.955221945824870744 2.623445527049362180 0.000000000000000000 0.382511468372676300 1049662.000000000000000000
-10.619247209421306621 5.399547879202042822 0.000000000000000000 0.393851962678344325 1116256.000000000000000000
-15.063619095835056427 5.330314923346588962 0.000000000000000000 0.433884253794759145 1067521.000000000000000000
-10.865028173042798443 5.893070079464846067 0.000000000000000000 0.391665746150458238 1131255.000000000000000000
-14.319504239936460266 4.062877333590002138 0.000000000000000000 0.305588813965677608 1075772.000000000000000000
-12.713200075145913104 -5.309703861633384037 0.000000000000000000 0.109737090945032020 0.000000000000000000
-10.440908980029600883 -5.427472023720897987 0.000000000000000000 0.425572444404773709 762403.000000000000000000
-11.850260159557626238 -2.424688527602616439 0.000000000000000000 0.421595615755194220 762729.000000000000000000
-12.278123195426163150 -5.873039688114280565 0.000000000000000000 0.221854622734024898 0.000000000000000000
-12.597011137281848292 -2.568143367676289035 0.000000000000000000 0.367628557501875064 765349.000000000000000000
-12.109425269056931285 -3.315135833992555625 0.000000000000000000 0.260613853774414539 184369.158667416777461767
-12.725243065621695493 -6.996273731400442841 0.000000000000000000 0.402975345452140088 757099.000000000000000000
-13.839796266193289398 -5.706674108937395573 0.000000000000000000 0.268602195967766300 0.000000000000000000
-10.627666348310444988 -4.222046558045541076 0.000000000000000000 0.380157244350447621 0.000000000000000000
-11.551607029927883019 -6.132240494389728624 0.000000000000000000 0.327151395427004998 763386.000000000000000000
-13.124909371653025403 -2.835446297371612800 0.000000000000000000 0.328534451779719017 0.000000000000000000
-13.982714166848424497 -6.777968190421998607 0.000000000000000000 0.428681860148223015 764312.000000000000000000
-11.229746760628549040 -5.164000444607584228 0.000000000000000000 0.277619954044035111 0.000000000000000000
-11.222590281333191697 -4.712115320676289798 0.000000000000000000 0.265745620984917330 758431.000000000000000000
-11.645026633563661633 -2.998544954020230247 0.000000000000000000 0.349184321106006335 762431.000000000000000000
-6.905256468847540852 -10.259366843688638937 0.000000000801659087 0.260080368138255136 0.000000000000000000
-5.063856321701046603 -10.024356830936651974 0.000000000178219258 0.422652742840849804 0.000000000000000000
-7.926295723018479400 -13.815469576743822699 0.000000000172775348 0.427378752154195185 0.000000000000000000
-5.600960523685349912 -12.367586507749408042 0.000000000748322797 0.232140750587691014 0.000000000000000000
-8.307889736744209941 -10.975741304094915662 0.000000000870937773 0.309968718666080389 0.000000000000000000
-6.032152476734217394 -9.637844619535718138 0.000000000153190754 0.389102833163058659 0.000000000000000000
-5.232519289678501551 -12.728805728470698355 0.000000000715033966 0.321744982936137736 0.000000000000000000
-4.662956098767236490 -11.002236997126120244 0.000000000001786489 0.390087287189061604 0.000000000000000000
-6.277899349185642741 -11.045075369155487266 0.000000000400621225 0.144186768918411506 0.000000000000000000
-7.877825530019708644 -12.670426793705098945 0.000000000294180363 0.264557126941348808 0.000000000000000000
-6.364146552512313981 -13.540416178776219169 0.000000000367805817 0.329182435926945405 0.000000000000000000
-9.018263652193844848 -11.920437993678802968 0.000000000633067182 0.408956644409815551 0.000000000000000000
-9.065301800898330598 -11.946214212982159353 0.000000000362390789 0.417720438582273701 0.000000000000000000
-6.134159899505178259 -12.987369832073635934 0.000000000570708752 0.248717926544508278 0.000000000000000000
-8.427277066411923201 -10.156064473365464806 0.000000000925613723 0.409204480047594410 0.000000000000000000
2.482494361096887925 -15.521905451000701959 0.000000000000000000 0.400647229379489378 1654208.000000000000000000
1.529640132326063329 -15.551854702513844941 0.000000000000000000 0.429855975428591275 1654216.000000000000000000
1.506453965338170775 -14.957487676805554244 0.000000000000000000 0.333762031382375701 0.000000000000000000
3.371806545129665711 -14.052329432786601515 0.000000000000000000 0.230759731588532163 0.000000000000000000
0.856243895382404085 -11.295855262485011039 0.000000000000000000 0.440346887818260813 1681013.000000000000000000
1.210694429851467468 -15.503050525982567720 0.000000000000000000 0.444256589930527634 1630831.000000000000000000
2.614458574165946736 -11.338917086840693216 0.000000000000000000 0.348625512016535133 0.000000000000000000
1.304256310949662545 -12.041390900497978222 0.000000000000000000 0.286576188896917383 1644968.000000000000000000
1.711015447841577330 -15.431799083310536957 0.000000000000000000 0.399582154988649407 0.000000000000000000
2.773026604920321603 -14.624504705692878304 0.000000000000000000 0.252386075185491943 1635022.000000000000000000
0.445214469500992360 -14.770084636839516889 0.000000000000000000 0.429102187922863698 726444.436031204764731228
0.263413231010400983 -14.272824376555696801 0.000000000000000000 0.409522796065582728 0.000000000000000000
2.946610866706275367 -12.557010751173637075 0.000000000000000000 0.168304745337657935 1607435.000000000000000000
1.201165480469473801 -11.681058235580790594 0.000000000000000000 0.348679172192601083 0.000000000000000000
3.269700508953911733 -11.924682632846055341 0.000000000000000000 0.292768630513830175 1575131.459888240555301309
8.848243611271819020 -7.802259735881421854 0.000000000000000000 0.313649267777512508 0.000000000000000000
8.530596044003507572 -9.051620646602676956 0.000000000000000000 0.326996216970543374 0.000000000000000000
9.530588242345396921 -6.676119541214367459 0.000000000000000000 0.391339104114964531 1838317.000000000000000000
12.018285538819114322 -6.633692544438575922 0.000000000000000000 0.475465187934804134 0.000000000000000000
10.482452807618196644 -9.595510864774910331 0.000000000000000000 0.150717845249877136 1822535.000000000000000000
10.493473940671968592 -9.167797467698965974 0.000000000000000000 0.078480246707804444 0.000000000000000000
11.278247395431192146 -7.002568840273018402 0.000000000000000000 0.348295565871159341 0.000000000000000000
10.104685980845003357 -10.859255669163406566 0.000000000000000000 0.372709961162357162 1825780.000000000000000000
9.825833565333876862 -10.371861893863101756 0.000000000000000000 0.299374969433032045 0.000000000000000000
11.434535294951942319 -9.004371336259529457 0.000000000000000000 0.200089115359974007 0.000000000000000000
11.092201807844286776 -10.314976234927916821 0.000000000000000000 0.305383798020607777 0.000000000000000000
8.885007354099146326 -7.220345180513348282 0.000000000000000000 0.373324116075065215 1786775.000000000000000000
9.450202941242933363 -9.736515003067680141 0.000000000000000000 0.235193765665183102 1775057.000000000000000000
9.120118202938266805 -7.213619187475056371 0.000000000000000000 0.346370957096276633 1786243.000000000000000000
9.055066316900337142 -9.627383906603558472 0.000000000000000000 0.276356220175744627 459487.132431499310769141
12.923899462577740138 -0.161272583665621444 0.000000000000000000 0.113522822883611679 604817.000000000000000000
14.347785666528062976 1.477969226696694172 0.000000000000000000 0.293353933447780546 601574.000000000000000000
14.374736771202206498 -2.292163787965463495 0.000000000000000000 0.423435941072339839 603525.000000000000000000
14.534402093040005965 -1.154661158530325471 0.000000000000000000 0.266879202626366163 598622.000000000000000000
13.434100372698955184 1.280803354736717470 0.000000000000000000 0.222833947953509914 376114.722782120166812092
12.941102486586601117 -1.001249787941222102 0.000000000000000000 0.204015262393165225 0.000000000000000000
11.340156713966127455 0.335923287519015845 0.000000000000000000 0.396634739638867140 599599.000000000000000000
13.588914754016597541 0.439936363689863497 0.000000000000000000 0.076711651789926394 600798.000000000000000000
14.833433219850308049 1.512336740119778700 0.000000000000000000 0.348388350314707829 599890.000000000000000000
11.383039149702856463 0.376433261134747565 0.000000000000000000 0.390198448292952138 273713.472363218490500003
12.955184094863071209 0.815353455757158341 0.000000000000000000 0.175849986504310274 0.000000000000000000
14.625848144627735081 -0.546706809391940940 0.000000000000000000 0.215238684890477233 0.000000000000000000
15.134549731860408528 0.263629796384109605 0.000000000000000000 0.287676122911958709 602798.000000000000000000
13.445091573194966728 -1.339602937166518348 0.000000000000000000 0.232832545847029504 88421.521662546001607552
12.630539200594645521 -1.597207192525282649 0.000000000000000000 0.321313760863812858 41163.042841510359721724
