-3.583209529265348081 4.821839819484642575 0.000000000000000000 0.288552074929913083 843149.000000000000000000
-3.218922997841669353 4.230455328297869855 0.000000000000000000 0.181624444149111275 151863.847109219583217055
-2.782492380623206252 6.132684747412415760 0.000000000000000000 0.410048315413754860 0.000000000000000000
-1.945311054273782148 6.380013374402262016 0.000000000000000000 0.446913000252042059 0.000000000000000000
-2.639133202585173255 2.461523315793184175 0.000000000000000000 0.263293005591956064 77849.401581984900985844
-2.906884348144889163 3.171173717922675550 0.000000000000000000 0.172494633060589903 843571.000000000000000000
-1.677147899897197370 3.284241707885953154 0.000000000000000000 0.149581926481776761 0.000000000000000000
-1.811392083413416065 6.144244552092438028 0.000000000000000000 0.409276018771219996 0.000000000000000000
-1.031118162456657883 4.945940006825883195 0.000000000000000000 0.288447821580985364 844904.000000000000000000
-2.368428720461593695 1.547680223346396433 0.000000000000000000 0.417592269183022280 0.000000000000000000
-2.070005648948045618 1.586006502918795302 0.000000000000000000 0.411716345145057061 392750.299715673783794045
-4.084312592938904807 4.412278499556587796 0.000000000000000000 0.338449872151734721 838518.000000000000000000
-0.169815513986703498 4.386017700723465751 0.000000000000000000 0.382529928381407702 0.000000000000000000
-1.478709546338531577 5.594296306626697302 0.000000000000000000 0.333824571729411712 842133.000000000000000000
-1.973257544038368394 5.729297792530403832 0.000000000000000000 0.331458330830289027 840495.000000000000000000
-2.069487218601146594 -4.899858360361045051 0.000000000000000000 0.182942267733839259 0.000000000000000000
-0.610993800026443989 -4.124138381685824584 0.000000000000000000 0.296516597850027541 679669.000000000000000000
-3.380164616383266818 -3.816732841933409226 0.000000000000000000 0.200389273437015791 274451.589524544833693653
-3.666053705338088609 -1.850626566708750254 0.000000000000000000 0.441255125648063962 0.000000000000000000
-0.625717286206527890 -2.038846479720415772 0.000000000000000000 0.439797068980352146 678697.000000000000000000
-1.650494057114389790 -2.165690824777023682 0.000000000000000000 0.325697649079378870 0.000000000000000000
-1.112772781369571362 -2.459948476109095505 0.000000000000000000 0.326479439537210536 414321.347625137248542160
-2.816239109597074464 -5.700061713410746300 0.000000000000000000 0.337237851722315907 0.000000000000000000
-2.748486887639838283 -6.286923818930650221 0.000000000000000000 0.435576739339784247 0.000000000000000000
-3.263498587242898541 -1.636023392231756635 0.000000000000000000 0.439431213913124952 679890.000000000000000000
-4.113293895508562947 -4.876036619947409889 0.000000000000000000 0.374266136462179599 0.000000000000000000
-1.439548783285643729 -5.464632187300457744 0.000000000000000000 0.316135140895658473 0.000000000000000000
-2.491382382899350212 -4.603490134843635673 0.000000000000000000 0.133647651769644216 520230.719477107981219888
-4.577283220174930278 -3.602121858625659367 0.000000000000000000 0.416461183046889505 685584.000000000000000000
0.118052030646161862 -4.517249004349436881 0.000000000000000000 0.437972328934951527 685665.000000000000000000
3.483635341191520851 -0.540948304470240893 0.000000000000000000 0.207331385197524393 762351.000000000000000000
6.655001777410890718 0.839534953308586185 0.000000000000000000 0.409564622914276921 0.000000000000000000
6.816258541984356434 0.583308339252336605 0.000000000000000000 0.423114518014896857 0.000000000000000000
6.001875506965700602 -0.851101839290144491 0.000000000000000000 0.305151198226903453 0.000000000000000000
3.573375206023435169 0.932448208066774864 0.000000000000000000 0.235790097913072677 0.000000000000000000
3.166165626299894509 -1.778821837424765073 0.000000000000000000 0.397193030444765727 0.000000000000000000
2.962040568503002902 1.492482861621175605 0.000000000000000000 0.383360899809843947 457372.593274889746680856
5.437625342385921989 -0.562972147283206437 0.000000000000000000 0.192562390423020952 67323.496806890718289651
6.567159318046056349 0.397251703713116355 0.000000000000000000 0.372610837180480436 118846.350645532133057714
5.085958008576596967 -2.000230874486013999 0.000000000000000000 0.369559996663096080 0.000000000000000000
4.147040530615442755 -1.497084551171235178 0.000000000000000000 0.273986682376830937 765036.000000000000000000
2.765362999624791929 -1.394444327193783639 0.000000000000000000 0.398304095509858458 180287.816492412297520787
6.079042801560013309 1.813268589430206079 0.000000000000000000 0.425808495622739591 234418.497236511466326192
4.552906275063773656 -0.731029063696302606 0.000000000000000000 0.130068371523725829 0.000000000000000000
5.520490992304990741 -1.311728983628956735 0.000000000000000000 0.293943072354121038 757369.000000000000000000
9.687819645881997843 6.592371353753810226 0.000000000316274881 0.395832716579033628 845745.000000000000000000
8.974290150367625785 8.485702663353881903 0.000000000354460604 0.247855269542558543 847084.000000000000000000
8.078714000481147295 9.408105805489510587 0.000000000405099353 0.419528398703814809 843294.000000000000000000
7.813877821711097127 9.433041809908274899 0.000000000027813614 0.466184338414582677 840478.000000000000000000
9.307583324796373958 8.493448034304998728 0.000000000385440417 0.189478315720100488 844354.000000000000000000
11.104980068759330081 8.232150281845544981 0.000000000794109429 0.163478872387900098 0.000000000000000000
11.668932441286102630 6.776971455005974754 0.000000000211910467 0.418289688485369127 842283.000000000000000000
10.437019057011807988 7.591457312127851687 0.000000000228602858 0.203493630142844883 844433.000000000000000000
10.342300630024688246 7.548315226790613508 0.000000000181174037 0.210361954311574423 843559.000000000000000000
11.542963562022132251 6.983886268085127469 0.000000000454146400 0.375804143788807832 0.000000000000000000
10.827794306085550602 7.684866786325075694 0.000000000819366886 0.205520348179494189 0.000000000000000000
9.083492635592921971 9.408479981168071049 0.000000000067586455 0.252332040495491849 0.000000000000000000
10.402128006619973277 11.340505403170734411 0.000000000383470662 0.454648529614465391 0.000000000000000000
9.255024852393532342 6.955239085332937776 0.000000000539153404 0.369563171428752779 0.000000000000000000
8.188130000403488040 9.822970683553586824 0.000000000515889726 0.427699439134231807 840029.000000000000000000
1.998713880517998698 15.728694054611313646 0.000000000000000000 0.440739928225906963 613295.105874093133024871
1.050504969790165166 14.622407915698403258 0.000000000000000000 0.331389115269983714 0.000000000000000000
1.945136680451734268 15.379385933276926934 0.000000000000000000 0.380841153967257928 927127.000000000000000000
1.008515553787354913 14.429357996769235584 0.000000000000000000 0.313043066018666383 77201.328210731968283653
1.567174110636322393 15.189530812585710251 0.000000000000000000 0.367109468708607611 0.000000000000000000
3.973731365822330552 15.307650959508920963 0.000000000000000000 0.464704481570053896 917565.000000000000000000
2.511157386610110009 15.915435471715740690 0.000000000000000000 0.470883979750722992 0.000000000000000000
3.642513406599972026 13.281495273203690388 0.000000000000000000 0.233151735635425794 130034.588944851857377216
2.774073981869111805 13.688367183422519346 0.000000000000000000 0.107305389281498909 12270.890535584134340752
2.805845536601511814 10.982444336599543888 0.000000000000000000 0.417016231393577408 922647.000000000000000000
2.858001242632401073 13.217107562924198305 0.000000000000000000 0.093932469842584562 844448.802197876619175076
0.760650872320470461 14.967246820579019229 0.000000000000000000 0.411525050285926619 0.000000000000000000
3.194585026597719146 12.525806472173000472 0.000000000000000000 0.203410136385142354 917385.000000000000000000
4.365346237956432951 13.229598906739575170 0.000000000000000000 0.362062579706232124 421820.871537230443209410
1.174752005381052511 12.255891097659885602 0.000000000000000000 0.275281411283058941 918065.000000000000000000
-6.854905929800603204 12.982395883425605021 0.000000000708189314 0.224726312627839514 542634.036235003150068223
-7.333828061889126282 13.611515306158720406 0.000000000798722013 0.351563336863878695 0.000000000000000000
-7.562739123312982592 10.742892995370738163 0.000000000137939053 0.227330336476125161 1715310.000000000000000000
-7.149295375865054147 13.813132083655675686 0.000000000484555273 0.377932491602540721 1734858.000000000000000000
-6.613141922582842724 9.430696865990306321 0.000000000309159111 0.405558842390209340 1684496.000000000000000000
-7.547881470661341297 13.379452304904821958 0.000000000838827649 0.327703004382229046 0.000000000000000000
-5.901264003636565114 11.205012064369144653 0.000000000438059145 0.173848952608830876 0.000000000000000000
-6.518195465709118785 13.012698060720204296 0.000000000698976371 0.232263212680656861 0.000000000000000000
-7.710737056350184915 9.490071356696200056 0.000000000347792082 0.430880666096460530 1694835.000000000000000000
-7.693605666804923970 11.596603994141663208 0.000000000278829802 0.172676328206095298 1755833.000000000000000000
-6.070420473530335315 9.781186581289432524 0.000000000128114341 0.362863948222429511 1764511.000000000000000000
-5.996046130110234351 9.899527267922522356 0.000000000366357868 0.347914383886007483 1754104.000000000000000000
-6.986163402440263681 10.452467635474716801 0.000000000309521389 0.228578151638914678 1742392.000000000000000000
-5.472276571613154950 9.724469619823032929 0.000000000628310429 0.418705729573442764 1157105.684151293244212866
-8.582518573475375945 12.547822142554998948 0.000000000100752384 0.360808539791274197 1753560.000000000000000000
-11.518170864065522707 3.578120016187971597 0.000000000000000000 0.286617890031475642 1109096.000000000000000000
-12.207155582882435851 4.508446096714998852 0.000000000000000000 0.094926596021145934 0.000000000000000000
-10.404574390679293572 3.504316666261703794 0.000000000000000000 0.459718865999576842 1110644.000000000000000000
-11.555478341095469119 6.956045388860989220 0.000000000000000000 0.447280275688633877 43978.285731340140046086
-14.543148309774421634 4.538779980204827424 0.000000000000000000 0.327112645067284546 0.000000000000000000
-14.680758654873724112 3.464975252713904830 0.000000000000000000 0.408882039976874556 351376.050498840806540102
-12.799114838294284979 6.036921521167982974 0.000000000000000000 0.236643336210260957 1100188.000000000000000000
-11.310781018402600751 4.548310777433629326 0.000000000000000000 0.250993031920696386 929859.067818913958035409
-12.005819203603044443 4.909483481011951866 0.000000000000000000 0.132329052178190937 0.000000000000000000
-10.656929109628546115 5.617578354343547353 0.000000000000000000 0.401463455800074254 0.000000000000000000
-12.779490132128579205 3.481683814973801638 0.000000000000000000 0.208438730717150744 1047253.000000000000000000
-10.503468914173245352 4.435016957280543792 0.000000000000000000 0.396133937034876982 1077052.000000000000000000
-13.314873475389664037 4.912272130885044774 0.000000000000000000 0.114691909097165562 0.000000000000000000
-12.284258809550793856 4.167532158164191536 0.000000000000000000 0.117281172450085125 1091410.000000000000000000
-12.748773203944381294 6.035864984106930287 0.000000000000000000 0.236071287733496449 316318.006772496213670820
-12.435331119336968442 -3.402346117213054910 0.000000000000000000 0.227497083968910552 760575.000000000000000000
-11.502244811834083649 -6.501823958810877713 0.000000000000000000 0.384105679334881100 0.000000000000000000
-11.336560436847252120 -3.853337322555531852 0.000000000000000000 0.284436217558259208 759788.000000000000000000
-13.578424086500090695 -2.871077490014798617 0.000000000000000000 0.349612904148530690 766049.000000000000000000
-13.489449853710146598 -7.272216974374878795 0.000000000000000000 0.471030420624292789 0.000000000000000000
-13.151158392019038246 -5.369007807006034305 0.000000000000000000 0.143124366763958760 758842.000000000000000000
-11.031188968996403332 -3.512118273215358855 0.000000000000000000 0.362314508055487761 765678.000000000000000000
-14.324978331990619651 -4.630047826971133595 0.000000000000000000 0.287450800961499275 407332.702072991291061044
-15.238444551721514131 -4.951739818348316113 0.000000000000000000 0.452607934350682417 765458.000000000000000000
-11.844034848241184577 -3.069137865321558412 0.000000000000000000 0.320275605378154304 758329.000000000000000000
-14.164014329183771679 -5.789968517243769597 0.000000000000000000 0.322508972871876631 168361.990842619212344289
-12.863960256663871107 -4.648309118973237730 0.000000000000000000 0.027404926908750321 757812.000000000000000000
-13.054252397719663392 -4.459103301244065065 0.000000000000000000 0.071788505289695173 766850.000000000000000000
-10.964961223777230259 -5.849216958281683532 0.000000000000000000 0.372542927761345455 760235.000000000000000000
-13.896088236167267738 -3.026511154077132115 0.000000000000000000 0.355799842379150522 467614.670332234585657716
-7.841800153888311975 -11.015804953382161813 0.000000000891344778 0.233534168353859012 0.000000000000000000
-6.255752464200099006 -11.473826334862238241 0.000000000825040177 0.095378370982375338 0.000000000000000000
-8.495125942797203678 -13.058751526954166522 0.000000000566731850 0.393370641793395481 0.000000000000000000
-6.076705522426299133 -11.433232496139277501 0.000000000422457427 0.127332394725439030 0.000000000000000000
-8.686054194902345316 -11.359548464439775728 0.000000000205509229 0.353927979793185910 0.000000000000000000
-8.434149400205720681 -12.779304366613581934 0.000000000824064953 0.356516160404702021 0.000000000000000000
-5.166039572918321277 -12.538121667284061189 0.000000000214992603 0.314700406212322203 0.000000000000000000
-6.602334123107079122 -11.053244814611829838 0.000000000448141721 0.120054542917962581 0.000000000000000000
-5.401555112006036552 -13.542116145291169360 0.000000000601530249 0.400858369870900955 0.000000000000000000
-4.859156865151783578 -12.135411248967162834 0.000000000892147912 0.341940083650563997 0.000000000000000000
-6.885734581546735456 -10.555440507169899789 0.000000000142975423 0.207665507725544096 0.000000000000000000
-8.356029162241540575 -11.789462030716407526 0.000000000147347155 0.289655214140114137 0.000000000000000000
-7.778827197196331866 -10.252579109772014476 0.000000000596449327 0.319325792930763741 0.000000000000000000
-7.960146279056343310 -12.744603672956593243 0.000000000712175643 0.284208416440314804 0.000000000000000000
-7.097108849880896742 -9.403644233856152113 0.000000000340244608 0.414709005694003041 0.000000000000000000
2.303194011682526909 -13.100072487460856507 0.000000000000000000 0.031944018064744853 1665284.000000000000000000
4.231255207048715050 -15.021284174339344375 0.000000000000000000 0.458929854406727622 0.000000000000000000
1.761857520323766080 -15.715908592949837441 0.000000000000000000 0.446235747158967078 0.000000000000000000
2.424885229359145189 -15.252604289254009018 0.000000000000000000 0.352208545792037975 0.000000000000000000
3.399037773020308073 -14.140131050329483031 0.000000000000000000 0.244186912568351400 1673352.000000000000000000
1.752244777777866247 -11.328310325085588772 0.000000000000000000 0.362195760834608027 1671485.000000000000000000
2.499217285362942853 -13.466884572302850742 0.000000000000000000 0.044835361608559048 1607939.000000000000000000
1.103894785470422413 -13.498293781747641162 0.000000000000000000 0.222822896573226431 1637781.000000000000000000
2.436991895102804229 -14.714778667053710848 0.000000000000000000 0.256729049079178040 862940.336722761625424027
-0.051076410761959019 -12.613160664915429976 0.000000000000000000 0.441246268754888260 1065712.026476335711777210
0.465399180511912702 -11.578258139266624838 0.000000000000000000 0.449990835388942745 1616700.000000000000000000
3.354756681202986091 -14.383453327176061620 0.000000000000000000 0.268111740906310292 1594845.000000000000000000
0.480248342803183403 -11.356484183351099659 0.000000000000000000 0.475605544537016423 1627111.000000000000000000
3.053264379405979501 -13.142030198645032968 0.000000000000000000 0.130356708724558401 1647760.000000000000000000
2.961224078130657134 -14.307252751725011208 0.000000000000000000 0.214813598803299727 1607005.000000000000000000
8.460860446714200123 -7.848737792779304279 0.000000000000000000 0.370469853556356199 0.000000000000000000
9.186594891057159984 -7.586033189983065306 0.000000000000000000 0.289768804503718613 1821953.000000000000000000
10.391175264422660263 -9.341519855362674818 0.000000000000000000 0.104459467355833543 1799844.000000000000000000
9.051453222148294842 -7.315187438082489280 0.000000000000000000 0.340822833013541271 1848407.000000000000000000
12.595623620881003291 -9.003743789744364179 0.000000000000000000 0.404408842670517688 1825437.000000000000000000
9.468848606074692142 -9.700259856862093244 0.000000000000000000 0.228257344542014767 0.000000000000000000
10.531907905466317388 -9.591124192797041204 0.000000000000000000 0.151683814092074071 1803934.000000000000000000
8.883558728882629651 -9.406521766127315942 0.000000000000000000 0.284319912346213344 1841990.000000000000000000
8.270760908722950333 -8.105760251826282570 0.000000000000000000 0.385816963206123631 1785366.000000000000000000
8.282116353676308051 -8.776468027772578395 0.000000000000000000 0.366925567044415091 0.000000000000000000
12.776868803706816990 -9.472712344380580518 0.000000000000000000 0.452293405838378015 1852684.000000000000000000
12.844432665640898250 -8.451331234996615649 0.000000000000000000 0.449269421814808556 1785739.000000000000000000
11.092528005868036445 -8.719543895828756774 0.000000000000000000 0.134123116828841232 84986.851497848925646394
11.761587494031441992 -10.335590597357413145 0.000000000000000000 0.375867259365699258 0.000000000000000000
9.887989358984782484 -6.363562711307123365 0.000000000000000000 0.426080519351823173 1824095.000000000000000000
14.952919351431104289 -1.964028357245701129 0.000000000000000000 0.422450156770290020 605267.000000000000000000
14.073773347071654172 -2.452468796586529276 0.000000000000000000 0.434998896470277174 605945.000000000000000000
13.133324551393158686 -1.084815614178873178 0.000000000000000000 0.201712336044744894 603117.000000000000000000
12.056342167710415225 -1.874366133975381876 0.000000000000000000 0.419727506944345130 310607.675861467607319355
14.330919806800050509 -2.254377956853911513 0.000000000000000000 0.414641273237608077 600626.000000000000000000
14.340185756880293511 -0.607340694464599151 0.000000000000000000 0.177010684620796832 0.000000000000000000
14.251191836640053623 -1.566950548198399407 0.000000000000000000 0.299233325133113792 601316.000000000000000000
12.469499338531077726 -2.131776092779564369 0.000000000000000000 0.416591388056906042 597327.000000000000000000
12.470759020150698149 -2.010889615271196362 0.000000000000000000 0.397944852942073157 0.000000000000000000
11.973924340500296637 -0.039912481154037324 0.000000000000000000 0.279436018660079055 597266.000000000000000000
13.718198044981329886 2.207569554157035263 0.000000000000000000 0.383717400852953250 601837.000000000000000000
15.693881865813295917 -1.343111795973698008 0.000000000000000000 0.448233389284180661 596819.000000000000000000
11.551313974451494104 0.757647035489386500 0.000000000000000000 0.378370732045725966 602345.000000000000000000
14.563833950030163678 2.164856020477265552 0.000000000000000000 0.416362668570340377 0.000000000000000000
13.378748889708310443 2.717634473130710937 0.000000000000000000 0.471977921627798669 604646.000000000000000000
