-2.969010005664605156 4.424785104151776949 0.000000000000000000 0.158455955725419650 0.000000000000000000
-2.739319690648402528 1.625516526596705313 0.000000000000000000 0.412230278432187902 813755.646133285015821457
-4.529040793432310252 4.653119379198510153 0.000000000000000000 0.426848425862704883 842127.000000000000000000
-2.689975092323331651 1.972007250070342277 0.000000000000000000 0.350099262444944881 0.000000000000000000
-3.188679581393373930 5.585017784779910954 0.000000000000000000 0.344278353715602503 840050.000000000000000000
-1.615378640655887432 3.409564793303518915 0.000000000000000000 0.143024787520291130 838773.000000000000000000
-2.322822120129293122 5.547208558971306047 0.000000000000000000 0.295308329017078763 843469.000000000000000000
-1.928601840042007742 6.533275483614351842 0.000000000000000000 0.474362686479733953 0.000000000000000000
-2.844356937687470666 2.401697629285115099 0.000000000000000000 0.284865458455160370 840888.000000000000000000
-3.705611039336631496 3.513768478724220046 0.000000000000000000 0.266519746930874490 0.000000000000000000
-1.851019725013135275 3.034821114786007357 0.000000000000000000 0.168754335357024221 839736.000000000000000000
-2.718828481409144349 1.344452496035456912 0.000000000000000000 0.460624532575722889 0.000000000000000000
-3.079822472625998397 5.761886609835694451 0.000000000000000000 0.363962487597543183 0.000000000000000000
-1.516123046762128945 3.233485221807462562 0.000000000000000000 0.176570267090686461 837145.000000000000000000
-1.692649572408378544 3.507763227859116650 0.000000000000000000 0.121658814169604931 0.000000000000000000
-0.777951262634426599 -4.666766479263884548 0.000000000000000000 0.297893466539086882 0.000000000000000000
-1.774672249058695694 -3.085441857943181265 0.000000000000000000 0.167252007428001559 0.000000000000000000
-0.817332517214533483 -4.532563006004160400 0.000000000000000000 0.281145857617298989 0.000000000000000000
-2.567603512570570512 -5.980606182962030282 0.000000000000000000 0.376282294141567608 62112.152880224319233093
-1.506434172002742544 -4.988770224032739620 0.000000000000000000 0.237163727027084797 684879.000000000000000000
-2.718276993528276897 -2.678985084441380948 0.000000000000000000 0.230724855316049055 681852.000000000000000000
-1.986640939026705244 -4.747955467787722483 0.000000000000000000 0.160258243262978745 180768.296294372412376106
-4.462374337913246336 -3.859155818655778170 0.000000000000000000 0.392860274044093072 686296.000000000000000000
-0.653590777879288432 -5.331724639844966696 0.000000000000000000 0.384362311983686367 570421.803853355697356164
-1.359007569811916838 -4.425953987807479173 0.000000000000000000 0.186529655460397265 683690.000000000000000000
-2.314295520242585447 -1.821515076566532221 0.000000000000000000 0.368517901952672200 677763.000000000000000000
-3.224229820990206719 -3.561955530324299790 0.000000000000000000 0.181816232691173751 0.000000000000000000
-1.816074258180143897 -3.111252494353730302 0.000000000000000000 0.159557514637917675 682643.000000000000000000
-2.846434138506544365 -6.259320142270063947 0.000000000000000000 0.434624204394948532 0.000000000000000000
-4.499021445131349495 -2.711257982736847705 0.000000000000000000 0.451063614204661234 682984.000000000000000000
5.433443121267930387 0.115520079822571564 0.000000000000000000 0.165119555691607522 0.000000000000000000
2.650176620926233628 -0.524305807511228461 0.000000000000000000 0.345048674857882209 758535.000000000000000000
6.172407737753937695 -0.188374187844638358 0.000000000000000000 0.297424372456230823 761084.000000000000000000
4.983323006958540802 1.277145424444258603 0.000000000000000000 0.241761308254744900 760465.000000000000000000
4.502200764639807673 -1.480177564388954092 0.000000000000000000 0.263000703383220458 763756.000000000000000000
3.258626226432081108 1.607989488869971284 0.000000000000000000 0.363067433124662553 761049.000000000000000000
4.816593537823947280 -2.113254002041843105 0.000000000000000000 0.379227199661339720 0.000000000000000000
3.321855285455008300 0.604976721639588377 0.000000000000000000 0.238181419892374596 762294.000000000000000000
5.838352664570103379 1.203081098798710391 0.000000000000000000 0.318270005181428117 760455.000000000000000000
3.017832839816991797 1.426212155715573360 0.000000000000000000 0.368027312917462046 512899.538543091737665236
2.159959745390640062 -1.083204726283748309 0.000000000000000000 0.461691998549971117 0.000000000000000000
3.807870093383357801 -0.767205153359068248 0.000000000000000000 0.185597515395410223 0.000000000000000000
2.228456791275695181 0.314033601510045557 0.000000000000000000 0.411169497645972104 0.000000000000000000
4.732135934363808971 1.648161499282761566 0.000000000000000000 0.295354725157804976 0.000000000000000000
5.664619264212721106 -0.486023712090098758 0.000000000000000000 0.222455581315834233 758187.000000000000000000
10.358112749110938822 10.946248325682796931 0.000000000273935997 0.385446853717611504 0.000000000000000000
11.839490739775946793 7.336606402349680423 0.000000000437954080 0.363751711342254591 0.000000000000000000
9.090132154390342833 8.132563414669640167 0.000000000922235797 0.247724528712490150 0.000000000000000000
8.771462468148454761 10.010594790184548231 0.000000000262631469 0.357019438748945095 840325.000000000000000000
10.981971990171482290 7.570137900397551078 0.000000000627721379 0.235876307922617823 838071.000000000000000000
9.978449473397454028 9.373607124141122071 0.000000000101134528 0.127340806245298255 841930.000000000000000000
8.551980844933869008 8.669281811069129873 0.000000000291235798 0.319098573306009659 692435.070889716269448400
9.630535190313464611 8.797504303287055905 0.000000000914007041 0.126864716227959085 845757.000000000000000000
11.244402680484121504 8.994865663061412775 0.000000000683422266 0.166800139316413742 843507.000000000000000000
8.408842291216647169 7.248536586631513678 0.000000000124398276 0.433655813918797872 537355.227695293026044965
11.902003820436588555 9.261348665747915376 0.000000000120257603 0.292435512990689261 0.000000000000000000
11.388417097501161379 6.970600033377560401 0.000000000218821165 0.362868724053209191 29999.309972924173052888
11.662479953250345588 8.126666826588779813 0.000000000528965011 0.259488716099623762 210457.373029435257194564
12.157882952230400164 8.997897597024021366 0.000000000461911467 0.326851561805781343 0.000000000000000000
11.135945678398776693 7.702147827740088992 0.000000000823354981 0.231607216585411502 258163.505290979635901749
0.105489932657513455 14.694032870459652784 0.000000000000000000 0.470672759113392125 0.000000000000000000
3.890502437925158929 13.416116409174616564 0.000000000000000000 0.278452742623849947 483760.109161162283271551
0.902919503392367928 12.682177353494967775 0.000000000000000000 0.276227503255681350 0.000000000000000000
2.967826308250253398 14.113000091647020184 0.000000000000000000 0.186855954260489870 920239.000000000000000000
2.455235710702698970 11.466142799224618543 0.000000000000000000 0.323120675464172502 877080.253146010800264776
2.865698182707096198 10.957453946889923913 0.000000000000000000 0.423620230990851276 0.000000000000000000
3.260485513517414002 12.481283314093408521 0.000000000000000000 0.217475486228978360 917972.000000000000000000
2.082573123643231661 15.320479386316264936 0.000000000000000000 0.366721532626684832 922146.000000000000000000
1.785620836855727145 14.465035177804407951 0.000000000000000000 0.233153683613211482 920011.000000000000000000
3.382751443829999705 11.097209088889359307 0.000000000000000000 0.430582024929175355 920119.000000000000000000
2.257970762223239447 15.861823632583670118 0.000000000000000000 0.460528151209511238 0.000000000000000000
2.076760893145749076 11.158530905723310411 0.000000000000000000 0.380001894963101994 917305.000000000000000000
4.710200256015892428 13.823661538036974505 0.000000000000000000 0.434445999731043975 0.000000000000000000
0.198511043991545788 12.373703001103974586 0.000000000000000000 0.413241808255783938 748828.404029836179688573
1.502802547355019280 11.556069396480745937 0.000000000000000000 0.340430005120202495 425804.735828674980439246
-5.050931375004415358 13.032906249388915398 0.000000000467036788 0.379591059730182312 0.000000000000000000
-7.256270388519271641 12.532928927736286084 0.000000000652479253 0.171670028994101914 1700330.000000000000000000
-8.939248544453397116 10.338204811421489282 0.000000000333222494 0.462695827744545429 1539886.329138153931125998
-4.452329387045421250 11.641211858388832212 0.000000000429428243 0.406588076276301280 1704568.000000000000000000
-8.868599037162605114 10.833419097526892472 0.000000000262426268 0.411561072952638662 1680495.000000000000000000
-5.412079876328568240 9.801999982407448186 0.000000000474714262 0.413207033352168462 174881.906746196764288470
-8.172218815690040827 13.106475306350892751 0.000000000890798568 0.354969813105730447 1756035.000000000000000000
-6.731769443392949803 13.725345033969075459 0.000000000533606895 0.355183155255390848 0.000000000000000000
-9.061718855262522965 11.698805471073786322 0.000000000406289082 0.415160827071795024 1748973.000000000000000000
-7.140319034402470955 9.361450358589603837 0.000000000363045319 0.423317486831812861 1699618.000000000000000000
-6.257550276197945571 9.232856326893770671 0.000000000069362226 0.448231182703424880 295559.388346841209568083
-5.991318057524526175 9.259283791306650357 0.000000000864182099 0.455182577103938946 1743837.000000000000000000
-6.058901357738660565 13.128457741890722232 0.000000000235434083 0.277061289465674154 1200942.341549429576843977
-4.582997094665927307 11.894175912633027536 0.000000000625136402 0.384334930562317545 0.000000000000000000
-5.988886018306579295 11.347181490084425448 0.000000000919091172 0.147955922333453865 1751790.000000000000000000
-11.235251956916124882 5.657450192440387937 0.000000000000000000 0.313877646036629543 643673.023759393719956279
-10.463944829388550417 3.338873619458532449 0.000000000000000000 0.464127499373494179 1111694.000000000000000000
-14.467431129930703904 6.158981470472311592 0.000000000000000000 0.404430429272115144 0.000000000000000000
-10.884751170801457931 4.524728114228784293 0.000000000000000000 0.326998162459959107 1081880.000000000000000000
-11.265172527785310308 6.877193593071227795 0.000000000000000000 0.462087403960806997 0.000000000000000000
-13.540303793393162479 4.778721351497601688 0.000000000000000000 0.148478093760241681 1120377.000000000000000000
-12.855649652693472262 5.584368395932775009 0.000000000000000000 0.159490065314082996 0.000000000000000000
-12.828764293606999658 4.707854078090918826 0.000000000000000000 0.021236480628968595 0.000000000000000000
-14.662213745225521677 4.881934107735139250 0.000000000000000000 0.349215902801412958 1054764.000000000000000000
-13.217793853010860516 3.721431355323369328 0.000000000000000000 0.189053999597466188 345499.763979087583720684
-12.373305655615409293 6.467791451936927949 0.000000000000000000 0.317141941886155410 0.000000000000000000
-14.154101891267849567 5.282483410236374688 0.000000000000000000 0.277383741039173792 0.000000000000000000
-13.158873130849789490 2.132348513412259283 0.000000000000000000 0.449410967452099019 0.000000000000000000
-13.476706791046666467 2.326722907484521485 0.000000000000000000 0.430394901379616390 0.000000000000000000
-14.578516494773186452 5.552989619120181075 0.000000000000000000 0.365380728520630582 0.000000000000000000
-10.624241332279703798 -6.077689165969927032 0.000000000000000000 0.445249228900522764 758958.000000000000000000
-13.394802713994963028 -5.840701103083312695 0.000000000000000000 0.235556357473315769 765390.000000000000000000
-10.974481954635695757 -6.664021537111835869 0.000000000000000000 0.464720402476440864 764127.000000000000000000
-13.345738005955221084 -6.971720902148483390 0.000000000000000000 0.413865270783941752 0.000000000000000000
-12.172027031811145648 -6.852422100476676547 0.000000000000000000 0.390461089504592629 766633.000000000000000000
-12.898636357585774093 -5.503077375119655557 0.000000000000000000 0.147076481612952753 766179.000000000000000000
-12.166628838671167401 -2.062470443983439150 0.000000000000000000 0.465648123273307235 757248.000000000000000000
-11.676512384732419036 -7.115891926582847304 0.000000000000000000 0.463057497962418296 758294.000000000000000000
-10.570914496767445101 -5.635883155623673701 0.000000000000000000 0.416783817529693734 761724.000000000000000000
-10.609041302854967270 -4.674137698177699640 0.000000000000000000 0.375031343354667535 0.000000000000000000
-14.026223275678521674 -3.466085043860734682 0.000000000000000000 0.314649701103018820 763423.000000000000000000
-13.585240147028969204 -3.245951480467363481 0.000000000000000000 0.293275043558079429 764862.000000000000000000
-11.904462865066912869 -6.479911956228372460 0.000000000000000000 0.345218673989524494 760157.000000000000000000
-11.497408329593351795 -2.850936471798132477 0.000000000000000000 0.385239092992226972 0.000000000000000000
-12.752985293831665459 -3.296632169208965291 0.000000000000000000 0.240391801282284295 91742.321143257417134009
-4.276653136511088249 -12.696995955457985872 0.000000000429605153 0.470804074798010064 0.000000000000000000
-6.382228369147225244 -9.704619418962595390 0.000000000463836857 0.362021228648635895 0.000000000000000000
-4.746544188590036129 -10.517446164272286069 0.000000000447708828 0.413068548985925710 0.000000000000000000
-7.653560702934231408 -12.222803231889923126 0.000000000642982929 0.186828396669730723 0.000000000000000000
-5.377352926860538673 -12.250759622000058968 0.000000000128261994 0.259271091280870947 0.000000000000000000
-7.621810340227924918 -13.735742014814213974 0.000000000477393429 0.390317148990136642 0.000000000000000000
-8.074102467157704410 -11.260356529643729573 0.000000000582880336 0.252483057246190135 0.000000000000000000
-6.417079037626759686 -14.202471109685372852 0.000000000316568103 0.443333287581563040 0.000000000000000000
-5.617929490147212768 -11.681868428376166236 0.000000000569010047 0.198742172185393418 0.000000000000000000
-8.135037147610173491 -12.325055621480725421 0.000000000859565965 0.272001428233464349 0.000000000000000000
-4.185370906973805205 -11.300962189553253268 0.000000000175336026 0.459929977402912415 0.000000000000000000
-8.331637674326131560 -13.599675943447302018 0.000000000575296877 0.437821645149727545 0.000000000000000000
-6.104126692930258002 -10.166146539754320699 0.000000000134174917 0.296890237374427712 0.000000000000000000
-5.525133822928471439 -12.659809151934537041 0.000000000190532163 0.272240930977341700 0.000000000000000000
-6.090466451513881552 -10.535038195645752168 0.000000000661347126 0.238824375707859415 0.000000000000000000
2.322710990111190643 -14.620107736375862473 0.000000000000000000 0.239238250495289906 0.000000000000000000
0.969846260220974532 -13.001216867802389388 0.000000000000000000 0.248091416410161553 0.000000000000000000
3.378534246427895127 -11.712259633171926865 0.000000000000000000 0.334928625157016768 8642.556351470328081632
0.796112323073262962 -12.403383925534832599 0.000000000000000000 0.315218845296469208 1674755.000000000000000000
3.092742312278931482 -13.475364844251151553 0.000000000000000000 0.139718142677732970 1627007.000000000000000000
4.106529445593916527 -14.008757346563157853 0.000000000000000000 0.341645509095035327 454487.072139127471018583
0.122418826330047498 -14.548718343822901744 0.000000000000000000 0.454691194656889452 1688157.000000000000000000
3.410470349511206312 -11.514394602415185531 0.000000000000000000 0.367664911490148349 0.000000000000000000
3.801854007837052851 -14.318368798872899816 0.000000000000000000 0.320575101285513697 1662406.000000000000000000
2.311541220801782259 -15.138221901471199615 0.000000000000000000 0.331511697096768976 1693724.000000000000000000
1.390706107896648280 -10.792069238709139256 0.000000000000000000 0.473425842870485392 1607552.000000000000000000
2.617677292482819773 -12.702142846119222952 0.000000000000000000 0.114094189557189543 0.000000000000000000
3.161657937811450658 -14.829770275311679129 0.000000000000000000 0.313328731458926701 0.000000000000000000
3.310946585191984592 -13.260382255228446269 0.000000000000000000 0.174082272143501915 0.000000000000000000
4.881006411328319139 -13.264879541074586555 0.000000000000000000 0.453855653653592372 0.000000000000000000
9.479155373322818434 -6.548020391886162805 0.000000000000000000 0.415647031944489653 866623.435270526446402073
12.122474917766130176 -7.096421015194535720 0.000000000000000000 0.429213737466124956 1776245.000000000000000000
11.196600329861771783 -10.242461633417159206 0.000000000000000000 0.302916845175972171 0.000000000000000000
12.685784302641485155 -9.282683090516842483 0.000000000000000000 0.428303376728992435 1800702.000000000000000000
9.437103246436429060 -7.025663566428995921 0.000000000000000000 0.342620598689599321 1803097.000000000000000000
8.575969139014503639 -7.959625160156392099 0.000000000000000000 0.343703793133141366 1825301.000000000000000000
12.527921447165850211 -7.883204572889532358 0.000000000000000000 0.418109220273280791 0.000000000000000000
8.407039365415929666 -7.508951399499853352 0.000000000000000000 0.407716430351122483 0.000000000000000000
10.091222170722339513 -10.771529368442449126 0.000000000000000000 0.357724328315989437 1822796.000000000000000000
8.253892025953163625 -7.455275823448507033 0.000000000000000000 0.435901051654704386 1834078.000000000000000000
8.116519486242930626 -7.623176939362605431 0.000000000000000000 0.443032788890343199 0.000000000000000000
10.860391567311111771 -8.637190400619449093 0.000000000000000000 0.094664337614876359 1516873.342456098180264235
12.189075913860145661 -9.043994489507218404 0.000000000000000000 0.333516281707125661 0.000000000000000000
9.622737204925618570 -10.209949366668904958 0.000000000000000000 0.286763386779102625 0.000000000000000000
9.456489089723920216 -8.141292229214922571 0.000000000000000000 0.190216433979908506 1754840.000000000000000000
14.261330890043593556 -1.385612794473195519 0.000000000000000000 0.271971976311661479 0.000000000000000000
13.530008002077243745 1.059893685585221457 0.000000000000000000 0.183698951139089989 0.000000000000000000
11.112580402016019931 0.161906715854922251 0.000000000000000000 0.433775274195269012 0.000000000000000000
12.605969474593337054 -1.956189944655962965 0.000000000000000000 0.378339335888174255 598948.000000000000000000
11.058847636740049225 -0.436542972011955410 0.000000000000000000 0.448915311709627951 0.000000000000000000
14.769820914945192669 2.350881857967289879 0.000000000000000000 0.461573977119596690 602555.000000000000000000
15.844511627678636856 -0.799360510774216437 0.000000000000000000 0.433103043595628789 604142.000000000000000000
14.831055277464919584 -0.089873664119877059 0.000000000000000000 0.230476048047277171 605295.000000000000000000
14.334043562618951739 -0.795296511723641797 0.000000000000000000 0.197264821508765981 0.000000000000000000
14.033956072438266816 -1.945703209401000722 0.000000000000000000 0.348101148406875061 0.000000000000000000
11.078380522569791111 -0.763158871718292886 0.000000000000000000 0.458622728351543496 0.000000000000000000
14.605189249020970266 -1.299244706180174846 0.000000000000000000 0.294016551802342430 606193.000000000000000000
14.049617912556588095 0.844781506083313261 0.000000000000000000 0.172064031420980840 598615.000000000000000000
11.861286916104070599 1.877789948181331825 0.000000000000000000 0.442996017644845530 0.000000000000000000
13.406447977147049500 0.435527201890898497 0.000000000000000000 0.079223810327682290 0.000000000000000000
