-1.696107207338981571 1.340012517505374756 0.000000000000000000 0.465113002989741786 840255.000000000000000000
-1.822134786333580614 2.388129796631102586 0.000000000000000000 0.278592267856480114 837495.000000000000000000
-1.161683512410019548 5.390807032344734573 0.000000000000000000 0.331134698262295302 842421.000000000000000000
-2.463184814837066305 4.862718733562570783 0.000000000000000000 0.176996469222448910 840114.000000000000000000
-0.437446080497796319 3.219663660149719497 0.000000000000000000 0.345788671247531654 838635.000000000000000000
-2.457906833776126732 2.395055968787659140 0.000000000000000000 0.268611102875786545 846829.000000000000000000
-0.582383215040612634 2.211658658297884550 0.000000000000000000 0.422633010600649006 841826.000000000000000000
-3.695404797022740606 3.674260025890695225 0.000000000000000000 0.259010669514045500 840538.000000000000000000
-2.614423015077758983 5.752479450456219112 0.000000000000000000 0.337621179919212089 841042.000000000000000000
-3.180019002403257744 3.051078301497899048 0.000000000000000000 0.222049593634704195 0.000000000000000000
-3.299896723035009138 5.273617738871003269 0.000000000000000000 0.308404380232694009 190940.053566092276014388
-2.290561278809651657 5.838447501382359128 0.000000000000000000 0.346993856265293887 838805.000000000000000000
-3.998477685792468872 3.811545678284996796 0.000000000000000000 0.310470398678624859 844465.000000000000000000
-1.497851418057199790 1.872283329353569226 0.000000000000000000 0.384125863024552594 0.000000000000000000
-1.952342702987155398 3.722329449274331292 0.000000000000000000 0.062175752035880397 669613.344874704140238464
-2.316988688100793059 -2.738341124651068714 0.000000000000000000 0.205393637901314263 686545.000000000000000000
-3.912821595853929413 -4.739916185085175648 0.000000000000000000 0.331397783136683943 679739.000000000000000000
-2.398890786373954143 -3.363457968569509848 0.000000000000000000 0.097094151225565528 677850.000000000000000000
-4.309979541456603336 -3.325596652955423504 0.000000000000000000 0.379209768429821847 505754.297791632940061390
-3.044890518791871337 -6.418756667888833256 0.000000000000000000 0.471460635404717998 0.000000000000000000
-0.444838567259118467 -2.072476571909685816 0.000000000000000000 0.457497418368511044 0.000000000000000000
-1.974600401319003939 -2.368509780625580152 0.000000000000000000 0.275687413850592145 679802.000000000000000000
-3.979629105618791129 -2.519246130171320264 0.000000000000000000 0.391959445607417301 681705.000000000000000000
-3.567836010450321282 -4.601888020222411946 0.000000000000000000 0.265567107691993654 32210.067106270416843472
-1.928506449463879058 -5.873219776760576494 0.000000000000000000 0.358033468687269096 188673.834709773160284385
-3.627247007076426666 -4.507008056858476053 0.000000000000000000 0.267556999424828246 0.000000000000000000
-0.747212462588897952 -2.410299415168473125 0.000000000000000000 0.376860634295927310 686114.000000000000000000
-2.535708887517897470 -3.243136419013055605 0.000000000000000000 0.125388163772685496 0.000000000000000000
-3.496608397670467383 -5.422349197277250177 0.000000000000000000 0.350833357681531011 0.000000000000000000
-3.459786007174275646 -5.228864513499618560 0.000000000000000000 0.320369407878104140 0.000000000000000000
3.525600450377166961 -1.705982751188247937 0.000000000000000000 0.350753594587153050 195146.691428237856598571
5.847523857081008636 -1.823211729686258886 0.000000000000000000 0.401476050030074749 763785.000000000000000000
3.381046636812006234 1.114832643510303978 0.000000000000000000 0.282976718342037525 0.000000000000000000
4.580376963753766795 1.209658250028680104 0.000000000000000000 0.215241681382668804 756154.550200467463582754
6.923590655447594777 1.042669683324684904 0.000000000000000000 0.467506115439508096 761959.000000000000000000
2.900350689534609838 1.403988863987172264 0.000000000000000000 0.380876829675595607 0.000000000000000000
4.730672066616011584 -1.505558728331785945 0.000000000000000000 0.270227374444670654 758751.000000000000000000
5.502602812415368305 1.998226838679150630 0.000000000000000000 0.396088356199001623 0.000000000000000000
3.396371013212820866 -0.053550660575315955 0.000000000000000000 0.199455195034635796 0.000000000000000000
4.889237937463954076 1.248475043148540964 0.000000000000000000 0.231620646504453909 0.000000000000000000
3.673041201009559664 1.374912926902440935 0.000000000000000000 0.286729926734591301 98040.834196252879337408
6.106400204803300369 0.640749785065090283 0.000000000000000000 0.305707351271807204 0.000000000000000000
3.951925730587556806 2.399040279062659486 0.000000000000000000 0.437995714207389475 0.000000000000000000
5.113875012479498494 -0.323361823092731371 0.000000000000000000 0.121335772541924888 0.000000000000000000
3.810196500860709712 -2.163405214721152880 0.000000000000000000 0.404489628258671852 0.000000000000000000
10.433056811802792652 7.455488972534160652 0.000000000686720756 0.227203699309081103 496363.275493791792541742
8.695889642263885833 7.528207414425382105 0.000000000805825050 0.363185022977444538 845136.000000000000000000
9.468066076505138540 7.280792855198111369 0.000000000694743807 0.300915373629731642 839403.000000000000000000
11.267133835595043223 9.688058889065324308 0.000000000363184722 0.233164175762640480 838579.000000000000000000
9.731282297111356172 10.065037761105884329 0.000000000474009745 0.255403025204056722 0.000000000000000000
8.459057211874650761 6.923427437116862926 0.000000000261690842 0.464077939443602872 0.000000000000000000
10.733815480580220836 10.375109474050645986 0.000000000301660152 0.293618243267797341 845830.000000000000000000
8.965924653980930970 7.648124365714317641 0.000000000688512095 0.312061907725834808 837900.000000000000000000
11.280688870342558516 8.073208788807223257 0.000000000886940619 0.205027866596243363 0.000000000000000000
10.500577434962702128 8.327830240340603041 0.000000000541366719 0.078984226237223315 0.000000000000000000
11.517503335838510381 9.425229112768276352 0.000000000261962316 0.240946372502111067 0.000000000000000000
8.003430910973447610 9.721464888647618707 0.000000000139073238 0.450383090384821549 0.000000000000000000
12.019675543448528288 8.181332417277467073 0.000000000138319626 0.315259512637840300 0.000000000000000000
11.800973111207639477 8.759042222778255393 0.000000000334810332 0.260313029781486460 0.000000000000000000
11.348745604469289816 8.060602591241858406 0.000000000891340730 0.216268385650781658 837924.000000000000000000
3.325055710433738820 11.032879113706245633 0.000000000000000000 0.436676641093898088 917595.000000000000000000
0.910240364244381261 12.716925795895187790 0.000000000000000000 0.272698923665326165 607131.655163696501404047
1.160597904720219953 11.436142038668776877 0.000000000000000000 0.388910893472101449 0.000000000000000000
2.136213337464240691 15.403997222229943276 0.000000000000000000 0.380472913538140722 0.000000000000000000
2.169264573368020255 11.847282436969814867 0.000000000000000000 0.256258821612448728 385948.984385410672985017
4.538646644218562898 14.526357347298523237 0.000000000000000000 0.451368527104008987 920518.000000000000000000
2.509993866545632724 14.763293844374125285 0.000000000000000000 0.266552457214952132 921391.000000000000000000
4.548303983814965257 14.314318436359856790 0.000000000000000000 0.435597363763150669 0.000000000000000000
2.815436184825469645 14.697487504850066387 0.000000000000000000 0.267096399452312561 0.000000000000000000
3.588101435850748810 11.131786962223291226 0.000000000000000000 0.442321518140590841 918185.000000000000000000
2.267853818753215567 11.157666483458067219 0.000000000000000000 0.377534804173176641 919420.000000000000000000
3.380639038807669472 14.327783651638414497 0.000000000000000000 0.264151803945686936 919635.000000000000000000
1.460731853353418597 13.026074335235129809 0.000000000000000000 0.161977696256918102 0.000000000000000000
1.718246703771816986 15.397781761477343565 0.000000000000000000 0.393404553324591177 0.000000000000000000
2.747066207131089843 11.350228643984968002 0.000000000000000000 0.350798849515360334 0.000000000000000000
-7.582621979233856280 12.688653707311061680 0.000000000497773778 0.228890332968929217 1718832.000000000000000000
-5.715825942893991041 14.082594244221843027 0.000000000880968860 0.456317933988775293 0.000000000000000000
-8.045002927515536584 10.207348463681892525 0.000000000416035524 0.355075619933866216 0.000000000000000000
-8.567395002022728079 10.051587104041116660 0.000000000027395223 0.440063032582905023 1773553.000000000000000000
-6.084290894234819724 13.337039536384253324 0.000000000293826541 0.309041353860824319 1704883.000000000000000000
-8.123911558680884326 9.655787519092292825 0.000000000532108667 0.440909741594306626 0.000000000000000000
-8.745585780958945676 13.146195346418442895 0.000000000183016124 0.438505870987794255 1737902.000000000000000000
-6.172618172494124700 13.198135301033266487 0.000000000853798969 0.280372170968941570 1697517.000000000000000000
-5.894896096609352654 9.715733967149235539 0.000000000058608287 0.384915709259716465 0.000000000000000000
-5.182929864254179897 11.665686583181559044 0.000000000300667417 0.276320472060069822 0.000000000000000000
-6.858621369378770538 12.554922967947984347 0.000000000351586998 0.149709441711947083 1719159.000000000000000000
-6.468670935823022106 13.460860451910289015 0.000000000762502056 0.312017164740950981 1707354.000000000000000000
-9.139153378778127390 11.863651073992672380 0.000000000691846350 0.429707607025287430 1024794.924923891085200012
-6.298798107039744743 14.001226149252865127 0.000000000898617248 0.411501110554924387 1674338.000000000000000000
-6.052049165560155153 13.791490718926951331 0.000000000456701875 0.386638559673423365 1339580.048111020354554057
-12.288682207434330707 4.062137102522728860 0.000000000000000000 0.131278458393001618 1058360.000000000000000000
-11.782066625740435839 6.266123120604489394 0.000000000000000000 0.322499407414993278 0.000000000000000000
-14.569807257727500627 6.372131102036412642 0.000000000000000000 0.442234728997688176 141562.915185447112889960
-13.943567959895508679 2.726055088014361694 0.000000000000000000 0.403476972750239693 669845.190459424396976829
-11.917974849682311245 4.988220406036639964 0.000000000000000000 0.151642763465186597 1084998.000000000000000000
-12.307874069363514025 6.975294959493573366 0.000000000000000000 0.406118554475770832 37744.687495445767126512
-13.954728438243053645 3.699941403690716335 0.000000000000000000 0.278927134701651092 1071742.000000000000000000
-14.162753014555823583 5.291933028710082532 0.000000000000000000 0.279430819037722378 1049161.000000000000000000
-15.303204768369720767 4.783351375645954029 0.000000000000000000 0.462033004613714937 1101116.000000000000000000
-12.245541673598294707 2.243095744996471907 0.000000000000000000 0.431967191523921379 499584.685196185426320881
-10.951427796242303003 5.075272103948356595 0.000000000000000000 0.321543593879211553 0.000000000000000000
-13.885072596928743849 4.721131878592355058 0.000000000000000000 0.209044752879541468 1130739.000000000000000000
-14.417116828805152551 5.984915293073358455 0.000000000000000000 0.378800735797141797 1077145.000000000000000000
-12.578982419197849651 5.261161302645947835 0.000000000000000000 0.104104668084386051 1062962.000000000000000000
-11.984310202292684622 3.023762693843697669 0.000000000000000000 0.316077489494951402 1094092.000000000000000000
-11.670897418146864766 -6.893354149628277305 0.000000000000000000 0.428231794714168446 761868.000000000000000000
-14.887707309974546277 -4.278505422297867788 0.000000000000000000 0.393764518282655962 766499.000000000000000000
-11.519397464829500777 -6.163402441246474517 0.000000000000000000 0.335001660174859328 0.000000000000000000
-15.131875752635698618 -5.043429016996493708 0.000000000000000000 0.435737686814689162 766070.000000000000000000
-15.060083308792631129 -5.777746286651392893 0.000000000000000000 0.459537785529460507 759487.000000000000000000
-13.026221123658787704 -6.883429389696406275 0.000000000000000000 0.387168315666590546 762244.000000000000000000
-12.959213906877277367 -2.990865233678559942 0.000000000000000000 0.296589111126381366 0.000000000000000000
-14.968038385969546056 -4.327538637287888790 0.000000000000000000 0.406509822894677075 640867.630153006990440190
-11.952977693613984655 -7.073652444703628639 0.000000000000000000 0.438489173490755668 763371.000000000000000000
-14.689550233791665690 -5.654045496119668002 0.000000000000000000 0.390703242917882998 766371.000000000000000000
-12.962038148249119374 -4.151994719013254453 0.000000000000000000 0.101719860983151902 0.000000000000000000
-11.281356022382786009 -4.971956419666835103 0.000000000000000000 0.260281033667657147 0.000000000000000000
-11.509053494956795305 -2.689472971778288812 0.000000000000000000 0.407705106148803953 760090.000000000000000000
-11.413112022636774157 -5.711460081721973836 0.000000000000000000 0.293437254907715883 0.000000000000000000
-12.327006696465552693 -5.390552147116010495 0.000000000000000000 0.141720297143212520 763315.000000000000000000
-8.787396285599005097 -11.024477622232412344 0.000000000492742936 0.386225828930358006 0.000000000000000000
-6.486033966978345333 -11.862680946209515298 0.000000000513996861 0.050780004317073101 0.000000000000000000
-8.265823778251093046 -11.761061715036996489 0.000000000554508223 0.273411056493274629 0.000000000000000000
-5.319344803001685662 -9.714711919491142211 0.000000000529760207 0.435380339948329087 0.000000000000000000
-8.357664458882336334 -13.228673240737894190 0.000000000227287295 0.393805312825163734 0.000000000000000000
-4.736803421101237532 -10.912648877665619196 0.000000000527795018 0.383301912097235353 0.000000000000000000
-7.426206044973298503 -10.480688911767796156 0.000000000820134696 0.251466393777538766 0.000000000000000000
-9.198180748267482443 -12.297787045707927689 0.000000000599702597 0.451191244593821206 0.000000000000000000
-8.511792740290712089 -13.035666869757333686 0.000000000415660698 0.393318577944024639 0.000000000000000000
-7.136737868216407321 -10.215854121138841393 0.000000000479428119 0.275477222443972714 0.000000000000000000
-6.884215970302823173 -13.419753029428758140 0.000000000879883358 0.302265640720665196 0.000000000000000000
-6.034685623665192900 -12.646202611579482777 0.000000000516089412 0.206053135291796946 0.000000000000000000
-5.042888497522859836 -10.135955784944124858 0.000000000121466098 0.411562700840742701 0.000000000000000000
-4.997679359555021072 -12.416471151984074694 0.000000000282041333 0.333006653799413577 0.000000000000000000
-8.177656839576856740 -12.802712527478968596 0.000000000774776743 0.321020895196991507 0.000000000000000000
4.775223270480945637 -12.801121817969118410 0.000000000000000000 0.443148654447974744 0.000000000000000000
2.931179313508670781 -14.263744760488181740 0.000000000000000000 0.205415772136138569 1162465.574150297092273831
2.401321636051422459 -12.637711154861589691 0.000000000000000000 0.114416964942417529 0.000000000000000000
0.463168226662451721 -14.851621517610430701 0.000000000000000000 0.435801759590200177 1658390.000000000000000000
1.580382919968723598 -10.935487551214460922 0.000000000000000000 0.438106120916581521 357403.415811433282215148
4.887669486809997466 -13.273943484462320086 0.000000000000000000 0.455038192145769349 1623840.000000000000000000
2.780691287964596192 -12.794737301934423712 0.000000000000000000 0.117017601350122388 0.000000000000000000
0.560890566715110950 -14.336731596176557346 0.000000000000000000 0.368182753112899330 1670528.000000000000000000
3.968983456064048898 -11.545352034503819638 0.000000000000000000 0.424003589238077738 1684529.000000000000000000
1.583272686853029798 -14.213198989291559116 0.000000000000000000 0.213877456808816202 0.000000000000000000
2.615959928499702158 -13.949832333548350505 0.000000000000000000 0.129941881284667882 1665007.000000000000000000
2.199461741085375621 -14.031706931988882303 0.000000000000000000 0.136588200863279607 1628010.000000000000000000
4.132166103941684376 -13.971308887946520372 0.000000000000000000 0.343419095369418725 0.000000000000000000
4.669372160391151994 -13.086658492467114101 0.000000000000000000 0.417511535171610104 0.000000000000000000
3.607049733717717643 -15.270537836917792873 0.000000000000000000 0.421142041639639308 0.000000000000000000
10.873916018638912107 -9.897210825511507437 0.000000000000000000 0.222656240247228743 1786939.000000000000000000
11.953395936104243447 -10.816020565902753958 0.000000000000000000 0.461955054556267120 767594.560541834915056825
8.751933189865386709 -8.566702674181707167 0.000000000000000000 0.284949962547717095 1791762.000000000000000000
7.765729814090568617 -8.083884181595074381 0.000000000000000000 0.473555374199056023 884171.718759651761502028
8.717786607708251978 -7.310721819879364425 0.000000000000000000 0.384029077793249463 0.000000000000000000
9.279023164507187005 -7.867729262817083402 0.000000000000000000 0.244346353474541533 1849970.000000000000000000
12.110285445906349366 -8.159254547305529570 0.000000000000000000 0.331801414633355773 1503743.919976582750678062
12.339759617334159714 -9.933588817572738705 0.000000000000000000 0.412180794380644810 1756940.000000000000000000
12.847705279410016388 -8.185383246174859906 0.000000000000000000 0.457523293376679907 1766959.000000000000000000
12.153487741344470408 -7.433155939339589402 0.000000000000000000 0.396533050261728970 1776770.000000000000000000
11.104837823163686394 -7.082962118448493882 0.000000000000000000 0.321840217876778911 1847356.000000000000000000
10.224254915631425078 -10.087456905868780410 0.000000000000000000 0.235831649658730214 1837841.000000000000000000
11.315836384140212090 -7.504029150587735231 0.000000000000000000 0.278646240810015655 0.000000000000000000
10.694372364324976843 -9.624974682665877523 0.000000000000000000 0.166127695546506610 1793125.000000000000000000
11.214000409629091948 -9.712899276519953773 0.000000000000000000 0.229744884407821315 0.000000000000000000
12.171200946457469527 1.703647822477810880 0.000000000000000000 0.383753582131872772 503010.502569006232079118
12.531134219994912726 1.141295959134304816 0.000000000000000000 0.267751709410304739 596661.000000000000000000
12.631276721098915417 2.180251265530350313 0.000000000000000000 0.411797928683591496 602735.000000000000000000
15.212040432702901072 0.929324271082534126 0.000000000000000000 0.338332472050915545 0.000000000000000000
13.799475435620413677 1.773594671937686940 0.000000000000000000 0.310628331049055295 0.000000000000000000
11.590836939548958995 -0.315907306102882146 0.000000000000000000 0.351944028407677134 0.000000000000000000
13.523569218335161679 -1.191971207885877293 0.000000000000000000 0.206603873530964044 596606.000000000000000000
13.424726464301810935 -2.565179846021110599 0.000000000000000000 0.445109540702620599 0.000000000000000000
14.173644815238498396 -2.534216457783597942 0.000000000000000000 0.452823832801680259 597059.000000000000000000
12.680335324788911677 0.973539937269676581 0.000000000000000000 0.228270871135376918 0.000000000000000000
12.141043063214056019 0.672320518990006888 0.000000000000000000 0.275559407190234140 0.000000000000000000
12.485347129040933467 -1.444886400076150101 0.000000000000000000 0.313659461781720272 529252.133312908001244068
12.163672851113085827 -1.373656242977469466 0.000000000000000000 0.342439048823499459 0.000000000000000000
14.926814090693110160 1.450397193672971818 0.000000000000000000 0.351872150601874600 0.000000000000000000
12.205626200334815934 0.250800296521919097 0.000000000000000000 0.242007869112125990 0.000000000000000000
