-3.803487113403816622 2.559367681063171140 0.000000000000000000 0.363231186951258445 0.000000000000000000
-2.268368412802429734 5.334068329722266633 0.000000000000000000 0.257141535574705038 842268.000000000000000000
-3.650871541769823203 3.539811281023784506 0.000000000000000000 0.255921059779774196 838259.000000000000000000
-0.884674375866744356 4.475336337343772009 0.000000000000000000 0.266070624079198181 840800.000000000000000000
-3.602110260350697146 4.022353353774374085 0.000000000000000000 0.240669749103042785 842948.000000000000000000
-0.230278890045538309 2.661121653966321166 0.000000000000000000 0.422569838470636727 0.000000000000000000
-2.707036020577880731 6.503181179192361050 0.000000000000000000 0.472052278854132923 843685.000000000000000000
-1.391760059736416144 5.645559978190764383 0.000000000000000000 0.348732905837098817 0.000000000000000000
-0.361974240949688664 2.891218231941232286 0.000000000000000000 0.381945298560138147 845572.000000000000000000
-3.952124346965472768 3.486832979306087044 0.000000000000000000 0.310309434662865202 0.000000000000000000
-1.530988760920246161 5.109658823718535636 0.000000000000000000 0.252949467511743908 841813.000000000000000000
-1.824905867538885618 3.167278538343391681 0.000000000000000000 0.150145141568378271 0.000000000000000000
-1.543267393205726146 3.348133790678972765 0.000000000000000000 0.159874561124651815 841679.000000000000000000
-1.892317379302385527 4.502103915681497703 0.000000000000000000 0.127010716840390864 0.000000000000000000
-4.416863429627561288 2.660114165881960702 0.000000000000000000 0.442587137360701877 844132.000000000000000000
-0.332626891964462212 -5.572814486102146248 0.000000000000000000 0.455659048332543171 0.000000000000000000
-2.174887183875340746 -1.642744770877298421 0.000000000000000000 0.400506701646392793 606827.482459523133002222
-0.009805100500698938 -4.633793665220951929 0.000000000000000000 0.422034489765086673 676790.000000000000000000
-4.631933224586338937 -4.679223368420452722 0.000000000000000000 0.445706597432388496 0.000000000000000000
-2.099915620220260681 -4.610771171619264308 0.000000000000000000 0.131401278562311902 0.000000000000000000
-3.218629681224730366 -3.823617687925398911 0.000000000000000000 0.171582863586934004 681896.000000000000000000
-3.567361662865286220 -4.876469038418065338 0.000000000000000000 0.291986099552487999 593453.989293750142678618
-1.799653374099599912 -2.553084436284811964 0.000000000000000000 0.251787941785544866 0.000000000000000000
-0.301962009763666994 -2.591845801595126009 0.000000000000000000 0.418391829733293197 0.000000000000000000
-2.353412761606107129 -4.179722290963028719 0.000000000000000000 0.054282301101783476 679951.000000000000000000
-2.124102839056110525 -1.372956345812593071 0.000000000000000000 0.448911134275397028 679783.000000000000000000
-3.365390354869393530 -5.079710632653774205 0.000000000000000000 0.289434441418858823 0.000000000000000000
-2.665714593773911734 -2.942314360687097619 0.000000000000000000 0.183743682743079395 523144.307788799109403044
-3.065685678147661797 -5.822501062439727093 0.000000000000000000 0.372887882381021663 680746.000000000000000000
-3.193070715769050771 -5.998556684002567252 0.000000000000000000 0.410633965228427655 0.000000000000000000
4.790849240683200172 0.223549225799329759 0.000000000000000000 0.063313464498447325 0.000000000000000000
4.774656285893414065 0.646163229801677175 0.000000000000000000 0.123821148098923764 765415.000000000000000000
1.869136898270563618 0.329351201099145174 0.000000000000000000 0.475008152387788485 599404.561349529190920293
4.849284289101638556 1.842848929623925436 0.000000000000000000 0.332746906119044672 0.000000000000000000
3.540271226710342223 1.647263751798837328 0.000000000000000000 0.340425764219112414 0.000000000000000000
3.300927126936969547 0.341765266201707441 0.000000000000000000 0.224614358809128417 581520.230993038159795105
6.260495313915619420 -0.966470608354079053 0.000000000000000000 0.355348004234859349 0.000000000000000000
2.835057406633418431 1.800846132171366687 0.000000000000000000 0.438314625083385812 269702.854816257546190172
4.944616128686221579 1.232948906914503873 0.000000000000000000 0.232046527440656597 918.052614058909171035
4.890078057663083122 -1.231997612572892864 0.000000000000000000 0.228863693444928157 761769.000000000000000000
6.244173828184020003 -1.350059363801165757 0.000000000000000000 0.390437780694803838 762976.000000000000000000
5.033553131582662488 2.048625952259017335 0.000000000000000000 0.375430648094929653 763940.000000000000000000
2.430612861223543586 0.706930589472746784 0.000000000000000000 0.392046565363487254 766387.000000000000000000
5.476961003825753238 0.262917761399286354 0.000000000000000000 0.177833018818187832 0.000000000000000000
5.262175839390059728 0.275512124075924569 0.000000000000000000 0.142010037932145450 0.000000000000000000
12.182021626149708737 8.385227288591716288 0.000000000665157343 0.334289815750769326 842650.000000000000000000
11.223476637593645222 9.559265538978586108 0.000000000839264212 0.212001411341360663 837546.000000000000000000
12.289644085099824977 7.579425654588335171 0.000000000410663258 0.402976957077980369 841835.000000000000000000
8.688354064947811040 9.888840063176518314 0.000000000554708602 0.356283330590319469 845041.000000000000000000
12.204110265497197574 8.545423280533807286 0.000000000176953728 0.334039599827429590 843922.000000000000000000
11.980136576341202215 10.152591389183287518 0.000000000280584845 0.381737881585510641 841632.000000000000000000
8.883596269387858513 10.600975742928506307 0.000000000689755594 0.416485502033765276 846007.000000000000000000
11.059544023077675590 6.158640622878690074 0.000000000247649044 0.471228197714017916 843118.000000000000000000
9.289186307653826802 7.783591113165831743 0.000000000850230761 0.252605163581493097 0.000000000000000000
10.600876896452097853 10.813232349445170755 0.000000000853487629 0.364934927685566790 0.000000000000000000
11.151260334036788180 9.342863789267719099 0.000000000239210025 0.178135749579656583 837712.000000000000000000
7.857945842314490115 8.083153304776041992 0.000000000096235479 0.457679494490051464 841110.000000000000000000
12.243713749182319361 10.442755243793635955 0.000000000551575162 0.450327007673337831 839227.000000000000000000
10.099622252869547623 9.545822531985121984 0.000000000884439661 0.146398446865632748 373722.927830296510364860
7.855328026101126682 8.493863347785101325 0.000000000391963804 0.445195442978596867 0.000000000000000000
1.380502960460411321 10.865331804273115068 0.000000000000000000 0.461920622802888814 919243.000000000000000000
1.503662849798927947 13.741093698444780458 0.000000000000000000 0.169592085187467850 822109.240730784600600600
3.138056644976368492 11.651144295225110525 0.000000000000000000 0.322890366566437936 921845.000000000000000000
1.120660584785939884 11.576129226501153724 0.000000000000000000 0.372228565683273949 155552.044620451139053330
4.291425383960723039 12.947434124741423744 0.000000000000000000 0.353677979964362676 917958.000000000000000000
1.612444376453105566 13.146109254061213889 0.000000000000000000 0.130750638152527243 926767.000000000000000000
0.240916730751045943 13.008617233625846765 0.000000000000000000 0.376131948769440172 919203.000000000000000000
4.337525025624762165 12.051256333302349688 0.000000000000000000 0.418305518911254781 0.000000000000000000
0.229594445459282454 14.443588952987175489 0.000000000000000000 0.428853506080253133 923725.000000000000000000
4.290830340393037901 12.780879781573055709 0.000000000000000000 0.359671624515814137 926004.000000000000000000
3.251805366275399400 11.187525965620926272 0.000000000000000000 0.406239766495321231 0.000000000000000000
4.910796209437186199 12.737577036519066809 0.000000000000000000 0.469060832564468899 924463.000000000000000000
3.642639231794013721 11.667519162797059806 0.000000000000000000 0.369305447740280013 922784.000000000000000000
1.285863861691196375 15.651108612933633424 0.000000000000000000 0.462364298133401463 0.000000000000000000
1.981235616848557424 14.202163314925400073 0.000000000000000000 0.176429788256023623 405228.407449470076244324
-9.240407254787106339 11.194103909395847651 0.000000000505055637 0.456470439220746760 0.000000000000000000
-6.957788150915058978 12.768408909257626505 0.000000000060172746 0.190066483462008246 1723882.000000000000000000
-7.741743658211091450 9.698769612701061860 0.000000000816987160 0.399867730696238266 1236019.908101739594712853
-6.927006888225863968 13.531990280124478687 0.000000000594969437 0.322767661110491433 0.000000000000000000
-7.452625332223031585 12.455500462520042504 0.000000000348782317 0.182934238786334497 1714949.000000000000000000
-4.644559224485147020 10.689441182507964712 0.000000000089726507 0.414445762729591105 1753926.000000000000000000
-6.706985974448874899 10.946745946547812522 0.000000000621392206 0.136708949898241144 0.000000000000000000
-7.531242493425616580 10.471455963953040680 0.000000000501181641 0.262530122923807729 0.000000000000000000
-4.905333912919881634 11.459630808292848414 0.000000000886909985 0.328853366165823557 1713729.000000000000000000
-6.864844311135795962 11.306362645982352078 0.000000000095895398 0.076689913962169828 1728845.000000000000000000
-5.948204185280403955 9.239626710226190198 0.000000000035494686 0.460803394812514533 1726692.000000000000000000
-8.002637487470456890 11.558081958949452783 0.000000000646280198 0.228173471317584059 1761704.000000000000000000
-4.998969637087220974 10.016715471666163495 0.000000000030331456 0.431822502717535750 1733229.000000000000000000
-5.143613718489464581 11.601028463915159961 0.000000000084650716 0.283934146093063056 0.000000000000000000
-8.599820796605214923 12.265169796417810133 0.000000000543388928 0.346547661882575520 1700574.000000000000000000
-11.921685535536980183 5.342116396009705781 0.000000000000000000 0.182352233788427798 1123873.000000000000000000
-11.218598204966838239 2.514183643578296490 0.000000000000000000 0.461926267001736612 0.000000000000000000
-13.687271366423960473 5.108556310399245071 0.000000000000000000 0.189005927939446788 1100374.000000000000000000
-13.006555336150137592 5.132856043632244791 0.000000000000000000 0.094699936304866478 565082.179778597783297300
-10.709944839305656217 3.664408923884963531 0.000000000000000000 0.398507881982761436 1035454.000000000000000000
-13.966617392334969239 3.786842354909579988 0.000000000000000000 0.271757555685761210 0.000000000000000000
-14.605734004603597498 3.291599973103268795 0.000000000000000000 0.414151482232931745 1077180.000000000000000000
-13.023289570415972349 4.476902468654280653 0.000000000000000000 0.065471184048548833 1117496.000000000000000000
-13.765870410993578332 4.933722695675307968 0.000000000000000000 0.192815813954632792 25918.282474522227857960
-11.206606480499253564 5.136446496987393751 0.000000000000000000 0.280145059120487372 226481.936866173666203395
-12.558504226916289426 4.731261106031488417 0.000000000000000000 0.029037927467767143 662855.976910304161719978
-10.804025096383776727 6.046455857884336815 0.000000000000000000 0.415631346680647051 1129897.000000000000000000
-13.059882795946816003 6.495393192136384108 0.000000000000000000 0.321677707781241884 0.000000000000000000
-11.549545811969503362 6.780988303182121868 0.000000000000000000 0.420979543445030691 1090292.000000000000000000
-10.758800033851402489 4.514059957824218650 0.000000000000000000 0.349522785319056561 0.000000000000000000
-12.889005442968034743 -5.822304383532029171 0.000000000000000000 0.201258135417462264 764283.000000000000000000
-14.653051664200905435 -4.636437208082109684 0.000000000000000000 0.345880721948973069 766156.000000000000000000
-11.162789697712140580 -6.810526358796656687 0.000000000000000000 0.463197365627784019 763450.000000000000000000
-10.955811745372256993 -5.206292854724673624 0.000000000000000000 0.326474020978098578 530535.755725848022848368
-15.177721623572745457 -5.732012633680898084 0.000000000000000000 0.475595970500135856 430412.597363974433392286
-13.392481872937336718 -5.381506648058665299 0.000000000000000000 0.171943321681835765 761257.000000000000000000
-13.029394011621313609 -6.967059496191893686 0.000000000000000000 0.401628331248022608 94432.202857884214608930
-14.504945393117962382 -3.816004227037593122 0.000000000000000000 0.352632258504490759 764566.000000000000000000
-11.771372793209893715 -5.098430238323727437 0.000000000000000000 0.183103021502387053 0.000000000000000000
-14.072174983098005185 -5.636895188787831579 0.000000000000000000 0.293772641119547928 762306.000000000000000000
-12.916253967803044134 -6.951924696169699658 0.000000000000000000 0.396767032576625045 760341.000000000000000000
-13.928633615273854574 -3.294012145632821298 0.000000000000000000 0.323459672424421696 0.000000000000000000
-14.501086629633482161 -4.156540107951038010 0.000000000000000000 0.331301414011982043 765449.000000000000000000
-10.162915573044569939 -4.067948739320837781 0.000000000000000000 0.466878672140620232 758308.000000000000000000
-11.219818704524149311 -6.858695156587029551 0.000000000000000000 0.464029772525367867 0.000000000000000000
-5.900726844715413755 -9.636032063509546219 0.000000000169005179 0.397574594257181835 0.000000000000000000
-6.543674252369913624 -13.615945929619005739 0.000000000265083224 0.337565784396211599 0.000000000000000000
-4.848725219396101238 -11.743750045511511360 0.000000000221026644 0.335749080576841052 0.000000000000000000
-4.144308388738108029 -12.237044223330331150 0.000000000524685152 0.470317373760511637 0.000000000000000000
-6.961647284230798149 -11.413914312898278069 0.000000000461114975 0.067658132683291516 0.000000000000000000
-6.275683755206522996 -12.592421925400408611 0.000000000432618793 0.174841639183109160 0.000000000000000000
-5.827017048518450260 -10.329864108136263212 0.000000000225528649 0.294228776255009317 0.000000000000000000
-8.532807278975422349 -11.237974525334678333 0.000000000447447060 0.331931641417532119 0.000000000000000000
-4.256179237887790734 -11.102271279011111105 0.000000000879031614 0.454646751651240855 0.000000000000000000
-7.019738118752332667 -10.017383200261454235 0.000000000108526591 0.305358490974083185 0.000000000000000000
-7.774291801944412938 -9.406405959702285102 0.000000000690449930 0.448982673259364085 0.000000000000000000
-6.041125684667763451 -10.983714361000938453 0.000000000681753634 0.179236607778273466 0.000000000000000000
-5.868946764372830138 -13.387438589883789319 0.000000000871154818 0.333282427894770028 0.000000000000000000
-8.772101713655171551 -11.500261050999263546 0.000000000914965374 0.365574398846985782 0.000000000000000000
-6.712322429595286799 -13.131760808378389882 0.000000000652781465 0.250158669281598800 0.000000000000000000
2.837942743134401535 -14.133835169648008900 0.000000000000000000 0.177044402003790291 0.000000000000000000
-0.293711850149680487 -12.966687215979336045 0.000000000000000000 0.471594185025398405 1611476.000000000000000000
2.661740008625753884 -13.966217692845516396 0.000000000000000000 0.135933415627995546 1645100.000000000000000000
1.062950468938896664 -12.596621720174868031 0.000000000000000000 0.256950058734073172 807304.296538338065147400
1.630833049888683828 -10.994506279239489643 0.000000000000000000 0.425373768181359246 1627734.000000000000000000
2.686917910718475078 -12.609913349982837971 0.000000000000000000 0.134333233087852666 0.000000000000000000
1.888133224727807535 -14.246274272215288192 0.000000000000000000 0.190116975272887317 1656323.000000000000000000
3.378940254741909843 -12.730983639975494981 0.000000000000000000 0.209994840810760336 0.000000000000000000
0.474926840131825179 -14.077501735097916580 0.000000000000000000 0.360789190603907572 1619207.224580887006595731
2.448462638294683025 -14.445418311434675473 0.000000000000000000 0.209104231331040780 0.000000000000000000
0.588627178212589031 -13.167741881090709199 0.000000000000000000 0.311730659371968311 1164116.882953086867928505
2.239933720209937640 -15.132079212639816035 0.000000000000000000 0.330829469209936111 0.000000000000000000
3.092695325417123886 -14.147207356873819251 0.000000000000000000 0.205629666309770226 1560169.202439353801310062
1.178794269108096371 -12.793143173433458415 0.000000000000000000 0.223239860639295323 0.000000000000000000
-0.038497269476081369 -12.441120162258116011 0.000000000000000000 0.448311124198517430 284343.382794507837388664
11.519863193267225299 -10.031183524417752295 0.000000000000000000 0.307591657914078553 1791614.000000000000000000
9.766053155899356852 -7.553684733042593358 0.000000000000000000 0.233286229184452326 0.000000000000000000
10.031209862800945842 -6.845494002668917055 0.000000000000000000 0.338276693654675775 0.000000000000000000
10.108033595656733539 -8.143173527812066936 0.000000000000000000 0.113905405169317256 1832034.000000000000000000
9.811305932851297484 -7.246240724827454294 0.000000000000000000 0.279920390568272115 0.000000000000000000
9.940634200762385575 -7.147482720757653674 0.000000000000000000 0.289725603854649183 1790134.000000000000000000
11.754498468878731288 -6.546120225347396904 0.000000000000000000 0.460276687270139873 0.000000000000000000
12.249535531987035597 -10.427727964008212780 0.000000000000000000 0.449387217231587976 1763842.000000000000000000
9.130709842748967020 -8.443576347090290923 0.000000000000000000 0.222185528267649535 813390.433133663143962622
9.005237340855662964 -10.277433054226907672 0.000000000000000000 0.358968384255460404 1768091.000000000000000000
9.874439229370802096 -8.858997859898034122 0.000000000000000000 0.085345077731929092 1625129.305303672561421990
8.113887175296033760 -7.433960248010093252 0.000000000000000000 0.459268012291522087 1810705.000000000000000000
11.633740279695670594 -7.566924942333789872 0.000000000000000000 0.309568127469742604 1835373.000000000000000000
9.222598106522291062 -9.191292342167503904 0.000000000000000000 0.213949103705444316 0.000000000000000000
12.532572627884356109 -10.106006191946493189 0.000000000000000000 0.457068198582348317 1763369.000000000000000000
11.913027360142404376 -1.994595290967885903 0.000000000000000000 0.452169092466104594 604073.000000000000000000
14.341313165078611647 -1.358465549472802181 0.000000000000000000 0.274924260668211184 0.000000000000000000
12.832357494526430486 -1.016900980515458519 0.000000000000000000 0.217045545197840223 598999.000000000000000000
13.124294911151839216 0.783326791771713271 0.000000000000000000 0.154858260976428991 598751.000000000000000000
11.761064214849266563 0.242535725835146820 0.000000000000000000 0.320079504367799805 605987.000000000000000000
14.648046778208311025 1.919315703582482380 0.000000000000000000 0.386052006580029750 604428.000000000000000000
13.317989489000469305 2.393426890279862995 0.000000000000000000 0.416854047256926097 597290.000000000000000000
12.903210947939996345 -0.455858011481919068 0.000000000000000000 0.138517509382687476 0.000000000000000000
13.155832070777949028 -0.866901348713859932 0.000000000000000000 0.165298918708664783 601748.000000000000000000
15.259682005515186276 -0.126994595523285264 0.000000000000000000 0.307138869615806331 0.000000000000000000
13.763174105911515355 -2.500981777393235017 0.000000000000000000 0.434998505578958305 0.000000000000000000
11.666453667193618315 -1.375010141298079080 0.000000000000000000 0.410915342842838205 604135.000000000000000000
16.133334978995033993 0.350786470933707351 0.000000000000000000 0.466005003529215978 373903.093011546006891876
14.022942981678717445 1.733647743975757827 0.000000000000000000 0.312181568014526623 597030.000000000000000000
14.032197377305786645 0.954233367979519409 0.000000000000000000 0.186964447383684174 0.000000000000000000
