-3.897300263399511966 4.946475175531628743 0.000000000000000000 0.347373183665868668 844566.000000000000000000
-2.683077559029975134 2.230424304268713964 0.000000000000000000 0.305077669746133595 0.000000000000000000
-1.914562970920950846 4.330955900508390854 0.000000000000000000 0.099572731553324592 846836.000000000000000000
-1.053227971986808065 3.928880403738336913 0.000000000000000000 0.214871471249134832 0.000000000000000000
-0.328334597131455574 3.229144377577780833 0.000000000000000000 0.363546655042680078 528108.445464798714965582
-2.003641400094335001 2.280523261061839335 0.000000000000000000 0.290248738418005359 0.000000000000000000
-1.027516643022627907 5.292032565474523942 0.000000000000000000 0.332375925431374952 0.000000000000000000
-2.942587685743526471 5.138926640393738587 0.000000000000000000 0.253587222974958393 0.000000000000000000
-0.310192933597901233 4.862526492962997438 0.000000000000000000 0.387992758588650066 840263.000000000000000000
-0.699644678197772318 5.251267904417446175 0.000000000000000000 0.368715783220753546 843959.000000000000000000
-0.518513953376192549 4.867918271811276121 0.000000000000000000 0.355630654737807583 842454.000000000000000000
-2.562703525512511682 1.872300846930952334 0.000000000000000000 0.363381815632874139 839300.000000000000000000
-3.924960288996960589 3.769069234194610818 0.000000000000000000 0.297834325851027149 0.000000000000000000
-3.081316816593188346 2.276125159071758830 0.000000000000000000 0.322625384063593645 842070.000000000000000000
-4.507882792213792733 4.645545341796365690 0.000000000000000000 0.422846241151713098 0.000000000000000000
-1.958647731986243645 -4.433030757217373719 0.000000000000000000 0.110448194439612929 213587.371258433791808784
-3.954934669388403101 -5.700867960007813373 0.000000000000000000 0.441869315445537203 684063.000000000000000000
-2.813537810773529380 -5.226635798290780066 0.000000000000000000 0.257716946657857993 385695.952150688914116472
-3.617881369437146333 -4.242137131823418450 0.000000000000000000 0.250293397460880807 0.000000000000000000
-1.680927447315752499 -6.056359250339328426 0.000000000000000000 0.399299832528277221 676746.000000000000000000
-1.861579393118139469 -4.287326666047840185 0.000000000000000000 0.100005579118970303 679644.000000000000000000
-1.095569397193617567 -3.580953857430506648 0.000000000000000000 0.214412356541641730 0.000000000000000000
-2.653953610498213322 -1.757947875921965775 0.000000000000000000 0.386147993713094106 684368.000000000000000000
-2.930227395673207003 -2.381017650107233763 0.000000000000000000 0.294176387689854213 686642.000000000000000000
-2.132874108671571456 -5.623877528286247873 0.000000000000000000 0.309562718754394228 678028.000000000000000000
-4.421258292440748860 -2.880594322422162179 0.000000000000000000 0.425277376640851024 682260.000000000000000000
-1.606054135455731169 -5.092099343888975227 0.000000000000000000 0.243605794415078625 686030.000000000000000000
-3.443111169125227189 -2.190918562102191380 0.000000000000000000 0.368885462092017780 685474.000000000000000000
-3.456894928150958890 -3.284768241607192607 0.000000000000000000 0.239277354738520603 679882.000000000000000000
-0.761237671915461656 -4.924360846820707849 0.000000000000000000 0.324228358216364476 680003.000000000000000000
4.204287258229898683 -0.030938919704145380 0.000000000000000000 0.055507718656756126 0.000000000000000000
5.180198361178723232 0.608715875524442729 0.000000000000000000 0.160552681015827980 761581.000000000000000000
6.226839162057360433 0.419900050619989751 0.000000000000000000 0.314201328677434277 757574.000000000000000000
5.691169927175672605 1.350071285170799440 0.000000000000000000 0.318495506220827451 0.000000000000000000
3.210929664371177772 0.024787477746936470 0.000000000000000000 0.232318906632894728 0.000000000000000000
5.082483123850102480 -2.199465698732880004 0.000000000000000000 0.403529179067709409 0.000000000000000000
4.508640598427110291 0.210957174008118503 0.000000000000000000 0.037496142055165153 0.000000000000000000
4.894728960886634894 2.435417067466121743 0.000000000000000000 0.437853156250713416 0.000000000000000000
3.239984241543967691 2.041262455486444249 0.000000000000000000 0.428132106156987380 757842.000000000000000000
6.086954739857248775 2.154137823711109068 0.000000000000000000 0.473998593861506445 761634.000000000000000000
4.479896615461567144 -1.354897608719088709 0.000000000000000000 0.240815372400315031 760374.000000000000000000
2.741519922878521864 0.223277034667724805 0.000000000000000000 0.318417151535348275 758478.000000000000000000
4.341593611315892609 2.316682138458551421 0.000000000000000000 0.412790168502319754 763854.000000000000000000
5.228296959256360843 -2.040043248015679822 0.000000000000000000 0.383968639611003526 208436.232183045765850693
4.874973266710291853 1.551892515486954949 0.000000000000000000 0.283060604271583693 766000.000000000000000000
8.894448047790469047 6.562551167631907489 0.000000000585513960 0.462495758931785461 837426.000000000000000000
11.184723584168352772 6.812159364898196401 0.000000000529151650 0.370856134196057508 0.000000000000000000
8.944831825252247626 10.336006577325466793 0.000000000418085121 0.373828805961942845 0.000000000000000000
9.768332340767463151 10.360703359291829173 0.000000000077329774 0.300853628778968374 842942.000000000000000000
12.526861036830261753 7.824454070422595109 0.000000000750807604 0.421750741708292909 839703.000000000000000000
10.905832982081903992 6.969787307319364800 0.000000000186013812 0.327399606515670960 837454.000000000000000000
8.679506212540564647 10.478584316158173095 0.000000000338233709 0.424480889365029590 842680.000000000000000000
12.407322401588231742 10.289363938150946964 0.000000000889973405 0.456312676976542486 370721.664577420393470675
7.950747162803320833 8.869800858962586076 0.000000000290671116 0.426480214423715587 842015.000000000000000000
11.148623315629489383 7.889185788628071627 0.000000000294329509 0.208235618142730589 839693.000000000000000000
8.819060346873454748 9.132292362992572521 0.000000000846733330 0.279482663695786393 606884.382988424855284393
7.923154571552855074 8.196866670168505564 0.000000000853665873 0.441634083402974220 845335.000000000000000000
12.335167083576378033 7.616382106983791367 0.000000000766547140 0.406805468638230971 846121.000000000000000000
10.338700079429507639 8.539271940131060390 0.000000000617706086 0.036600434870219190 319843.600534372206311673
9.178674246635837974 7.592725862119801938 0.000000000682559775 0.289950318730997803 839662.000000000000000000
2.778920360345478180 12.228278496066272041 0.000000000000000000 0.202793999745438214 926906.000000000000000000
2.280276661369875058 10.630681057609411511 0.000000000000000000 0.471269068920851131 0.000000000000000000
3.476579311628959168 11.197860238907139774 0.000000000000000000 0.422302859323907487 924883.000000000000000000
2.806586934092224261 10.776891991737722165 0.000000000000000000 0.452938692830837486 924360.000000000000000000
1.218025409236126455 12.675755243832563579 0.000000000000000000 0.225930749778282647 920939.000000000000000000
0.039879067728553437 13.827541374704047428 0.000000000000000000 0.420519553820830949 919024.000000000000000000
4.741293593261219463 13.783393139789781756 0.000000000000000000 0.438318899947154894 923846.000000000000000000
2.606828877966708369 14.965922955216020895 0.000000000000000000 0.304669936656641216 0.000000000000000000
2.685382250203042442 11.635754246871902851 0.000000000000000000 0.298799554816302937 918965.000000000000000000
3.050192511548774466 15.046734320600517520 0.000000000000000000 0.339951048669300926 917757.000000000000000000
0.076208671479671322 13.096129891962275948 0.000000000000000000 0.403720447672725025 0.000000000000000000
2.552942958336522405 15.894777098387741887 0.000000000000000000 0.467768690958616506 0.000000000000000000
1.320927465587634186 11.671597445493578249 0.000000000000000000 0.338184247046024344 0.000000000000000000
4.656792282061291921 13.918371933086767456 0.000000000000000000 0.429344479092130693 0.000000000000000000
0.864066200181378363 13.354504909024521808 0.000000000000000000 0.262406169845965209 921856.000000000000000000
-8.716092155189013368 10.148455771592693964 0.000000000555290443 0.449309785998156574 109657.420653282169951126
-6.982571196197986829 12.242486964668444216 0.000000000315995689 0.102868499605589345 1753899.000000000000000000
-5.217508310909756197 9.596542583987716313 0.000000000668954172 0.462991466546703423 0.000000000000000000
-5.602794703174640567 13.481893952946744974 0.000000000683572009 0.371677663802114810 825075.620430969982407987
-4.984068033849151647 11.173107212136439870 0.000000000387159353 0.326263728160182509 1755883.000000000000000000
-6.974587165950014267 14.038274235484104580 0.000000000523828197 0.412721902428363541 1709932.000000000000000000
-5.606773737009318026 12.373920287916305938 0.000000000090998819 0.231801175638485096 1720032.000000000000000000
-5.222302302733681678 13.650550657000815491 0.000000000226175415 0.435526551137010165 0.000000000000000000
-6.586447042487246328 9.557420541408079728 0.000000000124265013 0.383466438920545882 1716395.000000000000000000
-7.680782833068001025 11.479809811058530045 0.000000000538027569 0.174232747870879306 1736902.000000000000000000
-7.523371830643291958 11.697379662889776597 0.000000000043686910 0.141031447248619546 0.000000000000000000
-5.569429880525054166 12.939125477463580438 0.000000000581655833 0.299558677171989529 1689690.000000000000000000
-7.107504128542258215 9.403178608515013082 0.000000000288887650 0.415080179476499167 1750456.000000000000000000
-5.642309215089254870 10.068031088755073910 0.000000000160726237 0.351112090343394467 1743777.000000000000000000
-6.882059024548051518 9.985773500458044794 0.000000000236660152 0.307828409107875456 1677554.000000000000000000
-12.922010916937255232 6.632743726570342169 0.000000000000000000 0.341674598498806270 0.000000000000000000
-14.692485940655453547 4.328513964526926827 0.000000000000000000 0.358002490953907182 0.000000000000000000
-14.716416521429037445 4.047980673820366526 0.000000000000000000 0.373419285870050299 1116263.000000000000000000
-11.376326791702812358 2.404856614195830744 0.000000000000000000 0.462439786202562653 1087013.000000000000000000
-13.074073539295303803 2.313534918292801112 0.000000000000000000 0.415938683530986175 1095667.000000000000000000
-12.453357529286884997 4.973458919895950459 0.000000000000000000 0.069099852951266014 0.000000000000000000
-10.206769581542149083 4.268356294492090974 0.000000000000000000 0.452427283065541919 0.000000000000000000
-12.018417130775480572 6.666919212590414645 0.000000000000000000 0.367657457075184602 611205.699991398374550045
-11.238962431299201583 3.260819817808372711 0.000000000000000000 0.360765077025778480 1067074.000000000000000000
-11.378768355253724209 5.418809089410341784 0.000000000000000000 0.270587800768399778 385327.216416001901961863
-10.462962318681270801 4.501817433377707012 0.000000000000000000 0.402249352213250866 0.000000000000000000
-13.830557440061507890 6.906325251706911139 0.000000000000000000 0.434771850802790072 0.000000000000000000
-12.271286702299049054 4.618003515507651535 0.000000000000000000 0.079458784022069268 1124108.000000000000000000
-13.930837537146720351 6.409165848279015698 0.000000000000000000 0.370421884249479250 1092264.000000000000000000
-12.617129855743010935 2.867421330959342818 0.000000000000000000 0.315454366556297161 1114961.000000000000000000
-13.514822403500810211 -3.402741321272191310 0.000000000000000000 0.263600554477062377 766523.000000000000000000
-12.777742501915486883 -2.692486453101199828 0.000000000000000000 0.345493815208559929 0.000000000000000000
-14.489690473213162392 -4.694670260492424418 0.000000000000000000 0.316698476030066400 766154.000000000000000000
-14.836381722649100823 -3.275518184007115252 0.000000000000000000 0.449702846765407560 760909.000000000000000000
-13.939737890226673755 -5.757975011400221277 0.000000000000000000 0.287852579438451162 764719.000000000000000000
-11.154049126764000732 -3.469554894223539687 0.000000000000000000 0.348825542627189011 0.000000000000000000
-12.080893159873523857 -3.533666500353877638 0.000000000000000000 0.228981422159559189 0.000000000000000000
-10.234110793386548721 -4.215805838212530077 0.000000000000000000 0.449177185187835171 0.000000000000000000
-12.196820659696163247 -3.367783001409599297 0.000000000000000000 0.246020321004092463 760571.000000000000000000
-11.245099732119980374 -6.584798918643282484 0.000000000000000000 0.422986489339413629 0.000000000000000000
-10.574381353056764965 -3.498510749942858489 0.000000000000000000 0.433299241961557058 0.000000000000000000
-14.013138628304071531 -3.454402629123092705 0.000000000000000000 0.314287428255135559 764080.000000000000000000
-14.706665142440987992 -5.296114051541776391 0.000000000000000000 0.371095769390536290 0.000000000000000000
-12.315874260865340872 -4.137193682451323795 0.000000000000000000 0.117860452930068985 0.000000000000000000
-11.699095989008975849 -4.454663153815472398 0.000000000000000000 0.184912356020913132 0.000000000000000000
-6.455668274036097998 -13.332731634396962406 0.000000000102685103 0.290001987246797766 0.000000000000000000
-8.301162424986527455 -10.749703854279175630 0.000000000753391598 0.327853883124177292 0.000000000000000000
-8.491943870359435209 -12.853957899033732204 0.000000000816391330 0.372246849497876009 0.000000000000000000
-5.111913541777431291 -12.378928553084701747 0.000000000765677925 0.311632671757809510 0.000000000000000000
-7.757895501770531332 -9.925690374169050756 0.000000000848508901 0.365913004431578814 0.000000000000000000
-7.801820209934565042 -13.653058719458433856 0.000000000557952451 0.391515741703075626 0.000000000000000000
-5.451257378415156118 -13.100497313911446895 0.000000000530440481 0.334823002265693115 0.000000000000000000
-7.136574699503719366 -11.101231024355213250 0.000000000303397107 0.130854570995452585 0.000000000000000000
-5.159799387170663998 -11.102917860709913711 0.000000000876360700 0.300782757667599876 0.000000000000000000
-8.451123985085560619 -12.747458017756503779 0.000000000364829635 0.356188280542115321 0.000000000000000000
-4.879630038265692527 -10.110491845513109865 0.000000000155122184 0.436261505059153620 0.000000000000000000
-7.673169866337023137 -12.889850107923139788 0.000000000089978450 0.266468733655426060 0.000000000000000000
-8.622642859488156120 -11.430577354737547324 0.000000000379689363 0.340719605509884338 0.000000000000000000
-6.993836179011370113 -10.778849216170490521 0.000000000300428707 0.172708384708706836 0.000000000000000000
-6.911267484593333954 -12.153584156229429780 0.000000000477620383 0.083316319094447866 0.000000000000000000
0.940598878716929154 -13.386434155802430013 0.000000000000000000 0.249168715586063683 1423843.586312565719708800
2.040732437595908610 -12.713868772351625935 0.000000000000000000 0.113080574981954771 0.000000000000000000
2.841516454042442241 -11.004960233407532044 0.000000000000000000 0.414425276726161196 0.000000000000000000
1.117696296195124450 -14.805399526844595925 0.000000000000000000 0.348094782238279776 1676095.000000000000000000
2.593811563991917257 -14.728706067057546036 0.000000000000000000 0.262644101255783136 1687231.000000000000000000
3.378797550725610943 -12.029832085762125260 0.000000000000000000 0.289672498342221696 0.000000000000000000
4.919639838442052771 -13.302442713336265712 0.000000000000000000 0.460757144256217777 1693679.000000000000000000
0.846515548827653785 -14.461320146508521489 0.000000000000000000 0.338889011198698298 0.000000000000000000
3.111654453700216649 -11.273751381339003785 0.000000000000000000 0.382524642357268185 0.000000000000000000
2.038416257657587494 -11.993476012450759782 0.000000000000000000 0.234547066247704467 627788.120462731341831386
0.626942359188129794 -13.986693671359809343 0.000000000000000000 0.329536329016995144 0.000000000000000000
3.844866079672068615 -15.049139946953062008 0.000000000000000000 0.414667923606794497 1621065.000000000000000000
1.760473940640394197 -11.882866957394103480 0.000000000000000000 0.268501475677703327 667651.814097232301719487
1.339311109347849360 -13.504143264547986192 0.000000000000000000 0.181911616346444871 1597337.000000000000000000
0.197222632982465701 -13.372333686509543682 0.000000000000000000 0.381253813136897213 0.000000000000000000
8.332062466620039132 -8.175140168431033416 0.000000000000000000 0.371893690875337690 763371.604723725467920303
8.092695021484805906 -8.123098197050355296 0.000000000000000000 0.415451778679886918 1075807.613920096540823579
7.774007720394817689 -8.535963861954366294 0.000000000000000000 0.458953488248949659 1849050.000000000000000000
11.029244496538296971 -10.844246839041339570 0.000000000000000000 0.387123880211993676 1844801.000000000000000000
8.514554064021908175 -8.747695618696539555 0.000000000000000000 0.325468500451013276 1760055.000000000000000000
10.142740133126670443 -9.573425324758126465 0.000000000000000000 0.149021099868292622 0.000000000000000000
8.433418720337776620 -8.180618328199454226 0.000000000000000000 0.354263945189391471 0.000000000000000000
8.052017726377071583 -8.327431646286376221 0.000000000000000000 0.414550162481644335 1784926.000000000000000000
11.341806413389640795 -9.629022505474104321 0.000000000000000000 0.235875616149007566 0.000000000000000000
10.404752229110044937 -7.430085767188585599 0.000000000000000000 0.231351912029781531 1780044.000000000000000000
7.688911172093339630 -9.021502576086538383 0.000000000000000000 0.475042346638527291 1830640.000000000000000000
9.239379634889637316 -10.006053217932061372 0.000000000000000000 0.295555586819750415 0.000000000000000000
11.866932581818259607 -8.087267310808659460 0.000000000000000000 0.295586118929236641 1367363.157000686274841428
10.938398669826383980 -11.361702895496465615 0.000000000000000000 0.470066245356729806 0.000000000000000000
8.866339490190963346 -9.533236137384621500 0.000000000000000000 0.296801896570539181 1830072.000000000000000000
13.396456379941271919 2.603815015938701904 0.000000000000000000 0.452083359676592855 606070.000000000000000000
13.205220308747309232 -2.041951748986125192 0.000000000000000000 0.359132666869140194 605448.000000000000000000
15.200843543100454269 -0.660298229942257842 0.000000000000000000 0.317074122608941467 0.000000000000000000
14.625812016665936000 1.120311343148823191 0.000000000000000000 0.273693822446798019 604347.000000000000000000
14.679468001058282312 2.253710637589120047 0.000000000000000000 0.439266586830585670 507740.873644726700149477
11.693834122766519457 0.251857257803109802 0.000000000000000000 0.332171479472873066 598270.000000000000000000
11.417569029066681807 0.994018392182626664 0.000000000000000000 0.416154676724830141 0.000000000000000000
15.967175822119362039 -0.833960805433516805 0.000000000000000000 0.455714820195502635 0.000000000000000000
11.376358184048728006 -0.014825854714307104 0.000000000000000000 0.385859729746809654 596593.000000000000000000
15.915427852586407909 0.430968065363212582 0.000000000000000000 0.429703470662846920 604042.000000000000000000
13.648269523576743723 -1.935310492257107162 0.000000000000000000 0.335852361832153001 603170.000000000000000000
13.541400119674269931 -0.137945359050022032 0.000000000000000000 0.023906973740747135 0.000000000000000000
14.161651537560208780 0.527751729585566265 0.000000000000000000 0.143460873166528280 599921.000000000000000000
13.899075927733175462 -0.730171431016072958 0.000000000000000000 0.141638502839430691 600997.000000000000000000
11.570444064031592646 -1.341565936828339245 0.000000000000000000 0.421722265488690073 598649.000000000000000000
