-0.650128994986283515 4.534484647933469503 0.000000000000000000 0.308729306401223647 844181.000000000000000000
-0.567974510979476488 2.486202656858869098 0.000000000000000000 0.391539723547809582 838682.000000000000000000
-2.803209691653913538 6.024015347392931652 0.000000000000000000 0.392132277178081912 846973.000000000000000000
-0.565291564730653895 2.520816766576531975 0.000000000000000000 0.388001489336220362 0.000000000000000000
-0.855847604971671005 2.779928529974012186 0.000000000000000000 0.318729409326556690 844014.000000000000000000
-1.771991046487660260 2.509970659328555342 0.000000000000000000 0.260661751661321106 669019.243464342085644603
-2.894518441293877586 3.166002550886473532 0.000000000000000000 0.171716094002347330 583262.052688444033265114
-1.804959557635348100 1.709482377188973334 0.000000000000000000 0.396703465026157942 846348.000000000000000000
-0.837905461039192390 4.954829208552151698 0.000000000000000000 0.316305148417644844 0.000000000000000000
0.046608362927959064 4.542715151335808166 0.000000000000000000 0.426888912964856870 0.000000000000000000
-3.900373085689734065 2.872424255347383326 0.000000000000000000 0.344177116177699693 0.000000000000000000
-3.570896853874741872 1.613079581194453160 0.000000000000000000 0.467944983625642907 0.000000000000000000
-2.994711871697582684 5.398295453403490818 0.000000000000000000 0.298863573772414959 846381.000000000000000000
-2.129168012233248142 2.365066562672909711 0.000000000000000000 0.272585831498477538 0.000000000000000000
-2.930876241632125456 5.140648813945544404 0.000000000000000000 0.252860788910888035 843563.000000000000000000
-2.495434079228907365 -3.788759858352828136 0.000000000000000000 0.045975684835670487 678334.000000000000000000
-0.699597343823339712 -3.304861954033586180 0.000000000000000000 0.296709896350085878 0.000000000000000000
-0.884744972419093556 -3.808801450281063428 0.000000000000000000 0.245216310494428935 0.000000000000000000
-0.931608773935217016 -3.746940516368030494 0.000000000000000000 0.237808650719141229 679932.000000000000000000
-1.683172519985654647 -3.478608608637424382 0.000000000000000000 0.126010761557790979 682523.000000000000000000
-0.483192808752315517 -3.468354880511860916 0.000000000000000000 0.325151344090223893 679535.000000000000000000
-2.696851568691073009 -4.469173744904366252 0.000000000000000000 0.129385306945701883 681190.000000000000000000
-0.343884553476516364 -3.293379348477969426 0.000000000000000000 0.357356048504117785 461054.014164668042212725
-2.142305924782903936 -5.479737982975109389 0.000000000000000000 0.283839626905842801 681972.000000000000000000
-3.603489717921914970 -5.911777200083845329 0.000000000000000000 0.432358194416408048 402292.121271563344635069
-3.786806950547546791 -5.799201934431359895 0.000000000000000000 0.435463689520940000 0.000000000000000000
-4.416941858943124188 -5.106895143428770822 0.000000000000000000 0.441429050012923874 678175.000000000000000000
-1.408711281207707611 -3.793655574060315949 0.000000000000000000 0.152379555772207742 0.000000000000000000
-3.588001356278842202 -2.659379782695415528 0.000000000000000000 0.322735020518895799 0.000000000000000000
-1.236496231664872658 -3.358306016678521910 0.000000000000000000 0.205273533538361946 686578.000000000000000000
5.745663209738906652 -0.408645743539523321 0.000000000000000000 0.231162375846203916 0.000000000000000000
4.807435095560397720 -1.006474924214295630 0.000000000000000000 0.186274194614015232 0.000000000000000000
2.660941196452284885 -1.894826835450918345 0.000000000000000000 0.471860278264261357 249797.345598109590355307
2.838251135991595842 0.120024787037163391 0.000000000000000000 0.299454950389799079 762208.000000000000000000
6.477198690881623477 0.036467187866946360 0.000000000000000000 0.349916731121521274 763131.000000000000000000
2.757069287271415092 -1.104951030684880209 0.000000000000000000 0.369710655943384925 758397.000000000000000000
6.075122641938317969 -1.021275350514630809 0.000000000000000000 0.332024324694830675 758561.000000000000000000
2.149237209840100693 -0.498436879050393800 0.000000000000000000 0.430698259081679580 762214.000000000000000000
5.571509713747985870 0.952268438068758605 0.000000000000000000 0.253167193520999367 759008.000000000000000000
6.376365372506454854 0.812716096638222862 0.000000000000000000 0.361851559894190933 425450.512440538965165615
4.864840738586076796 -1.807591250585066200 0.000000000000000000 0.327103301200022623 766454.000000000000000000
4.749000346288421603 -1.540336726634212283 0.000000000000000000 0.276814692560353348 759415.000000000000000000
6.437552693387143421 -1.288058944008085183 0.000000000000000000 0.411961379561498475 0.000000000000000000
4.225822143061675362 -2.143702728263963575 0.000000000000000000 0.384391007782084348 0.000000000000000000
4.600763383201751822 1.857952425296905741 0.000000000000000000 0.330445006069708946 762478.000000000000000000
10.472542541551268513 6.175428150578404995 0.000000000306456253 0.451579255220135811 839132.000000000000000000
10.355091117939332790 6.787730724968112916 0.000000000239687049 0.343719518739702412 127298.802921179318218492
12.719970501534785257 8.016156735990602300 0.000000000720966373 0.442927849647385741 841488.000000000000000000
12.802561937410947834 8.061677845182403601 0.000000000419801739 0.454876820044009866 842151.000000000000000000
10.582740274759419918 11.170570422460214033 0.000000000167808725 0.426794026948247862 845218.000000000000000000
10.872657548638818170 8.241956528868419340 0.000000000052868281 0.129824974970063067 0.000000000000000000
9.185290650925862721 8.000814383446602562 0.000000000168254808 0.244193444285019517 164293.817629351600771770
11.780764946202403110 7.820672994903184794 0.000000000064844289 0.303657941974480317 0.000000000000000000
9.979566947602013016 10.778529729357753553 0.000000000594565610 0.362006442010567586 839109.000000000000000000
12.561482884530880355 10.168927300453198370 0.000000000218811143 0.467216622844654983 131586.031149947695666924
9.179130251684355812 7.541947196996292568 0.000000000123450542 0.296203934505917810 840175.000000000000000000
8.286789277932227193 9.713630399065456444 0.000000000734963948 0.403530725806974244 361652.259204251167830080
8.312512901762124429 8.287559998613195589 0.000000000311873606 0.370431865284556572 0.000000000000000000
11.037995298621920526 9.572580155339164065 0.000000000040044084 0.190559199203657076 0.000000000000000000
11.514837121131680675 9.572029499839739941 0.000000000498112357 0.254177030954074790 0.000000000000000000
3.269237772616497839 13.709597056739223575 0.000000000000000000 0.183579765001676137 921667.000000000000000000
1.742115799053610026 11.337081666538027847 0.000000000000000000 0.361223750515379693 919486.000000000000000000
0.634752166214434976 15.292205275587999580 0.000000000000000000 0.469739876024795167 0.000000000000000000
0.307930558871505389 13.664291443363447698 0.000000000000000000 0.367686811503793010 919107.000000000000000000
4.505773750816597811 12.347942148962061992 0.000000000000000000 0.420777283743743236 926525.000000000000000000
2.860291414950360434 14.821263586802116308 0.000000000000000000 0.290527786340384786 0.000000000000000000
2.332490595980489356 15.535571143201529765 0.000000000000000000 0.402231358179077292 411669.867305194726213813
2.332848888785822083 11.623357793436085217 0.000000000000000000 0.294422740344294942 0.000000000000000000
0.790555607888960843 12.129352261310952343 0.000000000000000000 0.342751927751723806 927023.000000000000000000
3.889155621112501571 13.508831082199293405 0.000000000000000000 0.280166986728254075 0.000000000000000000
0.054074561017958107 12.042602568254473283 0.000000000000000000 0.462039338886999773 917361.000000000000000000
4.180194161383197660 11.626320854275078887 0.000000000000000000 0.440948012670998701 920106.000000000000000000
2.482976648848658652 12.793910355816056068 0.000000000000000000 0.089963169186121753 926596.000000000000000000
3.659846824829180889 15.230135488097788610 0.000000000000000000 0.420309513294260084 0.000000000000000000
1.406286756909561841 15.227880866373089574 0.000000000000000000 0.384891757667837231 0.000000000000000000
-7.845314719775723589 11.883404463826447994 0.000000000403094202 0.200489572140313849 512261.485659782425500453
-5.132732051939478346 12.457430932034254667 0.000000000306493222 0.313745322673962601 0.000000000000000000
-9.140309788006101499 10.685778704727113109 0.000000000263642816 0.466259439998547021 1761733.000000000000000000
-5.103441429966249387 13.143322507496170815 0.000000000146796363 0.384793208175813861 0.000000000000000000
-6.877598981902234954 12.063069648030985803 0.000000000136549447 0.066224922515890697 0.000000000000000000
-5.546504409860316898 9.981914024003323505 0.000000000589145748 0.373333682256890897 1720942.000000000000000000
-6.954907453798208294 9.421052465585114888 0.000000000601568088 0.408494805099581915 0.000000000000000000
-5.720960338012162971 12.740230021490569712 0.000000000049918613 0.255458930325091260 1736757.000000000000000000
-8.892514772572866377 12.859503820822610010 0.000000000174218274 0.434497636003548071 1688522.000000000000000000
-6.937387771288798355 11.107962125124322128 0.000000000194036555 0.114080594168479890 1718878.000000000000000000
-5.714761068025733692 11.782785148305654488 0.000000000928121735 0.181733115537473344 1284003.614850918063893914
-8.269689079663526954 11.197276626788616127 0.000000000032545739 0.289068905819281463 1739004.000000000000000000
-6.365969695857311983 13.430617686990157011 0.000000000402964135 0.310088336465512149 1707274.000000000000000000
-5.546531252373221754 14.086678859516791107 0.000000000892375723 0.469815853788738025 1690411.000000000000000000
-4.866947732146430283 10.265461185058383009 0.000000000622035651 0.420610160683401013 1706471.000000000000000000
-12.031306896587677713 6.743562228675658687 0.000000000000000000 0.379496724413586395 1058315.000000000000000000
-11.451716763940439137 4.288502093327703157 0.000000000000000000 0.234899124604010689 0.000000000000000000
-15.309140525056559312 4.658483614974605835 0.000000000000000000 0.462748948309311847 0.000000000000000000
-13.798170848738548599 4.712231180250110008 0.000000000000000000 0.193511960799357313 1131729.000000000000000000
-11.352738783859491534 4.822358294437290027 0.000000000000000000 0.243775393696487763 0.000000000000000000
-10.103418148016174882 4.973476226454555338 0.000000000000000000 0.467976670217328306 1102948.000000000000000000
-10.935280647071955684 2.645853438773218436 0.000000000000000000 0.475553367703297702 733237.192700563697144389
-11.776917934040302072 3.162514216562184899 0.000000000000000000 0.312394941376866353 1048073.000000000000000000
-10.675124046689775881 2.984153613495926560 0.000000000000000000 0.468397525085698985 1074159.000000000000000000
-13.884347740533986126 6.655018166528413381 0.000000000000000000 0.401397628267447848 0.000000000000000000
-13.634017229985824216 3.563206446352988443 0.000000000000000000 0.253824870311214645 0.000000000000000000
-13.001093629715821720 5.327850335085866362 0.000000000000000000 0.123959076579034821 0.000000000000000000
-12.165294254170467170 3.294898703235198845 0.000000000000000000 0.259900338601103564 1111300.000000000000000000
-13.152961738617822363 2.686538245377331435 0.000000000000000000 0.354847370332771972 1122553.000000000000000000
-10.313660933692567312 5.017266679478411540 0.000000000000000000 0.431738345249470024 959209.028578420286066830
-13.020920898045282854 -4.276189618938916581 0.000000000000000000 0.088893723467155211 0.000000000000000000
-12.424430147754458531 -3.091220911592955201 0.000000000000000000 0.280927108647534951 760155.000000000000000000
-12.507906360299262616 -2.692286375374497887 0.000000000000000000 0.347448091880247500 763020.000000000000000000
-13.393276920715367240 -4.500168689079805162 0.000000000000000000 0.125146575928639675 387299.085761627997271717
-13.340192384386131863 -4.127832407300398465 0.000000000000000000 0.147126139792290084 762004.000000000000000000
-10.277929833513944402 -3.811294269104445132 0.000000000000000000 0.459704274274868929 0.000000000000000000
-11.872076233931460720 -3.805870613909982936 0.000000000000000000 0.213492100974717686 0.000000000000000000
-13.751279600407471548 -5.467959596099536412 0.000000000000000000 0.230235509486953260 386868.815030269965063781
-13.260888037260931682 -3.105936375718076903 0.000000000000000000 0.290091213755999500 0.000000000000000000
-13.207186648272083218 -5.168700412628894902 0.000000000000000000 0.122496532422927171 760131.000000000000000000
-13.914669042052413062 -6.290954888777918974 0.000000000000000000 0.352261550379780353 764284.000000000000000000
-13.976883027786678682 -3.481296354139807647 0.000000000000000000 0.306384420597918261 763867.000000000000000000
-13.933318773295214399 -5.626385898588294410 0.000000000000000000 0.272646877909617891 0.000000000000000000
-12.267819895935037522 -6.404179074515790937 0.000000000000000000 0.310609637413841344 0.000000000000000000
-15.038903373157154419 -6.021926514477096148 0.000000000000000000 0.475274657514993759 759275.000000000000000000
-6.969319804586238121 -14.214773644775139161 0.000000000000989504 0.443700198464146434 0.000000000000000000
-6.463949096974122455 -13.313796964690979507 0.000000000780040014 0.286446851502853816 0.000000000000000000
-5.976102849968790487 -12.298731359093514115 0.000000000106561884 0.169497720139949848 0.000000000000000000
-7.731966374106258755 -10.015162454214916465 0.000000000611241350 0.349931886479412868 0.000000000000000000
-6.487937542194254448 -13.707439599806846786 0.000000000239554689 0.354786206935239046 0.000000000000000000
-6.732804744815783060 -9.594676222995721204 0.000000000419344860 0.375933245213440570 0.000000000000000000
-6.081815947302923853 -12.191928258391017792 0.000000000528685223 0.143085413751316781 0.000000000000000000
-5.041083078098822945 -12.991560584107007870 0.000000000407076565 0.376542119531720010 0.000000000000000000
-8.229887924088675533 -13.305819362784115256 0.000000000188759661 0.387157440000875264 0.000000000000000000
-7.782529298724182532 -11.185292854428478648 0.000000000648888976 0.209583178977492374 0.000000000000000000
-4.227202076138437903 -10.907579543103979702 0.000000000115833523 0.469074258848468317 0.000000000000000000
-8.300180724644357966 -11.260100317413426652 0.000000000627383645 0.290939625413377922 0.000000000000000000
-7.568266560281149857 -13.564621003139695432 0.000000000488627439 0.358830186903769277 0.000000000000000000
-9.052058485256019082 -12.947405833058962088 0.000000000525145507 0.466860744620750945 0.000000000000000000
-5.764268862276490601 -12.848216689644903710 0.000000000099760561 0.264243527128189604 0.000000000000000000
0.775262012027251535 -12.429417283135560268 0.000000000000000000 0.316216102566305834 0.000000000000000000
2.079076108500214293 -10.672801486867564691 0.000000000000000000 0.465929148191963793 0.000000000000000000
1.765589898935062463 -15.215835906657467547 0.000000000000000000 0.359933228418013562 0.000000000000000000
3.297461897149755572 -15.051421251634781839 0.000000000000000000 0.359522457486375235 1692410.000000000000000000
3.116312942166603150 -14.429836752373766728 0.000000000000000000 0.248120005146472505 0.000000000000000000
1.382788087149356304 -12.143129866517661242 0.000000000000000000 0.263694105652504229 1628379.000000000000000000
2.178351618108258503 -15.212040672771314220 0.000000000000000000 0.345765773761445017 0.000000000000000000
1.359949202894716658 -13.458503556496600240 0.000000000000000000 0.176658280004643675 0.000000000000000000
4.470349302761845500 -14.223012613932317194 0.000000000000000000 0.416231397968226113 1667577.000000000000000000
1.173990803459588950 -11.715141653006091005 0.000000000000000000 0.346617099442730281 1689887.000000000000000000
4.119558276768393590 -13.115837033931867950 0.000000000000000000 0.319450518777092740 0.000000000000000000
0.758630056286354160 -14.669937796655123208 0.000000000000000000 0.374784113907232930 1639922.000000000000000000
2.618016682657253291 -11.682925043039297464 0.000000000000000000 0.288254007494971431 1693115.000000000000000000
2.362984884509479411 -14.693205816695032340 0.000000000000000000 0.252293660489141980 0.000000000000000000
1.207183719911667952 -11.850720488881229642 0.000000000000000000 0.323850981971780028 1029757.544531580177135766
10.070838393168360270 -6.070351408577692176 0.000000000000000000 0.472133258423334146 0.000000000000000000
11.347414203715814551 -10.022996838341443393 0.000000000000000000 0.286398658174409348 1771353.000000000000000000
10.200873108494844743 -11.242558480882337335 0.000000000000000000 0.438194791209693402 1851042.000000000000000000
10.113830886159725253 -7.638362142468839266 0.000000000000000000 0.198794936919444359 629346.631661278079263866
9.782707557778458352 -7.235614369680974711 0.000000000000000000 0.283435274768197576 0.000000000000000000
10.350572594459105602 -6.405877341013057169 0.000000000000000000 0.410659940112972521 0.000000000000000000
12.172370139912866094 -6.841987920621685149 0.000000000000000000 0.466462550470740311 1828730.000000000000000000
8.237924348264389351 -7.222677816253711747 0.000000000000000000 0.460877632773814883 1771282.000000000000000000
12.850349541499445749 -8.591821067956512792 0.000000000000000000 0.448159174353928713 0.000000000000000000
11.872877551930866247 -9.756727654296279084 0.000000000000000000 0.325145889732460447 0.000000000000000000
11.615505389561548100 -9.352578428431822744 0.000000000000000000 0.250665369219464140 1778141.000000000000000000
12.438524543206620265 -8.107625127392507736 0.000000000000000000 0.390313278035128441 1806710.000000000000000000
8.796109945473084224 -10.050132021519697645 0.000000000000000000 0.357985480989889804 0.000000000000000000
8.219219949820439908 -8.867760197564873437 0.000000000000000000 0.378686293570756671 0.000000000000000000
11.236721299012016217 -7.974786943591563926 0.000000000000000000 0.209385889946662379 0.000000000000000000
13.636618382006631123 0.005808754653150834 0.000000000000000000 0.017060012390019547 598450.000000000000000000
13.094960502780757849 -0.556155211554988371 0.000000000000000000 0.125026336878145156 549891.527203167090192437
14.051313679487281050 2.405888691773125032 0.000000000000000000 0.426283321691354689 602978.000000000000000000
13.490786302733376090 2.654296082823296654 0.000000000000000000 0.460093598500234680 70240.193198242603102699
12.957025078224605252 -2.042390282229344489 0.000000000000000000 0.369337942297507882 0.000000000000000000
11.496787881408900844 1.133550745612302846 0.000000000000000000 0.414335689826902887 606260.000000000000000000
10.945926335730051804 -0.520403193994090296 0.000000000000000000 0.471350523661024534 598740.000000000000000000
13.083074560857228974 0.238396467446464366 0.000000000000000000 0.091521324110603583 603745.000000000000000000
13.051479226969508574 -0.167722345387011529 0.000000000000000000 0.091999791461082905 602259.000000000000000000
13.980844568706752185 -0.815016037567446783 0.000000000000000000 0.161427709270930281 604231.000000000000000000
11.543473672249955797 0.502256664665162611 0.000000000000000000 0.366632740312385463 0.000000000000000000
14.972074505167835667 -0.257175419108682080 0.000000000000000000 0.258929656833769672 605553.000000000000000000
15.047183980685558069 -0.987864471010522549 0.000000000000000000 0.318111670871556229 0.000000000000000000
15.530504856205766373 0.001862871708011011 0.000000000000000000 0.354627850837692660 0.000000000000000000
13.517299687578720579 -2.686252119439149322 0.000000000000000000 0.465536767282639430 601360.000000000000000000
