-3.923600788888026436 4.505169155397705794 0.000000000000000000 0.316343390533261715 846120.000000000000000000
0.143000531011841570 3.475469573465025608 0.000000000000000000 0.434261966661659615 534624.636756228166632354
-0.155420724893833267 3.959172135956300576 0.000000000000000000 0.374957453327016355 839631.000000000000000000
-0.364642896269773642 2.034407741770345446 0.000000000000000000 0.472423120458814072 838309.000000000000000000
-1.315660695939286251 5.906804220465809330 0.000000000000000000 0.396551492087644730 842737.000000000000000000
-1.875234084817856806 1.255180773832111241 0.000000000000000000 0.474216801820803446 0.000000000000000000
-0.563753339769661355 4.394777697581272236 0.000000000000000000 0.315086923973333100 844393.000000000000000000
-3.972816824487576781 1.954980252906878269 0.000000000000000000 0.460380471206138731 839837.000000000000000000
-4.829057487148335603 4.233725147710239334 0.000000000000000000 0.462214652630664968 841942.000000000000000000
-2.142269164031491702 5.574571401255622227 0.000000000000000000 0.300685464870165897 840370.000000000000000000
-1.963744698827695201 4.873303079218252343 0.000000000000000000 0.182796069624653140 161638.849711292335996404
-1.808448035582134406 3.950300963255756859 0.000000000000000000 0.080874434183233535 0.000000000000000000
-3.823071182622288511 5.029696961954651435 0.000000000000000000 0.344825338493033873 842216.000000000000000000
-3.585224034268660098 5.544130916071301485 0.000000000000000000 0.377607498790734908 839090.000000000000000000
-0.946281699814181421 5.459552035390840885 0.000000000000000000 0.364458352238972993 0.000000000000000000
-2.152371663756288633 -6.369243388079508961 0.000000000000000000 0.441876810162805889 0.000000000000000000
-0.219644782385721687 -4.526768629264966037 0.000000000000000000 0.380601075616501139 686520.000000000000000000
-3.338441173681316876 -4.523548918760176285 0.000000000000000000 0.223108899982663644 0.000000000000000000
-0.428839065627356353 -3.652386966746727470 0.000000000000000000 0.328774409704983617 685607.000000000000000000
-0.886512583915704311 -3.675474584866289973 0.000000000000000000 0.247446553182224221 0.000000000000000000
-0.330942738871006503 -4.436156991756628365 0.000000000000000000 0.356985265057216561 0.000000000000000000
0.007584454748800304 -3.941993560767785620 0.000000000000000000 0.403907297398405862 677346.000000000000000000
-0.346532029416001641 -4.045495220058537456 0.000000000000000000 0.341822318432986438 680285.000000000000000000
-0.083868886128990711 -2.763120728531063719 0.000000000000000000 0.436436707389536882 0.000000000000000000
-0.040709761350158927 -4.673060121757969476 0.000000000000000000 0.419085420363266181 679888.000000000000000000
-1.090923373867364932 -4.915110944418173311 0.000000000000000000 0.276798855790569620 684350.000000000000000000
-3.182732327410514817 -2.930345639432935023 0.000000000000000000 0.237377436571976713 0.000000000000000000
-0.018501112048504752 -3.111053218835438283 0.000000000000000000 0.422599748684819199 549843.967258655582554638
-4.187015549577158602 -4.818085394248508457 0.000000000000000000 0.381341194752148505 312358.090583722922019660
-2.499907245070300821 -1.886838206767314619 0.000000000000000000 0.359318527844741997 682368.000000000000000000
4.394452833462779928 0.083715803721921486 0.000000000000000000 0.026013960264596455 759829.000000000000000000
4.629812790204620221 0.389931439781750599 0.000000000000000000 0.072277822612288115 762782.000000000000000000
4.720774976636657350 -1.901589921688894069 0.000000000000000000 0.339808343785474920 0.000000000000000000
6.274210148939907583 -1.181879191079428848 0.000000000000000000 0.377312971107608641 757063.000000000000000000
2.920129651471328192 -1.524425941185857836 0.000000000000000000 0.392687674004680853 0.000000000000000000
5.528181263606323448 0.145688372435937324 0.000000000000000000 0.182567245018621566 765603.000000000000000000
2.969668067776590537 -1.110022583574437061 0.000000000000000000 0.338733665647744986 0.000000000000000000
5.042055492219292390 0.839123004835384156 0.000000000000000000 0.176249065824438639 0.000000000000000000
2.912643148991091113 0.764338909972722247 0.000000000000000000 0.316148444682510077 762841.000000000000000000
2.852491417809464469 0.159189260371056601 0.000000000000000000 0.297505542792270650 766382.000000000000000000
4.259593053645539307 0.859428262912221186 0.000000000000000000 0.159326465003035017 229545.984607633727136999
4.047598763639324915 0.990580263235904090 0.000000000000000000 0.194710173644786239 0.000000000000000000
4.557151121331872723 2.656262970680666413 0.000000000000000000 0.471961975385543686 762579.000000000000000000
5.229952552642103569 -0.828704135473101733 0.000000000000000000 0.194762015028479202 683243.935606365790590644
7.023324605131223919 -0.820434983946706442 0.000000000000000000 0.470233901725091941 0.000000000000000000
11.946676915869689495 8.401170194585496631 0.000000000753771721 0.292629139432743268 0.000000000000000000
11.303505351193319228 9.074852745142615973 0.000000000118638479 0.180925053705862093 840778.000000000000000000
10.215176073005725499 8.996127904732594160 0.000000000019112260 0.048927800989909308 0.000000000000000000
9.047669538073259687 6.879835438140415427 0.000000000900808682 0.401024554022005764 342975.105661535053513944
9.897435591914709008 8.497658266757003531 0.000000000381418129 0.090384695591806938 840701.000000000000000000
12.317143906075425974 9.563214347217517286 0.000000000824236850 0.380016143274892026 143210.348402927920687944
9.159177511972050212 9.479704622910483991 0.000000000448331893 0.246708511494466792 843367.000000000000000000
12.715086664662837990 7.683642569714297821 0.000000000257501026 0.462230412657356260 840554.000000000000000000
10.203130224982061236 8.017253164703538104 0.000000000871382465 0.130484868311460805 839357.000000000000000000
8.364456435190204431 9.079812189711605086 0.000000000385231634 0.357018308511055926 0.000000000000000000
12.067021030630703748 7.393502309666659222 0.000000000405837817 0.388289150203731670 0.000000000000000000
8.786054639797663768 10.453765512794365833 0.000000000378792188 0.408216324915439965 837993.000000000000000000
8.972880820971743887 8.889170842079243684 0.000000000345972390 0.245043405098461342 0.000000000000000000
11.130516352946488112 7.411324926406174463 0.000000000645289503 0.273161590922929798 460521.331200538377743214
8.698842368250847557 8.092567481806893781 0.000000000346126001 0.314485154045145432 843652.000000000000000000
1.854362243495665918 12.999935448848384922 0.000000000000000000 0.098735492326867597 917496.000000000000000000
2.717704765937352107 14.057456830635810974 0.000000000000000000 0.154898361652146210 925351.000000000000000000
1.283353747886268215 14.580700920976260804 0.000000000000000000 0.298394992994691799 917508.000000000000000000
2.058336938764080859 15.098621847243714811 0.000000000000000000 0.328170849449555158 0.000000000000000000
3.819256533603192061 13.505207564688120669 0.000000000000000000 0.267754049168874297 437289.525690011563710868
3.329586084373391763 14.612655984367707518 0.000000000000000000 0.296667617939055883 922982.000000000000000000
0.367689440210824836 12.883057262682308775 0.000000000000000000 0.357444196727920493 922080.000000000000000000
1.008983876534587987 12.166707712436799937 0.000000000000000000 0.308051362229079528 470235.637193202041089535
2.443652167955991938 14.602808133680403202 0.000000000000000000 0.236940591187232014 0.000000000000000000
3.465820908041084891 11.252176100105835133 0.000000000000000000 0.412922625154508949 383205.038848223804961890
2.355202881727449515 11.694501371237397080 0.000000000000000000 0.281776952991685037 920974.000000000000000000
3.032692277064787501 15.501718418302044000 0.000000000000000000 0.415185704068412875 0.000000000000000000
3.312355329563771100 11.066485993419876266 0.000000000000000000 0.430293867809225905 794401.611137673258781433
1.971418778893445856 12.957531027455763351 0.000000000000000000 0.086115406035283934 922414.000000000000000000
4.840351503338204076 13.642242315612422843 0.000000000000000000 0.451312540184423794 926617.000000000000000000
-8.227289828377685410 12.190149884976106520 0.000000000824837741 0.279164059919138341 0.000000000000000000
-5.645771296883922652 10.529390016667997898 0.000000000736547374 0.286200430330867561 0.000000000000000000
-6.131283888865484144 10.328138121158668028 0.000000000159249194 0.268564132484656271 0.000000000000000000
-7.076573586508647651 14.055629298129009186 0.000000000363187296 0.418009332437064063 1710295.000000000000000000
-5.740486886706393399 12.433702947621124935 0.000000000731004949 0.217499413707610306 0.000000000000000000
-6.000736741329946611 12.497217742252489714 0.000000000383900037 0.189804893251003359 1755690.000000000000000000
-5.969290396950110988 12.415841672273272067 0.000000000385377946 0.183717167209792420 1765605.000000000000000000
-8.229787376345893080 12.379346228666950225 0.000000000019187732 0.291304824206957580 1739792.000000000000000000
-7.430906114017144404 9.806089043930589000 0.000000000655937107 0.360447400377372662 0.000000000000000000
-5.900024299022101459 13.718903439821643175 0.000000000430910577 0.384129981466009629 0.000000000000000000
-4.891631820408922415 10.754573088263184033 0.000000000642016502 0.369926360809456789 1760601.000000000000000000
-6.820546898407547687 10.033072345148598359 0.000000000182221636 0.298733170814026783 0.000000000000000000
-4.500581517696870648 10.808695210245538476 0.000000000438626009 0.429244692009870976 1583181.445250322110950947
-6.176729458915105830 11.731567207848240031 0.000000000574327548 0.099066809040241843 1670389.679495980963110924
-7.814734863178902202 13.034533169940674568 0.000000000024961509 0.302218092140989492 1732275.000000000000000000
-13.945145132853557612 6.781964511439984911 0.000000000000000000 0.425803373587327116 1120757.000000000000000000
-13.745679313690020606 4.247887639671277249 0.000000000000000000 0.198663310947881311 1068109.000000000000000000
-11.164799478617407402 3.744871466287629236 0.000000000000000000 0.320434183225045466 1126972.000000000000000000
-13.688678774497992308 2.957797305471964844 0.000000000000000000 0.345571058873000492 1113423.000000000000000000
-12.519795054048234562 6.533827907245387756 0.000000000000000000 0.324536949495405680 330978.540211403102148324
-13.831361430701393900 3.390544123478478777 0.000000000000000000 0.299453426039021364 1082219.000000000000000000
-14.318320378634760814 6.812252610440105549 0.000000000000000000 0.467531519188080225 0.000000000000000000
-11.624203030529651315 6.539918353735700407 0.000000000000000000 0.377945827460990147 0.000000000000000000
-11.956041574653790249 5.370951438113165111 0.000000000000000000 0.180957909772497899 1088653.000000000000000000
-11.230191960512392768 6.611550655690303202 0.000000000000000000 0.428301766413824003 1099127.000000000000000000
-12.248434283556715485 6.759352299430253730 0.000000000000000000 0.371465140805794958 0.000000000000000000
-13.024079484857869815 4.689979788316636977 0.000000000000000000 0.055471415911663650 0.000000000000000000
-13.204619551823085999 3.441709605006720185 0.000000000000000000 0.232046975821726481 1057205.000000000000000000
-14.266143428701095530 6.305613295251988326 0.000000000000000000 0.395167049939032622 1068918.000000000000000000
-10.207901421040240564 4.548859345987052549 0.000000000000000000 0.447090304795665694 1059312.000000000000000000
-12.840779744143111074 -3.113392658587668116 0.000000000000000000 0.273047401458578420 760522.000000000000000000
-10.253881778528313617 -4.771051613773283684 0.000000000000000000 0.438619105126080655 762513.000000000000000000
-12.705167299956757532 -5.838107059358121020 0.000000000000000000 0.201624890457944461 533626.145857387455180287
-12.802395408715165459 -3.429797156700079785 0.000000000000000000 0.217696213455889548 759022.000000000000000000
-12.591550394498995047 -7.382332239608077273 0.000000000000000000 0.470700302454695574 0.000000000000000000
-12.363043250425086228 -5.165856727516130675 0.000000000000000000 0.105268733779404752 361615.147407952987123281
-10.585501036633257144 -4.104477302974248509 0.000000000000000000 0.392243663034540391 759694.000000000000000000
-11.042935267653192000 -2.600050780383388549 0.000000000000000000 0.469085203565015096 0.000000000000000000
-12.362019658300505753 -4.000908137003095888 0.000000000000000000 0.133502664986672376 761278.000000000000000000
-10.632755251631168747 -4.241789760040907353 0.000000000000000000 0.378561364319214722 761992.000000000000000000
-14.421795247882512214 -3.774300021804184890 0.000000000000000000 0.342523032794965820 760053.000000000000000000
-11.149551440644893674 -6.135615572397271400 0.000000000000000000 0.377126351837075435 759549.000000000000000000
-14.680490210108541049 -4.260040482197029021 0.000000000000000000 0.358106213098402237 0.000000000000000000
-11.761037147608472964 -5.686832544028300518 0.000000000000000000 0.244224254125263607 760700.000000000000000000
-13.724871345572339010 -5.836705269897913162 0.000000000000000000 0.270023786694948753 605024.254811740363948047
-6.020582263100484610 -12.861503862745173876 0.000000000619617409 0.238904124181238409 0.000000000000000000
-7.443074272666723168 -11.107663043867125552 0.000000000186373942 0.166502330932989911 0.000000000000000000
-8.664065763041374879 -10.847921340566786697 0.000000000627864103 0.377061547521070184 0.000000000000000000
-5.609756783295008375 -12.024407747268492486 0.000000000811790976 0.207297698212725923 0.000000000000000000
-5.452384161996389977 -13.330285067983329128 0.000000000407685328 0.365533573566589276 0.000000000000000000
-8.195384220001486142 -10.448064096100534215 0.000000000840085782 0.344096414975781972 0.000000000000000000
-8.873091836936785270 -11.956856331160102158 0.000000000567440609 0.383843503941642628 0.000000000000000000
-4.917032214875309393 -10.529771796042394882 0.000000000633743077 0.386142610800597696 0.000000000000000000
-6.519025163460574923 -11.989684770345714782 0.000000000421778191 0.061230837801427782 0.000000000000000000
-9.058848008344408953 -10.848392241744155839 0.000000000210163820 0.442171787450512610 0.000000000000000000
-4.736106538966449619 -12.678490678733268737 0.000000000139088835 0.394399052162005881 0.000000000000000000
-9.238274933472393258 -10.846885849769661192 0.000000000644965506 0.472358014491599365 0.000000000000000000
-7.483845517864897268 -12.486885061889964277 0.000000000071598603 0.190790160787266516 0.000000000000000000
-9.182337162786129880 -12.751971850681558251 0.000000000682180779 0.473189723669006190 0.000000000000000000
-5.310098256063422895 -12.939547354302600723 0.000000000718065930 0.333292283216592489 0.000000000000000000
3.156787731373529748 -12.743940902009537552 0.000000000000000000 0.174591456790129801 1693983.000000000000000000
1.748268660489268989 -10.693055499748910009 0.000000000000000000 0.471847149546511690 1641498.000000000000000000
4.245318929457677193 -13.697480884039247684 0.000000000000000000 0.348706228342806901 1691589.000000000000000000
1.849238038847772048 -12.567421047361593267 0.000000000000000000 0.153085727763500379 0.000000000000000000
1.224639698116607001 -15.310324661126724521 0.000000000000000000 0.412709864486518307 1624150.000000000000000000
2.991418808443292221 -11.208506407084763978 0.000000000000000000 0.386365488818394665 1651696.000000000000000000
4.343848134610494682 -12.863358012698752120 0.000000000000000000 0.365606064079538495 0.000000000000000000
1.132167409061314078 -12.231328498797934046 0.000000000000000000 0.283875519082328331 1634855.000000000000000000
2.649483533136403945 -14.533693077953154571 0.000000000000000000 0.230753743825858060 1656427.000000000000000000
1.285117340599849944 -14.209251110159389242 0.000000000000000000 0.250126135242959902 0.000000000000000000
0.539777703190259972 -14.967888987083727059 0.000000000000000000 0.439378281895175915 0.000000000000000000
1.040647206539005110 -12.269712705580941403 0.000000000000000000 0.292133247650632866 1625654.000000000000000000
0.460317938289886763 -15.176089780419658837 0.000000000000000000 0.475428791657389826 19652.242902147332642926
3.625674730422336456 -14.861976984886158704 0.000000000000000000 0.364095415510917730 1666395.000000000000000000
1.671612407423113567 -10.914042420318295967 0.000000000000000000 0.437062056839440216 1649458.000000000000000000
12.163030878872008955 -10.393722468695635541 0.000000000000000000 0.433899142488196665 0.000000000000000000
8.522541478593405273 -6.867178722173118643 0.000000000000000000 0.462960219983870325 1796675.000000000000000000
11.655753736547527666 -10.096612723186197513 0.000000000000000000 0.332608210333566412 0.000000000000000000
10.413163598426997680 -10.431749512761609111 0.000000000000000000 0.295490808698538110 0.000000000000000000
12.613007552037755588 -7.687366678820718668 0.000000000000000000 0.445378467656567634 1849344.000000000000000000
10.436439464619217787 -10.405160632924044251 0.000000000000000000 0.291037350152023477 1817668.000000000000000000
10.272378930638552674 -9.813824542265434658 0.000000000000000000 0.187311071195720186 1079799.374450545525178313
9.211073530485188954 -6.747017425900448728 0.000000000000000000 0.405028305267353783 1812380.000000000000000000
9.424039903830999876 -7.712068787941625203 0.000000000000000000 0.244495635852343379 1829251.000000000000000000
9.284018184427962339 -6.722091531664380781 0.000000000000000000 0.402556740495110921 1842324.000000000000000000
11.732005835882318934 -7.360685730444842534 0.000000000000000000 0.346997537055100613 0.000000000000000000
11.715818801187788623 -10.415616333183210784 0.000000000000000000 0.381044092767522435 1758543.000000000000000000
8.238915705537728229 -7.586291581206431545 0.000000000000000000 0.426683160398623362 0.000000000000000000
9.759298593458300530 -6.127616669887468781 0.000000000000000000 0.471380909731480058 0.000000000000000000
12.617801270100262201 -9.027242630214839636 0.000000000000000000 0.408806343173202191 1769219.000000000000000000
12.278703405334443488 0.595672308901897152 0.000000000000000000 0.247684083072177680 603728.000000000000000000
12.438859278497913508 0.764812625059518081 0.000000000000000000 0.237170790143685556 0.000000000000000000
12.619618578364855566 0.766016759945639447 0.000000000000000000 0.211353383896729224 602404.000000000000000000
13.246686365639970262 -2.391951019606569417 0.000000000000000000 0.418064166806209059 596693.000000000000000000
13.742019118866412697 0.974645520580092017 0.000000000000000000 0.172597012423285567 606366.000000000000000000
14.412342051959173617 1.635468700392581409 0.000000000000000000 0.322723731338558195 0.000000000000000000
15.903013570973445923 0.263949094703886666 0.000000000000000000 0.423472496749248417 0.000000000000000000
14.712674346651740009 -2.113958253429926160 0.000000000000000000 0.420874657223585413 604590.000000000000000000
12.520430252766624690 0.859107089359848364 0.000000000000000000 0.235287445845797166 0.000000000000000000
12.610907466812049549 0.002117456851493584 0.000000000000000000 0.165812019917761483 602850.000000000000000000
14.371487714980466066 -1.082155807972889461 0.000000000000000000 0.238660880873475728 0.000000000000000000
11.583254261194946722 -1.079315151321947219 0.000000000000000000 0.396279773001275426 11911.500658904804367921
14.599336162886938695 1.689500615833669617 0.000000000000000000 0.347733622198437342 600327.000000000000000000
13.302591968203847372 -0.960016128889382037 0.000000000000000000 0.171800867132460122 367267.816124712408054620
12.700877980918519938 -1.913663575800314431 0.000000000000000000 0.364397900238193184 596575.000000000000000000
