-1.893834917301927989 3.432806671421089195 0.000000000000000000 0.104183643463699141 837981.000000000000000000
-1.910140705317568965 3.071670471343609155 0.000000000000000000 0.158436648129324786 206039.834846199431922287
-0.877133804625937152 1.863542381658101155 0.000000000000000000 0.436946523258762320 0.000000000000000000
-1.994960060951897818 1.678364213720038745 0.000000000000000000 0.396695825613442743 842975.000000000000000000
-2.350581193194481333 5.988420281885592722 0.000000000000000000 0.374003993567614268 845421.000000000000000000
-2.297117345429361635 4.671193299527021559 0.000000000000000000 0.139261007244385587 841871.000000000000000000
-2.980180411119451644 5.364547347978315450 0.000000000000000000 0.292330386351966065 845749.000000000000000000
-4.422949010802456726 3.801555741247888420 0.000000000000000000 0.386118122306481848 846592.000000000000000000
-2.519371188944845130 3.534602636393286978 0.000000000000000000 0.078587474359423801 841271.000000000000000000
-2.386460890982776029 6.508517420729209135 0.000000000000000000 0.466793183265039102 839903.000000000000000000
-0.914842067648447221 2.219574838258667526 0.000000000000000000 0.381956613889643748 844348.000000000000000000
-4.378294308644092858 3.086702334344206822 0.000000000000000000 0.403971581666536572 838061.000000000000000000
-0.382371053387680682 4.694683064251334415 0.000000000000000000 0.363741246856170819 0.000000000000000000
-1.237380633692852783 5.132048161904217309 0.000000000000000000 0.286427255672562997 838323.000000000000000000
-2.642837495294251493 4.644286848437848114 0.000000000000000000 0.150765245011913768 0.000000000000000000
-4.512839363923331959 -4.869350373435772816 0.000000000000000000 0.437938719506909102 679258.000000000000000000
-1.919484264023106013 -3.853454958210421388 0.000000000000000000 0.060725994040978323 677828.000000000000000000
-1.791413885163665620 -4.649556621182484584 0.000000000000000000 0.158796104930357285 328571.618531729443930089
-4.013252312113841036 -5.250532573705430472 0.000000000000000000 0.395507676593821300 676957.000000000000000000
-0.422262562631454730 -3.598025100291052158 0.000000000000000000 0.331319420238284923 681434.000000000000000000
-3.561469188468982860 -4.503826663700197130 0.000000000000000000 0.256671894018642155 685331.000000000000000000
-0.813857967147051609 -3.340618763230604138 0.000000000000000000 0.275409769804011939 676716.000000000000000000
-3.768951940161589409 -1.751409239037920784 0.000000000000000000 0.466214091439162925 0.000000000000000000
-1.757232978793148215 -5.552446167941443633 0.000000000000000000 0.309239164625687513 677149.000000000000000000
-3.015924286813969957 -4.541818275852413045 0.000000000000000000 0.178035757621960916 679016.000000000000000000
-0.570487997886069409 -2.542546934568202577 0.000000000000000000 0.384855215454210808 679856.000000000000000000
-1.244500200243702670 -2.178841306832127511 0.000000000000000000 0.354361240355240081 681555.000000000000000000
-2.393131041037384499 -4.517688913830545161 0.000000000000000000 0.114305432582562955 681392.000000000000000000
-2.194142588951681017 -4.984228558772149320 0.000000000000000000 0.195175661181538868 0.000000000000000000
-4.693555478222466881 -4.191862199292593516 0.000000000000000000 0.437319255333200096 684413.000000000000000000
3.351099001340152927 0.478039261426114193 0.000000000000000000 0.224044823176531627 0.000000000000000000
2.873041460250574275 1.555880580140721836 0.000000000000000000 0.402627512145500965 763633.000000000000000000
3.497054181251081140 1.150213911093509012 0.000000000000000000 0.273277476874440373 0.000000000000000000
3.402629251810199928 0.717129369455949295 0.000000000000000000 0.235596239085528680 760938.000000000000000000
6.418875686898054767 0.415180173005783804 0.000000000000000000 0.347361282402655569 0.000000000000000000
3.441157574644586603 1.243202956017667393 0.000000000000000000 0.292282202768400445 758806.000000000000000000
4.439265919147120876 -1.019587196385068228 0.000000000000000000 0.181658752069882135 0.000000000000000000
4.788484161901262581 0.972883007801633060 0.000000000000000000 0.179608161788523624 765132.000000000000000000
5.001769084831408030 0.929993492692073653 0.000000000000000000 0.186646704763670429 0.000000000000000000
3.315151704374553088 1.294479276881514096 0.000000000000000000 0.314073648931250560 759068.000000000000000000
6.654519052399043844 -1.495427752591216519 0.000000000000000000 0.464590925809025890 0.000000000000000000
5.682658871065125794 -0.397820010402613666 0.000000000000000000 0.219905430434846477 0.000000000000000000
5.993576832098843177 0.768357928452255812 0.000000000000000000 0.296842261900182314 761057.000000000000000000
5.869507480531205523 -1.527868229970542613 0.000000000000000000 0.363157539386431638 0.000000000000000000
5.216411133813684486 -2.034251982764150313 0.000000000000000000 0.382303153352849978 0.000000000000000000
12.748746332621820443 8.147842389321912293 0.000000000635980238 0.441828092748764223 50288.317228738036646973
9.648391589479919261 7.789250559633878801 0.000000000620628934 0.208677011146011754 845835.000000000000000000
9.789795911535167150 10.368538363148100956 0.000000000280999444 0.300868900331559164 838211.000000000000000000
9.653112346532212840 6.663558356741924982 0.000000000621663434 0.385847166797811114 840773.000000000000000000
9.818094849591041395 8.202617138040613654 0.000000000576657017 0.133545481483792861 0.000000000000000000
11.695726251088094827 7.026719012303957790 0.000000000459486859 0.386031569635417238 843065.000000000000000000
8.530551201800376404 8.002164202491272249 0.000000000516080810 0.348245101480498309 0.000000000000000000
8.331270407929773469 9.838632457357446626 0.000000000241695921 0.406252964933241256 843202.000000000000000000
11.436611386691440728 10.101094783735279137 0.000000000436378705 0.307010248384128992 549162.869929215055890381
11.521966295229011834 10.658271300443276530 0.000000000297092621 0.395086576374668041 845799.000000000000000000
11.704587772637157883 10.449100860664856327 0.000000000836890657 0.384281852881701858 845380.000000000000000000
10.604970364644168868 9.456036927036530315 0.000000000171583327 0.132751621667849012 593071.183731126831844449
11.813755960468332873 8.178818906614447215 0.000000000653540457 0.280823073188735728 845602.000000000000000000
11.091610588349523070 8.532815759625039576 0.000000000124490030 0.139070115314019971 843215.000000000000000000
12.658687887943905537 8.820222858642566166 0.000000000029340184 0.413365793657905101 0.000000000000000000
4.224650741783437802 14.815436554327044760 0.000000000000000000 0.434089939286470161 918459.000000000000000000
3.835126151971050223 13.785799038718378640 0.000000000000000000 0.282402321418806168 0.000000000000000000
1.602838371488192637 12.003940740768031858 0.000000000000000000 0.261518772874677785 442978.360537819680757821
3.461116955536323481 11.632217370129984246 0.000000000000000000 0.354966684704382751 99268.002867259754566476
4.118817839786862223 13.597470484546963831 0.000000000000000000 0.323113362511308677 922351.000000000000000000
3.246188710737574201 13.756330949358863691 0.000000000000000000 0.183578158566556238 0.000000000000000000
2.192726533609236306 13.549580302203709792 0.000000000000000000 0.054759056791895432 924974.000000000000000000
1.415319904231160830 12.282239640802664837 0.000000000000000000 0.241264719164233699 926444.000000000000000000
2.078401149737759912 10.930248656686112341 0.000000000000000000 0.420347797725487582 0.000000000000000000
0.078079015763200255 13.594878346432352600 0.000000000000000000 0.406078464760219360 920549.000000000000000000
2.709988328125724433 15.636494748724791393 0.000000000000000000 0.425439470247538254 0.000000000000000000
-0.063675532782863739 13.146320729488440548 0.000000000000000000 0.427992526554001940 920461.000000000000000000
1.448124617949551940 12.028133743171949277 0.000000000000000000 0.272783048977731313 922900.000000000000000000
2.578561338717272111 10.950297656420504566 0.000000000000000000 0.416502983794173831 410307.676630156347528100
2.072111008746900573 12.675934500779995062 0.000000000000000000 0.116760664243806489 925937.000000000000000000
-7.713711912709394269 11.979650688706049877 0.000000000172748520 0.180892949329427011 1703828.000000000000000000
-4.916848395635636138 12.980720822586505392 0.000000000415731020 0.393404899669173191 1044182.519551717792637646
-8.169507198435493223 11.345112090511369374 0.000000000637473703 0.264510960839146769 830176.133059195009991527
-7.411765654857326524 12.564296152314545552 0.000000000461254758 0.192447805872362793 0.000000000000000000
-7.042878998090962739 12.031110280505391330 0.000000000466091968 0.078228878700988408 1768258.000000000000000000
-6.163420618763455039 13.503579148140133270 0.000000000582670201 0.331979502502878498 1748291.000000000000000000
-5.540173014414872199 13.115468299628295412 0.000000000029267503 0.326217799763459992 1762585.000000000000000000
-5.323459575117020393 13.380190041875362539 0.000000000161783654 0.387006180986366688 0.000000000000000000
-9.107940426408747570 12.173242016755347450 0.000000000190302642 0.430918425196885557 1756211.000000000000000000
-4.858055105453686018 11.824508913348472205 0.000000000318091318 0.334583868104547488 1770411.000000000000000000
-8.685848827516146287 12.550934501272838162 0.000000000461651739 0.377917624180955647 1730493.000000000000000000
-5.659246818276240987 10.875058957370095314 0.000000000704768989 0.242746304757302106 0.000000000000000000
-5.307563864305320678 9.604051175696881160 0.000000000201366115 0.452695483608951121 1770958.000000000000000000
-6.546316265981001692 9.528695813960533556 0.000000000295713449 0.389098800363886721 1748446.000000000000000000
-8.779814821575559591 12.262346948996166063 0.000000000220283320 0.377327778799704694 1771401.000000000000000000
-11.830669783946355267 3.775647044203891411 0.000000000000000000 0.222436258105927820 0.000000000000000000
-13.320018436996427624 4.338191292702362034 0.000000000000000000 0.123291880733819303 0.000000000000000000
-13.366194989427789608 5.789663540141002152 0.000000000000000000 0.225343664558919354 1054837.000000000000000000
-12.905477537764397766 5.783761850414922634 0.000000000000000000 0.195131767307066578 1069716.000000000000000000
-12.654917613722133751 6.758222775488935241 0.000000000000000000 0.361783862707031667 1091173.000000000000000000
-11.052782937700465382 4.790787466716740717 0.000000000000000000 0.296592275017677542 1093528.000000000000000000
-14.286717641105662224 4.057001923950504185 0.000000000000000000 0.300485997772932611 275421.778162927541416138
-15.123810895180836766 5.105143093862525738 0.000000000000000000 0.435994857607932551 1075163.000000000000000000
-10.468200167853503046 4.308464548636094626 0.000000000000000000 0.405314617273460687 1042971.000000000000000000
-11.407064748777509422 6.151764996919308004 0.000000000000000000 0.346595035600455570 1058498.000000000000000000
-14.486253886197156149 3.607928979758480370 0.000000000000000000 0.366478711188042983 0.000000000000000000
-10.634982963168903680 5.588002809639426083 0.000000000000000000 0.402978670230005220 1120156.000000000000000000
-12.853164453283923763 4.659374623065187571 0.000000000000000000 0.025192266099322725 877911.531465858570300043
-10.565111174758474277 3.980601578568696564 0.000000000000000000 0.401779029638809015 0.000000000000000000
-14.316224282368130716 4.586124862012951553 0.000000000000000000 0.286216419902745545 525878.145882048993371427
-13.680778294283644669 -5.793822106367646718 0.000000000000000000 0.259251219983151815 766164.000000000000000000
-13.650329627929014720 -2.653963046043859020 0.000000000000000000 0.389068646341894475 393016.441991409752517939
-12.677317432634700012 -4.708876259784000595 0.000000000000000000 0.008267318213815144 761839.000000000000000000
-12.510786981251186489 -2.804320553710261343 0.000000000000000000 0.328018278792591378 0.000000000000000000
-14.747643299160605679 -5.484942467479581474 0.000000000000000000 0.388604041927808064 357002.239682894549332559
-14.734466245190590783 -4.373297278727545034 0.000000000000000000 0.364171984295074580 424847.153465368202887475
-11.921282875270891921 -3.322399554694527080 0.000000000000000000 0.275139669305734469 764050.000000000000000000
-11.773143179381783341 -5.840854572649434751 0.000000000000000000 0.262791908783798600 0.000000000000000000
-11.416419422276334217 -4.959810464170956834 0.000000000000000000 0.236273433678035494 760245.000000000000000000
-12.357330347670854920 -5.010797323858548147 0.000000000000000000 0.085806193870363368 248413.006222145078936592
-14.874496455181603238 -4.347725466004959571 0.000000000000000000 0.389506226096417552 0.000000000000000000
-14.132772034731241106 -6.723236113272109016 0.000000000000000000 0.435531671562407463 766397.000000000000000000
-12.421115580339622042 -4.819517867986816917 0.000000000000000000 0.057531267573049806 0.000000000000000000
-11.178842964779439839 -6.132726069331691399 0.000000000000000000 0.372933566817269024 0.000000000000000000
-12.722759619543142051 -4.090090744946571100 0.000000000000000000 0.102351231988965286 0.000000000000000000
-5.834247571630604590 -11.095196730304330401 0.000000000138805400 0.194486135217943196 0.000000000000000000
-7.806260910668376241 -13.180147646060271782 0.000000000804091908 0.321553065401322891 0.000000000000000000
-8.846472752481371771 -11.918335515593117435 0.000000000490062665 0.378434741439964195 0.000000000000000000
-4.794740351792533772 -12.671336804871385695 0.000000000576912902 0.384437612032514697 0.000000000000000000
-4.857242551031434985 -11.592899479431265419 0.000000000877840656 0.334944453645475926 0.000000000000000000
-7.116895095644354186 -13.528448388580837758 0.000000000174489197 0.327458222029258006 0.000000000000000000
-8.359252673589372407 -10.032000976529859670 0.000000000097145717 0.415770218095547484 0.000000000000000000
-7.176339050742403636 -9.491578651001233879 0.000000000246251276 0.401860303976807665 0.000000000000000000
-6.075254964718888040 -9.319325830918280928 0.000000000705752634 0.440778149644948269 0.000000000000000000
-4.834821651147369614 -9.857158873853947512 0.000000000137375161 0.472537788101506817 0.000000000000000000
-7.869783510939600824 -10.138666712106006784 0.000000000602486965 0.345118368659579622 0.000000000000000000
-6.298550721773333194 -10.468998472008296474 0.000000000415024807 0.234408412797687482 0.000000000000000000
-6.331574250854699493 -12.862532837513196426 0.000000000223362845 0.214785697464435904 0.000000000000000000
-6.889806818804827593 -13.092628006138582464 0.000000000437060050 0.244775303059507676 0.000000000000000000
-5.834464616178125063 -12.112439820423082537 0.000000000719010475 0.174588069461662193 0.000000000000000000
-0.043615947638874004 -14.274626947577012004 0.000000000000000000 0.459564606827376820 1605424.000000000000000000
4.723692883515782981 -14.348864097640372961 0.000000000000000000 0.466562472438625919 1678559.000000000000000000
2.938966369721613514 -14.468892432216454935 0.000000000000000000 0.238038670138364772 1607479.000000000000000000
0.856469881379405495 -14.877335373634432258 0.000000000000000000 0.388168668258684846 0.000000000000000000
2.464095012106027660 -10.732687633591998733 0.000000000000000000 0.453570353247404634 0.000000000000000000
2.088286011866725023 -15.819660264812307915 0.000000000000000000 0.454964194619039586 1670736.000000000000000000
0.428427764514061060 -13.262771686761857026 0.000000000000000000 0.339682444985319576 907158.095000967266969383
2.850506217247638308 -13.228240614738876246 0.000000000000000000 0.092399123192059687 1624742.000000000000000000
2.585748444344104335 -12.340161893941512972 0.000000000000000000 0.172681132801241477 0.000000000000000000
1.916487774052666682 -13.544760855749768069 0.000000000000000000 0.088463126705018047 0.000000000000000000
4.438650814546405421 -13.332021262322488298 0.000000000000000000 0.375157175446281299 1666726.000000000000000000
1.095806507186230183 -15.100638611632769326 0.000000000000000000 0.392787728027416239 1666250.000000000000000000
3.689099835312749764 -12.973758710358282542 0.000000000000000000 0.247399482441818364 1631326.000000000000000000
1.105713297350147561 -14.530892433717671253 0.000000000000000000 0.312829886406843394 0.000000000000000000
1.769557124962474637 -15.541708607654641128 0.000000000000000000 0.415763526444877241 0.000000000000000000
8.715810451974638440 -10.350372962983803049 0.000000000000000000 0.403963422673682404 0.000000000000000000
10.550441258045369253 -11.089079271202873400 0.000000000000000000 0.412048244994545843 0.000000000000000000
10.936366827222975928 -10.916415711324832571 0.000000000000000000 0.394410723650526429 1770739.000000000000000000
10.614204706071690865 -9.585348007406071957 0.000000000000000000 0.154659684799393321 0.000000000000000000
10.301132227454298018 -9.581197025517198540 0.000000000000000000 0.146283776020520312 1847389.000000000000000000
11.078527194469685924 -7.989137247983695289 0.000000000000000000 0.186989450345383917 0.000000000000000000
12.666998100041510611 -9.411133324577283688 0.000000000000000000 0.430521457511708117 0.000000000000000000
12.291326850453543784 -10.527101385205176243 0.000000000000000000 0.466427262881916327 0.000000000000000000
9.839612913760978685 -8.364860293720939310 0.000000000000000000 0.111780490379546946 0.000000000000000000
9.535695586116977651 -9.345375343283722103 0.000000000000000000 0.177719297980400898 1800443.000000000000000000
11.769706452524330231 -7.954883730647749118 0.000000000000000000 0.290062192790559115 0.000000000000000000
9.027136011075374000 -8.116782779867140363 0.000000000000000000 0.259051768664124271 733171.983287743874825537
10.970092653701367880 -8.689594393280946960 0.000000000000000000 0.112671908354017788 0.000000000000000000
10.550487521447120542 -9.269907017369215296 0.000000000000000000 0.098843783870944030 0.000000000000000000
10.368489010712902854 -9.952287748099957199 0.000000000000000000 0.211223686172948649 1851357.000000000000000000
14.735375755700760081 1.160416107927779272 0.000000000000000000 0.292500872766564779 602003.000000000000000000
11.413721171238107033 1.295629759621265809 0.000000000000000000 0.441150457989998357 0.000000000000000000
12.724167471031133658 -2.265087896554442537 0.000000000000000000 0.419273669643371316 599972.000000000000000000
12.547663711827590660 -0.398122232729325343 0.000000000000000000 0.190101682199052685 0.000000000000000000
12.403871645256227652 -1.276788442452265748 0.000000000000000000 0.300460724977989480 602254.000000000000000000
15.013309374215687342 1.734107496864180309 0.000000000000000000 0.398244814070498665 602190.000000000000000000
15.302464963778263041 -1.580054313252676979 0.000000000000000000 0.415901702753903535 603208.000000000000000000
12.353607364591530526 -1.616468361836503442 0.000000000000000000 0.351642626910846579 600411.000000000000000000
11.543258950268551644 -1.549477930280958482 0.000000000000000000 0.446623010062337567 597554.000000000000000000
12.550884089109889175 1.492004783612352226 0.000000000000000000 0.313493727982623094 567534.765258999308571219
11.329356534538485235 -0.254899765226868968 0.000000000000000000 0.396715437800389148 602139.000000000000000000
15.375275764073412788 1.831708354441898168 0.000000000000000000 0.454794329402760433 0.000000000000000000
12.213668188311093132 -1.539917563572253734 0.000000000000000000 0.357185532247700777 0.000000000000000000
15.314980507233507012 1.676921415645663327 0.000000000000000000 0.428689797055296307 599188.000000000000000000
14.449879108160061492 -1.165493442947490355 0.000000000000000000 0.258616799938781450 240752.166672308085253462
