-2.136010031975284384 6.220144321455585157 0.000000000000000000 0.415500386456405801 0.000000000000000000
-3.085754165616036104 4.704714354154440947 0.000000000000000000 0.206837637096974558 461899.908126437687315047
-0.007266164815341251 2.966393759143502340 0.000000000000000000 0.433602478076891062 838906.000000000000000000
-2.374943960301156842 4.723182346175233803 0.000000000000000000 0.149794418058394718 0.000000000000000000
-2.931765730060799324 3.915228187781651936 0.000000000000000000 0.120129219600266970 0.000000000000000000
-0.325246485543801644 4.480580787297832934 0.000000000000000000 0.360193055767876358 844648.000000000000000000
-0.515354192746622308 2.507799147268083395 0.000000000000000000 0.396398148514335691 839844.000000000000000000
-2.971912321890003650 3.120424111281771218 0.000000000000000000 0.186982578872907201 0.000000000000000000
0.266429746021415947 4.078087732986463543 0.000000000000000000 0.451166799222216808 694523.025958036305382848
-1.822615589607437414 6.382411498920299131 0.000000000000000000 0.450600663347526686 722996.100777893210761249
-1.416100077131505763 2.713101920264863409 0.000000000000000000 0.257855953123661996 843228.000000000000000000
0.370548746876447066 4.277981999037583805 0.000000000000000000 0.473541254580053805 0.000000000000000000
-2.784600647992136135 3.298373240651203631 0.000000000000000000 0.141087552196009769 845453.000000000000000000
-0.813558104828784323 4.432988046849098751 0.000000000000000000 0.275033746500124299 612071.017997405375353992
-3.970808285194581178 3.014696956378849713 0.000000000000000000 0.342682544523524479 0.000000000000000000
-3.672748367352701493 -4.217448669514406667 0.000000000000000000 0.258747005542726782 680416.000000000000000000
-3.985217785431462545 -5.211116162370954541 0.000000000000000000 0.387274983654041227 224908.029867089935578406
-1.661394801087128670 -3.483429509217816911 0.000000000000000000 0.128702297739739846 546493.250806455500423908
-1.549749208275119861 -2.881498903310207638 0.000000000000000000 0.219604883253506827 582925.550937342573888600
-0.466425892820716337 -3.808245831586832608 0.000000000000000000 0.319668920754253016 685187.000000000000000000
-3.395586248963120113 -4.989964059457795642 0.000000000000000000 0.281805241215160596 677685.000000000000000000
-3.000028612126558691 -2.236740021459561856 0.000000000000000000 0.322693684148043058 682395.000000000000000000
-3.372064030579333238 -6.150902166146390293 0.000000000000000000 0.448694722742887853 0.000000000000000000
-1.484090422304027435 -2.412754143600122525 0.000000000000000000 0.297141465249368519 680809.000000000000000000
-3.418503399769183382 -4.253219874839483161 0.000000000000000000 0.216656508001190240 680284.000000000000000000
-2.754108378202872132 -6.429957005007828741 0.000000000000000000 0.460738535850245101 379982.419415060547180474
-2.879079576504496529 -5.047502104137549850 0.000000000000000000 0.233887468600289611 0.000000000000000000
0.224952796553351902 -4.215911439066018396 0.000000000000000000 0.446321406925215824 684537.000000000000000000
-2.552516157039405265 -1.355649665471962972 0.000000000000000000 0.454325128887500707 464321.130735094426199794
-3.560272078910453164 -3.527915402401582412 0.000000000000000000 0.240852598879203461 677030.000000000000000000
6.212099893671322093 0.563154690446109440 0.000000000000000000 0.318683832887028229 764514.000000000000000000
3.106195536438688176 1.334675547047269539 0.000000000000000000 0.345394384038112900 761269.000000000000000000
3.875647454085294097 1.846644399717032536 0.000000000000000000 0.347398614653918691 76516.026174326456384733
4.920292699073587350 1.174466146849593828 0.000000000000000000 0.220814645507978274 757207.000000000000000000
6.251845950052516976 -0.222664872167727346 0.000000000000000000 0.312206722299092632 757240.000000000000000000
4.743581792964660870 2.585798100437043168 0.000000000000000000 0.461139621131203326 763091.000000000000000000
3.831606413198899830 -0.082933423277546423 0.000000000000000000 0.122547816202153909 0.000000000000000000
5.688253121747254504 -0.299440163534388459 0.000000000000000000 0.215900400525067149 494784.274186388822272420
5.076403463818564887 0.023721335281394199 0.000000000000000000 0.100293959004644120 765297.000000000000000000
3.055069362097255770 0.316174714653711275 0.000000000000000000 0.266062415772828242 0.000000000000000000
4.184928514638362351 -0.232287526977523723 0.000000000000000000 0.071750522674415868 757625.000000000000000000
3.813665400552468832 1.778480550378731095 0.000000000000000000 0.339887633746947637 760297.000000000000000000
7.150191013792098538 0.310415664265539015 0.000000000000000000 0.472991225606178012 760976.000000000000000000
4.191518065657660053 0.427216473275937370 0.000000000000000000 0.095246685598996197 102849.145792889161384664
5.302777989513079326 -1.428353561912169001 0.000000000000000000 0.289973272725554232 0.000000000000000000
11.337408710662854716 11.231541003658193745 0.000000000078225568 0.469644194734250953 0.000000000000000000
11.065485039016959234 7.285441436183903718 0.000000000241245501 0.286892974605910622 841851.000000000000000000
9.948925607071734234 10.305014062444694645 0.000000000470480338 0.281966340864014231 845326.000000000000000000
10.043255141952323939 11.127737292982834205 0.000000000582202225 0.420806181167539484 0.000000000000000000
11.366263914898123488 10.004013333770432226 0.000000000262764179 0.285947368907748078 0.000000000000000000
10.809111505075259529 6.625636323508462766 0.000000000779180403 0.381115709748234943 842567.000000000000000000
11.447241416791117175 7.600950771561870489 0.000000000182825528 0.281451386058878039 846992.000000000000000000
11.887595870958730160 7.170533391059844774 0.000000000318386305 0.390050494523719871 841831.000000000000000000
11.562237491585475979 10.083081263524393378 0.000000000392412489 0.319371217318557221 530269.853340456727892160
11.910090999702470427 7.199553250739355370 0.000000000818254143 0.389340953346686613 839643.000000000000000000
11.952624265407825632 8.333969324478628593 0.000000000216382284 0.296316062607079489 0.000000000000000000
12.836773519732444626 8.975992861476026263 0.000000000612141544 0.446686840083522052 838670.000000000000000000
9.463299106333824540 7.212867468144477101 0.000000000418010846 0.311612711419886834 0.000000000000000000
11.865497992237791891 9.400090652806108338 0.000000000460516363 0.294764876357948291 0.000000000000000000
9.654036227757982758 9.020137050516733979 0.000000000727760479 0.131371720183342117 0.000000000000000000
2.829943766025507124 13.061840696939135853 0.000000000000000000 0.096259763910502935 919031.000000000000000000
0.827137027360402066 12.424370783154458309 0.000000000000000000 0.308565197658521639 0.000000000000000000
1.807026436723126128 15.650183838682814041 0.000000000000000000 0.433027596288644900 0.000000000000000000
0.902212612895203603 13.532727743225324346 0.000000000000000000 0.259284342673541890 923602.000000000000000000
3.284145047629994263 12.822574799327290052 0.000000000000000000 0.187593952494461591 919217.000000000000000000
3.028355844909965899 13.271268763858278916 0.000000000000000000 0.123696790810486901 0.000000000000000000
1.336822072531680172 13.172175750395478389 0.000000000000000000 0.178759493803331782 919553.000000000000000000
1.048627717833932715 11.732976256574618290 0.000000000000000000 0.357951403544452484 92660.630279513425193727
3.671094966501324830 13.875388567259118844 0.000000000000000000 0.260983377812088524 926612.000000000000000000
1.235990176011210862 14.466310126735805852 0.000000000000000000 0.288485109288020625 382198.790422234917059541
0.638416889371036134 14.248384954473452879 0.000000000000000000 0.348309572239506704 0.000000000000000000
1.495469074430150647 13.123800535652392796 0.000000000000000000 0.151973143505392372 0.000000000000000000
1.358699795562067214 14.281067384796411801 0.000000000000000000 0.249485568255635254 925156.000000000000000000
1.228629098785677609 12.583347331187100693 0.000000000000000000 0.232575874109283820 0.000000000000000000
4.428303900653897784 11.822906107322538105 0.000000000000000000 0.454030166888082787 0.000000000000000000
-5.646804306594565226 13.987188805905308442 0.000000000859899512 0.446076855361966451 1713337.000000000000000000
-6.541679372107866541 11.394749207494546894 0.000000000196605746 0.066660543597302335 1725415.000000000000000000
-6.466722928771489798 10.481950209748156055 0.000000000003136612 0.224019591490212611 0.000000000000000000
-5.730203610981010165 9.588392203573366857 0.000000000418452561 0.417538465609844756 0.000000000000000000
-7.460271033952758479 10.406148030339876343 0.000000000564195230 0.265926225512486680 1736967.000000000000000000
-6.423004821670811104 10.998714089222591639 0.000000000643715553 0.138888037993782743 0.000000000000000000
-9.250382122488849390 12.222238313382524311 0.000000000371755404 0.457479095683174242 1715119.000000000000000000
-4.623415018958099587 12.363239478936058902 0.000000000570154319 0.392865955968070335 0.000000000000000000
-7.785637480868093263 9.490979412884453126 0.000000000382419464 0.436277347564355544 1747130.000000000000000000
-7.401024175369528280 11.197129579280849399 0.000000000895245699 0.150703897962396777 0.000000000000000000
-4.708190375041892750 10.831660203496783268 0.000000000056802081 0.393554078623390258 0.000000000000000000
-8.259015235702749536 12.922621510197892292 0.000000000623615165 0.345387861557650722 0.000000000000000000
-4.374761094601179678 11.438880202617799142 0.000000000636903458 0.423097253901306591 1690235.000000000000000000
-6.568090264999912442 12.300310199647899623 0.000000000712765711 0.107061276369182168 0.000000000000000000
-6.553684010812689031 13.403689164008648405 0.000000000249682000 0.300005816010844639 1703149.000000000000000000
-13.404413291257064600 6.652127200822992137 0.000000000000000000 0.364156821856253921 0.000000000000000000
-14.175389757608870767 6.878364601200422257 0.000000000000000000 0.461897276559616543 1094903.000000000000000000
-14.398267071643418902 4.115190243678705784 0.000000000000000000 0.315857230319982196 0.000000000000000000
-11.159252358604851096 5.374237436277747193 0.000000000000000000 0.302368384326293371 1106556.000000000000000000
-12.317005958199334970 6.980527926908289160 0.000000000000000000 0.406721941741660875 1119548.000000000000000000
-11.883414404346860138 6.201903804811156995 0.000000000000000000 0.303726074209053842 0.000000000000000000
-11.375694820671318652 3.939749457086605400 0.000000000000000000 0.270961048491705214 1091351.000000000000000000
-11.348437435080565905 5.504633563527957740 0.000000000000000000 0.282674817392978395 0.000000000000000000
-15.058868859593049550 4.987363300960271140 0.000000000000000000 0.421530612695653839 1105128.000000000000000000
-11.058332463548380176 5.506396162996823662 0.000000000000000000 0.328394530313177391 1036942.000000000000000000
-12.507794603028965952 6.016424140013981514 0.000000000000000000 0.235574439878031117 0.000000000000000000
-11.362038657128200825 6.387337437326643830 0.000000000000000000 0.383031788527872175 1128708.000000000000000000
-11.882581374221009796 2.555794774893969112 0.000000000000000000 0.398228486263701553 307566.151866615051403642
-12.320755102549014737 4.695825238535732638 0.000000000000000000 0.070001270416401973 998206.512141103623434901
-14.558540079912607013 3.286642723849183323 0.000000000000000000 0.407850685888182518 1044291.000000000000000000
-11.246201317741066461 -4.446372352904773173 0.000000000000000000 0.264590187351645245 763956.000000000000000000
-10.331868971203405749 -5.841561415736376439 0.000000000000000000 0.470500776673686116 765605.000000000000000000
-11.821070461885286207 -4.076845955478213490 0.000000000000000000 0.190446737471471589 763451.000000000000000000
-14.566572685956122868 -2.791689329143665965 0.000000000000000000 0.464719823712739288 760276.000000000000000000
-15.127883853446883577 -3.978320268696301287 0.000000000000000000 0.447154193175292702 764530.000000000000000000
-14.133622998144677041 -2.523591833500571369 0.000000000000000000 0.451330609715890674 0.000000000000000000
-15.366057692692093539 -4.793072791760193851 0.000000000000000000 0.473293083959546224 0.000000000000000000
-14.928198520459964982 -3.286564657262462941 0.000000000000000000 0.462534013775586950 77092.310013753376551904
-14.434476253145312796 -2.680702067972985603 0.000000000000000000 0.462563496666603957 758590.000000000000000000
-12.337367576248327694 -5.384001203975387284 0.000000000000000000 0.139828819076964345 479814.841212605359032750
-12.501225696337202820 -7.307264926955940432 0.000000000000000000 0.458786152256801583 311393.542774064932018518
-11.657967989276219356 -3.926923725098031337 0.000000000000000000 0.229187102525226422 0.000000000000000000
-15.092239702725438022 -4.571234337215035914 0.000000000000000000 0.424486813745971636 757000.000000000000000000
-13.823629120334985032 -5.115172024039149612 0.000000000000000000 0.211955666424329781 0.000000000000000000
-11.128542062421988845 -3.094525637863581480 0.000000000000000000 0.395074525607770621 0.000000000000000000
-4.201087432531854127 -11.183393213043254732 0.000000000473672459 0.461005124388147114 0.000000000000000000
-5.261243005854252530 -9.633620683677520447 0.000000000243641884 0.453105187732431358 0.000000000000000000
-7.935211743894500458 -13.725100718964528212 0.000000000255994484 0.414420683552040314 0.000000000000000000
-7.024372897513615044 -9.869783910668605387 0.000000000731114195 0.331259344617498397 0.000000000000000000
-8.306955859515579021 -10.437266000790696552 0.000000000217906256 0.360573886511428576 0.000000000000000000
-5.666913241852752137 -9.532423823240799621 0.000000000750234598 0.431385045499668884 0.000000000000000000
-4.711321570212848364 -11.327703831791467337 0.000000000670381436 0.366814300074865651 0.000000000000000000
-7.038020902047261274 -13.120281173960680832 0.000000000079309843 0.253928404361748405 0.000000000000000000
-5.520609352248059487 -12.056373006718722252 0.000000000364946329 0.224119025721677745 0.000000000000000000
-7.915071755225782546 -11.791445792853936680 0.000000000782545557 0.211187637657604038 0.000000000000000000
-5.639132681203157915 -9.809161282232199852 0.000000000286465037 0.390421817102045765 0.000000000000000000
-6.935870002538470303 -10.072682559206558750 0.000000000806790155 0.293523750644610726 0.000000000000000000
-5.340329030526110188 -10.105957340497921493 0.000000000134511006 0.378476872350697935 0.000000000000000000
-6.889805317185515143 -13.818695659379470086 0.000000000098401132 0.372700412160021477 0.000000000000000000
-7.007842800930512261 -12.095024920764725351 0.000000000226653705 0.082743693720427863 0.000000000000000000
1.517367291733854984 -13.030991498580705823 0.000000000000000000 0.152045706358116234 1678730.000000000000000000
1.681752480974772368 -12.438528003832448832 0.000000000000000000 0.189254725899295401 1691651.000000000000000000
1.362099894984343473 -12.167891078378161751 0.000000000000000000 0.262749826767745331 1596688.000000000000000000
3.527575061060622907 -13.179464886984204597 0.000000000000000000 0.213369186544124984 1614985.000000000000000000
2.216429910782542034 -10.716685500468031478 0.000000000000000000 0.456353324804006533 0.000000000000000000
3.776756687601013240 -13.323711469107278660 0.000000000000000000 0.257210466523700054 1669741.000000000000000000
2.559771352580960890 -15.242927773451153683 0.000000000000000000 0.352395743319741772 588325.205907056457363069
3.688952362311405775 -13.688149880636627742 0.000000000000000000 0.252286148128514964 1610609.000000000000000000
3.769400282223126730 -13.076142094755629941 0.000000000000000000 0.258242332815962428 1616214.000000000000000000
3.859958184602424680 -14.695019060567936720 0.000000000000000000 0.370982432425784159 1679829.000000000000000000
0.371206285670589109 -11.832801465496860516 0.000000000000000000 0.434251119889859039 1608694.000000000000000000
3.697249051760827410 -12.486120336363249805 0.000000000000000000 0.280712802747981549 1603769.000000000000000000
2.047901400412403650 -13.800005022738773164 0.000000000000000000 0.106264663459602601 1631723.000000000000000000
3.614943194868908805 -15.312604804642939271 0.000000000000000000 0.428214887888705986 1656946.000000000000000000
3.144193350900301276 -12.150376771916391760 0.000000000000000000 0.247058169221935769 0.000000000000000000
11.768930486332557450 -6.452828749084840609 0.000000000000000000 0.475377256244263691 0.000000000000000000
12.100588895619589280 -7.522394577709525798 0.000000000000000000 0.379890632797856787 1848246.000000000000000000
9.530538901508579741 -6.396262348145543619 0.000000000000000000 0.437375026500702813 1761344.000000000000000000
9.208898176078118780 -9.035938407744072975 0.000000000000000000 0.207963039499789393 1811853.000000000000000000
11.060345462707545039 -6.922572519615670217 0.000000000000000000 0.344480026759666047 1759098.000000000000000000
9.847606003290145793 -7.941004023262459022 0.000000000000000000 0.166662540243842361 1788510.000000000000000000
12.019833537594083239 -10.394994822364287401 0.000000000000000000 0.415344925629378248 294862.908417161321267486
10.501398481459174761 -8.450374571533709300 0.000000000000000000 0.059528371864680497 1759050.000000000000000000
9.177834426396316303 -6.546706416628743419 0.000000000000000000 0.438685927303822221 1075893.467952436534687877
12.962686418807299660 -8.274970412333850334 0.000000000000000000 0.474583338179815128 1832886.000000000000000000
11.217475949184711581 -10.933760002202408401 0.000000000000000000 0.413387339873420523 1816162.000000000000000000
11.078760370816656433 -9.277103411270516631 0.000000000000000000 0.160935102269533586 1760310.000000000000000000
8.653708672682844494 -7.767867816230586087 0.000000000000000000 0.346529969364743118 1762448.000000000000000000
12.803256811539023730 -8.805460463975322227 0.000000000000000000 0.439051711596824434 0.000000000000000000
11.996618507379672280 -8.427135265363453698 0.000000000000000000 0.300460913114871109 1804682.000000000000000000
14.912760070971478044 -0.450287339929052066 0.000000000000000000 0.256595783142261391 602737.000000000000000000
14.800512664880656644 -1.950105446450517643 0.000000000000000000 0.404946454361414299 272914.002467847603838891
13.565846632131007610 2.681373754781046337 0.000000000000000000 0.464646196378621035 0.000000000000000000
15.849967641202162838 1.313966088076177208 0.000000000000000000 0.469782611029316510 0.000000000000000000
11.552261221031422167 1.596038208001875569 0.000000000000000000 0.450290572157721725 243380.647740754007827491
12.554022933731802780 -2.037839850537167763 0.000000000000000000 0.395180475232214945 598063.000000000000000000
12.831479442544566183 0.475380704497672446 0.000000000000000000 0.151022562117749976 603700.000000000000000000
15.045240017059343884 0.491347605121402686 0.000000000000000000 0.281242433705362782 0.000000000000000000
11.823768214774606378 1.693288294067168964 0.000000000000000000 0.424724970708202032 597028.000000000000000000
15.320681114484401064 1.866676435776204679 0.000000000000000000 0.452159290703112005 0.000000000000000000
12.731014227182448906 -1.133220006608617325 0.000000000000000000 0.244024499813399437 0.000000000000000000
14.185982472517100206 0.446212290801742739 0.000000000000000000 0.138491384944849805 0.000000000000000000
12.437927841801244000 -0.155158286355648906 0.000000000000000000 0.198483166588176940 597415.000000000000000000
11.705853539876473590 1.917964420235393819 0.000000000000000000 0.467197644254922051 599857.000000000000000000
11.295965718945435441 -1.395609138430844220 0.000000000000000000 0.468123394826411243 602102.000000000000000000
