-2.765612244621387994 4.976085796482954571 0.000000000000000000 0.213452898072470226 842314.000000000000000000
-4.310165015586598258 3.831722758421159725 0.000000000000000000 0.365846300343537545 842209.000000000000000000
-2.732394045827994500 2.253756853745313204 0.000000000000000000 0.303379671343734003 840354.000000000000000000
-0.807974102417736928 6.074889990102079196 0.000000000000000000 0.467187057763295666 841874.000000000000000000
-1.627068393736400109 5.582607771263572438 0.000000000000000000 0.321753667904952911 844679.000000000000000000
0.038178316560286210 3.976466916224883796 0.000000000000000000 0.409541729748081507 0.000000000000000000
-0.865646549135244747 3.882490497839497845 0.000000000000000000 0.248194636956784065 304075.987990919791627675
-0.962092827877082390 5.671715308383421750 0.000000000000000000 0.392527917265507509 0.000000000000000000
-0.695404953111548929 1.892464805585619692 0.000000000000000000 0.451913725888324846 0.000000000000000000
-0.843627223331752107 5.412315167381866132 0.000000000000000000 0.370253665167230461 844375.000000000000000000
0.067884532112445731 2.583034122268456745 0.000000000000000000 0.475475211060034875 846169.000000000000000000
-3.781061810009407775 1.901599063068943662 0.000000000000000000 0.445973882915377429 0.000000000000000000
-1.576138772874795979 2.189902604628598315 0.000000000000000000 0.326340541638843074 0.000000000000000000
-3.019664693199692884 3.838857348035778827 0.000000000000000000 0.136019812363910086 844845.000000000000000000
-3.325413096859203943 5.413979497684014319 0.000000000000000000 0.331285061689316873 0.000000000000000000
-2.678543937881691761 -2.877434938280817089 0.000000000000000000 0.195273673837045553 677413.000000000000000000
-3.111637008859631681 -2.405682841948864059 0.000000000000000000 0.304922613951415289 678026.000000000000000000
-2.111096026738281228 -4.022290240442702114 0.000000000000000000 0.035229711301762438 0.000000000000000000
-0.995021751825746703 -2.546527454773896082 0.000000000000000000 0.328601407904067611 686139.000000000000000000
-0.057903790505762921 -3.490049144099439893 0.000000000000000000 0.398559498879325680 681778.000000000000000000
-2.616419299264315157 -3.895919548825433232 0.000000000000000000 0.063850805077649939 242919.185654980712570250
-3.579353460579981494 -1.789863704733572813 0.000000000000000000 0.441781208283709925 676812.000000000000000000
-3.660272070995379323 -2.986565412864650604 0.000000000000000000 0.297162107435775424 677227.000000000000000000
-0.117895731515317265 -2.353761644289131816 0.000000000000000000 0.469485870417260420 681598.788098270888440311
-3.496192408668886920 -4.073427876794648128 0.000000000000000000 0.223038507229374960 683289.000000000000000000
-1.179904271416595485 -4.397341006216076487 0.000000000000000000 0.212360929533321918 0.000000000000000000
-0.222431473350272468 -4.030056322920255063 0.000000000000000000 0.363669742650658989 0.000000000000000000
-1.891378235455589696 -2.597002951575168250 0.000000000000000000 0.239426403826159484 0.000000000000000000
-2.620124401824240667 -5.812244726828722285 0.000000000000000000 0.348263603775153197 483543.744916075025685132
-3.609082443666641549 -5.185713722895232358 0.000000000000000000 0.333362928671772307 677488.000000000000000000
3.817450830636815784 0.293766931481356686 0.000000000000000000 0.134713583245159974 763069.000000000000000000
4.598368572533270360 -0.161140332525744695 0.000000000000000000 0.032323109536018656 0.000000000000000000
6.742581001606956725 0.671989666864935664 0.000000000000000000 0.414641662613717044 764669.000000000000000000
3.200780769751527366 2.005884961808177103 0.000000000000000000 0.426612567661263931 0.000000000000000000
4.884640649583714023 1.194223837013662637 0.000000000000000000 0.222167789856416942 757440.000000000000000000
2.399767091592615476 -0.716133328457282392 0.000000000000000000 0.397778156986769549 764426.000000000000000000
4.701333760283531227 -0.769349418678574315 0.000000000000000000 0.140690648095598475 0.000000000000000000
6.975549704130250994 -0.177010803315980680 0.000000000000000000 0.439782578363036469 0.000000000000000000
4.446661226727789185 1.874653389875324372 0.000000000000000000 0.333303803853703784 0.000000000000000000
2.513680815509927502 0.178093634611931118 0.000000000000000000 0.357936932115259954 765301.000000000000000000
4.420951557021413514 0.646646312458355355 0.000000000000000000 0.116098546380228512 0.000000000000000000
4.826987307144571027 2.155887980407395155 0.000000000000000000 0.386983433302939439 0.000000000000000000
3.859393693256796265 1.144850679043787345 0.000000000000000000 0.234587824425366215 469180.550032461876980960
4.915623022182018076 1.960140380637574342 0.000000000000000000 0.355433558793958437 765174.000000000000000000
3.996175998172859511 2.327066412375476290 0.000000000000000000 0.423756950324061687 0.000000000000000000
11.971774595711236699 9.404233494922843661 0.000000000713148585 0.312574708279803104 0.000000000000000000
9.587511628424721266 6.161382998825530422 0.000000000922684189 0.473469490987350916 842988.000000000000000000
10.197150567344936078 8.253030306290042972 0.000000000778276574 0.090498921814478592 0.000000000000000000
11.208987179147701596 8.221279377751162798 0.000000000167066140 0.180181663296519218 843918.000000000000000000
9.499670406313571291 10.766429179333128374 0.000000000464387525 0.384766657429641334 840792.000000000000000000
9.241743351372454285 10.378251570406542115 0.000000000120420654 0.346911706229329320 0.000000000000000000
10.536177519528477475 6.991979773165960310 0.000000000094360675 0.309779281543820173 844547.000000000000000000
12.459841589621115432 8.824924659471355071 0.000000000097287274 0.377974566826570879 840461.000000000000000000
9.805960134193133726 6.976719387930975458 0.000000000727064009 0.325118973597594285 847080.000000000000000000
8.443542283503102652 7.820145656285800051 0.000000000471020169 0.375421902314310663 617534.626977781066671014
11.987498147034049367 9.321286913168313149 0.000000000097954114 0.310195833699561330 0.000000000000000000
9.100383460406792580 7.752577485525324441 0.000000000654639743 0.281860768959021124 838572.000000000000000000
8.429607937499323356 7.008520776330872337 0.000000000407731461 0.457765550969989554 715332.222629023948684335
11.297822899946657671 9.471332024119236692 0.000000000089987033 0.212484928997241806 289693.748815630038734525
11.292334452754396068 10.870627341392971488 0.000000000286105514 0.408491430431497105 841610.000000000000000000
0.936731576879222927 11.889080485031222167 0.000000000000000000 0.350925133484168261 926632.000000000000000000
0.024881712059455857 11.959775553527377312 0.000000000000000000 0.473751486179070480 920553.000000000000000000
2.907603276285958493 14.933829225867931711 0.000000000000000000 0.312213913234013263 453115.720760196621995419
2.586410652430424228 10.710750736157748975 0.000000000000000000 0.459067687763259069 922363.000000000000000000
4.629683698245398382 13.273528667632437106 0.000000000000000000 0.409069300516390733 924173.000000000000000000
1.891609975607246419 10.851320625633212202 0.000000000000000000 0.439090718946883729 920862.000000000000000000
0.586455239524828364 13.589114293336249872 0.000000000000000000 0.316444835364821764 920871.000000000000000000
1.845510340779186631 14.455875322092062163 0.000000000000000000 0.227370671371188493 922414.000000000000000000
3.197228307628425359 14.436439243670063703 0.000000000000000000 0.257433135210210329 925430.000000000000000000
3.413945183272862671 14.095756777242995028 0.000000000000000000 0.241406225227672494 0.000000000000000000
1.539277967012357529 12.253977490835806563 0.000000000000000000 0.230795414816092920 0.000000000000000000
2.682628885092000814 15.690847293103024285 0.000000000000000000 0.434277875322436724 519740.348855875316075981
3.334532564725503967 13.687256961494497887 0.000000000000000000 0.192659243628084870 926139.000000000000000000
1.081226647205527636 11.852929045021065591 0.000000000000000000 0.337942748508184621 923051.000000000000000000
0.729284131272494252 12.200289704699205373 0.000000000000000000 0.344385272641778872 922867.000000000000000000
-5.507954658898662537 12.174084675988606108 0.000000000557987523 0.232681510503929434 1748478.000000000000000000
-5.860787229126845688 12.142573727597270050 0.000000000196710421 0.172552776250217449 0.000000000000000000
-7.996766078743267059 11.158829393152382536 0.000000000904811693 0.246121817036234397 1750314.000000000000000000
-6.312168282339419179 11.780621880595660400 0.000000000477972670 0.075700369529063685 1770469.000000000000000000
-4.587741190768306332 10.380494978001506112 0.000000000317555312 0.449891315895611932 1750155.000000000000000000
-7.169666931130092458 10.480574634612301210 0.000000000796747878 0.232494126548819374 1753067.000000000000000000
-4.788380091598609667 11.258636004374572792 0.000000000460597741 0.355943542717257366 124182.517452886750106700
-6.030599437014362962 11.028452478413928617 0.000000000492818783 0.174904662927100246 1674913.000000000000000000
-6.216026514216545173 10.146198125715788052 0.000000000378821353 0.293281393490123998 1721929.000000000000000000
-5.949545582115664644 13.770326412289829676 0.000000000643657202 0.389281925868404488 1722048.000000000000000000
-8.739226378612809043 13.145553892249594696 0.000000000517391367 0.437515043087827571 1721695.000000000000000000
-6.827450041530321201 11.539370970513452619 0.000000000267561500 0.035968538067203029 1711450.000000000000000000
-4.741871619700280149 11.825860057233054334 0.000000000673253407 0.355270222707013084 266168.504541298840194941
-6.872616428400791122 10.828334138742601311 0.000000000929612029 0.159536605970097861 1680004.000000000000000000
-7.069918885422422861 12.247154204088815277 0.000000000013026490 0.111197618775103563 0.000000000000000000
-12.997550857996948537 5.243008274798581780 0.000000000000000000 0.110416401652810206 0.000000000000000000
-13.921656380466519209 4.025099145075312634 0.000000000000000000 0.243438748676065270 685852.731742797652259469
-14.675715962224490596 3.458867881100215591 0.000000000000000000 0.408658115792092380 210925.798478612647159025
-11.238906090378769420 4.716144037430026081 0.000000000000000000 0.262854758797882448 0.000000000000000000
-10.876120778468685302 4.677683602196239576 0.000000000000000000 0.327432277806185779 0.000000000000000000
-14.117788048962161440 2.505613491594954390 0.000000000000000000 0.452356007651563974 0.000000000000000000
-12.392206361307268381 4.485982657561184084 0.000000000000000000 0.066297899893755577 0.000000000000000000
-13.237700044395950272 5.996525031143824513 0.000000000000000000 0.247285912205531810 1119015.000000000000000000
-13.988631477809803982 5.504045207042755905 0.000000000000000000 0.268684988012245052 1129682.000000000000000000
-12.781608838148256879 6.081364458918472771 0.000000000000000000 0.244186163835560799 602702.985939533449709415
-15.052763309603788500 5.513707409802369952 0.000000000000000000 0.441361669734871787 1090151.000000000000000000
-13.390407550790763835 4.745112115511279427 0.000000000000000000 0.121288404812803105 1114796.000000000000000000
-14.700979530571911980 4.481445476165164088 0.000000000000000000 0.355987105118294123 0.000000000000000000
-12.449583331691780330 7.048054768239958356 0.000000000000000000 0.414858727687840934 0.000000000000000000
-13.420606730088488590 3.671816139563326420 0.000000000000000000 0.215565554222385797 78507.050667920892010443
-12.102890354346971691 -4.155665823114971680 0.000000000000000000 0.141845249436427706 0.000000000000000000
-14.702780371906049695 -4.518934757879668140 0.000000000000000000 0.355743159108421303 765733.000000000000000000
-12.376795278611343321 -5.083156320649962367 0.000000000000000000 0.092457341144363228 760162.000000000000000000
-15.006331798342877448 -4.794346442699763067 0.000000000000000000 0.409259297124014543 0.000000000000000000
-10.908588223614405166 -3.005358782800973128 0.000000000000000000 0.434349478473220196 764102.000000000000000000
-12.262431198993120063 -6.213887334345247204 0.000000000000000000 0.279001514160550079 34216.548753926588688046
-12.347588193868123341 -3.549319973110450999 0.000000000000000000 0.207027065240271035 0.000000000000000000
-14.079846180022824953 -4.388678633159953435 0.000000000000000000 0.248766600751845229 760991.000000000000000000
-12.046340737833434176 -6.230286752047314636 0.000000000000000000 0.295137361975440382 759528.000000000000000000
-13.080954542649557482 -7.098705945004533113 0.000000000000000000 0.425561147224716607 764517.000000000000000000
-13.270089421543188379 -5.196475013345022376 0.000000000000000000 0.133974109411990144 759380.000000000000000000
-11.682786911841597899 -6.117579514441297661 0.000000000000000000 0.310766764297066123 766380.000000000000000000
-14.912229923346234983 -4.604861954241747490 0.000000000000000000 0.392205389229792978 167448.610405420826282352
-15.193095667695228457 -3.698307827634197409 0.000000000000000000 0.473454145063494813 761772.000000000000000000
-11.405661935901838078 -3.165731123980866091 0.000000000000000000 0.351924487265605213 760451.000000000000000000
-7.063052200168384864 -11.055161817003348546 0.000000000571179888 0.131362211641468607 0.000000000000000000
-8.203180365575978072 -10.801079307238302007 0.000000000856801451 0.308235069166136133 0.000000000000000000
-8.195687493246145650 -10.198985494741735991 0.000000000500847656 0.374339918772371216 0.000000000000000000
-7.487258559469244013 -11.788763060251337578 0.000000000741047404 0.135115165041505142 0.000000000000000000
-8.837545654329018063 -10.573075136909778848 0.000000000474913808 0.426241998139186118 0.000000000000000000
-8.374085426268994325 -10.388853818009643248 0.000000000858739061 0.375244012429295448 0.000000000000000000
-8.329950507192785736 -9.672471748629691390 0.000000000546396264 0.460168937044414639 0.000000000000000000
-4.810382618575022029 -10.044247421119798958 0.000000000875059189 0.453286705732318163 0.000000000000000000
-4.537025155072619498 -11.933494898521702865 0.000000000593990309 0.393115025089663561 0.000000000000000000
-7.771065549436936948 -12.736303335360378952 0.000000000825635392 0.258158703893116404 0.000000000000000000
-6.644418783957527275 -12.283490634476299519 0.000000000384920898 0.101214786460812126 0.000000000000000000
-7.134509855926085109 -11.195574099102820753 0.000000000441962736 0.117054788416076083 0.000000000000000000
-6.060451807046079331 -12.054246370901330110 0.000000000322881186 0.133705898793558625 0.000000000000000000
-7.167325876619061731 -11.294184093437854344 0.000000000002001701 0.107930869730711809 0.000000000000000000
-9.124388686254574665 -11.385830644952006807 0.000000000682478728 0.430341098138723843 0.000000000000000000
4.581356393175036068 -13.408970117701079161 0.000000000000000000 0.401147710774974131 0.000000000000000000
1.554998827311858678 -12.257402231238749835 0.000000000000000000 0.228600477671153712 0.000000000000000000
2.643057565381321083 -15.113514812007998955 0.000000000000000000 0.331642828296935865 826945.135527818230912089
1.259622657861756201 -13.444032978237785869 0.000000000000000000 0.193850373960357841 1643836.000000000000000000
1.594192152854417399 -15.564442948262518840 0.000000000000000000 0.428281920694698393 1662631.000000000000000000
3.866730304430149534 -13.855112851074638414 0.000000000000000000 0.291860199515580343 0.000000000000000000
1.130596236053581061 -10.901915067263020731 0.000000000000000000 0.474299049414914076 1015280.310421892558224499
1.107271824588230036 -12.922628663443893160 0.000000000000000000 0.227611790824891747 0.000000000000000000
-0.165847002071021682 -12.402082211513238974 0.000000000000000000 0.472024765054236517 159959.988633073080563918
4.613073813075724949 -12.909749901733277966 0.000000000000000000 0.411320863698061867 0.000000000000000000
4.313363666192110202 -13.035418608653808192 0.000000000000000000 0.355304965225437974 1691149.000000000000000000
4.791122601788528890 -12.731421450750300295 0.000000000000000000 0.448445850038628913 0.000000000000000000
2.387822668329033782 -13.115533504169697210 0.000000000000000000 0.030244434561450817 1621200.000000000000000000
2.175000979345397045 -11.740807283405432671 0.000000000000000000 0.274994479726957008 362448.417595741804689169
3.138923690992430071 -15.653988079629561625 0.000000000000000000 0.446807256234601435 1686828.000000000000000000
11.307027313513435374 -7.268558414161918613 0.000000000000000000 0.311054284548683002 1811241.000000000000000000
10.295303136806149169 -7.335294582423774301 0.000000000000000000 0.247862483678344597 1852252.000000000000000000
10.530987690724584738 -9.128374450481818059 0.000000000000000000 0.074821212627319320 1832897.000000000000000000
9.302383471284876748 -10.313735500176530735 0.000000000000000000 0.331447970829030381 0.000000000000000000
9.752532025930717552 -7.706435877192298278 0.000000000000000000 0.210722378298171864 1846036.000000000000000000
9.311750991518135123 -6.755588954050516293 0.000000000000000000 0.395036847335361152 1805699.000000000000000000
8.982816763953065831 -9.648663868134759625 0.000000000000000000 0.289160562089069761 1790418.000000000000000000
12.354519811601230472 -9.975007460392397718 0.000000000000000000 0.418118476973122544 1813355.000000000000000000
11.079616428623500823 -7.812889659556322641 0.000000000000000000 0.210175244603831052 1824263.000000000000000000
11.283288415918427461 -9.658940735617109752 0.000000000000000000 0.231670810240539454 1769640.000000000000000000
10.105718066882731776 -7.855055717148693439 0.000000000000000000 0.162133299825123811 0.000000000000000000
11.703760311173276421 -8.509723790384413178 0.000000000000000000 0.246528373833049042 41214.871787634692736901
11.341260232911860584 -6.547022658734891642 0.000000000000000000 0.424560156671975331 0.000000000000000000
11.780377340414256437 -10.521458156845147514 0.000000000000000000 0.402604738819119512 0.000000000000000000
12.041169086666323906 -8.399952122874758231 0.000000000000000000 0.309164540636901630 1853107.000000000000000000
13.086164898323890071 2.599754631413364159 0.000000000000000000 0.458162752855347355 598622.000000000000000000
13.597247419172161287 -1.830459441845292190 0.000000000000000000 0.317336080873473536 252293.661390879598911852
11.731223303275283953 0.932885531255609357 0.000000000000000000 0.361105255575184469 598001.000000000000000000
11.602381807448782780 0.802993657746193024 0.000000000000000000 0.372732508485703828 55660.953320768210687675
15.633656748089487465 -0.909456685002285714 0.000000000000000000 0.404655357783179681 604251.000000000000000000
11.687939894513039718 0.042420052632817319 0.000000000000000000 0.330403368834055522 570555.307051909971050918
14.453446239900932468 -2.340263191778923613 0.000000000000000000 0.436203370399301849 601559.000000000000000000
13.616367028822841334 -0.406395347275475383 0.000000000000000000 0.071687342390461109 600505.000000000000000000
15.056911565648785967 -2.233389528396241275 0.000000000000000000 0.470960331419243150 601846.000000000000000000
15.776004126060495736 -0.004522162665219222 0.000000000000000000 0.398385270067708130 597637.000000000000000000
11.135701701785039930 0.018807303762996799 0.000000000000000000 0.428750627249070759 598909.000000000000000000
12.627238612873830093 1.855029724924398993 0.000000000000000000 0.360917777572700604 597525.000000000000000000
12.267187198938771076 0.872549368016071303 0.000000000000000000 0.273033130264336565 599859.000000000000000000
14.275221123840946547 1.610197271480233061 0.000000000000000000 0.307812915464179992 606262.000000000000000000
15.214058760325796626 -1.195124688815057956 0.000000000000000000 0.362651296441842075 605798.000000000000000000
