-2.646551865488086630 3.423271585422039465 0.000000000000000000 0.108180202280571486 321179.403592868184205145
-2.490087181549282658 3.871787213871136668 0.000000000000000000 0.041456084322568726 0.000000000000000000
0.311063663268080770 4.254933906186683323 0.000000000000000000 0.462463892687266787 379006.773810679675079882
-3.460631062124108315 4.728173241140736671 0.000000000000000000 0.261101662625914444 0.000000000000000000
-2.706354870193513396 5.170331179318100823 0.000000000000000000 0.241528410076524092 0.000000000000000000
-0.134455261148210214 3.987586188496775375 0.000000000000000000 0.378889374332972151 0.000000000000000000
0.053332122641004398 4.132046120264328160 0.000000000000000000 0.414200634742758422 503396.409920533944386989
-1.567072548660694009 4.135630246220453721 0.000000000000000000 0.130710913208518659 0.000000000000000000
-3.200651759629059789 4.225726898371114260 0.000000000000000000 0.178274244978440688 0.000000000000000000
-4.676430480517173471 3.809815694476691217 0.000000000000000000 0.431200823835731717 637164.364517110749147832
-0.643124053230947235 3.244623244459628797 0.000000000000000000 0.309971900399509614 0.000000000000000000
-0.467786914971762002 5.856435305255880408 0.000000000000000000 0.473827689604296443 837894.000000000000000000
-3.524626908648814450 3.303478953026956155 0.000000000000000000 0.248695734861658774 453310.910129902476910502
-0.091259158840526045 5.325444878943881299 0.000000000000000000 0.463162939335478085 0.000000000000000000
-2.785133902090477065 5.574945417970266881 0.000000000000000000 0.314325764598019641 662530.119705774472095072
-2.762305346923579652 -2.207068989870203168 0.000000000000000000 0.312856799742734115 352938.151556807337328792
-1.808114146398102973 -6.149806868162729145 0.000000000000000000 0.410361786467315748 683313.000000000000000000
-1.501737838986685336 -2.438900997806496385 0.000000000000000000 0.291556231905998942 0.000000000000000000
-0.497265705212671494 -4.931393457899561739 0.000000000000000000 0.364558336149839735 0.000000000000000000
-4.548051120110912393 -4.883461922334061178 0.000000000000000000 0.444692037605579571 681070.000000000000000000
-2.263531724707151138 -1.987960115632011027 0.000000000000000000 0.338753271591430039 681938.000000000000000000
-1.997712245274231524 -6.307039652603100066 0.000000000000000000 0.432916396405079562 95648.736379707494052127
-1.468824204949309431 -4.569180705237323004 0.000000000000000000 0.185534854412204575 685399.000000000000000000
-1.466964499560745594 -6.006865158874795441 0.000000000000000000 0.402532124953690895 0.000000000000000000
-2.411372960841813295 -4.924684902055275870 0.000000000000000000 0.186234745011803038 681713.000000000000000000
-3.198489874655888521 -3.819296393572497283 0.000000000000000000 0.168058226239944375 680469.000000000000000000
-0.170387455849369401 -3.743748798183542892 0.000000000000000000 0.373002390921709337 0.000000000000000000
-3.142020708937746765 -1.545859197757405656 0.000000000000000000 0.446056287937207863 685386.000000000000000000
-1.046965950682550384 -2.963613156879461030 0.000000000000000000 0.271750261216194444 681493.000000000000000000
-3.862341743848599851 -3.638421642444319204 0.000000000000000000 0.289383609839695355 40665.971823462175962050
5.180450140062375475 -2.297331861979814427 0.000000000000000000 0.424888047750438091 764769.000000000000000000
3.050982757629496334 -1.195953109471217468 0.000000000000000000 0.336504343944940276 0.000000000000000000
3.978074706820544648 0.655626080718493598 0.000000000000000000 0.150698109473055314 0.000000000000000000
4.657935779094295015 2.219263784370486992 0.000000000000000000 0.395081682531697287 765932.000000000000000000
5.108235236080851394 -1.704151381635060858 0.000000000000000000 0.320634951836582083 762791.000000000000000000
4.632833828451512481 0.379326039124230852 0.000000000000000000 0.070633055469332406 758627.000000000000000000
4.082768996511188853 -1.420731971136315996 0.000000000000000000 0.263947752928400503 0.000000000000000000
3.440987778639581052 1.338330777821674866 0.000000000000000000 0.305290779427724368 0.000000000000000000
2.158523059194789706 -0.776129528370494204 0.000000000000000000 0.441937113305707230 455033.893956558255013078
3.884243752085188017 -0.554679365516443479 0.000000000000000000 0.149421862424765461 760140.000000000000000000
4.093265964219554576 -1.413773483845955026 0.000000000000000000 0.262222099657232255 766405.000000000000000000
2.913429667605907269 1.542789213404436310 0.000000000000000000 0.395809146160088110 762074.000000000000000000
3.607214515019818712 2.048096530079722477 0.000000000000000000 0.398356933500713772 766594.000000000000000000
3.946960909398806727 2.301125349602777703 0.000000000000000000 0.421289376284860795 765103.000000000000000000
4.546590162258501877 -0.915457066178648970 0.000000000000000000 0.162755746268064660 759579.000000000000000000
10.445838906318567041 8.968784833817943891 0.000000000189710870 0.043017171092011280 734382.736468778341077268
9.961956069853702189 9.541908974943178023 0.000000000647363952 0.154787630384645908 0.000000000000000000
10.055764202367159399 9.949179609563213234 0.000000000581220417 0.216753085446745042 0.000000000000000000
9.125682093894054603 8.177309746535991408 0.000000000734844976 0.238629754944918226 0.000000000000000000
11.908102503247322446 9.302431426901454969 0.000000000892801216 0.295746955540526713 845115.000000000000000000
10.599390044768810526 6.950477439241657507 0.000000000580878368 0.318412562589543036 0.000000000000000000
8.330071044472891373 9.664136176983838311 0.000000000138676518 0.392894929038121787 0.000000000000000000
10.974617457425363654 10.009361313992805265 0.000000000664722236 0.248177442405103588 0.000000000000000000
9.829233875890951211 11.349529669019853273 0.000000000506139625 0.465512559204456500 210612.395119478111155331
9.055333019862288779 9.773580176341058134 0.000000000253650045 0.291456089976161570 688820.964203529059886932
9.186858479518242859 9.444420761569425338 0.000000000573916555 0.239281288697299449 841740.000000000000000000
12.728602041994202310 9.618969021911096817 0.000000000486808941 0.451985967910004061 0.000000000000000000
9.735806229520102661 11.381251631185186568 0.000000000478542179 0.474538191430704193 0.000000000000000000
7.996424522532664447 8.284093406274442017 0.000000000894739829 0.425697827333786361 846501.000000000000000000
10.259531201966129998 7.231214590831548605 0.000000000184246337 0.266388472053146363 838780.000000000000000000
0.481277283665134059 13.861218050353167897 0.000000000000000000 0.346282262574405975 918306.000000000000000000
2.798239899534889830 11.294538206072006759 0.000000000000000000 0.362462120678236910 416084.314446051197592169
0.933260016432030381 12.167473321326498947 0.000000000000000000 0.318433776026443849 922298.000000000000000000
2.023457472335593366 11.841502519824205208 0.000000000000000000 0.261542053158006105 921312.000000000000000000
-0.015664552810367410 12.787245388213118957 0.000000000000000000 0.427788415059889238 925901.000000000000000000
1.729016463857778740 14.292296097763117046 0.000000000000000000 0.210618561092963036 0.000000000000000000
-0.057890895521767606 14.111600574388992513 0.000000000000000000 0.451530233186546559 923463.000000000000000000
4.492619794109272924 12.363911899577779252 0.000000000000000000 0.417510341732398094 0.000000000000000000
3.566397275765452068 12.124696450123167324 0.000000000000000000 0.300428507403612821 917435.000000000000000000
2.582622439509443257 14.786831677849660238 0.000000000000000000 0.272507744059061141 923331.000000000000000000
3.211416941962668137 14.190970987621694732 0.000000000000000000 0.225662096593963718 926590.000000000000000000
4.331865134099595949 13.040942829061807018 0.000000000000000000 0.358461551407206591 0.000000000000000000
4.582091001404293706 13.338833607734681408 0.000000000000000000 0.400740618243535185 0.000000000000000000
1.613806184175852421 11.815890088092718457 0.000000000000000000 0.290161015294559621 919104.000000000000000000
3.350355337746089734 12.358262178131703024 0.000000000000000000 0.243963830972224099 923223.000000000000000000
-7.358306508918214917 12.917036597582455926 0.000000000669929903 0.239544092227465588 1726571.000000000000000000
-8.207564532967518645 10.155491053617426545 0.000000000548539818 0.381343853994834225 0.000000000000000000
-4.925490147585984246 12.618544670686510756 0.000000000280841276 0.359392460562833638 1755763.000000000000000000
-8.116847112008995779 11.164086029545604362 0.000000000032338050 0.265507224885094151 0.000000000000000000
-8.793813887610047786 10.314012524349024602 0.000000000402113050 0.443278387988755407 0.000000000000000000
-8.111784753545551396 11.107049211887192186 0.000000000917378944 0.268564965383094600 1706489.000000000000000000
-8.098717488112704643 12.137387585059286721 0.000000000349453212 0.254522943506833133 0.000000000000000000
-4.847365158377834327 10.911118762542248106 0.000000000731965218 0.365195991027624178 0.000000000000000000
-8.394308863810081789 12.617951777872084662 0.000000000925471726 0.336126143314167236 1705060.000000000000000000
-5.699928179385415739 13.321295324712330910 0.000000000658139863 0.338364250263433031 1686790.000000000000000000
-5.620698660843360450 12.179087315652699530 0.000000000574341601 0.214282023321936022 1580704.836826981278136373
-7.326114565330739126 11.299570370150041398 0.000000000142212647 0.129205021932420006 0.000000000000000000
-5.278385399755899599 13.683522492551018601 0.000000000643427418 0.434083093676502940 1742850.000000000000000000
-5.381587315872244481 10.255519762756559743 0.000000000487040586 0.353833041094770206 1738743.000000000000000000
-9.002148347383402083 11.741424263535748196 0.000000000332237371 0.404550536621498202 0.000000000000000000
-12.329238023797612911 5.369827021351487595 0.000000000000000000 0.138381199587928827 544148.128018346265889704
-12.300967756908526951 2.658526734952092241 0.000000000000000000 0.359122090328822086 710131.969002816360443830
-13.040923504031777469 6.480972824261393761 0.000000000000000000 0.318593866357266386 1068221.000000000000000000
-14.173499667948624037 6.408977824357156905 0.000000000000000000 0.397173700632299842 0.000000000000000000
-10.367109641900713157 5.308040199944937143 0.000000000000000000 0.432345797473952409 0.000000000000000000
-11.672891642754240848 3.623650176907556641 0.000000000000000000 0.261081206021021583 0.000000000000000000
-11.471226393960190393 5.936225044876620061 0.000000000000000000 0.311516420234228653 1102240.000000000000000000
-12.574404153522358740 5.527292024314879093 0.000000000000000000 0.149667997228411592 197583.753223479841835797
-13.078545562146119963 6.748754701289040980 0.000000000000000000 0.365538706119711898 0.000000000000000000
-12.701634515612022724 6.594956823898476372 0.000000000000000000 0.333223223374657318 1043039.000000000000000000
-11.814518181637643224 5.018966876420270395 0.000000000000000000 0.170793590721556116 0.000000000000000000
-13.884919272554565595 4.941417511460685752 0.000000000000000000 0.213803773377293921 1099859.000000000000000000
-14.598474104065138235 3.091922680070559704 0.000000000000000000 0.434121001995868283 1081673.000000000000000000
-12.382095674467340274 2.523022244181080787 0.000000000000000000 0.379659358802866498 1050174.000000000000000000
-10.756167915809621505 4.411750236692972393 0.000000000000000000 0.351905211366096315 1089517.000000000000000000
-12.283065559797533339 -7.064704541883408240 0.000000000000000000 0.422234448243646532 192341.934072400035802275
-13.943088535513419757 -4.465093547807254204 0.000000000000000000 0.222362184814194480 0.000000000000000000
-10.674559969685830652 -5.284335174199430440 0.000000000000000000 0.378418627115717443 326634.418894949194509536
-14.042503827089078072 -6.485576474398291325 0.000000000000000000 0.392852466716268334 765096.000000000000000000
-13.214441333206712770 -7.016102787501124816 0.000000000000000000 0.415738543150192541 762169.000000000000000000
-14.861539743091618959 -3.144171829855325395 0.000000000000000000 0.466045253768214540 765875.000000000000000000
-11.793027231061826043 -2.283938631244352813 0.000000000000000000 0.448177023534840069 0.000000000000000000
-12.941343695855158202 -6.029363909732252225 0.000000000000000000 0.238265619307724635 765201.000000000000000000
-14.059311334863997089 -2.473677379864836379 0.000000000000000000 0.451391076416025161 761486.000000000000000000
-10.362166804123852160 -4.056205063944582356 0.000000000000000000 0.432889588362805999 0.000000000000000000
-14.674957576817837079 -4.694469821470870663 0.000000000000000000 0.349718702138350324 761494.000000000000000000
-10.321799505768190386 -3.642693254205663589 0.000000000000000000 0.463015940775911627 757790.000000000000000000
-13.814588813842963333 -4.043280581549359987 0.000000000000000000 0.225175445155572557 760246.000000000000000000
-14.710346372886824895 -5.246967305536721859 0.000000000000000000 0.369366112683503445 760377.000000000000000000
-14.629725619518293200 -3.266065078934102583 0.000000000000000000 0.420193508326789977 10968.098162201304148766
-4.649379533612348681 -11.592107482291620357 0.000000000031515123 0.371920526725914469 0.000000000000000000
-9.235403582427291980 -11.789108827518502309 0.000000000093074461 0.446269312420828956 0.000000000000000000
-7.083004237614204612 -11.898241373215093120 0.000000000886911254 0.070108311731585243 0.000000000000000000
-4.386365224770958804 -12.782535899686585878 0.000000000743933783 0.458712808913356418 0.000000000000000000
-6.331941998524777127 -12.232943070374510341 0.000000000514232687 0.115709844586534702 0.000000000000000000
-5.571946509420313554 -11.954906052552281892 0.000000000324347846 0.211025456285549612 0.000000000000000000
-8.669339029490995330 -13.544386026130219136 0.000000000458728725 0.472366793916351335 0.000000000000000000
-5.980656461749269681 -13.901553797175793648 0.000000000047192347 0.409203839963354299 0.000000000000000000
-7.170381148123489368 -10.921716852630408923 0.000000000317317671 0.161164174495167789 0.000000000000000000
-8.583975427368514488 -10.297791936418841274 0.000000000598590555 0.414584144216597728 0.000000000000000000
-7.467846015612465749 -14.110255498341709668 0.000000000347263289 0.442809688494536002 0.000000000000000000
-6.384944176711035091 -10.822519530566014012 0.000000000763863998 0.170330668230736643 0.000000000000000000
-7.545128827364139035 -11.763303518230035394 0.000000000323843881 0.145074499126946893 0.000000000000000000
-7.508710965654779024 -9.536215616071515910 0.000000000108680543 0.410006780210732891 0.000000000000000000
-7.788431458490435055 -13.120333291438750933 0.000000000815654401 0.311191534694847949 0.000000000000000000
1.893065082013312139 -11.177844285488395926 0.000000000000000000 0.381984319249631055 0.000000000000000000
2.541030400109113518 -11.925798497778252738 0.000000000000000000 0.243354459727750300 0.000000000000000000
0.496889728788557639 -15.207938538607907120 0.000000000000000000 0.474965483421112666 0.000000000000000000
4.228984266133061887 -14.662490930671722822 0.000000000000000000 0.418089351989905156 1645105.000000000000000000
1.208706438176758491 -12.774101653162050596 0.000000000000000000 0.219691739899040395 1619357.000000000000000000
-0.131633437728614827 -12.315851334869387657 0.000000000000000000 0.471630276211385702 1577089.809734908863902092
3.183211133549100236 -13.969821773438235724 0.000000000000000000 0.195226027204810915 1679560.000000000000000000
-0.205019505568061061 -12.603491124813011481 0.000000000000000000 0.468168763246375574 1603831.000000000000000000
4.388301812624506582 -12.286834507627638402 0.000000000000000000 0.406207547039493744 0.000000000000000000
2.238246352524741578 -13.405680091281595878 0.000000000000000000 0.028650633520433531 365769.245493620226625353
-0.021509539482189151 -13.735356329147268895 0.000000000000000000 0.427724981153033756 363346.724561577080748975
4.187195348820604401 -13.431248818846638571 0.000000000000000000 0.331361259019613386 0.000000000000000000
3.240704254569870990 -13.594060574699186716 0.000000000000000000 0.171132001428079494 1639163.000000000000000000
1.174201840203568104 -11.160800530405932562 0.000000000000000000 0.429887379788166768 0.000000000000000000
0.511959575256817123 -11.712753651522600506 0.000000000000000000 0.427913052019437912 1617553.000000000000000000
8.617329420319407518 -6.918472339211911404 0.000000000000000000 0.444705592932215898 0.000000000000000000
10.318541916077695220 -8.576613608615442530 0.000000000000000000 0.030307916484370916 0.000000000000000000
11.722776013408244822 -9.407597120847892569 0.000000000000000000 0.272053164518659241 1840872.000000000000000000
9.356252341807309136 -10.042560881500993020 0.000000000000000000 0.287170815228923737 737199.717933717649430037
9.562504989386994225 -7.096671592487661329 0.000000000000000000 0.321362841705591040 1757275.000000000000000000
11.790073861824689416 -9.838314826368840471 0.000000000000000000 0.321130834494608774 0.000000000000000000
11.166322693525314591 -9.339490841190462689 0.000000000000000000 0.179978388604275646 1801386.000000000000000000
8.880762674569524506 -10.858136152818108400 0.000000000000000000 0.452976434373680958 1778874.000000000000000000
11.542600726946979250 -7.399944174414422093 0.000000000000000000 0.318674319939127981 1781927.000000000000000000
10.729470874513209466 -7.570636096017875794 0.000000000000000000 0.217651585574076739 0.000000000000000000
9.250057677604031525 -6.729583293797572807 0.000000000000000000 0.404284700716105727 1773177.000000000000000000
11.202152655269792092 -9.339780242723039194 0.000000000000000000 0.185262501542065028 0.000000000000000000
8.704728724965757891 -7.027193224098127189 0.000000000000000000 0.420108188427339213 1763147.000000000000000000
11.035934515047635784 -6.460103698333972133 0.000000000000000000 0.419429748002271452 1778868.000000000000000000
8.788197066596390883 -7.448796744131708891 0.000000000000000000 0.358741454105935831 102845.688736273892573081
11.747109166527826218 -0.365993305760600240 0.000000000000000000 0.326048525533838118 598396.000000000000000000
14.946172298871516659 2.279415519224563536 0.000000000000000000 0.466691287706188285 397091.939401427109260112
11.916627820781460656 -1.511298940915533295 0.000000000000000000 0.390996850117876882 599321.000000000000000000
10.897042737697914205 -0.322929104719080318 0.000000000000000000 0.474610840245224985 600276.000000000000000000
12.070305343754403893 -1.902858819190153206 0.000000000000000000 0.422025039530620205 0.000000000000000000
11.481828259374022849 0.650063736671677495 0.000000000000000000 0.384085533908666843 0.000000000000000000
11.954779651727836409 1.575738038046482048 0.000000000000000000 0.393685470090143819 0.000000000000000000
13.453125500350509469 -1.345326166567699877 0.000000000000000000 0.233717559316146878 603953.000000000000000000
13.447780417896879612 0.499493221179404867 0.000000000000000000 0.088165395024578153 597334.000000000000000000
15.085651421800658767 1.227267667959832664 0.000000000000000000 0.347471462363022621 0.000000000000000000
15.138011681808038134 2.024986086911591432 0.000000000000000000 0.450898427402403212 0.000000000000000000
11.766188070352466610 -0.046835974691410591 0.000000000000000000 0.316479864796143762 0.000000000000000000
12.814861096821982045 1.619936977311719595 0.000000000000000000 0.309521417370219099 600118.000000000000000000
15.594960608925369172 -1.574932937996927240 0.000000000000000000 0.455900260042907401 600904.000000000000000000
11.238904623672770100 1.080945980329041989 0.000000000000000000 0.451425142179513073 0.000000000000000000
