-0.607117745772228767 5.719313022220590348 0.000000000000000000 0.439052923833589459 846548.000000000000000000
-2.049339629230733539 5.713827170307165915 0.000000000000000000 0.326908314138965983 843564.000000000000000000
-1.265599918224177944 1.830157053583386206 0.000000000000000000 0.407365801479693201 0.000000000000000000
-3.437627642707125286 2.612260503791707045 0.000000000000000000 0.309719002054295423 840167.000000000000000000
-3.692910009771800617 5.709525956819649473 0.000000000000000000 0.412571986413216463 0.000000000000000000
-2.950001654729652589 5.661059409638508733 0.000000000000000000 0.338528292163768174 839215.450905052595771849
-4.667725456457444189 4.266112795805470093 0.000000000000000000 0.434587022766202480 842907.000000000000000000
-0.668934518233421094 5.856607563795605209 0.000000000000000000 0.450488372498544731 192742.759646366903325543
-1.877752096332916176 1.412057204122084242 0.000000000000000000 0.446523985424066794 842249.000000000000000000
-4.665010959587019279 3.557847901899182208 0.000000000000000000 0.432982845052747756 840243.000000000000000000
-1.981191868409924117 5.480505668478113712 0.000000000000000000 0.287508896903056754 0.000000000000000000
-3.161132823569154926 3.802586997916082900 0.000000000000000000 0.161679562374019092 0.000000000000000000
-2.125127458801652214 4.371314199010309487 0.000000000000000000 0.088911412970895665 299289.865550833463203162
-3.803515579187171980 1.867209866654263362 0.000000000000000000 0.453261007590099296 0.000000000000000000
-0.444099081517932870 2.521302856641217449 0.000000000000000000 0.404972209838685593 729297.953880788758397102
-0.532329063579038420 -5.483924080392906575 0.000000000000000000 0.418595897297591613 0.000000000000000000
-0.847846892838084898 -2.895370054125027348 0.000000000000000000 0.307557004698556735 0.000000000000000000
-3.905254001948025966 -4.215528853228500239 0.000000000000000000 0.299196546158561727 684995.000000000000000000
-1.344265623699737233 -5.636571596169672738 0.000000000000000000 0.351146479830762637 678290.000000000000000000
-4.798476033115997019 -4.006887373378522632 0.000000000000000000 0.453185726168309433 679893.000000000000000000
0.225982605969594103 -3.096861608254597886 0.000000000000000000 0.464728539124474704 681906.000000000000000000
-3.399843232282562244 -6.221804921796507237 0.000000000000000000 0.462196883049779794 0.000000000000000000
-2.232697310344382124 -3.121453335375369953 0.000000000000000000 0.136980910115896415 683984.000000000000000000
0.021226602684311563 -2.865814616153051553 0.000000000000000000 0.445341447194494644 686143.000000000000000000
-1.971221766341101578 -3.584803643046714949 0.000000000000000000 0.074665006909957282 677586.000000000000000000
-3.165764832283063157 -2.009308905225586805 0.000000000000000000 0.371848048844864221 0.000000000000000000
-1.476725494165961550 -3.691870749499682081 0.000000000000000000 0.143694395795736923 679394.000000000000000000
-3.523842794116271548 -4.590961122427799523 0.000000000000000000 0.257757882331946964 0.000000000000000000
-2.305906372723034892 -3.261089670054039491 0.000000000000000000 0.112356700067621343 682360.000000000000000000
-0.368155278701683797 -4.823304828299386671 0.000000000000000000 0.375634384947580335 228030.786565293819876388
3.260220323141148402 0.261461238980852106 0.000000000000000000 0.228276835468299272 764838.000000000000000000
4.680272875925767018 1.556710682212362640 0.000000000000000000 0.278134558467122872 0.000000000000000000
4.701426741364701734 0.307303769056528231 0.000000000000000000 0.063986595332228405 761079.000000000000000000
3.153517319047149492 -0.935595831829088787 0.000000000000000000 0.294087977101485154 763898.000000000000000000
6.213076753980615763 -0.221441882611596752 0.000000000000000000 0.305326619567686586 758870.000000000000000000
2.141781855321990946 -0.629542320179399262 0.000000000000000000 0.437380895651929835 758308.000000000000000000
4.615540908136591902 1.615530006254988216 0.000000000000000000 0.287584450114948487 0.000000000000000000
4.258688719960076696 -1.317611268007584213 0.000000000000000000 0.238534549828529674 757199.000000000000000000
6.199536080557560780 -0.927303969307395448 0.000000000000000000 0.342485397091300325 764931.000000000000000000
4.523474488428165685 1.896539990089688432 0.000000000000000000 0.336961315413543072 759922.000000000000000000
4.389684840495648110 1.033177632339317586 0.000000000000000000 0.184924283830660979 564121.292913713958114386
2.327398372112538194 0.765538679591319382 0.000000000000000000 0.412831058436341214 0.000000000000000000
3.754653355944666426 1.500472186126662111 0.000000000000000000 0.299108943253569126 0.000000000000000000
3.780451019697253390 -0.982363816768072939 0.000000000000000000 0.218164708874864249 764360.000000000000000000
6.446645501863424776 -0.648725947871275355 0.000000000000000000 0.363128873209934533 766244.000000000000000000
9.827488580940132223 9.182071364665825186 0.000000000844988796 0.119030548841494943 846028.000000000000000000
11.067501632931893596 11.193333890149068210 0.000000000912630664 0.447421263865735441 839241.000000000000000000
9.861515032003318026 10.921495420738304816 0.000000000217345226 0.390830346065754286 846125.000000000000000000
10.831879756861489739 9.162726250437088993 0.000000000124346967 0.113794856175245096 377620.261029850749764591
12.375562187777235934 9.841457519147709831 0.000000000205624702 0.409957588815615004 839267.000000000000000000
11.813221485558944579 10.327027040409857861 0.000000000115461468 0.381023313611385417 0.000000000000000000
11.178423067205089936 10.872614097390599142 0.000000000908677623 0.400876150929903752 0.000000000000000000
8.797744197130397126 10.251051033998157536 0.000000000469795974 0.381312891698434242 0.000000000000000000
8.576207125662378417 10.386346367826597259 0.000000000732387074 0.426435327673171050 837975.000000000000000000
8.276653441673843759 10.183743587722679180 0.000000000870750559 0.446179336931671111 845952.000000000000000000
7.921220520378993157 8.589315453575792958 0.000000000575196556 0.432105615585554659 843241.000000000000000000
9.457186761348918225 11.172916189867379444 0.000000000280676356 0.453934765577973465 0.000000000000000000
10.818454825349830273 7.233029494555069050 0.000000000482896637 0.278769878015279804 0.000000000000000000
11.594233504067888774 7.304201251383949156 0.000000000899366871 0.337275488176423666 847092.000000000000000000
10.994712851925232400 9.618193321830464271 0.000000000173073740 0.191909138689214914 789172.276076323818415403
2.018727320750774101 11.902176754537853398 0.000000000000000000 0.251180374533760853 919025.000000000000000000
3.344052475390690393 12.377466795470990490 0.000000000000000000 0.240846249532314510 921908.000000000000000000
4.280866459634014909 12.095020891391198958 0.000000000000000000 0.405637680891194119 925425.000000000000000000
3.576180752885429914 14.166354485301313915 0.000000000000000000 0.272134394791275380 0.000000000000000000
4.793237832176763469 13.729840260549062592 0.000000000000000000 0.445559606624879478 0.000000000000000000
1.053524175845997890 11.309345352892849590 0.000000000000000000 0.418236506847784573 0.000000000000000000
1.772118361425914834 15.344863213888844555 0.000000000000000000 0.381727374876960401 922256.000000000000000000
1.230704334456814930 15.374547743645608833 0.000000000000000000 0.422279596232345678 918013.000000000000000000
3.107981976676286173 15.716337432616832359 0.000000000000000000 0.455637884894792067 0.000000000000000000
3.857402854044919671 13.500719191271670638 0.000000000000000000 0.274358082115715218 0.000000000000000000
1.246333205672166544 11.613441784850659033 0.000000000000000000 0.354090844386166059 0.000000000000000000
3.992860311239437188 13.926355045239516173 0.000000000000000000 0.317385812622459851 397421.102791592362336814
0.542279741254990122 13.033588300920422753 0.000000000000000000 0.322308351723378350 0.000000000000000000
2.295352044585167839 13.947732923218564949 0.000000000000000000 0.119699280828467675 0.000000000000000000
2.266398929747474256 15.599466475899989248 0.000000000000000000 0.413793759272978345 926564.000000000000000000
-7.494371817985671314 12.334268799315914578 0.000000000149033209 0.174069693027473577 1758638.000000000000000000
-6.617694647256672447 11.930284627183725732 0.000000000283401355 0.042682677096666462 0.000000000000000000
-8.462019252770613065 13.710143971242860772 0.000000000083925574 0.467742827164085606 1589928.478223240934312344
-7.555617852238362353 12.799106853296949637 0.000000000540589389 0.240914878603257526 1747748.000000000000000000
-4.335357287022310047 12.463448179887299361 0.000000000154169223 0.447156569386608582 0.000000000000000000
-6.784196365330582346 11.195798865622833773 0.000000000559596457 0.093001148110953585 1749751.000000000000000000
-4.911135436398006426 13.677982043305926041 0.000000000111725007 0.475412641671963510 0.000000000000000000
-8.801004122260193796 12.778637850657592168 0.000000000244452021 0.413472073911734350 1706566.000000000000000000
-6.721823869962764597 10.172035224907322259 0.000000000726872649 0.273761597192919648 0.000000000000000000
-9.249168687385838084 11.679331589078962850 0.000000000225530844 0.448602395894651618 1686548.000000000000000000
-6.407440591749639758 12.786687655152384480 0.000000000738912167 0.197783223919835854 1676425.000000000000000000
-8.235498752980639381 11.624361839384485862 0.000000000388303800 0.268421012975199880 0.000000000000000000
-7.735730909060086091 10.663964022542476329 0.000000000721558698 0.258367701426999274 759788.375947043998166919
-4.518065375816427753 10.904589176682415896 0.000000000733239379 0.420217516321525097 0.000000000000000000
-7.811291464880889990 13.649617436087600808 0.000000000262186323 0.391806793808889442 1759782.000000000000000000
-12.783351802826569354 2.358194104482873144 0.000000000000000000 0.403600902954650509 0.000000000000000000
-12.021507029691992585 6.009050205439502079 0.000000000000000000 0.262405187711419685 0.000000000000000000
-13.235593021055528595 4.859096724154571056 0.000000000000000000 0.098274892153134452 1102440.000000000000000000
-11.481258329991355538 4.681364685104425050 0.000000000000000000 0.219577533826412791 1086853.000000000000000000
-13.960287529041016441 6.444607353694316032 0.000000000000000000 0.378463493521325967 0.000000000000000000
-10.574340262951585245 4.590584704502697733 0.000000000000000000 0.381524367422459543 1111609.000000000000000000
-11.397789434669515884 6.263867991011234260 0.000000000000000000 0.362378983729604365 1123421.000000000000000000
-13.489519220427288460 5.270477460885314436 0.000000000000000000 0.172378879321567646 0.000000000000000000
-13.348168741461387654 5.321067159597829388 0.000000000000000000 0.158946722407838636 0.000000000000000000
-13.334339312229118946 6.951257993073573616 0.000000000000000000 0.409903345894536253 1051601.000000000000000000
-11.505894953507453948 5.566652581658938281 0.000000000000000000 0.265058877988377739 0.000000000000000000
-11.955753935542604793 5.861400300993052426 0.000000000000000000 0.246262621889161204 1047337.000000000000000000
-12.152535527755858880 4.514385248208772516 0.000000000000000000 0.103932761066826196 1110189.000000000000000000
-13.616415906109171630 3.529843357138966020 0.000000000000000000 0.256291157742701614 70497.141841253149323165
-11.348701908834854635 3.850838675183648974 0.000000000000000000 0.282792010812218386 1053471.000000000000000000
-14.315695504349704947 -5.644152308211014990 0.000000000000000000 0.331071172960232474 761666.000000000000000000
-12.052450645042977584 -4.833005268884531525 0.000000000000000000 0.120792248521243539 763213.000000000000000000
-11.886824365457261621 -5.812254943080090719 0.000000000000000000 0.246316054520393873 763368.000000000000000000
-12.576882103353609565 -5.772606758588291420 0.000000000000000000 0.191821131078550700 761599.000000000000000000
-13.991109573315650749 -3.192486814313794774 0.000000000000000000 0.343985148069422264 0.000000000000000000
-11.737148828497382169 -2.369932305715414689 0.000000000000000000 0.438170631484644468 0.000000000000000000
-10.825035006013903782 -3.219772769395247369 0.000000000000000000 0.421950929104304040 760907.000000000000000000
-12.018835844482142150 -7.020574835743596864 0.000000000000000000 0.426107353272607570 0.000000000000000000
-12.407902132734308864 -6.507615123701100401 0.000000000000000000 0.322828516344948080 0.000000000000000000
-14.033882563979595659 -5.505562596209021109 0.000000000000000000 0.275673799369894390 0.000000000000000000
-13.116196704234992509 -5.284916932913766630 0.000000000000000000 0.127516475012288383 762670.000000000000000000
-12.419542065956118648 -2.375484855782363347 0.000000000000000000 0.404085825836683732 426508.934057553182356060
-10.262247904527345810 -3.633125887239366136 0.000000000000000000 0.473450970040140084 0.000000000000000000
-12.361049654780099871 -2.061346558613119218 0.000000000000000000 0.459678086218739013 0.000000000000000000
-11.318183768214137075 -4.671771047823636280 0.000000000000000000 0.248646144126679403 762247.000000000000000000
-8.734600275720795892 -10.957316503185001721 0.000000000559410286 0.381335914078951566 0.000000000000000000
-7.363825287594390367 -10.459690940136072257 0.000000000143110436 0.249511816911782980 0.000000000000000000
-7.734518371867411979 -13.581585374054869320 0.000000000706044500 0.374688254169423252 0.000000000000000000
-4.233862652163120188 -11.567153555412788890 0.000000000454933959 0.446093670690955901 0.000000000000000000
-6.816904379212401111 -10.047588795197029299 0.000000000265714538 0.296135122927242034 0.000000000000000000
-7.744808976765342301 -11.326847055803497710 0.000000000919264506 0.193288643765041873 0.000000000000000000
-5.819708622692528976 -9.344371556260794520 0.000000000100004812 0.450955091178053491 0.000000000000000000
-7.433333615187519783 -9.505437395801045852 0.000000000765475684 0.410883252192839166 0.000000000000000000
-6.303905782839128946 -12.395711460735855169 0.000000000454210399 0.142156307831152517 0.000000000000000000
-5.080843291053881217 -10.872792632512620514 0.000000000287784277 0.330342732794315141 0.000000000000000000
-5.245408804326762819 -12.151727086250025067 0.000000000383814381 0.275919545522935405 0.000000000000000000
-6.685421121634945507 -10.077284489798163492 0.000000000546979389 0.290656382622222154 0.000000000000000000
-8.588876371784774477 -10.068772394289155159 0.000000000810031229 0.440898335232757510 0.000000000000000000
-7.022368614393801778 -14.022806373431459193 0.000000000294738969 0.410963688040432928 0.000000000000000000
-6.482780363085389297 -12.632641923643589621 0.000000000115677288 0.167830188935160246 0.000000000000000000
3.221685025872130126 -15.707921042203432549 0.000000000000000000 0.460744265748440518 0.000000000000000000
2.443224502979097323 -15.842426358552122778 0.000000000000000000 0.457255383717113884 1677049.000000000000000000
3.483827098049718796 -12.834445301810200490 0.000000000000000000 0.219472626051626762 1617545.000000000000000000
0.177742425542669502 -13.642629886495649671 0.000000000000000000 0.389833272690061350 0.000000000000000000
3.526671277442587904 -13.565762639374929321 0.000000000000000000 0.218643675878739036 0.000000000000000000
2.337467683074710756 -15.187379417372966373 0.000000000000000000 0.340236858032595402 0.000000000000000000
1.729162752844541018 -14.732832102981234357 0.000000000000000000 0.280883840437092969 1676822.000000000000000000
1.878206890204870305 -15.630328975086026588 0.000000000000000000 0.426973026674836442 1596283.000000000000000000
0.952598855685906520 -15.242236599001570241 0.000000000000000000 0.428052940544491500 0.000000000000000000
-0.145255631137601898 -14.257669945052105831 0.000000000000000000 0.475197004465994610 0.000000000000000000
0.482731336489710727 -12.410310773103228499 0.000000000000000000 0.364308900386355272 747440.523588048992678523
1.742227463883096572 -14.119222961882496037 0.000000000000000000 0.183454980210445873 0.000000000000000000
2.852105152412912403 -15.131818323067601995 0.000000000000000000 0.342925658028907676 1614598.000000000000000000
3.922974051504401594 -12.167600839751139929 0.000000000000000000 0.345129778301530965 0.000000000000000000
1.797059122004601051 -15.817511703137462575 0.000000000000000000 0.462522834461307653 0.000000000000000000
10.634806911065524559 -11.145801029708580998 0.000000000000000000 0.423489380832846707 0.000000000000000000
11.943178314081739799 -6.783254344119814760 0.000000000000000000 0.446796749491018108 0.000000000000000000
12.684967071953234807 -8.234768533667013557 0.000000000000000000 0.427358930431497475 1827253.000000000000000000
12.090592650870080504 -9.804438342641422111 0.000000000000000000 0.362502512842782176 0.000000000000000000
9.187130580393445101 -11.170505665978293308 0.000000000000000000 0.472557032370929941 0.000000000000000000
9.424825947623212130 -8.079597633171111681 0.000000000000000000 0.201045875887464781 1826104.000000000000000000
12.304712864283242624 -8.436803300109401604 0.000000000000000000 0.354286355442602396 1756315.000000000000000000
12.148760916094463624 -10.033645726693267264 0.000000000000000000 0.392909749326628088 1829944.000000000000000000
9.579015410910022510 -7.121311431911438561 0.000000000000000000 0.316185913425832354 0.000000000000000000
7.953000844150534654 -9.266530935775575628 0.000000000000000000 0.435209004941383926 1783378.000000000000000000
9.420930408928793298 -7.695450166986038454 0.000000000000000000 0.247042265617701179 0.000000000000000000
10.001820013449282953 -9.573348919567187920 0.000000000000000000 0.156892320465411378 1788393.000000000000000000
11.354936382497983871 -7.049447839136874450 0.000000000000000000 0.347985866449990855 0.000000000000000000
9.058634357469271592 -7.913872803720884086 0.000000000000000000 0.271452568766511582 1844657.000000000000000000
10.523260678672540891 -10.883616978557594024 0.000000000000000000 0.375768686143014896 1588645.851137057412415743
12.997561321224711861 2.116768292690941244 0.000000000000000000 0.379799231063622955 601045.000000000000000000
14.183653271020045139 2.601957355453347276 0.000000000000000000 0.464611280064680610 604856.000000000000000000
11.955015224797103102 1.620754444021796026 0.000000000000000000 0.399139765018145520 0.000000000000000000
13.129070036577267899 -2.353849147168910250 0.000000000000000000 0.414803054735159438 601680.000000000000000000
13.239555247311241004 1.226531698833979389 0.000000000000000000 0.219380872980406677 604341.000000000000000000
14.532317464040074739 -2.543588249455853045 0.000000000000000000 0.473995875685020773 0.000000000000000000
13.383374949056047853 0.528510507650824080 0.000000000000000000 0.095840445545582562 606091.000000000000000000
13.228810609495447181 1.650013007514673280 0.000000000000000000 0.291495935869244771 391303.115579068078659475
12.085730942906254270 0.782686253167192203 0.000000000000000000 0.292923826480194160 18550.518565434726042440
13.394238973345554911 2.185670292576771256 0.000000000000000000 0.379782993227734844 597851.000000000000000000
13.172663470096454219 -2.574476914062106214 0.000000000000000000 0.451271988582801098 0.000000000000000000
14.253853164805583731 1.932176820494422520 0.000000000000000000 0.357658552261556129 434632.095276690903119743
13.226639654621436648 -0.314120024441478407 0.000000000000000000 0.078163002829983577 600009.000000000000000000
13.242524545670706360 0.686884252689629160 0.000000000000000000 0.130463844042691901 602982.000000000000000000
15.976598681632207644 0.446409526285153291 0.000000000000000000 0.440900237729622335 603378.000000000000000000
