0.028696693495454787 4.926595535637321888 0.000000000000000000 0.447436712552867044 273576.888151454739272594
-2.894002381456082240 4.536346418023534000 0.000000000000000000 0.161481547608535975 105102.437679865499376319
-0.642806604234412937 2.748868243094793939 0.000000000000000000 0.352461666841251742 846864.000000000000000000
-3.029958898746789142 5.730794899928612907 0.000000000000000000 0.355376441872269688 839397.000000000000000000
-2.286530021839004334 5.131848226636845922 0.000000000000000000 0.221180700990451340 844213.000000000000000000
-0.065549452991696622 2.978123696539692222 0.000000000000000000 0.423206007986494159 0.000000000000000000
-1.211802078075657096 3.550979942038552828 0.000000000000000000 0.196044661716210961 0.000000000000000000
-1.595862516914836160 5.895354845858187254 0.000000000000000000 0.376155050636955479 843248.000000000000000000
-0.800782128530019843 5.321615462451096512 0.000000000000000000 0.363999861853658235 844291.000000000000000000
-1.841111469191794470 4.514121463674387158 0.000000000000000000 0.133704276831227847 0.000000000000000000
-2.451627432367693871 4.900031293030756352 0.000000000000000000 0.183104618879286390 432160.420513067045249045
-2.828677749335978042 2.532383103062443297 0.000000000000000000 0.262263850844609847 844463.000000000000000000
-2.666496647635091310 3.799705370297896234 0.000000000000000000 0.074530077301675865 0.000000000000000000
-4.083448053018573276 5.702379353657802241 0.000000000000000000 0.458017796452894144 148612.978474555711727589
-0.761238033982883255 1.971240986236735493 0.000000000000000000 0.433631891954192716 0.000000000000000000
0.051256130357191808 -2.675158333020770662 0.000000000000000000 0.465032320150815970 681695.000000000000000000
-3.602763244937577269 -4.127613003921476675 0.000000000000000000 0.243331172128998713 678298.000000000000000000
-2.436266104330618631 -2.532975314569551273 0.000000000000000000 0.243760991160005297 0.000000000000000000
-3.672529915025037894 -3.853702487583027469 0.000000000000000000 0.252150899304839748 682918.000000000000000000
-3.655135654700206960 -4.994929149718862149 0.000000000000000000 0.317242890804909805 685454.000000000000000000
-2.806543432635612234 -5.319215869828686216 0.000000000000000000 0.272560352384159210 0.000000000000000000
0.355146758149072095 -4.083443833094025699 0.000000000000000000 0.467001242469810784 683497.000000000000000000
-1.240373831563382989 -4.623337932029762065 0.000000000000000000 0.223530062556571291 0.000000000000000000
-2.704850251689715268 -3.851416283996415224 0.000000000000000000 0.079902365262214628 0.000000000000000000
-0.898289960911222818 -2.932773594565763808 0.000000000000000000 0.296369941860645525 0.000000000000000000
-3.998343596042304160 -5.868370800337161519 0.000000000000000000 0.469117938949150270 679306.000000000000000000
-2.593534207507020906 -2.225437992727013814 0.000000000000000000 0.302393731054402204 678012.000000000000000000
-1.683928066232812881 -2.176140062421218602 0.000000000000000000 0.321997268934616387 0.000000000000000000
-3.756284530826379253 -2.735259201434019349 0.000000000000000000 0.336943040078003908 0.000000000000000000
-2.609006639630749191 -4.666235926258900157 0.000000000000000000 0.151674815012704439 292767.261804027133621275
3.711955267233499445 -2.144063801083047949 0.000000000000000000 0.407058462035105262 0.000000000000000000
3.845452854841088897 -2.482563787121643273 0.000000000000000000 0.457060693486738279 760558.000000000000000000
4.189436672416892549 2.191801709518599761 0.000000000000000000 0.393771652314970078 0.000000000000000000
4.079573874447395276 -1.598934286810564931 0.000000000000000000 0.294537097555168659 762449.000000000000000000
6.142648610061564263 1.457866101266619419 0.000000000000000000 0.388784099205835565 762236.000000000000000000
3.305231334471806726 0.855368799422965398 0.000000000000000000 0.263739540471031431 0.000000000000000000
4.480497674465099500 0.696262379609341453 0.000000000000000000 0.123859904293383963 756957.000000000000000000
5.175746885833897970 1.783190733546453188 0.000000000000000000 0.337907684683602438 763327.000000000000000000
5.862504739282373478 0.099854921069865460 0.000000000000000000 0.240962767767764235 766468.000000000000000000
2.213209964996861512 0.032520685208236068 0.000000000000000000 0.410114885773152416 411467.375213466875720769
4.062621536981668946 1.131559719082579241 0.000000000000000000 0.216617903640627385 763882.000000000000000000
6.233171116894195229 -0.573714967460311032 0.000000000000000000 0.322837053088274983 0.000000000000000000
3.678067064724420021 -0.779323830491349678 0.000000000000000000 0.203473235988854501 759983.000000000000000000
6.745710506343545632 -1.231318212534335155 0.000000000000000000 0.453704503333791531 763916.000000000000000000
3.601092504285000828 -1.991824539906121183 0.000000000000000000 0.389692093206331136 0.000000000000000000
10.362456143425440303 8.673170771756799624 0.000000000140338222 0.013684883310425193 0.000000000000000000
10.585839280643027038 10.785531427997154807 0.000000000687287620 0.359793535949719578 0.000000000000000000
10.092185829454974666 8.754517426206881225 0.000000000184021829 0.044294239184222969 840725.000000000000000000
11.902395159553245563 7.499576663552277367 0.000000000916336534 0.353782268628300256 0.000000000000000000
10.359731206382862823 10.640962808202845125 0.000000000016604732 0.331929912443193031 586927.603651940939016640
12.237267915322679102 10.064832670696247874 0.000000000037602355 0.408970583838379143 0.000000000000000000
11.215087784883213118 10.598483880257013823 0.000000000509703872 0.359550947038267343 846075.000000000000000000
9.639369026812776298 7.893546722439299224 0.000000000515476853 0.195241635601760777 841983.000000000000000000
12.277788947072570735 7.602171430581054601 0.000000000205463381 0.399150415067503261 839988.000000000000000000
8.245168816375141319 8.012459455939810127 0.000000000191084646 0.395243248497818001 842652.000000000000000000
8.725480173315002475 7.388488092136274332 0.000000000577213670 0.374122420144187007 478517.402339791879057884
11.789715638863063063 9.986933192710695906 0.000000000119702316 0.337169328607800523 837754.000000000000000000
10.008126861425417076 11.041568767491872549 0.000000000052190050 0.406704452579731646 0.000000000000000000
8.846528077666832246 10.556506191338584699 0.000000000282218034 0.414630189269778238 844743.000000000000000000
9.882716134164944322 9.916107667117048052 0.000000000013144197 0.220626869184039037 0.000000000000000000
3.903737235704058062 13.687267600255168531 0.000000000000000000 0.289087676107468494 919848.000000000000000000
3.370116318477588635 13.564952651266930062 0.000000000000000000 0.191600570570424206 922878.000000000000000000
0.279220215542996808 14.494246101655294368 0.000000000000000000 0.425667213262769184 204483.502717378112720326
4.219549702920189382 13.432523117954154657 0.000000000000000000 0.337125907461624186 0.000000000000000000
2.261037342688311913 13.740760016380750841 0.000000000000000000 0.083666581745571664 919363.000000000000000000
4.316540869482874854 15.032531226095811050 0.000000000000000000 0.471548706695216757 923913.000000000000000000
1.918483517996203425 15.186178293402946338 0.000000000000000000 0.348051765634541821 926706.000000000000000000
0.885521699549166819 14.878409074336509832 0.000000000000000000 0.384815403485428253 923430.000000000000000000
2.742845013466769899 14.459615389073496416 0.000000000000000000 0.222845161304493222 0.000000000000000000
3.687681567702554730 15.310800833642918661 0.000000000000000000 0.434982727721177909 918869.000000000000000000
2.010645038902472592 12.808870841252032236 0.000000000000000000 0.101348224576415513 0.000000000000000000
1.569626630566112624 12.619342341223088511 0.000000000000000000 0.179686224189477495 918675.000000000000000000
1.757695629201017073 11.836867817702572125 0.000000000000000000 0.276277679726569914 923958.000000000000000000
1.355010271723111837 14.360404049093729029 0.000000000000000000 0.260246577977495841 917492.000000000000000000
1.884011541216912056 12.337473041069797475 0.000000000000000000 0.185543718632411730 917430.252525735413655639
-4.747420696528718231 11.347342631412073999 0.000000000495370705 0.359845819855224347 1741160.000000000000000000
-4.794343615359769828 12.561019858583511777 0.000000000302212769 0.376319059273136580 0.000000000000000000
-9.075875948827427209 11.553491884345453045 0.000000000329551163 0.418684780289463265 1677790.000000000000000000
-8.464818026741689039 11.821702191042833263 0.000000000921411103 0.309309349418865231 1733960.000000000000000000
-7.603208274795766997 11.551448731298206596 0.000000000682944771 0.158001830406860555 1747394.000000000000000000
-7.612699449364355608 9.836483473431767877 0.000000000069117807 0.367948797915965187 760190.055809425539337099
-4.452303696701285673 10.441867508179733193 0.000000000593402413 0.465184875350930838 1727034.000000000000000000
-5.836321764989766514 12.651014353628754705 0.000000000087668082 0.229763936939743701 0.000000000000000000
-9.129359006969947288 12.561246695771574267 0.000000000694824326 0.452343176066515862 0.000000000000000000
-7.976905190429223858 9.696344503961142891 0.000000000723454370 0.420671954392884240 0.000000000000000000
-5.931822134821630677 11.301452854769491907 0.000000000360469111 0.160692604449316628 0.000000000000000000
-5.348711389659762006 9.924674882136068632 0.000000000144963446 0.402367250325613324 0.000000000000000000
-5.902277255070011996 11.257730123839344571 0.000000000745287298 0.168990251388300622 1679742.000000000000000000
-6.169545104351970899 9.322120217140145826 0.000000000903295773 0.436095675770415081 1365050.382368119433522224
-6.771629574798333273 13.845278322312729813 0.000000000367269624 0.376457681645485098 1734310.000000000000000000
-12.368118747384203360 2.482040848893571461 0.000000000000000000 0.387101366156144988 0.000000000000000000
-15.207512693643931101 4.397873112860189337 0.000000000000000000 0.447267482773134384 1129331.000000000000000000
-11.219716047193424302 3.521281555284515807 0.000000000000000000 0.334036114012477681 1053321.000000000000000000
-15.238795609015543420 5.526666418041439321 0.000000000000000000 0.473484224039321888 0.000000000000000000
-13.280318973462513554 4.570012598922930991 0.000000000000000000 0.102858130817505153 237850.049010579416062683
-12.893899584896521660 2.863783947071269598 0.000000000000000000 0.317093518510681738 1088598.000000000000000000
-10.272529317384679004 4.032593976275928860 0.000000000000000000 0.449390463130749152 0.000000000000000000
-14.474736601905336286 6.614175498437419698 0.000000000000000000 0.459387847780914405 0.000000000000000000
-11.414471671093618710 4.937539311672519915 0.000000000000000000 0.235839540824953814 40176.068561635278456379
-13.369190273558842819 2.021639611060047415 0.000000000000000000 0.475951837295018332 1122498.000000000000000000
-14.350933306877507789 2.946100834330591667 0.000000000000000000 0.418769930131197676 0.000000000000000000
-10.743839820608325653 3.716532835003865998 0.000000000000000000 0.389090354971167562 1041721.000000000000000000
-11.707094170630547580 6.818337210463218057 0.000000000000000000 0.413637758093516383 1047016.000000000000000000
-14.248317500931181101 5.538246933490731827 0.000000000000000000 0.311595909113617398 0.000000000000000000
-10.956659440147724638 3.877678731427257830 0.000000000000000000 0.342839073658797455 1037236.000000000000000000
-12.595271853072784296 -7.389693870955277077 0.000000000000000000 0.471945580954023225 0.000000000000000000
-13.531311471558435500 -4.424013464736058943 0.000000000000000000 0.152405126973604116 0.000000000000000000
-13.154883460078222512 -4.774946162122382098 0.000000000000000000 0.080511710545242421 759225.000000000000000000
-10.701993308431696050 -5.641162631230565161 0.000000000000000000 0.395869254927166958 759597.000000000000000000
-13.778412079319092953 -4.251797626520716911 0.000000000000000000 0.203831743994058762 760162.000000000000000000
-14.074417677273128646 -3.249950060440862210 0.000000000000000000 0.346774735852594107 757235.000000000000000000
-12.743400722511925238 -6.686045479989291884 0.000000000000000000 0.349066997740204887 765959.000000000000000000
-12.248902827818270111 -5.932416379750683255 0.000000000000000000 0.233370893507830968 765207.000000000000000000
-14.295703679789264484 -4.934549456408009682 0.000000000000000000 0.285575092976946832 278073.730147145630326122
-12.054596350750747646 -3.015864175555687421 0.000000000000000000 0.312377218859222039 0.000000000000000000
-12.537710886873066229 -2.527426118187992454 0.000000000000000000 0.375472795907100199 0.000000000000000000
-12.473933878576476175 -4.089906230070830873 0.000000000000000000 0.110936745035293022 764224.000000000000000000
-14.060087732490440970 -3.325996329886828029 0.000000000000000000 0.335655211723964175 491066.314240210573188961
-13.091800723210205604 -2.705497566504777573 0.000000000000000000 0.349408487001990120 761258.000000000000000000
-12.631893784633120958 -5.773351992869807603 0.000000000000000000 0.190936861708542571 761107.000000000000000000
-5.789234034546613117 -9.442815055203615415 0.000000000820937434 0.436809865588657698 0.000000000000000000
-7.248798670060535798 -12.912538962116304475 0.000000000365796418 0.230394595797174084 0.000000000000000000
-7.330699909000750303 -12.786945320654741209 0.000000000404408488 0.216988363002235757 0.000000000000000000
-6.287435653961821025 -14.081914698089258664 0.000000000011434671 0.425917287867502992 0.000000000000000000
-9.045999142593558418 -10.693875999831936596 0.000000000140185308 0.450272781420656631 0.000000000000000000
-6.820140574551659007 -9.136345985150679638 0.000000000894034194 0.457266801445519566 0.000000000000000000
-7.526084591113298750 -11.230963605118061466 0.000000000302955289 0.165683377545813360 0.000000000000000000
-8.527624614253753066 -11.710522706695780215 0.000000000851977619 0.319969470966730563 0.000000000000000000
-7.307895518011428670 -11.182421143544152287 0.000000000125999799 0.139712118064746954 0.000000000000000000
-7.284422154617183232 -13.338526934485635422 0.000000000155733413 0.302975736251730687 0.000000000000000000
-7.715679330261256297 -12.933027385868381742 0.000000000875063313 0.277163492101055287 0.000000000000000000
-7.574424692373659340 -11.892286229881330328 0.000000000482940683 0.153190421223933726 0.000000000000000000
-7.675929329801268963 -13.347812910946114329 0.000000000475305623 0.333563577166888836 0.000000000000000000
-7.924990500493426460 -10.670278191439262372 0.000000000463707909 0.282002692118489384 0.000000000000000000
-6.633693130139986849 -11.567120846952114732 0.000000000467798052 0.032077098022927082 0.000000000000000000
0.795287543020788967 -14.623799760916586621 0.000000000000000000 0.364450668239380993 1599008.000000000000000000
2.285357252066563927 -14.292698520212564262 0.000000000000000000 0.181139724428910492 0.000000000000000000
4.505821398425856827 -13.830678833513356807 0.000000000000000000 0.399345364432859506 1652319.000000000000000000
4.814022036561199869 -13.272856200116113001 0.000000000000000000 0.441915971717916356 1619439.000000000000000000
2.921678971967316407 -11.767247321953023587 0.000000000000000000 0.288405806245180252 0.000000000000000000
3.464157226445796933 -15.483821838126367254 0.000000000000000000 0.441423014411995773 1620451.000000000000000000
3.181843646222376698 -14.861563235244469539 0.000000000000000000 0.320013032616495607 1683661.000000000000000000
2.190873422171920826 -11.204986730468970535 0.000000000000000000 0.369818017630550222 1688888.000000000000000000
1.675856545127339059 -13.692298105799240560 0.000000000000000000 0.138756143903566387 372497.312572636350523680
3.050177137264525218 -12.788683403281492446 0.000000000000000000 0.154357138901138391 0.000000000000000000
4.165729356373973680 -12.335528958212501394 0.000000000000000000 0.366841997437815648 0.000000000000000000
1.837901319284011459 -15.587302201313088190 0.000000000000000000 0.420910072109633104 0.000000000000000000
3.533424203716521106 -11.678645215630398368 0.000000000000000000 0.355764141474655571 0.000000000000000000
1.897136749257545052 -13.875534770697408149 0.000000000000000000 0.132087628437950605 1686032.000000000000000000
2.413541097534562585 -12.832422536189319828 0.000000000000000000 0.080367940964169216 726750.102505156886763871
11.905617170789895454 -10.724721780563200468 0.000000000000000000 0.444196668414279905 0.000000000000000000
9.324883383199175313 -9.570260128715409209 0.000000000000000000 0.231583690471859199 1769467.000000000000000000
11.688755149797479760 -7.903359165997014379 0.000000000000000000 0.282102387066354321 1818758.000000000000000000
8.306028904977221572 -10.252131218281736125 0.000000000000000000 0.448847634100780823 0.000000000000000000
10.588056077149044398 -11.334937943452233711 0.000000000000000000 0.455545292116693590 0.000000000000000000
7.693129995452795633 -8.673885540054904197 0.000000000000000000 0.472025752701801971 1784195.000000000000000000
9.141320512642138851 -8.167054191995337220 0.000000000000000000 0.236872954797624019 0.000000000000000000
9.596689768582644220 -11.063669627457700884 0.000000000000000000 0.427569996403139752 1849365.000000000000000000
12.003075217738029323 -9.337281046808861618 0.000000000000000000 0.313730913557071556 1774111.000000000000000000
11.746733300739370165 -6.710580277582811171 0.000000000000000000 0.435698913966975965 0.000000000000000000
9.242692722825196938 -9.676605610805211199 0.000000000000000000 0.254752353631199357 0.000000000000000000
7.793364061825377220 -9.134716438754066914 0.000000000000000000 0.459057534785286825 0.000000000000000000
11.919879844110274902 -10.423000000643353857 0.000000000000000000 0.406250749405885014 1750023.461864085868000984
8.980169672196293362 -7.104133805281596103 0.000000000000000000 0.377115245062278337 1787713.000000000000000000
10.345868194201043977 -6.612750589997291151 0.000000000000000000 0.374393215008164804 1819069.000000000000000000
13.841953164845715918 0.318820112155317248 0.000000000000000000 0.076978583441473888 0.000000000000000000
12.347416628041708364 -2.315151080701635333 0.000000000000000000 0.454972448400110419 602967.000000000000000000
12.708284064532955782 1.202874719075959886 0.000000000000000000 0.256205566470052548 603788.000000000000000000
13.015119312563452780 -0.759210389334441516 0.000000000000000000 0.161678964453774165 0.000000000000000000
16.014798342590587765 0.702276588678525715 0.000000000000000000 0.457249378067089318 0.000000000000000000
15.927113461488113799 -0.190360254985584426 0.000000000000000000 0.426580362897784782 0.000000000000000000
15.435896678861737996 0.389930949589089804 0.000000000000000000 0.344402126599177960 0.000000000000000000
12.285773071680853974 -2.284949958513893264 0.000000000000000000 0.455677299934000746 602011.000000000000000000
11.993678874730576922 2.024003128760521353 0.000000000000000000 0.447051621662993615 601337.000000000000000000
11.892589056619145893 -1.367262002789699338 0.000000000000000000 0.377958115074725320 605351.000000000000000000
14.275401410142119829 1.065396412883778732 0.000000000000000000 0.226094670784676016 204422.775797940936172381
12.559394020252687696 -0.034184269988067228 0.000000000000000000 0.175094613850309305 64022.040758531147730537
13.371381439755776199 -2.242144589318320502 0.000000000000000000 0.389861606126728155 0.000000000000000000
14.486406028607834884 0.305853270176592917 0.000000000000000000 0.176623082691193145 573799.321422179113142192
12.114020434671125770 -0.090962494585578257 0.000000000000000000 0.254870243298722043 597426.000000000000000000
