-1.302412994447803340 5.117738496344937715 0.000000000000000000 0.277191334985652404 841642.000000000000000000
-3.810440178443499359 5.793703350017787912 0.000000000000000000 0.437348984579259137 0.000000000000000000
-2.221236980001832340 5.104575741192880045 0.000000000000000000 0.216371740323259731 845405.000000000000000000
-2.019143407888317920 1.407922014713135273 0.000000000000000000 0.444111942587336384 97146.575203500397037715
-3.890416158709708583 3.569152412113878903 0.000000000000000000 0.296454158081406127 0.000000000000000000
-1.830539839278681802 4.241314411671515572 0.000000000000000000 0.098598640174315189 845538.000000000000000000
-2.355099420878906002 1.819921527213015366 0.000000000000000000 0.369064996716677751 304765.142300557170528919
-4.213984001377077959 3.143420791524353053 0.000000000000000000 0.373022201090027539 0.000000000000000000
-1.725225986407937784 2.956507552461459465 0.000000000000000000 0.191523989460782751 844668.000000000000000000
-3.655585002718943155 1.813915384688508547 0.000000000000000000 0.445600630687124744 0.000000000000000000
-2.931269916042255286 5.305662220320717992 0.000000000000000000 0.279104203722226774 846312.000000000000000000
-1.380356129508366392 1.927269909975383166 0.000000000000000000 0.383052302453402271 839609.000000000000000000
-0.112403052407426665 3.701548580583390979 0.000000000000000000 0.383895142156261304 0.000000000000000000
-4.262227887534878690 5.010330099646757240 0.000000000000000000 0.408991654470543309 838623.000000000000000000
-2.185466774364381415 3.336176256156190068 0.000000000000000000 0.099515114222494191 837768.000000000000000000
-2.164118688196290385 -2.757573024140443252 0.000000000000000000 0.202407972103824746 0.000000000000000000
-0.834169309351298849 -4.833231330127094161 0.000000000000000000 0.304366438309440268 682197.000000000000000000
-1.951514181088689570 -6.359557626599399605 0.000000000000000000 0.443160842114127485 0.000000000000000000
-1.923224096636269698 -2.405536993984346505 0.000000000000000000 0.271080256187170576 684088.000000000000000000
-1.905574723864092990 -2.885872896330218040 0.000000000000000000 0.189598163984352280 679590.000000000000000000
-1.597851101470508128 -5.959474645542622184 0.000000000000000000 0.386905733496198168 677691.000000000000000000
-1.004112510168801764 -5.433922066542028695 0.000000000000000000 0.354377499177760402 0.000000000000000000
-2.923731837247745435 -2.807488970233629644 0.000000000000000000 0.226336066200810149 0.000000000000000000
-2.735570744024616197 -3.057927300749507804 0.000000000000000000 0.170876573040578822 685551.000000000000000000
-2.915903506871042605 -4.422540941737256759 0.000000000000000000 0.150745734427562034 38576.957251209118112456
-0.433031005869274122 -4.146910108683647955 0.000000000000000000 0.328486179870198070 686626.000000000000000000
-1.589505006544067900 -4.999136741798647421 0.000000000000000000 0.230700923076492648 678795.000000000000000000
-3.907953205198535507 -4.190759787922117674 0.000000000000000000 0.298848227951868828 0.000000000000000000
-3.817701637010909366 -4.424807594480806294 0.000000000000000000 0.293772064480744222 0.000000000000000000
-1.391692241172404199 -5.826475772145016663 0.000000000000000000 0.377897874838204806 681125.000000000000000000
6.802154366971532085 0.086574409150837153 0.000000000000000000 0.408052876772292739 758987.000000000000000000
4.332414731064079483 -1.915593350220121893 0.000000000000000000 0.341924019792251288 763940.000000000000000000
5.107863910422461906 -1.485684135935182448 0.000000000000000000 0.284279551567323874 765549.000000000000000000
3.009337148665239603 0.818710475185921327 0.000000000000000000 0.305171887701662592 0.000000000000000000
6.655723257188082442 -1.406815763124694252 0.000000000000000000 0.455982686451578856 0.000000000000000000
6.875795148067520124 0.768301974037742141 0.000000000000000000 0.442383550770865941 763057.000000000000000000
6.200709438694733677 1.251938742710537289 0.000000000000000000 0.373755071793207994 0.000000000000000000
5.095891106578548602 1.976842751637736928 0.000000000000000000 0.366064534252399876 181480.676528613956179470
4.533778583677438689 -1.164731246949533894 0.000000000000000000 0.206972474961476666 588673.695034629083238542
3.067475137477746472 -1.572365553675002525 0.000000000000000000 0.380338406668783879 0.000000000000000000
2.702871983964352243 -1.075381597530367994 0.000000000000000000 0.375221061937746403 757872.000000000000000000
3.177863302628837872 -1.624396205181970920 0.000000000000000000 0.374365741094287108 0.000000000000000000
2.696713515090094937 -0.535434596602686663 0.000000000000000000 0.337624189734796465 0.000000000000000000
5.262208806383652515 -2.070409817247718998 0.000000000000000000 0.391069102896771159 765202.000000000000000000
5.619381164640738113 1.775813693493114132 0.000000000000000000 0.371723474799721620 513603.745865597622469068
10.695099772685257022 6.476674006520249272 0.000000000663686762 0.403008348265673777 476847.854057757358532399
11.807906091577301311 7.879523663354389029 0.000000000790758239 0.302455489063872540 0.000000000000000000
10.375119630438128127 8.364158204317421408 0.000000000817583836 0.067582490640307302 0.000000000000000000
8.868837937292051166 6.503630923098217664 0.000000000138468790 0.473649546711021274 843153.000000000000000000
7.996887706737568102 7.602100295652021167 0.000000000473849995 0.463816616126142223 845088.000000000000000000
9.259604120456701892 10.429835551311601449 0.000000000045568504 0.352670280744212028 382258.726684065884910524
12.612442778622503070 7.510367693411358125 0.000000000151810284 0.459006876342934633 0.000000000000000000
8.948619198103706651 8.298977418604998491 0.000000000472676285 0.260350547044255143 0.000000000000000000
11.175317086266030486 8.196648751472112693 0.000000000481968255 0.177366069936864323 846821.000000000000000000
11.209457399698338875 9.127699871626020922 0.000000000817097855 0.168541751343299046 840341.000000000000000000
8.489149162717191999 8.126057507619115938 0.000000000808552280 0.347640253078138672 845094.000000000000000000
10.836254219151795652 8.641802779724491401 0.000000000615143829 0.090287797981815174 0.000000000000000000
11.711283187315451926 9.934973565219079816 0.000000000096077460 0.320643980404574980 0.000000000000000000
9.425245929390186461 7.339130395800106399 0.000000000331022898 0.296340725678337413 0.000000000000000000
10.198808926895255311 9.426480721795529760 0.000000000584770161 0.121656809898165144 844558.000000000000000000
1.635647496726000849 14.805401471231808941 0.000000000000000000 0.299404916376210417 920657.000000000000000000
0.854843109408898294 14.124266033777956864 0.000000000000000000 0.303850855734065672 920776.000000000000000000
1.875342973528163704 11.314108819495750424 0.000000000000000000 0.358982358137200419 923364.000000000000000000
2.843810843410246925 15.777263811516318626 0.000000000000000000 0.454337111021085871 662151.546786003978922963
1.526663888617404652 12.182637298183809804 0.000000000000000000 0.242280767690857157 545232.159969702595844865
1.124221018116741355 13.716816852619109213 0.000000000000000000 0.229483526327101228 0.000000000000000000
1.429228261482128115 13.597871673396090486 0.000000000000000000 0.171160997524834158 0.000000000000000000
3.513268976902032215 15.445988896798269252 0.000000000000000000 0.439549690987800723 920058.000000000000000000
3.053286702242874906 11.790537493065306407 0.000000000000000000 0.293971388387981536 853009.895333819091320038
4.098544771563421563 14.077934295205910331 0.000000000000000000 0.345228403753575275 923803.000000000000000000
2.256812902278946709 11.708856584777247889 0.000000000000000000 0.279547752526106974 918145.000000000000000000
4.867446552632835655 12.564560022822439223 0.000000000000000000 0.468861811936655382 919082.000000000000000000
4.282392971141539384 15.011556164188702311 0.000000000000000000 0.464525030766550495 184293.042866642790613696
4.253904538695397086 13.829149132988058923 0.000000000000000000 0.355944026653029322 0.000000000000000000
0.074667044014899514 13.015628353551257135 0.000000000000000000 0.405388448961386150 0.000000000000000000
-5.816541326037220294 9.465989902164166025 0.000000000816371298 0.431149232714998609 0.000000000000000000
-7.060451251794300553 12.112486602296755223 0.000000000545784354 0.090971208213487836 1695028.000000000000000000
-5.878241556669278722 10.899032829478837670 0.000000000753202634 0.210376932382761672 1758531.000000000000000000
-4.548749280277231577 10.722960904895952439 0.000000000204300634 0.427355208244682538 0.000000000000000000
-7.952460441185847273 11.281891334396156878 0.000000000690513424 0.230756132044675516 0.000000000000000000
-7.126286955943977652 14.095153724141827212 0.000000000453012517 0.426273650909272994 1716755.000000000000000000
-4.505344602324593772 13.167032462456148778 0.000000000064346859 0.472767298123723922 0.000000000000000000
-8.903999504787117658 12.803059043726426225 0.000000000459342937 0.431801241286847437 1679682.000000000000000000
-4.152600220704941059 11.134096279429977372 0.000000000010269976 0.471309382201694882 321192.049635695933829993
-7.566693996969907410 9.548001128408348137 0.000000000672543043 0.411641044739389894 1681408.000000000000000000
-7.662705624567621498 13.654928586343112684 0.000000000165466039 0.380410330618503156 436546.927875448775012046
-4.823502410408408103 12.414619056952021836 0.000000000107929486 0.361901724086510723 1726968.000000000000000000
-7.954038349360446070 11.019889259207205967 0.000000000913370083 0.250332545784375582 398564.754679850826505572
-4.733807974821340636 10.505283428711434723 0.000000000616495595 0.416126628115546238 0.000000000000000000
-6.627560666221289587 9.138594279195151771 0.000000000360182330 0.457073438227734608 624150.377836044877767563
-12.432962840626105461 4.386225451428183320 0.000000000000000000 0.071284766109001321 0.000000000000000000
-13.608348559933315158 4.267052803983009568 0.000000000000000000 0.174846674231398935 0.000000000000000000
-14.193414860649477660 6.487068753279291222 0.000000000000000000 0.409759471682898224 1131308.000000000000000000
-13.238220350338837150 5.766475533404157972 0.000000000000000000 0.210878306200739996 0.000000000000000000
-13.768036215251088450 5.248022346771452185 0.000000000000000000 0.212425893448117270 0.000000000000000000
-10.616780359486723384 5.547602886579751313 0.000000000000000000 0.403259751804854405 1122486.000000000000000000
-13.489740166246408037 5.402590739271414755 0.000000000000000000 0.186989656991692621 1066556.000000000000000000
-12.213846347706757811 4.791320795862711535 0.000000000000000000 0.091130453292548264 0.000000000000000000
-14.979193497301370286 5.724284373936426640 0.000000000000000000 0.442607062037256582 0.000000000000000000
-10.666685770246635556 3.197838361369148785 0.000000000000000000 0.447024054651346869 0.000000000000000000
-11.499255882084968405 2.751755284820147640 0.000000000000000000 0.399467099588974195 0.000000000000000000
-11.059711351714899052 5.905721158104546120 0.000000000000000000 0.364221227970792538 1074836.000000000000000000
-12.216567748495309687 3.206051007159546717 0.000000000000000000 0.271150723596724708 0.000000000000000000
-11.476865004805738124 6.142339368824285550 0.000000000000000000 0.337095713565957966 0.000000000000000000
-13.512515991313295061 6.462070340885513353 0.000000000000000000 0.340825801580756371 1099022.000000000000000000
-12.120989794587430310 -6.400707404304766257 0.000000000000000000 0.317812950683877771 0.000000000000000000
-13.817737115123705394 -5.964493324667721197 0.000000000000000000 0.297559779134906721 0.000000000000000000
-11.126914918302718505 -5.645340155024157092 0.000000000000000000 0.329179609054271960 26298.959447036777419271
-11.116297004521454639 -2.937940615373975994 0.000000000000000000 0.416119480664229935 757548.000000000000000000
-12.574258720705826065 -6.020970781402142258 0.000000000000000000 0.234783395785660071 756970.000000000000000000
-15.377007549447130330 -4.524383905446567766 0.000000000000000000 0.475578781687942875 766824.000000000000000000
-14.090560759800368373 -6.941770313612813936 0.000000000000000000 0.462875947648968278 351362.102633864211384207
-14.584997771696428970 -6.333615047130788156 0.000000000000000000 0.439882699263778598 766837.000000000000000000
-13.597209153611764521 -5.035794692162504305 0.000000000000000000 0.169357080554095180 0.000000000000000000
-12.856766346644372234 -6.519401919836908199 0.000000000000000000 0.321006323428791651 758436.000000000000000000
-14.108847911781214890 -2.820544081307476691 0.000000000000000000 0.407039405328458281 0.000000000000000000
-14.442752995097739799 -6.404183625729618967 0.000000000000000000 0.429456270366864401 761907.000000000000000000
-14.076229725410970062 -3.033467302571172475 0.000000000000000000 0.374717929961115137 663722.434031722834333777
-12.303855114075933130 -3.141097462659408368 0.000000000000000000 0.277325269010336328 765415.000000000000000000
-13.398565895042040097 -2.677987351833302831 0.000000000000000000 0.368249622288590372 0.000000000000000000
-8.485842759124377466 -12.191420867608727008 0.000000000006866144 0.323486522827091616 0.000000000000000000
-9.192328188642337139 -12.307115662975514070 0.000000000173595448 0.450552315888443633 0.000000000000000000
-8.627017068864320848 -12.905032861423304524 0.000000000376547917 0.397403654260643724 0.000000000000000000
-7.208841848886099690 -12.011029820753398312 0.000000000053209569 0.099436046479620233 0.000000000000000000
-6.335715751010796204 -13.210289702343645857 0.000000000595819481 0.273429954565830635 0.000000000000000000
-4.703874027408907033 -13.132923410914365547 0.000000000377898641 0.439988999069286069 0.000000000000000000
-7.948670820085038002 -11.961307585721355551 0.000000000026194354 0.220986690127016328 0.000000000000000000
-5.701865856305508906 -11.650303098243886879 0.000000000838396057 0.184074252144346279 0.000000000000000000
-6.119705573190604042 -9.127280002192401653 0.000000000708141531 0.471732310655142872 0.000000000000000000
-7.127047236899808347 -11.658038116632662096 0.000000000558552483 0.071154294580504054 0.000000000000000000
-7.731873436993752513 -10.513227421018999763 0.000000000630485492 0.277774141376726402 0.000000000000000000
-5.533591429723110799 -9.370169523984907656 0.000000000396258306 0.467774209949681719 0.000000000000000000
-8.361354904928191445 -12.868737040058700671 0.000000000133750181 0.354372610125161969 0.000000000000000000
-7.909108532565735317 -10.396858766234329252 0.000000000856779268 0.313975691589924832 0.000000000000000000
-8.539502322772456466 -13.650793455072726346 0.000000000601437331 0.469253450737686706 0.000000000000000000
1.169366412168209246 -15.245942221515916160 0.000000000000000000 0.407614563365111315 1636152.000000000000000000
1.813045144646154183 -12.038883521067207383 0.000000000000000000 0.239245687334224605 1599829.000000000000000000
2.766550017044532961 -11.038536384732442031 0.000000000000000000 0.405860530900944261 1681391.000000000000000000
0.923047614694433305 -15.493690412666021317 0.000000000000000000 0.468207279298720191 1647997.000000000000000000
4.066905953403090912 -15.029580423391383448 0.000000000000000000 0.438874325879197724 0.000000000000000000
0.763603466452582480 -13.079885929923040777 0.000000000000000000 0.282131115453277903 1643563.000000000000000000
2.581042759841611911 -12.460075970352031405 0.000000000000000000 0.151916984753559803 1661932.000000000000000000
0.601325056969981508 -11.454857219688422632 0.000000000000000000 0.448023242417868117 1676596.000000000000000000
1.580463084275089525 -12.057878402479461855 0.000000000000000000 0.255313236266278554 1137677.852751107886433601
2.351920767447386762 -14.205421763841455274 0.000000000000000000 0.165412879026788667 0.000000000000000000
3.363407491987068454 -13.783258979952812240 0.000000000000000000 0.204372712816027813 1684272.000000000000000000
1.967479082955964298 -10.792044636781206179 0.000000000000000000 0.447292059893744931 1360296.610759277595207095
0.880059657672627060 -14.488827817503118212 0.000000000000000000 0.337346815242930032 1654371.000000000000000000
4.623863657810924899 -13.345436151975611949 0.000000000000000000 0.408214848634343874 1605364.000000000000000000
1.917680420497014593 -10.691975604777024245 0.000000000000000000 0.466262876960903849 1663102.000000000000000000
9.306661542212566474 -7.351718805902116571 0.000000000000000000 0.306746156914187107 1820240.000000000000000000
10.120745878164662201 -9.957392920782671908 0.000000000000000000 0.215731803552763030 1822319.000000000000000000
10.657907110750382884 -8.814255955325796421 0.000000000000000000 0.057740176923581361 1828526.000000000000000000
12.368896812763624737 -9.976695626461800970 0.000000000000000000 0.420467831889029586 1411225.859731532400473952
11.053335588825994762 -8.807031309576085931 0.000000000000000000 0.127464876282232770 1773386.000000000000000000
9.424890471078095189 -9.951928277806141310 0.000000000000000000 0.267080659173260626 1842768.000000000000000000
8.294273269574262031 -10.099452222170118176 0.000000000000000000 0.435325058810039134 1579760.192897720960900187
9.079768127248183163 -10.914018566938709753 0.000000000000000000 0.441912807952385411 1802270.000000000000000000
8.356479155833552497 -10.512070587284069845 0.000000000000000000 0.470405030993357620 474011.860800320573616773
7.949772471365852411 -8.704824123390629609 0.000000000000000000 0.426182751467298337 1808983.000000000000000000
10.277069629230936698 -10.011038661183986775 0.000000000000000000 0.221787417995038538 1841445.000000000000000000
11.653868682728553807 -8.447249081474836885 0.000000000000000000 0.239927101088493577 1781265.000000000000000000
10.661449862220180762 -8.723737792062305374 0.000000000000000000 0.057349099676211143 1758574.000000000000000000
8.303473664833900258 -9.270532470403528791 0.000000000000000000 0.374533688156341360 1774579.000000000000000000
10.755236599044765811 -8.530176014255300032 0.000000000000000000 0.083182470047601181 1779264.000000000000000000
15.394557855321817641 0.834654049763104533 0.000000000000000000 0.360432540132804513 0.000000000000000000
11.568939249151075188 1.740488998371638285 0.000000000000000000 0.463941713801986122 606182.000000000000000000
11.785370342062899240 1.678569847512718427 0.000000000000000000 0.427947922215472898 0.000000000000000000
14.047636701099079914 1.307306170597843042 0.000000000000000000 0.243664902760860419 0.000000000000000000
11.625971565392672957 -0.010853229549269620 0.000000000000000000 0.341370548155788101 600564.000000000000000000
12.748998937578523538 0.126986076110701174 0.000000000000000000 0.142906636588581576 0.000000000000000000
13.367040515847746107 1.430279387123955637 0.000000000000000000 0.249892918471133096 0.000000000000000000
13.973708837179350084 0.728559885436001364 0.000000000000000000 0.147854367954059845 282460.522196520061697811
12.079413173472374865 0.315803948152471314 0.000000000000000000 0.266266603911732680 0.000000000000000000
13.228536516148910351 -0.201793806167096162 0.000000000000000000 0.065793872235298603 0.000000000000000000
13.435736447774500490 -1.643458062854632029 0.000000000000000000 0.285492035683189094 0.000000000000000000
13.587767194305898855 0.686297287009884127 0.000000000000000000 0.119218640172636253 0.000000000000000000
13.130329633683816226 2.432284528729388384 0.000000000000000000 0.428156639393159899 604770.000000000000000000
13.747947337979761429 -1.214757226420423386 0.000000000000000000 0.213636462834658342 0.000000000000000000
12.087871496376024538 -0.740587127541398993 0.000000000000000000 0.289256517071986075 602963.000000000000000000
