-3.050955381733118088 2.129805390685912236 0.000000000000000000 0.343770838230263276 841743.000000000000000000
-2.187468806163052282 6.529755315553731343 0.000000000000000000 0.470215628549708997 22524.570513562535779784
-4.015288170290904901 4.315866569176831646 0.000000000000000000 0.322181179360724934 0.000000000000000000
-1.529329400863618460 4.511974229656113167 0.000000000000000000 0.170715244403640637 0.000000000000000000
-4.528159640795469620 4.526408680204566437 0.000000000000000000 0.420075213292710858 844962.000000000000000000
-0.485194007836183383 2.695769802976788476 0.000000000000000000 0.380956675539982637 845248.000000000000000000
-4.387045129840530855 4.018169287239097720 0.000000000000000000 0.380080829117445174 0.000000000000000000
-1.463159277932878810 5.261044674666761622 0.000000000000000000 0.282323126399698754 841937.000000000000000000
-4.826124990234834655 4.604968496584070259 0.000000000000000000 0.474962861779672896 0.000000000000000000
-2.584782496765287263 2.922953063968122489 0.000000000000000000 0.181802375807404076 0.000000000000000000
-1.644117880182658364 5.585195157962987267 0.000000000000000000 0.321135926208430511 839596.000000000000000000
-3.969571167592579108 2.166107328743130722 0.000000000000000000 0.432596253378876638 840355.000000000000000000
-3.040759031350984021 1.815702016433410337 0.000000000000000000 0.394766100309212387 841077.000000000000000000
-3.107190392446961713 3.062209309544230429 0.000000000000000000 0.211241589113943057 0.000000000000000000
-1.350763691326719584 3.504709695078260356 0.000000000000000000 0.175707051365989297 837514.000000000000000000
-1.819309509323066010 -1.661360649489441954 0.000000000000000000 0.404593218385032150 0.000000000000000000
-0.487953423686744048 -4.100150399972037008 0.000000000000000000 0.317708843942538177 0.000000000000000000
-2.038021334310599286 -6.165478846419020442 0.000000000000000000 0.407104184191364737 150391.233180179056944326
-2.221424045333224573 -1.996824751501859785 0.000000000000000000 0.337241984002476514 683557.000000000000000000
-3.124690172430995894 -3.238546207864835935 0.000000000000000000 0.193150485389155607 207762.580060077947564423
-0.508178032027706617 -2.355725232671615821 0.000000000000000000 0.414734126345279341 677322.000000000000000000
-3.215295750105501948 -2.086905509509176859 0.000000000000000000 0.363512319422650831 681331.000000000000000000
-2.949210800090307671 -4.986156832246668280 0.000000000000000000 0.230741815629426889 0.000000000000000000
-2.626435327777163486 -2.054257726365273484 0.000000000000000000 0.333425072320513549 0.000000000000000000
-1.215949827080909040 -2.566351095949602090 0.000000000000000000 0.300197808643597353 0.000000000000000000
-0.365373911592489165 -3.861960080086965341 0.000000000000000000 0.337380535976078422 685052.000000000000000000
-0.529122966377726600 -3.552921348804720658 0.000000000000000000 0.313965539930902260 0.000000000000000000
-3.929955617107881771 -4.615736769427912556 0.000000000000000000 0.324715304445369557 0.000000000000000000
-2.974681512999775901 -4.853963103769763698 0.000000000000000000 0.213890398412044297 685708.000000000000000000
-1.520628486228713605 -4.633217295499764354 0.000000000000000000 0.186546031944543306 0.000000000000000000
5.329368421085741936 -0.486397914326776981 0.000000000000000000 0.169025025776671611 220654.422370011714519933
5.629664668306411990 -0.455004190046602364 0.000000000000000000 0.214595144464286125 763226.000000000000000000
2.712867136892930908 1.664997695807949984 0.000000000000000000 0.436745354846054978 761005.000000000000000000
3.656824919611133318 0.748631916560856925 0.000000000000000000 0.202638734040937185 758690.000000000000000000
3.458008516013650002 -1.212541327688528847 0.000000000000000000 0.286196418713523026 0.000000000000000000
5.663503283910633179 0.534950072242430852 0.000000000000000000 0.225785680419871071 0.000000000000000000
5.500674163563566310 0.054717283445892044 0.000000000000000000 0.176091250622087525 757500.000000000000000000
6.120359100284643361 -0.912266602005031180 0.000000000000000000 0.328864149732120692 760565.000000000000000000
4.560097015978078261 -2.437723046361415680 0.000000000000000000 0.433159095548312778 0.000000000000000000
4.790079435683581188 -1.792666675926032793 0.000000000000000000 0.322218114680971557 0.000000000000000000
5.134268714367576258 1.757990606519787669 0.000000000000000000 0.331187677214252851 705792.049873582902364433
2.576069206385698696 -1.208373038774217978 0.000000000000000000 0.406818532491273754 761476.000000000000000000
2.782765720801814613 -1.440594598508641910 0.000000000000000000 0.401072921865526788 763516.000000000000000000
3.991698675846277133 2.020344715433959326 0.000000000000000000 0.370952609264376343 761419.000000000000000000
4.375502764235100095 -0.263130028737989186 0.000000000000000000 0.052889094387974775 757863.000000000000000000
12.044726152081400627 7.902359488511191188 0.000000000807061405 0.337821452475282225 0.000000000000000000
12.811546866517645071 8.804333430070006017 0.000000000180729486 0.440524192160340999 845940.000000000000000000
11.759129720440741451 10.622083572930796080 0.000000000905932866 0.414002270012796103 843533.000000000000000000
10.577239242188941404 7.584078505696962402 0.000000000393747246 0.208329045946639563 0.000000000000000000
10.845312901563829655 7.610085947065728718 0.000000000400462420 0.218726157628404499 0.000000000000000000
10.812439908451514370 7.986965247060466844 0.000000000365135238 0.157653163374584432 334187.944721838342957199
10.457618652052197206 6.450205292636961296 0.000000000856244627 0.403356135996337184 0.000000000000000000
8.519608560289590571 8.019701226356341195 0.000000000623842815 0.348910015443687993 0.000000000000000000
9.356283941195837173 8.895331191040574126 0.000000000922727089 0.177347007097779424 229735.890709263476310298
12.906388594904363742 8.056282448536016716 0.000000000387244078 0.472984348556174661 0.000000000000000000
9.805536934009243311 8.703765473685551868 0.000000000602538719 0.095688828764600622 0.000000000000000000
9.603978563726451867 8.301492021718035019 0.000000000238078260 0.152916488802232881 845973.000000000000000000
8.962613538129600599 10.422695724437996745 0.000000000462587994 0.383286117235771329 0.000000000000000000
11.679747519515114362 6.694118846426094116 0.000000000831260237 0.431373412014570412 844471.000000000000000000
9.519687064023360179 6.878885682969445803 0.000000000254211659 0.359289408199919280 845358.000000000000000000
2.024677183468201580 11.407671343001201336 0.000000000000000000 0.337405466256089914 921385.000000000000000000
3.309665043187230982 14.415725429218017695 0.000000000000000000 0.267064621941618452 0.000000000000000000
-0.098500393535695854 12.207234201085331193 0.000000000000000000 0.473581825454736038 0.000000000000000000
2.754161198637571584 15.690805446308969451 0.000000000000000000 0.436262762949437166 922599.000000000000000000
3.229586340179519066 14.435194872484903073 0.000000000000000000 0.260741545487883752 0.000000000000000000
3.469637928262567783 14.062166572453689284 0.000000000000000000 0.245940005009495033 0.000000000000000000
0.902053040685154239 11.394599213473492583 0.000000000000000000 0.421387247179431768 0.000000000000000000
2.116865972228420656 14.332436778768821384 0.000000000000000000 0.191970189255196239 918502.000000000000000000
1.413115843265735139 12.606323967217599957 0.000000000000000000 0.203022732400433031 917812.000000000000000000
2.860152744087914201 13.827299968605242242 0.000000000000000000 0.135617110018097231 918999.000000000000000000
0.455282330137403879 13.138911232097866488 0.000000000000000000 0.335786624466230532 0.000000000000000000
4.220836708629801315 14.866956234766053768 0.000000000000000000 0.439407199197250076 921601.000000000000000000
2.512987945927171562 11.455128772960392780 0.000000000000000000 0.325914430861981963 924846.000000000000000000
3.345550997964055195 15.151088342684071009 0.000000000000000000 0.379194690256649536 926069.000000000000000000
4.880923088088526818 13.846145527810094222 0.000000000000000000 0.464995185023665825 0.000000000000000000
-7.428915088317050497 9.777284915815066313 0.000000000362632692 0.365111871672762378 1735774.000000000000000000
-4.951322311473400184 10.260994479901956566 0.000000000894286159 0.409318166847368436 1685108.000000000000000000
-7.019240205429527535 12.742198982772148241 0.000000000107053155 0.188200070465593894 334973.261462034250143915
-5.811541108159381963 10.763701193547516866 0.000000000486519687 0.235709784095768371 0.000000000000000000
-7.274938353439551975 9.759376501892894851 0.000000000685188930 0.359822481479174450 1760204.000000000000000000
-7.373190606552680215 11.750638114768824138 0.000000000154500315 0.114353880522224255 1770379.000000000000000000
-7.255284010464249533 9.578161067811402418 0.000000000609555658 0.389946019143179168 1772948.000000000000000000
-5.872014270380269352 13.165774772359364775 0.000000000899465179 0.298723585478578191 1720431.000000000000000000
-7.144240216245375308 10.967029153401144370 0.000000000321425532 0.151897190952235361 1753796.000000000000000000
-6.969126733888424852 11.731526398855770310 0.000000000415278985 0.042255937509015198 1769643.000000000000000000
-7.091154875214003006 9.350130894280999527 0.000000000191851540 0.423902068895587292 0.000000000000000000
-7.874144712372904920 12.706139348771269937 0.000000000419732594 0.268118604857059462 0.000000000000000000
-7.541525585831249323 13.031151328410413015 0.000000000000912566 0.273269548962204345 321962.620100586907938123
-8.637498077326585033 13.347688223042638356 0.000000000316256207 0.445040900235083581 1674666.000000000000000000
-5.259540367530483707 12.204053718789587890 0.000000000391509457 0.276247640129714811 1767556.000000000000000000
-14.093479502678992077 5.176988403467316147 0.000000000000000000 0.260795344932482021 0.000000000000000000
-13.313433103152281234 5.860638573417096708 0.000000000000000000 0.231506388274208996 1106159.000000000000000000
-13.320728387597108977 6.827541101784952104 0.000000000000000000 0.388590996807713085 1121418.000000000000000000
-12.380604428528847905 3.025362359196253514 0.000000000000000000 0.293697736575692592 0.000000000000000000
-12.257051440005485077 2.536704523672503431 0.000000000000000000 0.381515763907793404 1109915.000000000000000000
-13.225430997018932544 4.438709843323728421 0.000000000000000000 0.100388485764647123 629117.805526107782498002
-12.758122133414472543 4.955980831988237689 0.000000000000000000 0.048888512630944368 0.000000000000000000
-11.804278015313844463 3.930937041769948959 0.000000000000000000 0.207859018006692459 0.000000000000000000
-13.818652684063787106 4.022798995764104824 0.000000000000000000 0.227562717058109626 0.000000000000000000
-14.225308101145234474 2.615426389179089650 0.000000000000000000 0.447828189765966778 7081.770952327038685326
-15.268857407803150039 4.114843364738905329 0.000000000000000000 0.465871670269056626 1096335.000000000000000000
-11.628002254919767466 2.949972528779008840 0.000000000000000000 0.357945885093862048 0.000000000000000000
-12.758812663677765897 4.639819306290398515 0.000000000000000000 0.010580299361881916 1115949.000000000000000000
-14.738816379126717493 6.169259199837542340 0.000000000000000000 0.443836260899064527 1054441.000000000000000000
-11.231614018700842195 4.812307637148762751 0.000000000000000000 0.265099844371161963 0.000000000000000000
-13.571351027147594337 -4.360427108753380132 0.000000000000000000 0.162657471859196850 0.000000000000000000
-11.650494987178355188 -5.183408730208467929 0.000000000000000000 0.208835047095348614 762933.000000000000000000
-12.085800809997127914 -6.718007035580636277 0.000000000000000000 0.372218888619814003 759050.000000000000000000
-10.714919888753589916 -4.536446029652418943 0.000000000000000000 0.357024606173216907 762372.000000000000000000
-14.311307304571265320 -2.701108709101579297 0.000000000000000000 0.445650218995057412 0.000000000000000000
-11.482266731971613183 -4.925850936158689741 0.000000000000000000 0.223588339474857345 765336.000000000000000000
-11.529866996884642560 -5.343572961408512789 0.000000000000000000 0.240650260549648248 765053.000000000000000000
-14.522238804388919675 -2.872814376896173361 0.000000000000000000 0.449265588326950238 758120.000000000000000000
-10.824497384314341275 -6.022631474969694310 0.000000000000000000 0.410254975352212281 760669.000000000000000000
-11.849801161503329183 -7.210542555426571631 0.000000000000000000 0.467024685100066783 757771.000000000000000000
-12.462705997757680620 -2.695650710124136484 0.000000000000000000 0.347837722542284400 764108.000000000000000000
-11.343747118904977000 -4.348812618134930474 0.000000000000000000 0.250766957878638230 762392.000000000000000000
-13.317679760412749701 -5.620956405174017512 0.000000000000000000 0.195958354969775539 758146.000000000000000000
-12.736419995013820383 -6.400641045551410002 0.000000000000000000 0.299440619759706705 0.000000000000000000
-12.571601129285173926 -4.470834585630782954 0.000000000000000000 0.044072715834371806 758047.000000000000000000
-4.556738177577804194 -10.233824048534545526 0.000000000218409053 0.468697381087061049 0.000000000000000000
-7.537064123105648328 -13.052026466946987426 0.000000000824524724 0.275999032675445510 0.000000000000000000
-8.065223206183642191 -9.612222047074899578 0.000000000167953187 0.441604243172074862 0.000000000000000000
-6.530903880423513996 -9.517340625740532190 0.000000000486458993 0.391349894092430650 0.000000000000000000
-5.482778080339711479 -13.932189505974596599 0.000000000779472589 0.451061752830023532 0.000000000000000000
-5.858614334660531497 -11.842400129235734596 0.000000000545064205 0.157274418142486910 0.000000000000000000
-5.355991561757049269 -11.080688582399947251 0.000000000135224583 0.270119348855325569 0.000000000000000000
-9.185472500987232891 -11.687419122339461452 0.000000000142928314 0.437233325187653232 0.000000000000000000
-7.964083606117843495 -10.615446183116844736 0.000000000915242415 0.293630233872351765 0.000000000000000000
-5.662540389668843765 -10.725682647733412622 0.000000000132670705 0.259448844364370768 0.000000000000000000
-8.279247409893574883 -13.208774116953282629 0.000000000120079939 0.381224213171216242 0.000000000000000000
-8.476597654714423058 -11.143897684670612591 0.000000000384484668 0.327030949731956178 0.000000000000000000
-7.669016628126507307 -13.576139161469580330 0.000000000035346923 0.368429734458151970 0.000000000000000000
-6.181961931091104923 -11.627820527787033456 0.000000000804049077 0.099417331166284026 0.000000000000000000
-8.773467017453734584 -10.801073249993754288 0.000000000372646628 0.398227458029341064 0.000000000000000000
1.303057981725536552 -10.949980613911584726 0.000000000000000000 0.453362362245542438 0.000000000000000000
0.684636104942830559 -14.757918171410956631 0.000000000000000000 0.395055500737976406 0.000000000000000000
4.686520327673769692 -13.585450291362441533 0.000000000000000000 0.422777389707418516 1675483.000000000000000000
2.347596057155942439 -11.516743995068635442 0.000000000000000000 0.313413351447497213 382913.427335557469632477
2.567684474641806158 -12.084840809276402140 0.000000000000000000 0.216265988243937363 0.000000000000000000
1.893190732049633285 -15.389793740897028229 0.000000000000000000 0.384455181712997363 1689668.000000000000000000
1.079564048314252345 -12.306693780902023150 0.000000000000000000 0.282615052326056326 1644228.000000000000000000
4.246449315755986831 -13.783806457035312931 0.000000000000000000 0.352517390954788290 0.000000000000000000
1.782757460059190890 -12.497304084454011530 0.000000000000000000 0.170107377815562510 73432.101605379226384684
1.036540273492841280 -14.783943530423885093 0.000000000000000000 0.354381986060443521 0.000000000000000000
3.954303686552237185 -13.624890996577924795 0.000000000000000000 0.295288260757007204 0.000000000000000000
0.432072420032838633 -13.604697062851140998 0.000000000000000000 0.344022187223383069 1692010.000000000000000000
4.424248738391884928 -11.979863485689540070 0.000000000000000000 0.438114977600672306 1652371.000000000000000000
3.714716391425247455 -14.978361739617387371 0.000000000000000000 0.390163765156056608 0.000000000000000000
2.058967107261789220 -11.186274211658027156 0.000000000000000000 0.375501908187127031 0.000000000000000000
9.490286653808256645 -9.005994425022704419 0.000000000000000000 0.158189907451659700 1798779.000000000000000000
9.714313561004777497 -7.065897281192263790 0.000000000000000000 0.315631153323677860 1800819.000000000000000000
10.428262410245881853 -9.345390583115632310 0.000000000000000000 0.105901396190061212 1784636.000000000000000000
8.854536654377859861 -9.232811526282837633 0.000000000000000000 0.278242156189623169 1784189.000000000000000000
9.154047696850149407 -7.545540759989414425 0.000000000000000000 0.298904442762796596 1761235.000000000000000000
9.688811637519037845 -8.939813368179921227 0.000000000000000000 0.120960212579067986 422668.999105788650922477
12.230814381780257705 -8.875672000679404761 0.000000000000000000 0.337655698646350588 1800910.000000000000000000
10.177957627978100774 -10.606743773918390517 0.000000000000000000 0.327292694876902268 0.000000000000000000
8.942918232933692479 -9.109057880711384669 0.000000000000000000 0.257076585117951284 1758047.000000000000000000
8.859300680270319361 -10.221435908862302355 0.000000000000000000 0.369800816455430781 0.000000000000000000
12.440880894808854507 -10.155735859208474992 0.000000000000000000 0.447914175781061408 1759308.000000000000000000
8.196175961769140983 -7.411195065863245723 0.000000000000000000 0.448730009879736380 1775530.000000000000000000
10.636714706492256255 -11.315227332599780752 0.000000000000000000 0.453000794947174601 0.000000000000000000
10.853385521812583647 -10.655819894420485383 0.000000000000000000 0.346520978094697618 0.000000000000000000
11.237983508702637181 -6.367373500884466964 0.000000000000000000 0.446432428331423270 251550.072107294690795243
13.687044232302778113 -0.111749844205431381 0.000000000000000000 0.032432396017125928 0.000000000000000000
14.668013862741458908 -1.877053150736841758 0.000000000000000000 0.381640219206502207 0.000000000000000000
10.911427935486036844 -0.304963757159133209 0.000000000000000000 0.471703038200242286 0.000000000000000000
13.319705173127577069 2.115745967969219432 0.000000000000000000 0.368933240736086909 605590.000000000000000000
15.526381199740553640 1.404231144833914424 0.000000000000000000 0.428873906419327211 0.000000000000000000
13.450707150169954218 -1.141581806644367481 0.000000000000000000 0.198532450079640432 0.000000000000000000
14.905863779309708406 0.811296666955782508 0.000000000000000000 0.280782498524316582 601589.000000000000000000
13.613969886365886452 -2.387877728723260429 0.000000000000000000 0.413940443261214319 0.000000000000000000
13.012924883077648275 -1.297985023834865803 0.000000000000000000 0.244076803724798258 0.000000000000000000
12.212956756188772189 0.709215291817947624 0.000000000000000000 0.266898447748295298 0.000000000000000000
12.303841527842253711 -2.229316369902537787 0.000000000000000000 0.445670550816509692 599986.000000000000000000
13.488224231621240179 2.432243870352127857 0.000000000000000000 0.421638263518768430 605047.000000000000000000
12.877909580863866168 2.174131865095353611 0.000000000000000000 0.395360787297115435 600775.000000000000000000
14.341251359771005625 0.639189697543444568 0.000000000000000000 0.180485999522718266 0.000000000000000000
12.486643781244573859 1.720811624485510949 0.000000000000000000 0.353040208052079640 585499.774866275023669004
