-3.591270585530939030 2.224002915857416163 0.000000000000000000 0.379979718131527144 842128.000000000000000000
-2.685271294740023684 6.417789885930094584 0.000000000000000000 0.456420304074085237 843652.000000000000000000
-4.236866555399843470 4.022868439505620231 0.000000000000000000 0.353426017466221321 0.000000000000000000
-2.918517077578754115 6.097044551176898253 0.000000000000000000 0.410138595986203724 838229.000000000000000000
-2.338257504924809549 5.517199792505377509 0.000000000000000000 0.290089664468254405 846253.000000000000000000
-1.965447587688462505 1.944395596404062232 0.000000000000000000 0.350448454928785458 0.000000000000000000
0.025681450666117749 4.367726726769796564 0.000000000000000000 0.415822660483338102 815206.993471930269151926
-1.606706110956851452 4.154838057644098193 0.000000000000000000 0.125322836306689223 0.000000000000000000
-3.338106518941594825 2.146404469086697908 0.000000000000000000 0.365223750173934159 827279.128548201173543930
-0.608409679909740264 3.009036085292966511 0.000000000000000000 0.333312915712434654 843744.000000000000000000
-2.445690756907318963 6.257480991533415526 0.000000000000000000 0.422853901571935198 845787.000000000000000000
-2.926123365155605782 4.625433622239500941 0.000000000000000000 0.176938372539345384 838475.000000000000000000
-1.110594937060530141 2.582518269191132809 0.000000000000000000 0.309998424412167239 841667.000000000000000000
-1.291662966267503432 5.981171123400556233 0.000000000000000000 0.410366092190877885 810431.882055904483422637
-3.303485053883725264 6.135252922397043562 0.000000000000000000 0.440909854061141582 0.000000000000000000
0.139373671571217078 -4.202078657595328615 0.000000000000000000 0.430882254479627802 685372.000000000000000000
-2.290361874344035709 -4.109721189511229333 0.000000000000000000 0.039514650500653559 64290.676212520353146829
-3.983583433522321471 -3.393222256227097944 0.000000000000000000 0.319963594641579807 339523.028570264577865601
-2.055206680501822980 -6.038150057649583680 0.000000000000000000 0.384240805731530966 683120.000000000000000000
-0.868521483520144910 -3.851555198142902814 0.000000000000000000 0.247774113537833435 0.000000000000000000
-3.250469546339787463 -5.369601279218707113 0.000000000000000000 0.317222090664218082 0.000000000000000000
-0.239760175991134944 -4.256217652475219992 0.000000000000000000 0.365590006858630856 427817.048055042861960828
-3.021690930039213185 -6.056115949108428431 0.000000000000000000 0.408893701734270754 129737.564357763461885042
-3.337438777463996420 -1.768324953774173647 0.000000000000000000 0.423843634466097796 0.000000000000000000
-2.460324042925332133 -5.815258781099651664 0.000000000000000000 0.344683340160832519 681548.000000000000000000
-0.367096998683025089 -2.370471559899584690 0.000000000000000000 0.432308652502259194 681942.000000000000000000
-2.202789833705482980 -5.284542167188119421 0.000000000000000000 0.248517805454384483 0.000000000000000000
-3.673951684728245848 -4.614297431620810741 0.000000000000000000 0.283327098882177220 684530.000000000000000000
-4.150563342067979278 -2.914886309431765632 0.000000000000000000 0.379281255092832947 681820.000000000000000000
-0.540585561726055097 -4.749464082830388456 0.000000000000000000 0.342262225202945081 395931.459329387056641281
2.096535665013615546 -0.394726483903735603 0.000000000000000000 0.436547716919721329 0.000000000000000000
6.348229572129204357 0.777526966629090488 0.000000000000000000 0.354786475967958259 760920.000000000000000000
3.919981072454797211 2.590306822212322224 0.000000000000000000 0.472397040470256879 0.000000000000000000
4.416024649518141665 2.672794026560490366 0.000000000000000000 0.475203865144044613 758412.000000000000000000
3.222698027782485042 -0.129710278380979815 0.000000000000000000 0.231332478518208984 763084.000000000000000000
2.008751082734196114 -0.179117607142728397 0.000000000000000000 0.447640428752263231 293143.314269631635397673
4.682782869579463991 -1.871174988110537285 0.000000000000000000 0.333769523367713705 0.000000000000000000
4.885484231224477725 -0.039868428484575967 0.000000000000000000 0.066555175053885487 473367.486389348807279021
6.645262229507622465 0.267770105702155981 0.000000000000000000 0.382763761691222226 756986.000000000000000000
3.360773256464333336 -1.551179634272872088 0.000000000000000000 0.343978043805044820 0.000000000000000000
5.508808996641926470 -0.850554535061550321 0.000000000000000000 0.232872925152086713 0.000000000000000000
2.477214660261199075 -0.457683525576724148 0.000000000000000000 0.372046206595667117 0.000000000000000000
5.350047151609443219 -1.805867795440988077 0.000000000000000000 0.353567700543652774 762145.000000000000000000
4.850438559885250633 -1.530077851737815742 0.000000000000000000 0.278319327332767263 0.000000000000000000
4.192751919281711537 2.114449926454893713 0.000000000000000000 0.380092289418205331 0.000000000000000000
10.843305911854839607 8.945162339920926797 0.000000000151567618 0.096036318010178048 844952.000000000000000000
11.762526947400871791 9.919455133255999257 0.000000000826688403 0.325931134036899495 844596.000000000000000000
9.795604608018729564 6.317665278292923681 0.000000000641804724 0.437407271227984340 0.000000000000000000
10.285841349313528781 6.552450556670993187 0.000000000804913308 0.385123533851864874 837410.000000000000000000
10.929327374369171011 11.246128184459195154 0.000000000734572001 0.450002711720285720 837840.000000000000000000
8.185625733284537020 10.131717015053395059 0.000000000307702486 0.454698649826840606 837395.000000000000000000
10.383271778499061355 9.549948321230340653 0.000000000134460060 0.140822104046503915 0.000000000000000000
11.727327547875663782 10.651529155201515664 0.000000000663843423 0.414704116774798071 0.000000000000000000
8.172910585804956440 8.950358375186565851 0.000000000363677984 0.387988528748841821 149283.932534345804015175
8.194868517547739373 10.091067560060585251 0.000000000337947369 0.449509110995775785 844563.000000000000000000
9.515801280357482739 9.010443457284280200 0.000000000283844016 0.154069416403620013 845898.000000000000000000
8.292123229899999615 9.218543013941733477 0.000000000902903286 0.374368646244753023 712110.637396972160786390
10.518408739176399180 6.698206113412036977 0.000000000405035616 0.360706325310720499 840616.000000000000000000
10.725670953545600739 9.726534131605042433 0.000000000849229153 0.184710024149056212 837339.000000000000000000
9.850424106593841600 8.118293846388509039 0.000000000191756655 0.140870882312112006 0.000000000000000000
0.772129484732583693 11.866401372233269740 0.000000000000000000 0.375017820333595875 922547.000000000000000000
0.253427485497373040 12.863788801852811261 0.000000000000000000 0.378083438108468173 467092.145739734522067010
4.497500330444112571 13.248117214417185039 0.000000000000000000 0.385548405578955533 919006.000000000000000000
2.683985438312566529 15.724141250964340344 0.000000000000000000 0.440178390698138355 918212.000000000000000000
1.425276809812745515 13.674949718749193295 0.000000000000000000 0.176870388034089776 861034.836378157488070428
1.291316301012936263 13.735890577687714043 0.000000000000000000 0.203095726115604308 0.000000000000000000
4.350208388484603006 14.718060966531023581 0.000000000000000000 0.441378889678019914 922797.000000000000000000
4.466255503892062606 12.572160745451887109 0.000000000000000000 0.400083441327307443 0.000000000000000000
1.207339533562529210 14.146822006237002256 0.000000000000000000 0.253711245801691243 0.000000000000000000
1.473107036752854482 13.999434500748654031 0.000000000000000000 0.200334681961121419 926350.000000000000000000
3.956615944646931116 13.329742939104125554 0.000000000000000000 0.289281694892205621 0.000000000000000000
0.852327827068041111 15.182213966240388103 0.000000000000000000 0.430093995586898037 0.000000000000000000
3.783246973644503797 12.041993310621270652 0.000000000000000000 0.339062677430870762 917366.000000000000000000
3.113895790874988023 14.673643514751804062 0.000000000000000000 0.284860926048338736 81840.429104013397591189
1.046977676341997787 11.355698772258651985 0.000000000000000000 0.411992400248072543 73664.799887900706380606
-4.301243311853743201 11.893868772752316687 0.000000000787257874 0.434390975980730620 1772941.000000000000000000
-5.430506068690236887 10.683818704371830677 0.000000000411705892 0.295758134410276485 1685276.000000000000000000
-7.723726789339480092 10.239237061375217053 0.000000000413111590 0.315657008755611035 1711277.000000000000000000
-5.402483397644093799 13.022578836673163849 0.000000000691606584 0.331035096579045118 1736717.000000000000000000
-4.648949872627895274 10.828630653465907585 0.000000000433296450 0.403465532313332043 913383.044456053175963461
-6.829123741612594500 13.006892873711100478 0.000000000692690666 0.228655247501289016 1770481.000000000000000000
-7.290923468921191031 11.549577059790340883 0.000000000553311817 0.103946077195402317 689433.462232924764975905
-6.116425268995214104 10.364426045663376996 0.000000000190969934 0.263777841138801927 0.000000000000000000
-4.508952129523692953 12.396266910083385326 0.000000000853140775 0.414086930396746267 415956.562678858055733144
-8.901378989173528211 11.777291822522492737 0.000000000588582170 0.386711906551364393 1628105.456457574153319001
-6.427202473242989988 9.096888229508202528 0.000000000504174953 0.467340727596534444 1158184.360813745297491550
-8.186562682585840633 11.940714551492462192 0.000000000805528476 0.262136285408886782 0.000000000000000000
-4.451376842453086624 12.601708137690582845 0.000000000419754514 0.435648115497545063 440838.483988211839459836
-5.734819511540018233 13.465344013630131670 0.000000000012286795 0.356900760156656782 0.000000000000000000
-4.901598198584431465 10.280064780276914504 0.000000000225600270 0.414143193608762117 1687751.000000000000000000
-13.898346018179108086 6.053646247256658341 0.000000000000000000 0.318633232907451602 1048304.000000000000000000
-13.508381892892453280 4.301645765485342388 0.000000000000000000 0.156145078782858354 1109512.000000000000000000
-11.123359984157769276 6.557601381501494409 0.000000000000000000 0.433196476962724120 1109309.000000000000000000
-14.765126675288630764 3.200331332963852748 0.000000000000000000 0.446422168149677945 0.000000000000000000
-13.644746479145567264 5.105153770210722364 0.000000000000000000 0.181827313382066230 0.000000000000000000
-13.911195859442631928 4.367214907874704899 0.000000000000000000 0.220296361157155701 0.000000000000000000
-14.684183952979303456 6.227639294966061279 0.000000000000000000 0.442029704253590894 1093032.000000000000000000
-13.782669555885002310 2.465153467362588113 0.000000000000000000 0.428750616342940372 0.000000000000000000
-13.494236485378806378 5.601151447254614446 0.000000000000000000 0.212229183139358485 1131854.000000000000000000
-11.692641219164784161 3.128251646752816306 0.000000000000000000 0.325637029428681724 1055095.000000000000000000
-14.412584648303544910 3.874894361674289023 0.000000000000000000 0.333417882552831946 1092758.000000000000000000
-11.839251184966013142 5.423723113125167750 0.000000000000000000 0.202744148454483741 1041339.000000000000000000
-12.913685285229680844 3.027607683972864727 0.000000000000000000 0.289186240093370461 1059277.000000000000000000
-14.051048359952785560 2.444307286911752364 0.000000000000000000 0.454943756838206426 1103242.000000000000000000
-15.037383084864805127 4.542954783689776121 0.000000000000000000 0.414967694392054665 1081669.000000000000000000
-13.922526450972878109 -3.620869417295520254 0.000000000000000000 0.283091530289311943 0.000000000000000000
-12.085948345636628787 -4.186650928517881454 0.000000000000000000 0.140831596383094698 0.000000000000000000
-14.900516764504700973 -3.213134061774063355 0.000000000000000000 0.465143164261384190 764237.000000000000000000
-12.874967386537690572 -6.182364980939008881 0.000000000000000000 0.262978908543227363 588058.996928504318930209
-13.908904015606598392 -5.912477246097723516 0.000000000000000000 0.302064643595680138 764335.000000000000000000
-12.278936492100966049 -6.674352342063698096 0.000000000000000000 0.355820506072832388 0.000000000000000000
-13.540527502055585529 -4.093608878988858280 0.000000000000000000 0.179078926380768055 766327.000000000000000000
-10.979969421745115810 -4.210093600685707926 0.000000000000000000 0.319551659943602018 0.000000000000000000
-14.591879623608505767 -4.621665877808506906 0.000000000000000000 0.335045632824331363 0.000000000000000000
-13.401641308138158237 -3.920210504288717424 0.000000000000000000 0.180024449799692537 0.000000000000000000
-14.035673155133315149 -2.425447938326729336 0.000000000000000000 0.456320462384321446 0.000000000000000000
-15.130577597007093260 -5.653147593326871778 0.000000000000000000 0.462711632460413580 0.000000000000000000
-14.129589003160301530 -6.781267043074379330 0.000000000000000000 0.443435648808729432 158547.614829530008137226
-12.498955447173784705 -4.698848378604176368 0.000000000000000000 0.038333586929283035 0.000000000000000000
-12.827371017494478167 -4.426815523050687595 0.000000000000000000 0.048284310305560359 760285.000000000000000000
-8.586630336162015098 -12.283086929359116724 0.000000000929373152 0.345191695119046793 0.000000000000000000
-5.873366482858117799 -10.024072650307449095 0.000000000290752864 0.336977046957309512 0.000000000000000000
-5.322701823886324846 -10.693209397546443284 0.000000000248357585 0.310090794921722201 0.000000000000000000
-5.941787116782522915 -12.317963272264877972 0.000000000332189217 0.176431858447267609 0.000000000000000000
-7.734120912064222253 -9.452186227172022726 0.000000000043049087 0.438682824988178788 0.000000000000000000
-5.746596531698253685 -12.635206714165638786 0.000000000519811880 0.239253263266586941 0.000000000000000000
-7.306007154862802722 -13.126295408387029795 0.000000000290350336 0.269179456254259264 0.000000000000000000
-6.032453099775330507 -13.877261003889033830 0.000000000774804553 0.402165558132779599 0.000000000000000000
-7.757029798774883744 -12.453118749666952425 0.000000000707736086 0.224090669637964118 0.000000000000000000
-7.256948966280623026 -11.592183455238579626 0.000000000165845559 0.096134348797103003 0.000000000000000000
-7.157169842829778972 -13.671527900464475636 0.000000000233954844 0.353701221106479557 0.000000000000000000
-7.154011423871550868 -11.664079907507851175 0.000000000811379663 0.075765290134217650 0.000000000000000000
-7.047786147766764486 -10.848001668842790934 0.000000000366284030 0.163993239400892277 0.000000000000000000
-8.725267892300516692 -10.611074818679954390 0.000000000456107780 0.405476158009666021 0.000000000000000000
-8.633070012661736570 -12.943821972638025031 0.000000000397012763 0.401965338568186281 0.000000000000000000
2.395320734992039569 -12.009659919385621052 0.000000000000000000 0.225892245432619959 0.000000000000000000
3.765827388768624662 -11.533223109898925074 0.000000000000000000 0.401686943258038609 1646656.000000000000000000
3.698723107044429970 -14.591242214889716067 0.000000000000000000 0.337428921688234740 1668480.000000000000000000
3.295710738654063388 -12.355101206990996232 0.000000000000000000 0.237216902541152241 723514.423880387563258410
1.998693407828725066 -13.387494390023626067 0.000000000000000000 0.062993267068207917 1672767.000000000000000000
3.340834626462102719 -14.237972788770747457 0.000000000000000000 0.247903288792958143 1598420.000000000000000000
4.078568343919472206 -13.286085037146131427 0.000000000000000000 0.310865233651163475 0.000000000000000000
2.100900283461494045 -15.046882352422745299 0.000000000000000000 0.317979260627879179 1598842.000000000000000000
2.523484659690387044 -11.716102284673349132 0.000000000000000000 0.279926059665784599 1665695.000000000000000000
3.242465282383069525 -11.341744788428798074 0.000000000000000000 0.380564372223861691 1626149.000000000000000000
1.679897768274869030 -13.071633775777442565 0.000000000000000000 0.122228441138728230 1670548.000000000000000000
0.586838209780764286 -12.217191483748484515 0.000000000000000000 0.364175675998409942 0.000000000000000000
0.103499486667324864 -13.447188541497830272 0.000000000000000000 0.398731897229114840 1617067.000000000000000000
2.698326915970464146 -10.700397703404135541 0.000000000000000000 0.463251063558368426 0.000000000000000000
2.823225729804528683 -13.010921865882931314 0.000000000000000000 0.099155162084859999 0.000000000000000000
8.426961107612639168 -7.570785534922903182 0.000000000000000000 0.398970102560485262 1804870.000000000000000000
10.009923170868257003 -8.475289361701245028 0.000000000000000000 0.075915580548160305 1799236.000000000000000000
8.846977576826388301 -7.204432293097196904 0.000000000000000000 0.380066125877732530 0.000000000000000000
9.685120004148977557 -7.413688606393110447 0.000000000000000000 0.261727911224930276 1761036.000000000000000000
10.529220063847606781 -11.409910507907527588 0.000000000000000000 0.467796247457421654 1727069.774219760904088616
10.031847214814010982 -11.055348961350944137 0.000000000000000000 0.408490172962318709 1783396.000000000000000000
12.884639641918120390 -9.146394344766159534 0.000000000000000000 0.458741880194008966 1841301.000000000000000000
11.780284298231801898 -8.590237326492440317 0.000000000000000000 0.258097720373247796 0.000000000000000000
9.861346342242793384 -8.892118732954800819 0.000000000000000000 0.089091620377885677 1814446.000000000000000000
10.032581980059807947 -9.253700332977095044 0.000000000000000000 0.104335450464885918 1766101.000000000000000000
11.052749003379981119 -7.922350919741091957 0.000000000000000000 0.192419132344887528 1815795.000000000000000000
9.465873632940805749 -11.186766381837538020 0.000000000000000000 0.455678705611551493 1792113.000000000000000000
9.955376582633208571 -7.792214998287723127 0.000000000000000000 0.181209386182171445 1853920.000000000000000000
9.377402924237520310 -11.247309102672264913 0.000000000000000000 0.471244458962100210 0.000000000000000000
10.990971209070357517 -10.381070138995474039 0.000000000000000000 0.308649720942757555 1758696.000000000000000000
11.061698801154628669 0.374987388069568661 0.000000000000000000 0.446722619903373031 0.000000000000000000
13.652712342738446694 1.199561099033931599 0.000000000000000000 0.208789798173597801 605633.000000000000000000
11.733276029327836198 0.617074926597571793 0.000000000000000000 0.339641342384540079 0.000000000000000000
14.286714521598510075 -1.809684897066310194 0.000000000000000000 0.340156933164123321 159167.392983099416596815
13.761341694160863725 1.546590884670881794 0.000000000000000000 0.270763108034848987 0.000000000000000000
11.572683983803921492 0.571772816265379236 0.000000000000000000 0.364688976421230937 604964.000000000000000000
14.661870898064247370 0.584772132565389735 0.000000000000000000 0.223915474134607717 69378.790281552152009681
14.029645997938210655 -2.445152368195068426 0.000000000000000000 0.432149259379916384 0.000000000000000000
12.215641676912857960 0.643159139046907136 0.000000000000000000 0.261364055167387976 0.000000000000000000
15.134779583230164590 -1.051530166133537225 0.000000000000000000 0.337168647485843576 601578.000000000000000000
12.882477799092793447 1.824643737797579268 0.000000000000000000 0.337696072025086891 598522.000000000000000000
13.352728000455698520 -2.671853186970573724 0.000000000000000000 0.464395930151816350 602802.000000000000000000
14.591728842166594049 2.249679351898884683 0.000000000000000000 0.431706059629798966 603049.000000000000000000
11.506711818753881715 -0.466205590441925888 0.000000000000000000 0.371580841082852775 0.000000000000000000
15.796486006385288547 0.218079723685150967 0.000000000000000000 0.403789416755015007 606045.000000000000000000
