-4.718823769258070122 4.241045646466666597 0.000000000000000000 0.442935337169838406 420534.503975704719778150
-1.081243641266173450 3.200698804729690483 0.000000000000000000 0.243082428369499892 700636.173723037703894079
-0.031694607994888900 4.613267198578498984 0.000000000000000000 0.417189360055081282 0.000000000000000000
-3.203090085578057078 4.119443360258116194 0.000000000000000000 0.173278520979714717 0.000000000000000000
-4.358372977302590989 5.340908252190718741 0.000000000000000000 0.454637170849418071 66507.836267844148096628
-1.971529659937563350 2.573771836403658586 0.000000000000000000 0.239961525220162952 837145.000000000000000000
-0.956211500823730964 2.134504106808302826 0.000000000000000000 0.389438798789542517 0.000000000000000000
-0.110849813630102698 2.550005198458434208 0.000000000000000000 0.451066844427528257 840370.000000000000000000
-3.241785206410456421 1.664329112771132824 0.000000000000000000 0.433259987124693546 846565.000000000000000000
-4.208268735140253902 4.996621038380950175 0.000000000000000000 0.399418139188854271 117197.280415397239266895
-3.997819091226026522 5.329619046148096118 0.000000000000000000 0.402150054277138569 845063.000000000000000000
-1.600434193782197978 2.679640954898931060 0.000000000000000000 0.245434991933030117 0.000000000000000000
-3.843490871477041715 5.144166469489708682 0.000000000000000000 0.360031461314357315 0.000000000000000000
-4.415466372113405313 4.825389399825952275 0.000000000000000000 0.418913539254722744 0.000000000000000000
-1.047174878900557049 5.727265539365859581 0.000000000000000000 0.392018328876047761 0.000000000000000000
-4.341703888802821432 -4.984074508760417466 0.000000000000000000 0.419222231802573675 686393.000000000000000000
-1.882180287873939539 -3.137730293132491521 0.000000000000000000 0.149844941143191857 214699.498353102855617180
-0.217936183669702632 -5.266573285260675696 0.000000000000000000 0.438567671097726597 0.000000000000000000
-0.697503830351297704 -5.584769380618305412 0.000000000000000000 0.410489861804111678 0.000000000000000000
-3.204403768589954016 -3.850918903874010368 0.000000000000000000 0.168782561700084766 682765.000000000000000000
-2.297342198162565907 -5.379417537547920070 0.000000000000000000 0.265299673759910815 0.000000000000000000
-2.340750598479266031 -3.244541043789469725 0.000000000000000000 0.115917541684288236 680461.000000000000000000
-2.855580918186168660 -2.571361162958997415 0.000000000000000000 0.257821359538500217 0.000000000000000000
-2.479585610415851349 -2.394181803801862962 0.000000000000000000 0.269302180571893646 0.000000000000000000
-3.843145263039648096 -2.776256327780764810 0.000000000000000000 0.345088782481506484 0.000000000000000000
-4.446107763529004941 -5.394169642053341818 0.000000000000000000 0.472878170481007665 686528.000000000000000000
-0.936331843311736689 -4.891055846520862893 0.000000000000000000 0.295457489150886765 678069.000000000000000000
-0.635760722573518899 -5.135435347429516462 0.000000000000000000 0.364452464623488626 0.000000000000000000
-1.660127959628904692 -1.853646593384943086 0.000000000000000000 0.378070492173451511 679594.000000000000000000
0.041367888005916002 -3.091213709990420000 0.000000000000000000 0.433836553829324234 0.000000000000000000
6.301613570194500191 1.978659032988363320 0.000000000000000000 0.474028622917536169 761779.000000000000000000
4.816831319245770793 -2.118717680811085469 0.000000000000000000 0.380193596005631462 0.000000000000000000
3.923282908034032346 -1.693012647825473449 0.000000000000000000 0.318813219051516050 763974.000000000000000000
6.462102099483135298 1.169922228329251634 0.000000000000000000 0.404464695822780995 761559.000000000000000000
4.563673981367647237 0.858887195326590525 0.000000000000000000 0.152855358705202504 757976.000000000000000000
3.445705855624294767 1.199500399935171657 0.000000000000000000 0.285910866210317249 761906.000000000000000000
4.224714189855625968 0.175575828960467833 0.000000000000000000 0.060295300002278937 0.000000000000000000
3.514939757300818979 0.577360895790584139 0.000000000000000000 0.205559509056512463 761520.000000000000000000
3.358469620712086101 -1.072105765598719396 0.000000000000000000 0.280649923970062332 762708.000000000000000000
4.033114872600052081 -0.351270197869804068 0.000000000000000000 0.106064965617692353 763648.000000000000000000
4.809805064165142419 -1.171023047671186035 0.000000000000000000 0.214589072102928879 0.000000000000000000
5.701570550380274049 -1.833856877703283983 0.000000000000000000 0.388265800911275216 758520.000000000000000000
4.942392636942886774 2.568151208319695566 0.000000000000000000 0.462463654419442871 766264.000000000000000000
3.206318819513310103 0.434261114129523174 0.000000000000000000 0.245555790585414185 0.000000000000000000
6.140377165200865406 -0.242061306385181696 0.000000000000000000 0.292997298014490370 758011.000000000000000000
9.000393903785559147 7.468713164745056865 0.000000000063478560 0.327996826497380323 842828.000000000000000000
10.360025959594988620 11.254808400545913472 0.000000000235647350 0.439538092364477717 845716.000000000000000000
8.433535567441067471 7.424072461292301917 0.000000000231370936 0.411973245714798819 0.000000000000000000
11.156415314482549306 8.374568696461642148 0.000000000334731032 0.159444543855470855 0.000000000000000000
12.360377452134505560 8.549581365775651420 0.000000000227868429 0.361674209095285804 838257.000000000000000000
11.862012408544185149 9.821758007456832473 0.000000000180260426 0.329862578183015176 845301.000000000000000000
11.135797894263296470 11.066657506312683523 0.000000000653634993 0.430051585815968529 0.000000000000000000
12.321503575290543964 8.093649709649984203 0.000000000638696436 0.371133564403264726 837936.000000000000000000
8.064012429649766389 8.628530598227044379 0.000000000651843662 0.406301818294336314 844369.000000000000000000
8.730886677950859820 9.856023701887943744 0.000000000518043492 0.346765681296168193 214473.645709410455310717
11.382079880421176910 11.182036036562152503 0.000000000922391863 0.464728008047857633 0.000000000000000000
9.481683612205152656 10.695312212982624800 0.000000000746828903 0.374607347063742990 844119.000000000000000000
11.241135047244247502 7.781002457545993956 0.000000000803946483 0.233306525347074856 0.000000000000000000
8.593005913225864489 10.068303298900550757 0.000000000310029545 0.388450193069025951 837148.000000000000000000
10.566657280314988299 7.070342941470920017 0.000000000749973376 0.296809744082335403 846436.000000000000000000
-0.193433133745836344 13.170327280923965318 0.000000000000000000 0.450880234550824599 923077.000000000000000000
2.773857748627480913 15.902153651929253897 0.000000000000000000 0.473932953320055916 0.000000000000000000
1.383041202028105765 13.993435588430010341 0.000000000000000000 0.212240721691636158 919807.000000000000000000
0.761680400167925709 13.686552585293629392 0.000000000000000000 0.289639270084567968 0.000000000000000000
0.702991492412986085 11.683179953135150342 0.000000000000000000 0.406344726608547702 921214.000000000000000000
0.348165274456534390 13.386101122494373783 0.000000000000000000 0.354512001677044275 919239.000000000000000000
0.153159634516715715 14.334685241082015139 0.000000000000000000 0.432006423910556714 920937.000000000000000000
-0.157623379175403200 13.099278524294724946 0.000000000000000000 0.445224868189676937 523480.565413917589467019
2.513500192670937938 13.068028878138306936 0.000000000000000000 0.048995116771532329 39526.308588018488080706
0.371134406477021561 14.616798649457956927 0.000000000000000000 0.423567700660930413 470916.510659976629540324
0.967773121394572167 15.321409436933729253 0.000000000000000000 0.438152185107836101 926833.000000000000000000
1.371188618377319424 13.092576001793970519 0.000000000000000000 0.174767694613032598 0.000000000000000000
1.728635233927589221 12.354108641146369862 0.000000000000000000 0.196617627971858722 0.000000000000000000
4.903091146922876398 13.776174477074496494 0.000000000000000000 0.466321791508659822 0.000000000000000000
2.639496907352791855 13.629080508258374138 0.000000000000000000 0.083033548752140571 922515.000000000000000000
-7.450767319104867781 10.863026833773954394 0.000000000419165096 0.198230998608109582 1696655.000000000000000000
-7.791119949811228906 10.451993375231600325 0.000000000291117862 0.292843109543805824 0.000000000000000000
-6.131473231045751149 11.680526318313923184 0.000000000686032644 0.107318965918999212 1712186.000000000000000000
-9.030622311640335909 12.884261762855903299 0.000000000476160839 0.458374981835419359 0.000000000000000000
-4.367447373086461582 11.297357422065282151 0.000000000847948212 0.428052418721535988 1703575.000000000000000000
-8.341578005029234077 11.611490485172899056 0.000000000244129295 0.287433381346638928 0.000000000000000000
-5.601149553843030482 11.122970861959750266 0.000000000074179459 0.227581927145878937 1721040.000000000000000000
-7.348649546400651822 9.203163138413325228 0.000000000921542980 0.458280003547754833 1693337.000000000000000000
-9.135041667736489401 11.383543365492243993 0.000000000628333664 0.432276653947730238 330010.067545036028604954
-6.258673259330323368 14.090258856117859665 0.000000000407898870 0.428360968887175675 1710649.000000000000000000
-6.244626898280692728 9.571434028783976089 0.000000000867249451 0.390041446216597143 1212458.398316536098718643
-7.605897394366978759 9.206333278302830436 0.000000000865583258 0.470723060631089651 1747350.000000000000000000
-4.234404409209366449 10.862000929335042798 0.000000000253106457 0.470401373377476617 0.000000000000000000
-6.357716156313015787 11.266325296887861995 0.000000000746228974 0.104281793920927610 1728202.000000000000000000
-6.446915189595510576 11.364546674431117879 0.000000000724431531 0.080745198528871548 0.000000000000000000
-15.177993429388003221 5.561491954529818038 0.000000000000000000 0.465142267990439395 1068659.000000000000000000
-12.120201274754423437 3.282060711006255627 0.000000000000000000 0.265092165063587015 1101042.000000000000000000
-14.098435926569228727 5.245650052380343098 0.000000000000000000 0.265798386631544648 421714.510142200917471200
-14.735272347319614994 3.456120737557463851 0.000000000000000000 0.418007419114731771 1107574.000000000000000000
-13.149429553565099127 3.598837868454081601 0.000000000000000000 0.203081504112515437 0.000000000000000000
-12.459206219210757993 5.471273837456036127 0.000000000000000000 0.145135922508366100 974314.055643808678723872
-11.353032351546698209 3.119548733951225561 0.000000000000000000 0.364190198978545543 1099319.000000000000000000
-12.204867137988909320 4.980041468258986193 0.000000000000000000 0.104689574130409468 0.000000000000000000
-11.881355281397347312 5.557587793623807393 0.000000000000000000 0.213107865401120866 1074907.000000000000000000
-13.225815729712445901 4.056760634190155201 0.000000000000000000 0.141501216245893457 1049301.000000000000000000
-12.406912159042946087 2.843229630059244339 0.000000000000000000 0.323956688580154417 1078564.000000000000000000
-13.964556945394912546 5.388365390149851386 0.000000000000000000 0.254791639171139506 679350.809404153260402381
-13.234208539756618705 5.421177993502307224 0.000000000000000000 0.158954965129879722 1073731.000000000000000000
-14.613044871131370073 3.531871922502522576 0.000000000000000000 0.392608882037876306 1073026.000000000000000000
-12.207026437890657888 2.237024329499621267 0.000000000000000000 0.434407505570443775 0.000000000000000000
-13.222293543135386074 -6.507642089838830302 0.000000000000000000 0.330417603170922836 0.000000000000000000
-13.840695786211012930 -5.209695348012752802 0.000000000000000000 0.221113782987054558 758373.000000000000000000
-13.452841537371851288 -4.464033081756112686 0.000000000000000000 0.137029741616961187 758966.000000000000000000
-13.291894756638068742 -2.826181723758003805 0.000000000000000000 0.337866956750537961 0.000000000000000000
-13.792934151153083633 -5.900559730031879724 0.000000000000000000 0.286355172416425274 762490.000000000000000000
-13.173526932520674748 -2.173995151855242725 0.000000000000000000 0.442757600901151682 764114.000000000000000000
-13.983158126541697541 -5.468298481869211969 0.000000000000000000 0.264599362355886158 0.000000000000000000
-10.762668218570404122 -6.123871409950915279 0.000000000000000000 0.429485469511908635 759305.000000000000000000
-14.081360715510857773 -3.124152003049281312 0.000000000000000000 0.363503141849998934 761057.000000000000000000
-10.934317211290757399 -2.928435380498229268 0.000000000000000000 0.440154461255049367 0.000000000000000000
-14.468029044289869134 -5.060096266701277656 0.000000000000000000 0.319730199217048039 759976.000000000000000000
-13.611116605256787793 -5.715966426847434612 0.000000000000000000 0.240922855120280943 0.000000000000000000
-13.955848952341643354 -5.655191960083636893 0.000000000000000000 0.278862582910573309 0.000000000000000000
-14.043543580518328184 -4.016885739740106764 0.000000000000000000 0.263465024879389054 761128.000000000000000000
-11.965732143043709357 -6.327157790368512558 0.000000000000000000 0.316462351536644426 758350.000000000000000000
-6.361762059710533102 -13.198034761115096103 0.000000000311628525 0.270155603926022947 0.000000000000000000
-8.511047286828583580 -9.781445902992485841 0.000000000432652370 0.466448590866681057 0.000000000000000000
-7.197636710756819767 -9.742780322384509972 0.000000000341362152 0.359251524224657059 0.000000000000000000
-6.316778235924978446 -10.343058225044405418 0.000000000472671338 0.254598058974955910 0.000000000000000000
-8.932824155602265392 -11.023128153570343812 0.000000000078742727 0.410948395000815037 0.000000000000000000
-5.876514806943069935 -10.712056467977010499 0.000000000632134973 0.234665007659960734 0.000000000000000000
-5.907578123725875763 -12.478596322152871068 0.000000000563105857 0.199339526359289365 0.000000000000000000
-7.362155980884787176 -13.570497299096720312 0.000000000572585076 0.346255097225907360 0.000000000000000000
-5.779242017744046223 -11.224825871134955335 0.000000000006380621 0.191088896300706773 0.000000000000000000
-5.090780677718711011 -13.623004472757690664 0.000000000750235045 0.446713779066621630 0.000000000000000000
-6.294477074827820040 -10.990958471621242509 0.000000000742523491 0.150656361481233347 0.000000000000000000
-4.900272313801528057 -13.049099127868592163 0.000000000436916652 0.402815772176638276 0.000000000000000000
-4.396793239729895220 -12.766061138074725534 0.000000000595971661 0.455820849857076771 0.000000000000000000
-7.977960879710153108 -10.263295714294002892 0.000000000082584581 0.339790065500482963 0.000000000000000000
-7.986916400494354917 -13.743361073912934600 0.000000000334246652 0.421976263138463370 0.000000000000000000
0.464785664702927426 -11.612310084915520747 0.000000000000000000 0.446016688121392335 1683062.000000000000000000
3.296950115393832981 -13.413418204884449025 0.000000000000000000 0.173280562848043884 831898.606142691452987492
1.660620902390580023 -13.737712266679478645 0.000000000000000000 0.145468326157555644 0.000000000000000000
2.872589197251139481 -11.906358049221889672 0.000000000000000000 0.262160412185063751 476904.262304993113502860
3.374385642930939788 -15.695808761636662609 0.000000000000000000 0.468768560355119601 0.000000000000000000
4.256950790637797688 -12.519927722321803287 0.000000000000000000 0.368151940365965213 0.000000000000000000
3.274756373413204358 -12.711124078355288347 0.000000000000000000 0.195522765163069850 1531348.782643002923578024
1.925557590339083802 -11.773766935427953939 0.000000000000000000 0.277413903742942725 55863.655905765044735745
3.296697572975519464 -12.125143724532007283 0.000000000000000000 0.267278590513651826 0.000000000000000000
1.069283443360347086 -13.691799585482645085 0.000000000000000000 0.237282568095669638 1602603.000000000000000000
1.808701513209011846 -14.915885736405376960 0.000000000000000000 0.306607097747737201 1666234.000000000000000000
2.311918193909777042 -14.751058199015524508 0.000000000000000000 0.262578600685538233 0.000000000000000000
1.857710000398294037 -11.038244373613041560 0.000000000000000000 0.407612655725833384 0.000000000000000000
2.280967756040851224 -11.439845673570625095 0.000000000000000000 0.327242520418885741 1681028.000000000000000000
0.827293474070578072 -12.264041673944447552 0.000000000000000000 0.323552927143831548 1662131.194656851934269071
11.177666739761459525 -7.642312558196049821 0.000000000000000000 0.244434583707990261 0.000000000000000000
9.991750177551535828 -10.997067928407625814 0.000000000000000000 0.399437557327674664 0.000000000000000000
10.473009250140082216 -10.918582084461476711 0.000000000000000000 0.381245602567132469 0.000000000000000000
11.028338484688230636 -11.267849200380206653 0.000000000000000000 0.458035576155690460 1787261.000000000000000000
11.810465523591011205 -8.595271731631257239 0.000000000000000000 0.263355983165360352 0.000000000000000000
11.530920036616269186 -8.826317325323584484 0.000000000000000000 0.212614148748129894 0.000000000000000000
11.230601488413977762 -10.903286515120385047 0.000000000000000000 0.409346682417037644 0.000000000000000000
10.834113128249100555 -7.730768415780208791 0.000000000000000000 0.198754675486840643 0.000000000000000000
10.097537553434875690 -10.407755596375842799 0.000000000000000000 0.294351279011166811 1586555.897682174574583769
11.547255491967799657 -6.540222484696196936 0.000000000000000000 0.442162226782834844 1804295.000000000000000000
11.052611064962826859 -9.239261004335810767 0.000000000000000000 0.153334547072760952 1802858.000000000000000000
8.975333678622025246 -9.435572216104487708 0.000000000000000000 0.271686295946896805 1825181.000000000000000000
11.061694919436838802 -8.189742263049778259 0.000000000000000000 0.161495775605154879 1776489.000000000000000000
9.697464017702881023 -10.609952504435954168 0.000000000000000000 0.346329536535141924 1845948.000000000000000000
10.310099535769198908 -10.392330097303450032 0.000000000000000000 0.288395389103839439 1792214.000000000000000000
14.391946929634046981 2.276856594083894070 0.000000000000000000 0.422036540673072225 0.000000000000000000
16.106271729296068429 -0.407685282706711505 0.000000000000000000 0.462609919061052421 0.000000000000000000
13.090793285631752596 -2.576560419382914802 0.000000000000000000 0.454053974529464499 603236.000000000000000000
15.079100303559851426 1.951745398067187276 0.000000000000000000 0.434498315272433211 0.000000000000000000
15.058592814479109023 -0.719604575129214274 0.000000000000000000 0.297699492068290439 598169.000000000000000000
12.670820830548816360 0.348903292854444991 0.000000000000000000 0.166538427539755951 596567.000000000000000000
14.735544035413361996 2.399675022146777525 0.000000000000000000 0.466219385977659551 596869.000000000000000000
13.054667004510065453 0.340999965643039804 0.000000000000000000 0.104966508659750421 602973.000000000000000000
14.328785580160054991 -2.514259602871996346 0.000000000000000000 0.457060923555810683 0.000000000000000000
14.504011240799140836 -2.136556439796583273 0.000000000000000000 0.407407909582498395 0.000000000000000000
13.312173055039103531 -1.533188414014034828 0.000000000000000000 0.268942635455850620 0.000000000000000000
14.340768701598596735 -1.272517339466967545 0.000000000000000000 0.262274866271231921 0.000000000000000000
15.795288962968283997 -0.317701508370118846 0.000000000000000000 0.405538133663597589 598060.000000000000000000
13.282269281520687088 1.400467899824667573 0.000000000000000000 0.247177736057859976 18249.373081252237170702
11.895289490033944091 0.293235454270866669 0.000000000000000000 0.297762415279234194 598390.000000000000000000
