-4.744271216187408768 4.390365703509398365 0.000000000000000000 0.451894194952266792 764281.244247725699096918
-0.946911546454847430 3.395508343634265014 0.000000000000000000 0.249771027209905350 0.000000000000000000
-0.212725356783869057 5.446252799633248820 0.000000000000000000 0.457972821296780797 840064.000000000000000000
-4.087745504245743788 3.244599981254586041 0.000000000000000000 0.345705302904953271 0.000000000000000000
-0.995762965209195494 4.482799918730725253 0.000000000000000000 0.248538280438648423 843846.000000000000000000
-0.611469944410212740 3.108876742695300344 0.000000000000000000 0.324821950487655831 840712.000000000000000000
-2.247735008046372496 5.706887935713917948 0.000000000000000000 0.323530590951688568 844621.000000000000000000
-2.927621097328462429 6.468535698070575712 0.000000000000000000 0.474266104601769045 840979.000000000000000000
-4.275426771074540611 4.361901857893123235 0.000000000000000000 0.369173579158801946 842685.000000000000000000
-2.570322691187078679 5.249617924163003657 0.000000000000000000 0.248378937394565846 0.000000000000000000
-4.322911714738565614 2.655922165795379986 0.000000000000000000 0.428503542380409275 640071.054349976708181202
0.088242637681767808 4.751999564751079319 0.000000000000000000 0.445468588455774528 0.000000000000000000
-0.189221449202884695 4.956192516050156982 0.000000000000000000 0.414765557490634595 511794.723391920968424529
-4.898925642496627653 3.555609131004820789 0.000000000000000000 0.474354186818476742 841736.000000000000000000
-4.059820625913967085 4.470499571355285084 0.000000000000000000 0.337281515911898477 838468.000000000000000000
-3.141820519732920314 -2.695172903587027768 0.000000000000000000 0.264687515270536688 679420.000000000000000000
-3.014449017804400555 -4.205520414402906582 0.000000000000000000 0.146007915641303720 677105.000000000000000000
-2.149003570698199361 -4.192909638517551940 0.000000000000000000 0.057320976184641534 220214.768464457854861394
-0.930300823231012153 -5.626056344889038385 0.000000000000000000 0.389400644125150186 645728.998080157209187746
0.180724599110370671 -4.583631356539028978 0.000000000000000000 0.451868030220723915 0.000000000000000000
-0.914287427450603540 -2.421598953929163134 0.000000000000000000 0.354703021941260632 682274.000000000000000000
-2.350112281372386480 -4.178991523811673936 0.000000000000000000 0.053977324358645828 681109.000000000000000000
-1.797365100866894716 -2.159794953272681894 0.000000000000000000 0.318955548144153833 0.000000000000000000
-2.966949053218490562 -4.801084140203291994 0.000000000000000000 0.205565278597013096 0.000000000000000000
-0.720280715112313286 -5.529106847288619342 0.000000000000000000 0.400464620456173759 678216.000000000000000000
-1.443029056815219313 -2.165613374967866989 0.000000000000000000 0.339813731456609036 0.000000000000000000
-0.932786698930594960 -1.766327304787294494 0.000000000000000000 0.446024842346261274 685062.000000000000000000
-1.988452323003772504 -5.915869543741067105 0.000000000000000000 0.363956413993702488 676718.000000000000000000
-3.419743244152873451 -4.569082603530154607 0.000000000000000000 0.239705945738508203 682391.000000000000000000
-0.505701029907706823 -1.924193505012712802 0.000000000000000000 0.469269514100156493 0.000000000000000000
6.751461996620631290 1.375079916021667792 0.000000000000000000 0.467381691741281191 763625.000000000000000000
3.431471253332275317 1.875066358084887197 0.000000000000000000 0.385183935668122979 405713.577450657146982849
3.962759605289084330 -2.484182013639476772 0.000000000000000000 0.452310532657255959 760313.000000000000000000
3.149881950763868677 -1.144930479349579144 0.000000000000000000 0.317132070656426401 0.000000000000000000
5.174402198209540948 -1.764512936329346138 0.000000000000000000 0.334717519577052758 0.000000000000000000
5.587421066485395826 -0.718393519479209597 0.000000000000000000 0.229902913437863538 764642.000000000000000000
4.565543346877453779 -0.818162530845031211 0.000000000000000000 0.145652967769265174 764813.000000000000000000
4.126636951461301273 -0.167545228579236261 0.000000000000000000 0.075219374875249587 0.000000000000000000
3.075971070359330817 -1.330191493293327198 0.000000000000000000 0.348788508739161507 605061.701649179449304938
4.093386570265679758 -0.747286302361235721 0.000000000000000000 0.152527149520321842 0.000000000000000000
5.603394619100287244 0.253099641852602641 0.000000000000000000 0.199262777747491932 762309.000000000000000000
5.171430687736712883 -1.177522506044346162 0.000000000000000000 0.239691847973431210 761462.000000000000000000
4.095283698772529846 -1.810018959923977766 0.000000000000000000 0.330227383529471674 0.000000000000000000
4.577683781639666272 -0.852401351382269468 0.000000000000000000 0.151869209004563771 765352.000000000000000000
6.506640878657893978 1.355339861392854894 0.000000000000000000 0.428826888889102920 0.000000000000000000
11.611171800838070212 8.084498473680337582 0.000000000456248623 0.254498149197282808 0.000000000000000000
8.381877318129189902 8.402856099520779054 0.000000000185079942 0.354348738360408144 846026.000000000000000000
8.959787186895164623 8.947035340684809768 0.000000000927724004 0.248590808642316974 837121.000000000000000000
9.779434938572865832 9.443457778919777112 0.000000000015690271 0.157808166899636032 454186.171766143583226949
9.744538540724498432 9.556839394739569116 0.000000000003337543 0.177318974778155336 846730.000000000000000000
9.803014574938748282 9.899770403092921001 0.000000000206050558 0.223695667421885985 837462.000000000000000000
8.106427188163598530 7.653016691996894494 0.000000000794759391 0.442333245345988113 838647.000000000000000000
11.416821791919026907 11.121362420640659607 0.000000000451150341 0.457552119898715526 845751.000000000000000000
10.592885577473197145 10.734874949013301304 0.000000000106273760 0.351138089994703639 0.000000000000000000
9.523585060864272478 7.752193434610063605 0.000000000222790460 0.227537449475502057 839269.000000000000000000
11.995044581358641267 9.706900571661932986 0.000000000475150285 0.339229430488763362 841423.000000000000000000
9.199489207593043005 9.875749110955430510 0.000000000367613155 0.283917621012688748 0.000000000000000000
8.970432419340424346 6.945509499493944361 0.000000000693134284 0.399921106693276796 0.000000000000000000
11.959748004073569305 7.898284552803418457 0.000000000748474940 0.324607001295166953 841194.000000000000000000
10.449577673239128117 9.257259978617383922 0.000000000427689291 0.091376106091007880 0.000000000000000000
1.002556779160755696 13.582019614165186994 0.000000000000000000 0.243510312134544743 0.000000000000000000
2.578649333266401555 11.975907681630365786 0.000000000000000000 0.235681858576987951 917505.000000000000000000
3.931943890440487532 15.398905562246975265 0.000000000000000000 0.472924964210121812 923096.000000000000000000
0.912438704420140967 14.044815490546220360 0.000000000000000000 0.287999804170229301 0.000000000000000000
2.446890809765304375 12.691618184919093437 0.000000000000000000 0.106104654738066642 923327.000000000000000000
2.040404580685617475 12.826052081240808533 0.000000000000000000 0.095848169439447586 917561.000000000000000000
2.486551466104359509 10.730636341683126744 0.000000000000000000 0.454152654963542013 922598.000000000000000000
2.648122496229254885 11.169697270820956092 0.000000000000000000 0.379298713093936035 0.000000000000000000
2.214626054877542050 10.762911576672081537 0.000000000000000000 0.448147815972444741 919214.000000000000000000
0.847953122087365507 11.585782447142589646 0.000000000000000000 0.401135352250578836 926743.000000000000000000
1.744762122194326137 15.033872363093303548 0.000000000000000000 0.330130921029919977 0.000000000000000000
1.642162556315996724 15.260454559280995923 0.000000000000000000 0.374239145498358350 925342.000000000000000000
4.752545216527055416 14.245205196398050163 0.000000000000000000 0.464105240998082480 924661.000000000000000000
3.708056286801374668 11.938344833964084302 0.000000000000000000 0.341574162533657799 921069.000000000000000000
4.666495843625171780 13.665211745140052102 0.000000000000000000 0.421332771362363911 918965.000000000000000000
-7.816910012635786664 12.160586885794751666 0.000000000415414507 0.208494001636693904 0.000000000000000000
-7.002624347349987843 13.680962041562294118 0.000000000784105330 0.350554740828194100 0.000000000000000000
-5.435774369603706191 11.202145198152765104 0.000000000924590175 0.248566190633815437 1749663.000000000000000000
-6.148844343566024939 12.967517285780033376 0.000000000016824098 0.244418365163950990 0.000000000000000000
-7.412114070893023765 12.760300266677406356 0.000000000580114640 0.220508529810679033 1683024.000000000000000000
-8.497918794258831454 11.648648456831441678 0.000000000435465805 0.314914916986279936 849244.407882258063182235
-5.051474511557948688 11.415892716791459449 0.000000000563434343 0.304357093041032478 1340519.414472220232710242
-4.646608618890621933 12.544699828935506503 0.000000000587632609 0.399555148521614001 1755929.000000000000000000
-4.148782321996370648 11.130333813959888190 0.000000000153072499 0.472120155828202548 1681087.000000000000000000
-7.102107544780334791 12.660695639097964360 0.000000000315102691 0.179238655493149518 572459.996625332161784172
-5.111287953269338935 13.765845244761116817 0.000000000410845600 0.463849635566447704 1711718.000000000000000000
-6.920053585140932384 10.526555745723186419 0.000000000491110872 0.213598328593099906 1758243.000000000000000000
-5.487908781573065831 10.855160147094533585 0.000000000218294803 0.269467793490603125 1736409.000000000000000000
-5.392205492544655421 13.533200255359320252 0.000000000459214967 0.400579235104956854 1732696.000000000000000000
-5.413993211345783152 12.547940155498825021 0.000000000092555433 0.277157629835443287 1675755.000000000000000000
-14.764020274108350606 3.785448485062556934 0.000000000000000000 0.396940308241506001 0.000000000000000000
-14.370661620770508904 3.779276572354113295 0.000000000000000000 0.334049537199735680 0.000000000000000000
-13.661726311486141583 6.281384992887904417 0.000000000000000000 0.325521765143954311 1127043.000000000000000000
-12.644648403229719946 6.385982671458448223 0.000000000000000000 0.297167105315639835 836543.789566865307278931
-14.018511294480724416 4.426683752267540406 0.000000000000000000 0.236766545888219826 0.000000000000000000
-13.468833404932572861 2.513459411480013728 0.000000000000000000 0.399306894486694153 1066204.000000000000000000
-13.596945219441566977 4.375722597123289148 0.000000000000000000 0.166095455663946762 1041594.000000000000000000
-11.846444989809706172 4.027254987215688864 0.000000000000000000 0.191667044990766533 0.000000000000000000
-11.421445166556749129 5.206074525502008221 0.000000000000000000 0.247915049168260709 1067949.000000000000000000
-10.950765735548007029 2.784694825751378389 0.000000000000000000 0.455869336737777242 42848.587423310083977412
-13.744402671861243093 5.056812386989096630 0.000000000000000000 0.195201327484479020 1085383.000000000000000000
-10.182691036326540157 4.583311591209026759 0.000000000000000000 0.451315024619899252 1111735.000000000000000000
-14.124345994001023641 6.307016200414929052 0.000000000000000000 0.378138427731641247 1055639.000000000000000000
-11.257143146814364343 4.921174287027930028 0.000000000000000000 0.262945825907233754 0.000000000000000000
-14.056460696294713841 6.958784816529417938 0.000000000000000000 0.462225939140736453 0.000000000000000000
-14.546508477946714422 -4.463278170723169680 0.000000000000000000 0.328935322926160123 766124.000000000000000000
-14.527948951486770568 -3.144996771200611718 0.000000000000000000 0.418599524903574438 0.000000000000000000
-10.493978357375910448 -5.517631050427217687 0.000000000000000000 0.421782947510484951 760614.000000000000000000
-14.681768514900587874 -4.402699460263701958 0.000000000000000000 0.354159670976568142 758340.000000000000000000
-12.249958983187390515 -5.136954282684828677 0.000000000000000000 0.114798838504701323 332252.887586245255079120
-10.992928533027452431 -4.124614186554167894 0.000000000000000000 0.321481987764770605 758699.000000000000000000
-13.629263592982095332 -3.200077149016363975 0.000000000000000000 0.304176037825973244 0.000000000000000000
-14.462113804319717048 -4.259156343660512434 0.000000000000000000 0.320128602577509802 0.000000000000000000
-12.042081286555122333 -2.695622703920164120 0.000000000000000000 0.365372975847531034 0.000000000000000000
-12.167962925730764212 -6.408696735041965020 0.000000000000000000 0.316429343133894703 0.000000000000000000
-13.734102714192669481 -2.382558829109858500 0.000000000000000000 0.437999105670109690 0.000000000000000000
-10.524767689845123897 -3.229447290538771664 0.000000000000000000 0.464896957790321863 758231.000000000000000000
-13.835816946360552038 -5.683510948511415251 0.000000000000000000 0.265416701588564286 757454.000000000000000000
-11.146495784819741459 -2.508633140745125889 0.000000000000000000 0.470270153358578136 758209.000000000000000000
-15.147581362278145889 -4.587662814714776438 0.000000000000000000 0.434228309282867986 358280.989972462470177561
-7.152240377144178041 -12.799353840322705622 0.000000000359001413 0.205330096497927855 0.000000000000000000
-7.601242540231063494 -9.955159230353823219 0.000000000136674620 0.348174511363159300 0.000000000000000000
-5.372284849803672380 -12.872861198316668307 0.000000000672125250 0.317188441681351352 0.000000000000000000
-8.924164213890234620 -11.295326893231663945 0.000000000835012298 0.397717824599101821 0.000000000000000000
-8.791175803605419503 -12.694959847073045367 0.000000000029958550 0.405412533605469361 0.000000000000000000
-8.133478432536257685 -9.848989780392054527 0.000000000025284914 0.414153976787855316 0.000000000000000000
-7.596513864095519430 -10.237393234631817052 0.000000000170797747 0.303862151846007622 0.000000000000000000
-5.677884724413435613 -12.402931103903107157 0.000000000699695975 0.223663747510723820 0.000000000000000000
-6.080744493180537447 -12.911066521563196119 0.000000000148532942 0.241030288621742750 0.000000000000000000
-5.375012000455279271 -12.229396265931518073 0.000000000038765892 0.258308829382029537 0.000000000000000000
-6.960767926273863537 -11.644467904782507262 0.000000000271065392 0.042768332131001140 0.000000000000000000
-8.002938911369914976 -10.661830057015965423 0.000000000762700355 0.293553551858243444 0.000000000000000000
-6.768197734150917633 -13.268464336284463201 0.000000000802786676 0.274387261411896677 0.000000000000000000
-5.970373669711640296 -10.863132121998559043 0.000000000032058415 0.203498744678045379 0.000000000000000000
-8.042919836977796777 -13.933027836337299021 0.000000000627134550 0.455762486683084500 0.000000000000000000
1.688839376310305784 -13.778582011373297078 0.000000000000000000 0.145694509065647515 1596167.000000000000000000
1.741276780755041775 -15.699498404547517438 0.000000000000000000 0.444252328865977431 1625563.000000000000000000
2.283287418033807636 -14.233175673502762137 0.000000000000000000 0.170572587757640171 1594195.000000000000000000
3.626397554875152807 -14.083668631687809025 0.000000000000000000 0.271392708879836797 1653449.000000000000000000
0.577862304958603468 -12.176006989941315695 0.000000000000000000 0.369386227444081450 0.000000000000000000
0.771938608839492169 -12.942753868980902965 0.000000000000000000 0.284742826780259861 307311.513516893784981221
2.683862712262264250 -10.691531918036428550 0.000000000000000000 0.464463643374307789 0.000000000000000000
1.679895614651643498 -11.253775359515609367 0.000000000000000000 0.378709329373072556 1325248.488495466066524386
3.987090083603735291 -11.469918071698765871 0.000000000000000000 0.436023250905943183 1684464.000000000000000000
0.483318012847395950 -12.107219258919769800 0.000000000000000000 0.390172436033766334 82188.433201471692882478
0.891710755353886997 -13.584674953446040035 0.000000000000000000 0.262901196838877860 1671083.000000000000000000
1.028024445057781788 -12.239557577069595240 0.000000000000000000 0.297221104975609718 1607884.000000000000000000
2.584248154651795026 -10.731553401400846681 0.000000000000000000 0.455345004762484462 1481061.837156090419739485
1.370240352248644600 -15.613370039306188275 0.000000000000000000 0.450268485351381031 1622209.000000000000000000
0.307995009098788297 -12.191779091571987692 0.000000000000000000 0.409602945440956046 0.000000000000000000
10.798772521712303174 -11.302883354295069296 0.000000000000000000 0.455022107576920187 872953.862203550408594310
11.869047357663902176 -7.835856570403702648 0.000000000000000000 0.315707922315833445 1309552.783220514189451933
10.956474324599511760 -8.015491750892616452 0.000000000000000000 0.168867814391134297 1766873.000000000000000000
11.605239706865312144 -7.881480513978505797 0.000000000000000000 0.271665011405078816 282156.322615495824720711
10.061801589345877872 -10.294677101852586887 0.000000000000000000 0.275839725473898956 1330766.029451623093336821
11.893208889176417387 -7.833859792335765349 0.000000000000000000 0.319602544377420195 1161819.611701796064153314
8.687840791005436714 -8.626341341601783341 0.000000000000000000 0.295360649584532009 1804225.000000000000000000
8.939444288359380764 -10.935976925129253345 0.000000000000000000 0.458431827559479310 66989.567018794783507474
9.025806581685982266 -10.635145988460500632 0.000000000000000000 0.406006829570461358 171474.118410602852236480
12.371478006943123162 -9.786769666864199024 0.000000000000000000 0.404942470434159985 0.000000000000000000
9.028259286389854310 -10.045831750481321265 0.000000000000000000 0.326661031252009182 1776503.000000000000000000
12.292489594809753228 -7.049996235602097094 0.000000000000000000 0.457257929277459785 0.000000000000000000
9.767351044253047121 -10.866779331734049308 0.000000000000000000 0.385623349128299542 1779096.000000000000000000
10.128296131714023431 -8.617516107947331250 0.000000000000000000 0.044224993800361115 0.000000000000000000
8.402615389704861215 -8.543869433877576469 0.000000000000000000 0.347277074515926043 258630.279146426473744214
11.312638002503797807 -0.550955738420143892 0.000000000000000000 0.408617063061421537 368776.893629797850735486
13.354314424070947709 1.472455900274231455 0.000000000000000000 0.257439505839971272 0.000000000000000000
14.835203419610181186 -1.646661125411906346 0.000000000000000000 0.366319474805218814 598744.000000000000000000
12.469318636000348732 1.038882296377992676 0.000000000000000000 0.262782147747222805 0.000000000000000000
13.442779187775576233 -1.424607874631076188 0.000000000000000000 0.247558649703234573 598248.000000000000000000
12.710905350705500538 0.765752717201081179 0.000000000000000000 0.198924357166975846 0.000000000000000000
14.367434354485569159 -1.033835094304782709 0.000000000000000000 0.231703271443578135 599014.000000000000000000
15.713238170823613515 -0.616295093148538919 0.000000000000000000 0.401518977044448555 0.000000000000000000
11.113966623654045307 -0.006331382833363747 0.000000000000000000 0.432612835112194227 597000.000000000000000000
13.272052219035183285 0.467606876899806789 0.000000000000000000 0.094205449831319496 438188.499336382723413408
15.679422030981779557 -1.363115477974488066 0.000000000000000000 0.447834429226061148 600543.000000000000000000
15.208539065916660604 -0.542691477861708016 0.000000000000000000 0.311659002114471118 605877.000000000000000000
11.545280497856680313 -1.772502655254753146 0.000000000000000000 0.470781142171807498 0.000000000000000000
15.747635802766641433 -0.240930776161329158 0.000000000000000000 0.395516334132864800 598798.000000000000000000
15.233349575836511391 -1.489870764817523341 0.000000000000000000 0.396437535235024396 598426.000000000000000000
