-3.120364877737786813 6.114919336331076316 0.000000000000000000 0.424801148656246852 839476.000000000000000000
-1.875878245437879954 1.773335951675020672 0.000000000000000000 0.383121835122825383 846568.000000000000000000
-4.663562181850524624 4.230503093140765003 0.000000000000000000 0.432923279655132998 838917.000000000000000000
-3.360357319687546696 5.418064773484891461 0.000000000000000000 0.335484754479933256 0.000000000000000000
0.248357147626273839 3.409711445245259043 0.000000000000000000 0.454830315251894601 0.000000000000000000
-3.516492779401541924 4.699485196774536355 0.000000000000000000 0.266536599574127508 128498.285515372597728856
-4.279463660995997287 4.319097505015857763 0.000000000000000000 0.368220985801970657 0.000000000000000000
-3.060413276043187469 3.239457157076641725 0.000000000000000000 0.184019898752051020 846458.000000000000000000
-1.659876886207517943 1.430842172272757118 0.000000000000000000 0.450819730939546526 846494.000000000000000000
-4.167949163440662907 4.255669634194116924 0.000000000000000000 0.346511999312909491 840406.000000000000000000
-2.462752272559036282 4.327604721077507932 0.000000000000000000 0.086003357264485408 0.000000000000000000
-4.510045074141507015 4.834506351219308051 0.000000000000000000 0.435051726658117643 0.000000000000000000
-0.029634320656707416 3.637953408243022047 0.000000000000000000 0.399703833684239451 0.000000000000000000
-3.265285691272780788 4.332315180031359958 0.000000000000000000 0.195986434136398519 841773.000000000000000000
-0.113377018980587094 4.744444065442887215 0.000000000000000000 0.411430375222758216 845041.000000000000000000
-1.434569687366697543 -4.713355738101474124 0.000000000000000000 0.207486015631221626 680660.000000000000000000
0.106473491834831693 -4.338688774198682374 0.000000000000000000 0.428930307640608521 685248.000000000000000000
-0.268778065431182323 -5.177134346781845586 0.000000000000000000 0.422226687350064633 0.000000000000000000
-1.902420282537165219 -4.519733131897960554 0.000000000000000000 0.128818936309206794 0.000000000000000000
-2.498904723112283399 -5.813848123982583438 0.000000000000000000 0.345215556997458373 429189.633879376517143101
-1.954889511193321550 -4.407613881971166769 0.000000000000000000 0.106845309793766177 0.000000000000000000
-1.106411417889528348 -2.843664416196966194 0.000000000000000000 0.277301486227823801 684236.000000000000000000
-3.209657660969779780 -4.425454184703285776 0.000000000000000000 0.194513059304770503 680811.000000000000000000
-4.548758667542077028 -4.376588570736619666 0.000000000000000000 0.417282393629140991 685661.000000000000000000
-1.683379312953110718 -5.737545470599904718 0.000000000000000000 0.344620291256434896 677479.000000000000000000
-0.193587327391930325 -2.966550974558976428 0.000000000000000000 0.403071964606333932 194938.664985029434319586
-1.950357034569173420 -5.527672702538281690 0.000000000000000000 0.296756915888601536 686143.000000000000000000
-2.914200716547147962 -4.436869938857560314 0.000000000000000000 0.152129394925430927 0.000000000000000000
-1.629102750963651314 -3.110585941813634570 0.000000000000000000 0.178482085380315708 0.000000000000000000
-2.343490191807003242 -2.152787725522756546 0.000000000000000000 0.309766461766635082 679817.000000000000000000
3.010049454037505345 -1.419449463976585335 0.000000000000000000 0.368208885685273102 317206.510374416189733893
2.810630477644203928 1.900611228547357978 0.000000000000000000 0.454338406225053226 0.000000000000000000
4.013116830996622753 1.429303176985458945 0.000000000000000000 0.269274340301290493 761448.000000000000000000
2.969653261209914241 -0.750389291217550713 0.000000000000000000 0.305915111904124848 539175.557090466376394033
4.596017075055776502 -0.273722775088599934 0.000000000000000000 0.050772279935100750 765687.000000000000000000
3.450135940571770643 1.616660576053615461 0.000000000000000000 0.344348291362533976 766740.000000000000000000
5.943247692097292756 -1.403801607419394637 0.000000000000000000 0.356286818653107573 0.000000000000000000
2.594865848068912850 -1.718315358248825753 0.000000000000000000 0.458697809086899722 764338.000000000000000000
3.734701414824723287 1.341947684363621995 0.000000000000000000 0.276053973082188209 758752.000000000000000000
4.534522767532467746 -1.732192381210061694 0.000000000000000000 0.307779587296807378 0.000000000000000000
3.975961591176340182 -0.612692062750007538 0.000000000000000000 0.145126745423799663 0.000000000000000000
3.985351385435516036 1.443247902272983163 0.000000000000000000 0.273284737399146105 761121.000000000000000000
6.062252214222813684 -0.479535421327596356 0.000000000000000000 0.288733672768166583 760227.000000000000000000
5.398235222886753171 0.859709869798580995 0.000000000000000000 0.219383005493936523 761267.000000000000000000
3.778038972519462746 -1.235649494103484569 0.000000000000000000 0.255850384702619005 761204.000000000000000000
9.277103552689276000 6.814494971057506234 0.000000000872730287 0.388892420878090617 846608.000000000000000000
9.084867588887593826 7.826744314603917729 0.000000000890918346 0.276206643669021368 0.000000000000000000
7.982604012412584105 9.139251106197056274 0.000000000471020009 0.425864475860609992 842383.000000000000000000
11.403931470559841799 9.698919845312151011 0.000000000069356271 0.252250629228057688 0.000000000000000000
10.834436633122711768 8.243862529075791201 0.000000000904029138 0.124701945632978289 839416.000000000000000000
10.068578349620096901 10.142149740999760965 0.000000000837708051 0.249328763794628955 0.000000000000000000
11.326314897436422058 9.417214244270958545 0.000000000665630078 0.211180997458672970 0.000000000000000000
10.601833138163142323 9.726615466634790153 0.000000000798970401 0.177740272101231972 0.000000000000000000
10.418358550735156598 11.220327851284913834 0.000000000429751638 0.433661384391586691 397513.483102788915857673
9.324618915324203172 9.129836392437896464 0.000000000423412089 0.193110980249665026 846682.000000000000000000
12.577288587737035286 9.751268764634621888 0.000000000101421141 0.435477903226131335 0.000000000000000000
11.568361178110349030 9.639259722492999671 0.000000000460223171 0.268733742586101276 837690.000000000000000000
9.241009609605232100 9.124345669739762243 0.000000000505936830 0.206842799446228937 0.000000000000000000
9.419665942336173714 9.450675363047936983 0.000000000650886436 0.205355474018299455 842261.000000000000000000
11.712368550911628873 7.700272652519119632 0.000000000460573872 0.305584527962128039 838452.000000000000000000
4.553278953862128553 13.915139965991311755 0.000000000000000000 0.411435492117359469 0.000000000000000000
3.196093939491264191 13.963847257925793954 0.000000000000000000 0.196345960404732456 921463.000000000000000000
1.515297921463850672 12.459217357932674375 0.000000000000000000 0.206188013586969865 921652.000000000000000000
1.294116315622295676 11.723801200820261670 0.000000000000000000 0.332998382513425173 0.000000000000000000
4.843785446921162752 13.786720166537611121 0.000000000000000000 0.456322472521234812 0.000000000000000000
2.439668479288978009 14.091254110216912210 0.000000000000000000 0.146257824257056385 0.000000000000000000
3.704072373255800077 14.585384044262591274 0.000000000000000000 0.337395554868785308 0.000000000000000000
3.619145858105417446 12.881929811944871744 0.000000000000000000 0.239523190612499798 0.000000000000000000
-0.267883857123862645 13.458107933158817815 0.000000000000000000 0.464871508071298567 0.000000000000000000
0.692625421486056547 15.096219964364296473 0.000000000000000000 0.436652352956105272 174372.385567097575403750
2.047947755270252301 13.487793082358882302 0.000000000000000000 0.063394209985060457 119403.298824163983226754
1.164520180664313065 14.090016657351897678 0.000000000000000000 0.253888340063542051 927140.000000000000000000
3.780728759611261314 12.995061910430361962 0.000000000000000000 0.262610251750135693 918168.000000000000000000
2.144523405411673078 12.562778906883375285 0.000000000000000000 0.131571599304026648 921170.000000000000000000
1.801108863223651158 15.095460678802295362 0.000000000000000000 0.337578274291354286 726031.117332885856740177
-8.113205211065855238 10.092857547567131604 0.000000000450654555 0.378309673741317243 0.000000000000000000
-9.064164643203962868 11.484879890963712867 0.000000000476637898 0.417625017696532541 1739954.000000000000000000
-5.346014314701955428 13.957818966863102972 0.000000000616749265 0.467467235917158108 1694383.000000000000000000
-6.840461392665627471 14.159072022794294554 0.000000000323494807 0.432319587059356913 1732532.000000000000000000
-8.801729777360392859 13.088173899922695753 0.000000000607858776 0.441020023652934468 1765927.000000000000000000
-9.111589569298750746 12.242456973722351421 0.000000000453924670 0.433994453548059600 34925.204266868175182026
-6.342029738637539715 14.063921620836765669 0.000000000295046084 0.421049775128295556 0.000000000000000000
-7.028857878724761754 11.628078281135257654 0.000000000185646552 0.055217114390339786 1708828.000000000000000000
-8.310011770891664540 11.454054745705359863 0.000000000515517027 0.285043058739812505 0.000000000000000000
-7.216377000165731026 9.295927081739744580 0.000000000082533614 0.437176324767805935 1767403.000000000000000000
-4.830069294477073782 11.344956668728436000 0.000000000698228860 0.345456874492669486 161593.464158788294298574
-8.246014710581134111 12.046620291930207003 0.000000000320875994 0.275932701389706880 1675703.000000000000000000
-7.291008586199333230 13.147905597900162888 0.000000000125642792 0.271732439671798776 1686895.000000000000000000
-5.204758404992306353 10.643809552929079487 0.000000000625564920 0.332304196897330095 1761050.000000000000000000
-7.181197467708127391 12.843818085449534294 0.000000000053579464 0.214539633659054263 1765147.000000000000000000
-11.832820210370950775 5.997665792868018819 0.000000000000000000 0.278212569444441782 1083236.000000000000000000
-15.063883892315768520 3.626211069909937024 0.000000000000000000 0.456873679573779223 1112033.000000000000000000
-11.287066653110343850 2.606724143388347681 0.000000000000000000 0.441675137817960417 1039152.000000000000000000
-12.200600304188325751 5.080696753557566225 0.000000000000000000 0.115080977881077559 0.000000000000000000
-12.354913278869307902 6.462401222513283194 0.000000000000000000 0.316876376567216955 1034399.000000000000000000
-14.983407630010036726 3.387543550102651846 0.000000000000000000 0.462253201581490580 411155.307553220423869789
-13.625478263096518106 6.221612418473762673 0.000000000000000000 0.313319664580896606 1078945.000000000000000000
-11.314388190088219943 3.347137051063902913 0.000000000000000000 0.340646127877025306 1112263.000000000000000000
-14.388394918020811275 3.520553604839383510 0.000000000000000000 0.359786556681989611 0.000000000000000000
-10.768200034887914995 3.232924443612636978 0.000000000000000000 0.428732835193455508 0.000000000000000000
-11.116406302919056515 5.001092459390946487 0.000000000000000000 0.290109740064059707 1043971.000000000000000000
-11.660435952175392416 6.695869355255056554 0.000000000000000000 0.398398310550165169 1049547.000000000000000000
-13.671151401213673893 6.702107349611145182 0.000000000000000000 0.390479366773820336 4167.775283099778789619
-12.462011993028475842 5.827888926770788736 0.000000000000000000 0.204885608713642670 1036729.000000000000000000
-12.007706513789974778 5.406643311408274144 0.000000000000000000 0.178547445280008599 1100406.000000000000000000
-11.107851937611240345 -3.955916647635974837 0.000000000000000000 0.312660372017956378 766388.000000000000000000
-13.417874402631834840 -3.613195858554405504 0.000000000000000000 0.223626120624924235 520184.198780098813585937
-13.236217784323923041 -5.990205774132518535 0.000000000000000000 0.246170612649634857 758270.000000000000000000
-13.159537959199255397 -5.871338123761280059 0.000000000000000000 0.221967606502314063 764826.000000000000000000
-14.044572834457179411 -5.741480371966097174 0.000000000000000000 0.300502818447272779 0.000000000000000000
-13.773886710626511487 -4.715882015731856391 0.000000000000000000 0.189205799933481272 0.000000000000000000
-13.042857888698074831 -5.884386625341403665 0.000000000000000000 0.217616471078743628 0.000000000000000000
-10.694455008047714983 -5.450214831007839322 0.000000000000000000 0.384179461759567908 0.000000000000000000
-12.495575887779139634 -7.247433532561957215 0.000000000000000000 0.448508081746341214 760633.000000000000000000
-10.441057912878680014 -4.237714137917540036 0.000000000000000000 0.412217812331904077 759460.000000000000000000
-12.534471240912607115 -3.304321507968462246 0.000000000000000000 0.241162496264710868 0.000000000000000000
-12.470915500386475117 -3.274333515329546973 0.000000000000000000 0.248082021402020209 758370.000000000000000000
-11.265247703810025826 -3.208897602260417870 0.000000000000000000 0.363679501781425218 766516.000000000000000000
-13.757619482524457766 -3.923705922450535066 0.000000000000000000 0.227656005164240005 0.000000000000000000
-14.577928804704068710 -2.825280393554140623 0.000000000000000000 0.462095518174077458 762042.000000000000000000
-6.329148340000645412 -12.854081963187191207 0.000000000890232258 0.213520670041996596 0.000000000000000000
-6.460284584782876927 -13.177403396968131233 0.000000000457272678 0.262790987931018905 0.000000000000000000
-4.600770771612822330 -11.353172748918714419 0.000000000448191220 0.385393070183606745 0.000000000000000000
-8.194744915372451644 -11.582709970879479400 0.000000000726076846 0.261744800717952475 0.000000000000000000
-5.076762768579726526 -13.124240059944998649 0.000000000496204621 0.386205547608012956 0.000000000000000000
-5.618647561400054613 -13.500948999833887854 0.000000000803845195 0.373005093881552452 0.000000000000000000
-5.944236995980356042 -13.803464242351831004 0.000000000068211886 0.395103481213113228 0.000000000000000000
-6.670364978222795393 -9.639483955231074930 0.000000000654201315 0.368193031800933990 0.000000000000000000
-5.036612672524324097 -9.706695247292543627 0.000000000627056770 0.467483468966064186 0.000000000000000000
-6.377121923346765975 -9.593674423031396614 0.000000000706532133 0.381535116976074062 0.000000000000000000
-9.128006758823341116 -11.496220521559907368 0.000000000043188321 0.428759145222805671 0.000000000000000000
-6.582351947966604833 -13.586837689069788837 0.000000000240961340 0.331800029006580899 0.000000000000000000
-8.208347777152669167 -12.533728117633582855 0.000000000853106415 0.299914292896536760 0.000000000000000000
-5.081889194440343260 -12.073490864597168581 0.000000000753682884 0.300818297628854203 0.000000000000000000
-7.063910102022582294 -13.128712206285062081 0.000000000683354034 0.256402788301342943 0.000000000000000000
1.269937833479912959 -14.539938828262542359 0.000000000000000000 0.294314647600966539 0.000000000000000000
1.050676037310730226 -12.858192955909622412 0.000000000000000000 0.240625129186473274 1635762.000000000000000000
3.454605946979197206 -10.957456811587075407 0.000000000000000000 0.458531919303396152 0.000000000000000000
0.796891034850321867 -14.370087921590931401 0.000000000000000000 0.336183872650475168 0.000000000000000000
0.832145311292296963 -12.284065571828925556 0.000000000000000000 0.320855833067932139 1660553.000000000000000000
4.197168225872281333 -11.728729241713693909 0.000000000000000000 0.431354050837754244 0.000000000000000000
1.884950725363603308 -14.442910638813016178 0.000000000000000000 0.222612912858276057 209097.951926011708565056
1.949413387971430822 -12.434976089904616003 0.000000000000000000 0.164869392416998162 1633905.000000000000000000
2.896205146126724195 -15.884658621798145361 0.000000000000000000 0.474952490000826011 1658651.000000000000000000
4.928992274707121091 -13.346538190089990650 0.000000000000000000 0.462567504580411126 1605054.000000000000000000
4.128871904341985477 -12.319993167906945430 0.000000000000000000 0.362302687833248038 0.000000000000000000
2.651110543457666502 -13.686202880826289885 0.000000000000000000 0.092215856151027550 0.000000000000000000
3.328317152541334867 -14.462208608297363099 0.000000000000000000 0.275522942676856175 1682383.000000000000000000
3.320282601766045172 -13.540649846063343986 0.000000000000000000 0.181894023307181296 1470315.100116950226947665
1.104302349857407606 -14.012476530432063981 0.000000000000000000 0.255418237085482669 0.000000000000000000
11.802132555812200110 -10.410068357627835667 0.000000000000000000 0.390361032482213932 707547.482631660532206297
10.925778389529126500 -10.880249995199372748 0.000000000000000000 0.387808612732478741 1823434.000000000000000000
8.400876760702530532 -7.410217236499101467 0.000000000000000000 0.418159061298100931 0.000000000000000000
9.205031356627584316 -11.179636249543568383 0.000000000000000000 0.472616500685112129 1767866.000000000000000000
9.114083084542853541 -10.593926215838031624 0.000000000000000000 0.391075956011474546 1536807.008756747934967279
9.470488861104058742 -10.796743074595106293 0.000000000000000000 0.391717139572225204 0.000000000000000000
10.092825722619251039 -10.834990191645436752 0.000000000000000000 0.368735608312945384 1772341.000000000000000000
11.641046086356499956 -6.900801410166401695 0.000000000000000000 0.397715956483494615 1763310.000000000000000000
10.641142948559011217 -7.384237741741251249 0.000000000000000000 0.244946200429748212 1835468.000000000000000000
9.290952248406757263 -7.649374306946647550 0.000000000000000000 0.268759437510098675 1040722.156797658186405897
11.442962276329776472 -7.468354016545808882 0.000000000000000000 0.297946020181270366 1799407.000000000000000000
10.671121195484777999 -9.299145698914870195 0.000000000000000000 0.113145296119505023 1065072.837538688443601131
12.882364959678282545 -8.590692152915126556 0.000000000000000000 0.453865886895874537 0.000000000000000000
8.377845614074407976 -8.410730222337724271 0.000000000000000000 0.354822620726306104 1777987.000000000000000000
10.697616251944864985 -7.158575674596747263 0.000000000000000000 0.285715272000096276 0.000000000000000000
15.261598538644884471 -0.160003021773989146 0.000000000000000000 0.307938388173477406 601018.000000000000000000
15.822848844213597275 0.376577007544590669 0.000000000000000000 0.411882729451043428 602662.000000000000000000
13.496822193517012067 1.295052314490398926 0.000000000000000000 0.224595552265026255 0.000000000000000000
12.029928887262698822 1.046039657863834460 0.000000000000000000 0.324988759280456452 0.000000000000000000
12.025946195391664872 2.199623653870498519 0.000000000000000000 0.468087738577883994 0.000000000000000000
14.959296319520856144 0.660412330864365571 0.000000000000000000 0.277365034590199122 108716.859278882620856166
11.108388588938908015 -0.599744002113059560 0.000000000000000000 0.446000385693335610 0.000000000000000000
11.742941916294073579 -0.623841498267708960 0.000000000000000000 0.338382079010411452 603430.000000000000000000
15.805424976313627639 0.702416281460498615 0.000000000000000000 0.421404872162298383 605256.000000000000000000
11.519619240174208130 1.230415452312609181 0.000000000000000000 0.419109264139920612 0.000000000000000000
13.997548122290279338 1.983858660691701026 0.000000000000000000 0.352969583881127147 206245.783547810977324843
14.597355731635136777 -0.785252071654807593 0.000000000000000000 0.232141025012839897 332384.273179140582215041
13.354328741436304995 2.618978947032608584 0.000000000000000000 0.455233916478850142 0.000000000000000000
14.041843932011126128 -1.263374580551729798 0.000000000000000000 0.236228777015110081 0.000000000000000000
13.300178320516131691 0.774158065143394802 0.000000000000000000 0.140934975417582709 0.000000000000000000
