-0.664799038470061499 3.341857681132580637 0.000000000000000000 0.300315650185275562 844703.000000000000000000
-0.581940066253200050 3.411194026325781170 0.000000000000000000 0.310698479150014806 0.000000000000000000
-3.494118127330251067 2.003551902228745352 0.000000000000000000 0.401591462725401138 839062.000000000000000000
0.072808121247544377 4.793610397092566977 0.000000000000000000 0.445512001710785255 837134.000000000000000000
-1.066927946330717969 4.615778701176433962 0.000000000000000000 0.248570723437411906 0.000000000000000000
-2.133576249737959341 2.211921928988199948 0.000000000000000000 0.299709536761567530 422610.811023251444566995
-3.244223666184991917 1.932424462098952356 0.000000000000000000 0.390297320891011323 442926.493839386268518865
-0.538299020306412190 2.263943297719526626 0.000000000000000000 0.421770618851809942 839551.000000000000000000
-1.684923216937187274 5.668702718834258469 0.000000000000000000 0.332849398230998017 0.000000000000000000
-0.542448973352270047 4.217644423130527898 0.000000000000000000 0.311302951558914853 775054.822205755161121488
-3.550609875621107747 5.712305985497148519 0.000000000000000000 0.397777770419530552 0.000000000000000000
-2.348990242616003421 6.332010329446577046 0.000000000000000000 0.435116453839959838 0.000000000000000000
-3.401237411531236710 2.096443185903110074 0.000000000000000000 0.378732808906880603 0.000000000000000000
-2.294817095102145377 2.569371963620692867 0.000000000000000000 0.235307938920472581 0.000000000000000000
-4.805102713451982588 4.616112587830547120 0.000000000000000000 0.471893696584403444 837978.000000000000000000
0.134838853945576376 -4.632095686494033693 0.000000000000000000 0.446488572711740861 0.000000000000000000
-2.642761648443757050 -5.077698816805255255 0.000000000000000000 0.222282142459760274 680668.000000000000000000
-4.037037473333644932 -5.308192998530722129 0.000000000000000000 0.405173688788189934 684258.000000000000000000
-0.809554422935651163 -3.323945971324229642 0.000000000000000000 0.277193847796066428 0.000000000000000000
-2.692982208860907889 -3.580883332062711588 0.000000000000000000 0.095067048525003015 681264.000000000000000000
-2.889938805990439619 -4.935565650184194020 0.000000000000000000 0.217530087329219135 684146.000000000000000000
-0.745267146450847906 -3.812346778900368882 0.000000000000000000 0.270000324136938308 686469.000000000000000000
-3.844008528431514193 -2.008218829862485233 0.000000000000000000 0.438214840347724732 683329.000000000000000000
-3.127254356156380588 -3.095654618221392429 0.000000000000000000 0.209756202076099324 0.000000000000000000
-2.597390515012100831 -1.282196176291312772 0.000000000000000000 0.468273038170043843 679124.000000000000000000
-1.884740345822662366 -1.428209739722572147 0.000000000000000000 0.443491941839516124 678420.000000000000000000
-0.700745755204685516 -1.811981202826581150 0.000000000000000000 0.462715261048639748 543953.050027642864733934
-3.702831107057924509 -2.577963860778459182 0.000000000000000000 0.347603282927381851 0.000000000000000000
-2.060561550006527298 -2.840396365910950571 0.000000000000000000 0.190258234138638793 0.000000000000000000
-3.118250959075676843 -2.286966779994391796 0.000000000000000000 0.323965357504584772 681482.000000000000000000
6.717084704522898519 0.521540247138479240 0.000000000000000000 0.403352330483304489 0.000000000000000000
1.946877886941850822 -0.667022666902906014 0.000000000000000000 0.472666197259341059 762482.000000000000000000
4.893503677549879249 -0.843956551808247912 0.000000000000000000 0.164451873560773815 761714.000000000000000000
5.896670260061179114 -2.288757904527640274 0.000000000000000000 0.475078160633767066 0.000000000000000000
3.226147100577408278 1.992601831695581804 0.000000000000000000 0.422161601473970027 0.000000000000000000
4.860020590955699049 -1.989295554026323964 0.000000000000000000 0.358686039789394562 9660.218225617329153465
6.178377425033803938 1.901940236205242885 0.000000000000000000 0.449278391346429884 481287.774774733581580222
5.011992949918998796 1.070194781188142041 0.000000000000000000 0.209768775468140573 759339.000000000000000000
3.814409475271363537 1.487437211155661965 0.000000000000000000 0.292336781163992809 762395.000000000000000000
4.265818080654602440 0.423332940044945538 0.000000000000000000 0.087288296075604954 759675.000000000000000000
3.677359439010909892 1.731673644826783098 0.000000000000000000 0.342058544957811128 760408.000000000000000000
4.101742649626303638 2.014090124159582995 0.000000000000000000 0.365408703163683235 760823.000000000000000000
6.304183259455641952 0.841860487426633441 0.000000000000000000 0.352255981150616848 757528.000000000000000000
5.484170910836985158 -0.618569292772844892 0.000000000000000000 0.204816483609150696 0.000000000000000000
3.426777423620348095 -0.835974988243059824 0.000000000000000000 0.244239725177933853 0.000000000000000000
9.283077121757628447 10.700960628791728269 0.000000000149201026 0.391367156599481014 844116.000000000000000000
9.393459358114153446 6.907242832817580336 0.000000000314702945 0.364657229288126994 840697.000000000000000000
8.039050739066528450 7.804321770643717571 0.000000000207097405 0.442522157796154336 0.000000000000000000
12.260955202222747928 10.099829679331465471 0.000000000386376334 0.415904739419942049 839759.000000000000000000
10.705071187731272531 11.050355945579976691 0.000000000439674253 0.408656116953966031 0.000000000000000000
9.588921230524254824 8.645933785150592854 0.000000000714955382 0.135176471886778726 0.000000000000000000
11.470061790745262442 9.728019915120755812 0.000000000404685281 0.264484991328558516 838926.000000000000000000
11.908654446644524327 6.635476334013930000 0.000000000506726453 0.463236127613676052 478950.632193364959675819
10.452013899332463609 10.498014286777543447 0.000000000650057214 0.307447475749931309 649550.238858332275412977
10.916243931917893661 8.836197609732815650 0.000000000500382220 0.103765518281763808 844446.000000000000000000
12.801799188847336808 9.666526389897335036 0.000000000501445207 0.467068303828367337 228077.560931288462597877
11.317621601173955881 7.735316137241794010 0.000000000669088045 0.248513267413094041 843952.000000000000000000
12.203324468002170633 7.021929755101242954 0.000000000616106212 0.448603409451583335 844681.000000000000000000
12.974616387545225393 8.868894053026625812 0.000000000580319877 0.469948124350112517 847030.000000000000000000
12.362567014877813065 8.187264684136188464 0.000000000394347982 0.373479335144613567 839499.000000000000000000
0.851972779962106075 13.041525357563655163 0.000000000000000000 0.267496821808198559 152290.503934854263206944
3.555551106432107922 14.095127677078343353 0.000000000000000000 0.261896862909927863 0.000000000000000000
0.710982267972128712 12.245687214783810504 0.000000000000000000 0.342697911146863321 0.000000000000000000
0.824520449132196354 14.803301723398460510 0.000000000000000000 0.382571590558610897 0.000000000000000000
0.874730229203223852 14.389156727102820454 0.000000000000000000 0.327023004281800145 919575.000000000000000000
3.427614164104745509 13.815656606703516474 0.000000000000000000 0.217184699415423399 923444.000000000000000000
2.325077110832511895 15.851851919832665061 0.000000000000000000 0.458543910096797236 925388.000000000000000000
4.754503966497056311 13.459044124151049004 0.000000000000000000 0.432527395008026783 917616.000000000000000000
3.702483587412104704 13.811760571826313893 0.000000000000000000 0.261770842297909645 927105.000000000000000000
2.107671327000955497 12.118733165983995193 0.000000000000000000 0.210148604488787333 0.000000000000000000
1.057937869655863450 13.583072505092417259 0.000000000000000000 0.233943917558249476 0.000000000000000000
0.931013310025982532 14.276049099633908668 0.000000000000000000 0.306995103836432137 921872.000000000000000000
-0.144663457969304632 12.683536107953353067 0.000000000000000000 0.454254576169038971 917426.000000000000000000
0.496738814436482934 11.895557130595076245 0.000000000000000000 0.409627505504236655 0.000000000000000000
0.824888271559438890 12.959109199158669767 0.000000000000000000 0.274907529361974878 919740.000000000000000000
-6.031345749746725105 10.819176766529674083 0.000000000718614631 0.202473318753085579 1769763.000000000000000000
-4.120413812390204988 11.911476917813097032 0.000000000543932064 0.466753018817278431 1735593.000000000000000000
-6.393934570910963622 9.786990199067091112 0.000000000883636592 0.347293594501692338 148744.267709715524688363
-6.250303396722085125 13.105652253871069135 0.000000000507628065 0.260219596057352176 0.000000000000000000
-8.872042435654826420 10.449505470186155165 0.000000000364911316 0.442300050566849734 1748481.000000000000000000
-8.158737706965863978 12.527500079002241051 0.000000000860424915 0.291653255955872437 0.000000000000000000
-8.050044299304566664 13.684972074213801463 0.000000000447221720 0.419433185573139133 436379.515534323814790696
-5.521400911079415330 13.342296295726068678 0.000000000103995619 0.359672914844387126 1684033.000000000000000000
-8.309121753419150380 12.305342732727407196 0.000000000149076961 0.299534630484634301 0.000000000000000000
-4.924764700555921415 12.644201659071548249 0.000000000581151415 0.361549906457574788 1767592.000000000000000000
-6.573941030285552323 12.715866582596657253 0.000000000296820729 0.178789047718334898 1724549.000000000000000000
-4.801683690748903999 12.230030311899996676 0.000000000900057445 0.355848148308215206 243554.506995445291977376
-4.865603234342446015 11.511052632412868135 0.000000000266514593 0.334741145795417250 0.000000000000000000
-8.529535974171800206 12.172838479589517036 0.000000000680365119 0.330201566048078154 1759450.000000000000000000
-5.369294043359289503 13.709083563777836545 0.000000000045795821 0.428311547286039707 1729529.000000000000000000
-11.699812155617175691 4.871092781211825873 0.000000000000000000 0.183707438031559561 1089218.000000000000000000
-14.688645424311829402 4.464093603956080791 0.000000000000000000 0.354101511132179025 1038181.970368969719856977
-12.842017026028036852 4.567660687680644038 0.000000000000000000 0.030004735662886476 1076779.000000000000000000
-13.688309981714855468 4.636806213912604058 0.000000000000000000 0.173992216284250462 313247.178791603480931371
-11.968937683787679305 6.771158756627977837 0.000000000000000000 0.387751459558985212 1034745.000000000000000000
-14.307074177388919622 3.036203059893024303 0.000000000000000000 0.402181825549774441 1045895.000000000000000000
-11.148768607868360547 3.024324670010909433 0.000000000000000000 0.401207630295851658 0.000000000000000000
-13.145675842152447999 3.683696394879092839 0.000000000000000000 0.189275019055289290 0.000000000000000000
-15.066218494775721837 5.786429906559600767 0.000000000000000000 0.461154556750223321 0.000000000000000000
-14.053735486665763332 5.168312545709063954 0.000000000000000000 0.253616948949142551 1078425.000000000000000000
-13.835050392098743544 3.263590156071928483 0.000000000000000000 0.316641441116597311 1086523.000000000000000000
-15.310305368549810723 4.933674807547058450 0.000000000000000000 0.465039222414541209 1091558.000000000000000000
-14.901648531384550367 4.526150345518848539 0.000000000000000000 0.391003241929605394 1126729.000000000000000000
-14.143353550479487168 5.781920637414885711 0.000000000000000000 0.318729236535361726 835185.977638821816071868
-13.074188080546278456 4.583736466024296519 0.000000000000000000 0.066446810459143968 0.000000000000000000
-11.116329466652516089 -3.413901067894235197 0.000000000000000000 0.360074265517812464 758962.000000000000000000
-11.655322878806076758 -4.259285019136561878 0.000000000000000000 0.202211899632167652 432397.495904940471518785
-14.005104025404373047 -4.531144001959717116 0.000000000000000000 0.231726263040426650 0.000000000000000000
-13.353483213094968107 -6.627600810555669852 0.000000000000000000 0.357182056405623005 758972.000000000000000000
-11.927014099719484008 -4.842207836039650992 0.000000000000000000 0.142989410037898723 765637.000000000000000000
-12.575783848772678297 -3.664638200230995846 0.000000000000000000 0.178055186297552598 0.000000000000000000
-12.210987630290720318 -6.190504070642695034 0.000000000000000000 0.277947384717349866 758645.000000000000000000
-12.289577085948865331 -5.680485375856137331 0.000000000000000000 0.189994518388225647 764577.000000000000000000
-15.117694081013070218 -5.803486134353481596 0.000000000000000000 0.470716677298065822 759810.000000000000000000
-11.385557741482363880 -2.723043808626368190 0.000000000000000000 0.414951952408531666 765416.000000000000000000
-13.181325611362719741 -2.340455341962659030 0.000000000000000000 0.414653673063963613 0.000000000000000000
-10.596149251075251740 -4.561233551112657381 0.000000000000000000 0.377883964920042947 765087.000000000000000000
-13.406680995465498185 -3.413503044988869028 0.000000000000000000 0.252080444490006828 760453.000000000000000000
-11.462306112450866280 -4.127120612549174616 0.000000000000000000 0.242792807246359821 766011.000000000000000000
-13.795481429676447860 -5.870595851766079676 0.000000000000000000 0.282836806207765523 0.000000000000000000
-4.814590201146117465 -10.681142011270370773 0.000000000245164535 0.388156727146955649 0.000000000000000000
-7.314174033338924907 -10.112621304745211148 0.000000000444300583 0.302423646648177336 0.000000000000000000
-5.604441778664124740 -10.501808591746693011 0.000000000603390089 0.294795966279354948 0.000000000000000000
-6.852229971134566000 -13.216195832292216394 0.000000000408916778 0.265898642786472017 0.000000000000000000
-5.121192541590229297 -10.759326575566705131 0.000000000422347220 0.333735043509283624 0.000000000000000000
-8.162443740638027023 -11.792218681239049261 0.000000000417326225 0.255214991739151853 0.000000000000000000
-6.192556110562251526 -13.297611353871880979 0.000000000336084881 0.295720870073313269 0.000000000000000000
-7.331055782164543899 -10.086972278712053708 0.000000000473624561 0.307714558148132256 0.000000000000000000
-7.569581522418488362 -14.005261967394201150 0.000000000760350261 0.431004193565598381 0.000000000000000000
-6.118945970709604332 -14.078830441338398671 0.000000000174842959 0.432052191422396703 0.000000000000000000
-7.603458603768149970 -12.453134603013880977 0.000000000426400350 0.202423124604737353 0.000000000000000000
-7.000182236188205565 -11.817139434559360112 0.000000000278327822 0.050813024522949612 0.000000000000000000
-7.334640534365103548 -13.772137349331348588 0.000000000429032426 0.378758336887629554 0.000000000000000000
-6.041764402970795977 -9.930456624537495003 0.000000000676503451 0.339799390737499429 0.000000000000000000
-5.496238508774548670 -10.165192065911529795 0.000000000816550875 0.352589896025832572 0.000000000000000000
4.521428400862245844 -14.353974483391983341 0.000000000000000000 0.434331007419411275 1664853.000000000000000000
0.752773781148909027 -12.329691436546488248 0.000000000000000000 0.328503412732471023 1627003.000000000000000000
2.572840915553308960 -15.421661677024671278 0.000000000000000000 0.384274560909984519 0.000000000000000000
-0.011347782957488643 -14.080928063336157763 0.000000000000000000 0.441906693063417122 0.000000000000000000
4.472359181011022145 -11.965156430220295292 0.000000000000000000 0.446782603850527815 0.000000000000000000
1.132300816775334562 -12.251383859996327175 0.000000000000000000 0.281526885690163764 672292.826302129891701043
0.890122003266206274 -12.477144947370815586 0.000000000000000000 0.294179093455395724 1660176.000000000000000000
4.203313473498731412 -11.994860921500167805 0.000000000000000000 0.403681238119332098 1676274.000000000000000000
1.302600610757458144 -11.099552963349509582 0.000000000000000000 0.429183345660768434 1606695.000000000000000000
0.445504433655172949 -13.359805905619115407 0.000000000000000000 0.336955588393520800 1635673.000000000000000000
1.462534546422470827 -14.187918781230459686 0.000000000000000000 0.224693610091644014 976866.002571512130089104
3.273269302734159503 -12.343836088004232820 0.000000000000000000 0.235753830755723509 0.000000000000000000
0.866396386932301255 -14.956526864419865674 0.000000000000000000 0.397477992085438381 0.000000000000000000
1.177697538101833530 -11.199921002932340386 0.000000000000000000 0.423488328748062026 1646528.000000000000000000
0.780438929617663812 -13.772411213599248470 0.000000000000000000 0.290681044863821514 1658224.000000000000000000
11.078093940509269544 -7.103908753075311999 0.000000000000000000 0.316523359247345926 1763018.000000000000000000
10.025171392591179398 -7.077539253631028870 0.000000000000000000 0.298395268011923342 1824984.000000000000000000
8.403351011539841764 -8.708117291559792861 0.000000000000000000 0.345357481304999214 0.000000000000000000
8.286420483397874293 -7.410160195093687285 0.000000000000000000 0.435197930545484446 1776214.000000000000000000
10.463273323304992601 -9.995348932315526014 0.000000000000000000 0.219772728977130294 0.000000000000000000
10.652551574489342201 -11.111163833849030169 0.000000000000000000 0.417864704922965402 445975.817082949215546250
9.828328145717131648 -7.477354682330042301 0.000000000000000000 0.240952184973547118 0.000000000000000000
9.104405468632286613 -9.024798358233393714 0.000000000000000000 0.225645118065905093 1301057.139591606799513102
10.458641868996155111 -7.384686885398163092 0.000000000000000000 0.239932415359964762 1831482.000000000000000000
8.847467310696391252 -10.268372136098752989 0.000000000000000000 0.377109926395658934 0.000000000000000000
8.933860835379549670 -10.340501049622975671 0.000000000000000000 0.375723639349832272 1805965.000000000000000000
12.542370432066924479 -8.853509385124224806 0.000000000000000000 0.392876321884600865 0.000000000000000000
11.615527767273942317 -8.742898751429651227 0.000000000000000000 0.227254092637101252 0.000000000000000000
10.734648072545430963 -6.938417625425856272 0.000000000000000000 0.324782740590055075 1813965.000000000000000000
11.290952987852044487 -9.958567939664492386 0.000000000000000000 0.271320526788119742 1852420.000000000000000000
15.119546919211098057 0.822120086116923110 0.000000000000000000 0.315167536328071873 0.000000000000000000
14.257703586581691013 -2.137319896355427851 0.000000000000000000 0.391258672224862325 0.000000000000000000
10.959699862777021906 0.176523070771737900 0.000000000000000000 0.461127432552116912 0.000000000000000000
12.101611528487833169 1.731522863978634863 0.000000000000000000 0.395465043578633435 138844.228466284053865820
13.380298973387542816 1.241740987520167483 0.000000000000000000 0.217169177246564565 604333.000000000000000000
11.033322038738271331 0.443272446635790296 0.000000000000000000 0.453597349213871515 602769.000000000000000000
11.851828649527737625 0.034911247277786953 0.000000000000000000 0.301172504637281846 0.000000000000000000
15.416408963122240294 -0.196973623535545345 0.000000000000000000 0.336014917841642224 0.000000000000000000
13.668170106867787439 -0.512071459406506890 0.000000000000000000 0.091568430998797315 0.000000000000000000
12.534276241833159915 -0.476698894765269610 0.000000000000000000 0.197642946424643889 0.000000000000000000
13.900777464909763737 1.187965588159085373 0.000000000000000000 0.215482804348958917 0.000000000000000000
14.010695920726156771 2.102717180817944342 0.000000000000000000 0.373528772489534866 598595.000000000000000000
13.734783978805937821 -1.887060228348698798 0.000000000000000000 0.328708436957830252 600681.000000000000000000
16.101329243992712037 0.699718449997426939 0.000000000000000000 0.472019311906745120 0.000000000000000000
15.657199418545339142 -0.866240221960616230 0.000000000000000000 0.405719685247176720 600931.000000000000000000
