-3.815769195215956255 5.357037424213062060 0.000000000000000000 0.381048660252357452 840851.000000000000000000
-1.151173219716021601 2.046339211575779693 0.000000000000000000 0.383155069194624498 0.000000000000000000
-1.365566152009890954 5.821359987434779448 0.000000000000000000 0.378999056354088648 839622.000000000000000000
-1.745766314107656036 4.268024864750024072 0.000000000000000000 0.113451637719889808 0.000000000000000000
-1.882926029619874431 2.755821320615092329 0.000000000000000000 0.212825402104967448 839079.000000000000000000
-2.538658866986766238 2.322583681215982132 0.000000000000000000 0.283578364251305448 842103.000000000000000000
-2.503928381350493559 4.466886092072828163 0.000000000000000000 0.111643970181734678 0.000000000000000000
-4.180428140397192571 5.349827035316840451 0.000000000000000000 0.429884777995099610 679746.499640760943293571
-4.739643111757817273 4.302596276466696068 0.000000000000000000 0.448268696872417383 841486.000000000000000000
-2.723764463549133819 4.743915357487161977 0.000000000000000000 0.173185230477144764 842627.000000000000000000
-0.193279877077077250 3.358087735132040841 0.000000000000000000 0.380022907071995542 841379.000000000000000000
-4.062105109607149878 4.618702076602675177 0.000000000000000000 0.346643269398699605 0.000000000000000000
-0.820913901446570504 3.338905438390676217 0.000000000000000000 0.274343923348994156 0.000000000000000000
-3.246620486326137645 2.575176685650305330 0.000000000000000000 0.292968459505276446 846011.000000000000000000
-1.602851162548276642 4.198995815262028586 0.000000000000000000 0.129109652741298181 0.000000000000000000
-1.694974851338824084 -2.769913888536280844 0.000000000000000000 0.223369985553368372 680600.000000000000000000
-1.391899988323666237 -5.474087960785305462 0.000000000000000000 0.321622095989232526 0.000000000000000000
-0.245836939371894214 -3.068114676150799358 0.000000000000000000 0.387394868812528048 682397.000000000000000000
-2.945153123715888555 -2.258162877405338165 0.000000000000000000 0.315300351185377192 291440.647353879176080227
-3.095232169190404115 -3.753822590889292155 0.000000000000000000 0.151142982083625338 678087.000000000000000000
-2.935870109931222771 -6.268823416516937641 0.000000000000000000 0.440352221721572734 0.000000000000000000
-3.616938986665944711 -6.034048925435320676 0.000000000000000000 0.451903074671898164 0.000000000000000000
-3.564021978817264014 -4.758059956857887407 0.000000000000000000 0.279327268984952914 131747.869126836943905801
-4.500633482581270606 -4.089433360500382975 0.000000000000000000 0.401207533634276858 682072.000000000000000000
-3.774483016933506185 -3.260201424099046452 0.000000000000000000 0.292571001728919811 0.000000000000000000
-1.363348829142591256 -6.388800415329253468 0.000000000000000000 0.472762377382971777 0.000000000000000000
-2.285790938272774575 -6.082429179990980650 0.000000000000000000 0.390419462397243955 683767.000000000000000000
-2.856360404282612730 -2.902039396124227899 0.000000000000000000 0.205716080535671947 216116.264989770861575380
-3.618150273243221804 -1.779525837019776846 0.000000000000000000 0.447042646401874577 0.000000000000000000
-1.462063514695379984 -4.999894967100997789 0.000000000000000000 0.243327989684522461 0.000000000000000000
2.572968740761894857 1.222502782266179588 0.000000000000000000 0.408619519746002358 762322.000000000000000000
4.670140024945168555 -1.056138733286543951 0.000000000000000000 0.189679476611477271 0.000000000000000000
4.108350867854120736 2.235898274920871565 0.000000000000000000 0.403879558807652250 765482.000000000000000000
4.647558712830178074 -2.448474644013228563 0.000000000000000000 0.435614089274006910 0.000000000000000000
2.428818477392122865 -0.031529037106917623 0.000000000000000000 0.371696953451692180 757912.000000000000000000
5.138294713080854059 1.644560325268755063 0.000000000000000000 0.312526074562479106 764234.000000000000000000
6.439650116594227924 1.121683539589071188 0.000000000000000000 0.396677767048932928 0.000000000000000000
5.418444124915391846 0.720032520301405410 0.000000000000000000 0.205717819353262915 763372.000000000000000000
3.364384335587303099 1.097619795489545025 0.000000000000000000 0.282985801390128910 0.000000000000000000
3.468936917179892720 1.133426123170611977 0.000000000000000000 0.274430347427721322 760781.000000000000000000
2.928920813552542413 -2.060317857036518152 0.000000000000000000 0.462663106287032500 0.000000000000000000
3.415633183654769311 0.942145388541346329 0.000000000000000000 0.257671420879222013 0.000000000000000000
6.233451445598758411 -1.047886730568379221 0.000000000000000000 0.358412459185406429 0.000000000000000000
5.935058901054785174 2.130839214568736484 0.000000000000000000 0.455114036088333285 761349.000000000000000000
2.110676466513873084 0.118880948283373519 0.000000000000000000 0.428865575997274540 760152.000000000000000000
8.350921978632172227 8.488419392311326916 0.000000000559287474 0.357555078473446530 842984.000000000000000000
11.737628053807599215 8.510429156332248724 0.000000000331485525 0.252459271966728960 0.000000000000000000
9.015358927732044947 7.404209831552433840 0.000000000132997809 0.333968622940676751 841051.000000000000000000
9.546582774276075156 7.836474579171553323 0.000000000503071899 0.213634368834629856 844697.000000000000000000
12.474374095210114533 9.524350128222145884 0.000000000579861261 0.403784498044984286 0.000000000000000000
11.008141733116470817 7.394649004112721080 0.000000000245539803 0.265234771561497551 838353.000000000000000000
7.848700702837343002 8.437745175163733791 0.000000000397835728 0.447467337143620303 841536.000000000000000000
7.946383858363179620 9.762128575270985209 0.000000000630265187 0.462517839823547439 846680.000000000000000000
11.571851479402859297 10.898115779133078718 0.000000000302377492 0.435558113358432086 841274.000000000000000000
10.971300318369197058 8.980640520500495327 0.000000000334408795 0.119581191146327731 0.000000000000000000
10.858701005389763239 9.632005972943655792 0.000000000848397026 0.180327103402216443 0.000000000000000000
12.481679396021824857 9.010287813365529530 0.000000000009699004 0.384368497063335701 837766.000000000000000000
9.529534263447052567 7.278736025582060343 0.000000000149182601 0.295696871859495836 844420.000000000000000000
11.881076809487998602 10.329439167716998327 0.000000000327121489 0.389728649891397105 846539.000000000000000000
8.356434444766970060 9.324945264286160551 0.000000000073936155 0.367912656883651490 0.000000000000000000
3.001157642436135919 15.721493398693905164 0.000000000000000000 0.451148374520848938 42105.293016317729779985
2.025841709529528245 14.609961921655811423 0.000000000000000000 0.243728883617035319 825354.845247311750426888
4.109707228252056588 12.473702948907476440 0.000000000000000000 0.347172191245661454 468911.858189143415074795
4.230143496343664822 14.930226395739126133 0.000000000000000000 0.447985132832904698 924013.000000000000000000
2.192693731691107040 13.331219341859378957 0.000000000000000000 0.027048761737985084 193900.253572204761439934
4.769108197601546806 12.208210926741239533 0.000000000000000000 0.473696884655107564 924276.000000000000000000
0.775893828802368901 14.245563584620850150 0.000000000000000000 0.327009646281024857 169212.439608399552525952
3.489862583131849938 13.928476029329464936 0.000000000000000000 0.236369858541835759 0.000000000000000000
1.642622397628135555 14.431007143700297135 0.000000000000000000 0.239728296085488929 0.000000000000000000
3.364459664925721238 12.963828622403669399 0.000000000000000000 0.191857107535329918 279150.923493788344785571
3.258842928092278157 12.236393942123429568 0.000000000000000000 0.247879047792515711 0.000000000000000000
1.517688308009050191 11.940589447253067590 0.000000000000000000 0.278971236459962024 0.000000000000000000
2.724169814774469511 11.004639510695279014 0.000000000000000000 0.410447633857528360 0.000000000000000000
2.165963760815701633 13.933095553287596857 0.000000000000000000 0.120686803355721239 0.000000000000000000
1.406822158281849866 15.335559419282947857 0.000000000000000000 0.402252715661189753 0.000000000000000000
-8.152544921691699642 11.064402625704268246 0.000000000453848060 0.278274377206159829 1681980.000000000000000000
-4.453307030387887444 11.505658790777074429 0.000000000162868915 0.407934410116262358 1535872.026530973380431533
-4.477165558056344530 11.247287315477100478 0.000000000633458409 0.410530856043298475 1752735.000000000000000000
-9.146980365564211013 12.610321025185882604 0.000000000468352661 0.458210472028831750 1714056.000000000000000000
-6.914139277254011340 9.041226870679585303 0.000000000679015050 0.474888716756463602 1702723.000000000000000000
-7.561651037928346142 14.148506672580220211 0.000000000844678012 0.454390226281032761 1735877.000000000000000000
-5.556834326157662929 12.166212867068413317 0.000000000879775752 0.224032448554728980 0.000000000000000000
-7.368457870936087950 14.180008501523952091 0.000000000772858662 0.449864684793832459 1760877.000000000000000000
-8.716325609795759988 11.127476788416204911 0.000000000495795619 0.368683609625786946 1766141.000000000000000000
-7.318447392166757659 12.361132393211924807 0.000000000415761032 0.154365448079567730 1694191.000000000000000000
-8.532766679639516738 10.407236642113455005 0.000000000788735903 0.395752088507937028 1718507.000000000000000000
-8.336280991546869856 13.548348922081205004 0.000000000377783581 0.431526041116306769 0.000000000000000000
-7.172671605381343518 9.388395418117047697 0.000000000312220706 0.419648465519635916 1724182.000000000000000000
-5.127091937939329824 12.902561271405636134 0.000000000887224452 0.354826076598094897 1213965.885736994212493300
-7.766966087955956333 13.188776283639056075 0.000000000026758267 0.318686940621346393 0.000000000000000000
-14.683833700832767732 3.971363609298076192 0.000000000000000000 0.372025996764175471 1050077.000000000000000000
-14.505536371222262915 5.642512555351209436 0.000000000000000000 0.360509858995891330 1038049.000000000000000000
-12.693481954226079722 3.390054973011330297 0.000000000000000000 0.224097437560445450 0.000000000000000000
-12.989814131187332080 5.461005420866616333 0.000000000000000000 0.144642769180621911 0.000000000000000000
-11.703618335356443581 5.534958786655964857 0.000000000000000000 0.233743580633914538 0.000000000000000000
-11.825736517688829608 3.181683314649690342 0.000000000000000000 0.304955313720107368 1036598.000000000000000000
-11.898639467596527908 3.498117117349924143 0.000000000000000000 0.251681897516504771 1053473.000000000000000000
-11.238140672339811843 6.143799908517830310 0.000000000000000000 0.366578866118299096 1074038.000000000000000000
-12.822212455591261104 6.069212245215661383 0.000000000000000000 0.242529816479036292 0.000000000000000000
-11.226638656173864916 3.343760888535402653 0.000000000000000000 0.352665463891285891 1079393.000000000000000000
-12.708634531772810661 7.046951693910021852 0.000000000000000000 0.411793536788227998 0.000000000000000000
-13.705929252232197157 6.829655628500632680 0.000000000000000000 0.413088595807904302 1105721.000000000000000000
-13.572082805908193492 4.165277552993240207 0.000000000000000000 0.177163673736922683 1062025.000000000000000000
-14.184809450463347957 6.374379510238438407 0.000000000000000000 0.393997951543885672 1123959.000000000000000000
-11.385253879442169378 6.599515728553054572 0.000000000000000000 0.410031866370438203 0.000000000000000000
-10.958548925779156846 -6.127810067868053601 0.000000000000000000 0.402130926436349900 762098.000000000000000000
-12.397880918575035381 -2.681233417590361157 0.000000000000000000 0.352026240374217980 757482.000000000000000000
-13.275266939017495105 -5.065014141066001230 0.000000000000000000 0.120610027827299085 0.000000000000000000
-12.555548895089254202 -3.174859520947567404 0.000000000000000000 0.263061646922313097 765841.000000000000000000
-15.163897128986841167 -5.325660389345312495 0.000000000000000000 0.450958782312327278 760026.000000000000000000
-11.939581295994665666 -4.348038110087667718 0.000000000000000000 0.149418434358777608 759584.000000000000000000
-11.600522413848400660 -4.832673013259231709 0.000000000000000000 0.200127582857708430 0.000000000000000000
-11.366689838352307618 -3.324469430224803457 0.000000000000000000 0.336627824848803214 766236.000000000000000000
-12.507605248974948964 -4.286318461090091958 0.000000000000000000 0.077453477151606415 760967.000000000000000000
-10.779926680384996018 -2.993313216018331335 0.000000000000000000 0.452994059020725703 734515.670915601192973554
-13.994308807727342980 -2.979826952012050612 0.000000000000000000 0.372764697074961737 0.000000000000000000
-10.882926480840177774 -5.469726915566809566 0.000000000000000000 0.354213961042217473 766622.000000000000000000
-13.882626650872088803 -5.813700273356046999 0.000000000000000000 0.286761989341193180 763038.000000000000000000
-14.464650241969666311 -5.177133937781918327 0.000000000000000000 0.323947839414682359 183027.186896192084532231
-13.414980419429312519 -3.237539285784190035 0.000000000000000000 0.279763046860323494 764583.000000000000000000
-4.787573404970574487 -12.634035127726816583 0.000000000372067236 0.382734670735004445 0.000000000000000000
-6.110333619486117307 -10.335860079218385010 0.000000000766504983 0.268833367653343147 0.000000000000000000
-4.646550063477722148 -12.551261878022170748 0.000000000127977096 0.399992890908934196 0.000000000000000000
-6.130309483539281068 -12.107193928643031455 0.000000000260810145 0.127484206159899943 0.000000000000000000
-6.406975865691833860 -13.957444967900539012 0.000000000780451540 0.400607607812506594 0.000000000000000000
-6.988346096904441751 -12.895923299447391130 0.000000000233283390 0.213266590347126916 0.000000000000000000
-7.686138940046300938 -11.784841261319895622 0.000000000290332427 0.170394574429243301 0.000000000000000000
-8.096854801964205706 -9.602484397822882656 0.000000000319751436 0.446091388353431373 0.000000000000000000
-6.518715092809133971 -13.732788970910968729 0.000000000688532069 0.358605218133827508 0.000000000000000000
-5.268620136524713615 -13.236257689936357096 0.000000000182863549 0.374716565300407922 0.000000000000000000
-7.826172970585466793 -13.069694174054916402 0.000000000431199972 0.308310998287071591 0.000000000000000000
-5.958543787167392303 -10.950676480180744576 0.000000000319835133 0.193726279712881644 0.000000000000000000
-5.263132395373459893 -13.385859713397504578 0.000000000583628408 0.394829116271546932 0.000000000000000000
-7.651866329470785821 -12.799166142354314601 0.000000000437479882 0.251722593660034133 0.000000000000000000
-5.580519529124662981 -13.012223516765290654 0.000000000683458750 0.307715551772927087 0.000000000000000000
-0.058050456747438479 -13.223582152455049865 0.000000000000000000 0.426464511804271418 0.000000000000000000
2.251111154081373744 -15.374586250183989833 0.000000000000000000 0.373873943042416668 1666751.000000000000000000
2.672912649285647202 -10.945956760697242771 0.000000000000000000 0.419343704355141456 0.000000000000000000
1.528735768816385621 -14.118949370406300048 0.000000000000000000 0.207659012344574678 0.000000000000000000
1.692048792593445539 -13.403255984693689840 0.000000000000000000 0.116674420318106334 1672292.000000000000000000
0.910704556416091715 -12.942860287250656626 0.000000000000000000 0.260605655274459169 1647174.000000000000000000
3.127830899980467816 -15.089350265585405708 0.000000000000000000 0.352305917556834491 0.000000000000000000
1.718361148899309132 -11.199080766138715504 0.000000000000000000 0.385978518281168304 0.000000000000000000
3.388820764917706452 -14.847102951993898401 0.000000000000000000 0.336824659097516355 1619479.000000000000000000
0.765687408851342455 -14.459732029406978882 0.000000000000000000 0.350105415981066315 0.000000000000000000
3.303933431247113806 -12.550115132484384262 0.000000000000000000 0.215850539057845792 0.000000000000000000
0.763500538656644245 -11.631809289227547310 0.000000000000000000 0.405265108521797313 1603286.000000000000000000
4.311490995091339151 -13.219391094832879219 0.000000000000000000 0.352516066007314333 0.000000000000000000
2.477193983075967498 -11.817885577450804035 0.000000000000000000 0.261015413906036220 1656746.000000000000000000
2.141222657014179465 -14.886509974394526168 0.000000000000000000 0.288742625846329926 0.000000000000000000
8.095639832420474136 -7.635792459077760164 0.000000000000000000 0.445388050291511683 1760272.000000000000000000
10.437841895405519210 -9.453051886684992411 0.000000000000000000 0.124825548883854040 0.000000000000000000
11.224094370061459713 -8.307914243348900385 0.000000000000000000 0.175322689936877135 1821793.000000000000000000
8.697500850303818254 -9.308832603068573519 0.000000000000000000 0.309010260753519062 0.000000000000000000
11.292669429309647455 -9.903457168242002950 0.000000000000000000 0.264048879444115647 1770337.000000000000000000
11.018623333212373083 -9.526364580786848890 0.000000000000000000 0.182194440057853679 1819953.000000000000000000
8.433033974536979116 -9.600922490441700319 0.000000000000000000 0.371602846707111634 1835818.000000000000000000
9.265894343424470492 -9.538777006363703848 0.000000000000000000 0.236612599245843602 1758218.000000000000000000
8.237087448500609810 -10.385501792613455407 0.000000000000000000 0.472753489719744180 0.000000000000000000
10.671110124560197363 -10.997498830736631703 0.000000000000000000 0.398597764136534305 0.000000000000000000
12.060715944305490765 -8.673675003044138521 0.000000000000000000 0.306876147186964210 1757672.000000000000000000
11.203794739093462240 -8.816599657255165923 0.000000000000000000 0.154331891620679756 1766094.000000000000000000
11.474795256209564087 -11.085446934279771014 0.000000000000000000 0.456299259566527282 0.000000000000000000
10.322864542116672482 -11.459095829532119026 0.000000000000000000 0.475372775768630518 1807626.000000000000000000
9.589355992123394401 -6.701378371958070623 0.000000000000000000 0.383410358839956666 0.000000000000000000
15.411125219516620177 1.038274374668892941 0.000000000000000000 0.378454531055119670 597724.000000000000000000
11.822372876245932360 1.127535103123239901 0.000000000000000000 0.363725602919705238 600651.000000000000000000
12.310156456225493926 -0.036432840389199597 0.000000000000000000 0.219511144353611382 598738.000000000000000000
11.620765602227724145 -0.584895060521806953 0.000000000000000000 0.357093590930787796 603582.000000000000000000
11.066068304553461132 0.669985794876422514 0.000000000000000000 0.456309736156345569 475869.888705582299735397
14.689878783985024668 -0.724239896208847544 0.000000000000000000 0.240026157227383879 596784.000000000000000000
12.254616063984743235 0.823990314022423953 0.000000000000000000 0.270340380084486853 0.000000000000000000
15.386226745642836988 0.942111838182716266 0.000000000000000000 0.366906340593604996 603511.000000000000000000
13.040076493289955550 1.730527065029037193 0.000000000000000000 0.313209395258560563 0.000000000000000000
13.802724636885772114 2.166576021648781047 0.000000000000000000 0.378135960962597772 0.000000000000000000
11.707167965544071464 -0.982248663266508060 0.000000000000000000 0.368840492888165061 601337.000000000000000000
14.086887552231505794 -2.359283470930662485 0.000000000000000000 0.419799952841869273 585189.383945076959207654
15.507836566348990104 -0.585908779926553769 0.000000000000000000 0.364871091213600895 0.000000000000000000
13.129775423004579338 0.041071449066401235 0.000000000000000000 0.073665636085529354 601701.000000000000000000
13.955396726210967273 -1.285499157366473799 0.000000000000000000 0.234518141804223368 0.000000000000000000
