-3.797474313816343372 2.927100866376683097 0.000000000000000000 0.323472439923906951 10955.000000000000000000
-0.221756771736497243 5.403180063856290793 0.000000000000000000 0.452076587056728318 0.000000000000000000
-3.755267145563787157 3.872781395630626289 0.000000000000000000 0.266830165220738713 0.000000000000000000
-1.046757293451698212 3.392798566051161480 0.000000000000000000 0.233388114408780212 10787.051896759088776889
-0.214709659941334396 2.432183960004061340 0.000000000000000000 0.447326854883560943 0.000000000000000000
-1.628596202649346791 4.300782814882473382 0.000000000000000000 0.133946800752904049 0.000000000000000000
-4.149761758737605888 2.082426046884545912 0.000000000000000000 0.465930590158336211 0.000000000000000000
-2.785497458810394011 3.429323991959651874 0.000000000000000000 0.124761484345290039 10016.000000000000000000
-3.951239359784187943 3.037796686322241424 0.000000000000000000 0.337715019982131270 10150.000000000000000000
-4.735948835224403020 3.028687821900114763 0.000000000000000000 0.467395717100098973 0.000000000000000000
-3.150069747394093955 4.483749796832971590 0.000000000000000000 0.190872821134070975 5481.539864857139036758
-2.161968947932243257 4.265731253490106845 0.000000000000000000 0.069048659745979679 10427.000000000000000000
-1.159026566668154956 3.680407618273161763 0.000000000000000000 0.199438002571512507 0.000000000000000000
-2.046456298322718581 1.236494427052364786 0.000000000000000000 0.474086585681693207 3330.414796250533072453
-2.834148635351746215 3.949479060315428836 0.000000000000000000 0.103189843585240262 10287.000000000000000000
-0.722562810356974228 -2.970564992455782871 0.000000000000000000 0.318977074968707308 0.000000000000000000
-3.901714392024421496 -2.062950495401746132 0.000000000000000000 0.437625089967533354 4725.485359201738901902
-0.645866442340143121 -3.113451925487617178 0.000000000000000000 0.318939770863267524 8705.000000000000000000
-2.828725534206299574 -5.735015609059979091 0.000000000000000000 0.343838559860219106 83.870552452956033562
-2.100866911485880006 -2.503431044240111980 0.000000000000000000 0.248562980044219672 4490.984768683852053073
-4.238866200491353098 -4.777283347076135556 0.000000000000000000 0.386669140453844651 0.000000000000000000
-3.240318573640197375 -1.884895736411138278 0.000000000000000000 0.397562616204080121 8691.000000000000000000
-2.583032755197478103 -4.681874418574981433 0.000000000000000000 0.152399425677784001 3876.856566171056783787
-2.199754132094354997 -5.229922964317585077 0.000000000000000000 0.238822462047636852 0.000000000000000000
0.188431997502441440 -3.045827610935815777 0.000000000000000000 0.461243839964081748 8446.000000000000000000
-2.633266783916305531 -5.030214623680537400 0.000000000000000000 0.213720571582276142 0.000000000000000000
-1.880831644927852597 -3.464649308262222505 0.000000000000000000 0.101334932129004990 0.000000000000000000
-3.470007025320149374 -2.628522425353958525 0.000000000000000000 0.311568717815757457 7129.304283685285554384
-4.048030419502246957 -5.329314712766372253 0.000000000000000000 0.409049135767597993 0.000000000000000000
-2.822840686405271082 -5.814202060855814480 0.000000000000000000 0.357033139386370157 0.000000000000000000
4.975981370584629637 -0.799358335108051987 0.000000000000000000 0.164113565610554929 9589.000000000000000000
4.521956458737288465 -1.661256325878253337 0.000000000000000000 0.295161936060682306 0.000000000000000000
4.766622520585074518 -1.948346596537150477 0.000000000000000000 0.349013385093516870 9603.000000000000000000
4.531174041217501447 1.636398126583493262 0.000000000000000000 0.290756460670363870 9085.000000000000000000
3.920844153648673114 0.148728839393440754 0.000000000000000000 0.109007253575878482 9356.000000000000000000
6.994338833399050159 0.604906723278069158 0.000000000000000000 0.454833287753998172 0.000000000000000000
3.817502805658075538 -0.605206859760511251 0.000000000000000000 0.164292519686966898 0.000000000000000000
4.130109951383249545 -2.486528768849487037 0.000000000000000000 0.447146704781367976 9633.000000000000000000
5.597146027472479801 1.343804082753383256 0.000000000000000000 0.306866430927798917 9490.000000000000000000
5.170875847542479420 -1.596817636925080608 0.000000000000000000 0.306779607466650950 5493.852242746355841518
4.546249466517096494 -1.006866248043463141 0.000000000000000000 0.178985207412986264 9260.000000000000000000
3.352763297394757647 -2.407827956013720350 0.000000000000000000 0.475499113910144211 0.000000000000000000
4.114538478790038312 2.013257628518248410 0.000000000000000000 0.364808886132549137 0.000000000000000000
2.158725428596059981 0.120506235711524148 0.000000000000000000 0.420329391763941684 9153.000000000000000000
6.593271799066288352 1.522177658753530949 0.000000000000000000 0.458459492761597587 0.000000000000000000
11.293559131025489251 6.810323652759456614 0.000000000042285272 0.379371843290882027 0.000000000000000000
9.278652029123852785 7.698657501834660799 0.000000000895125594 0.264183533706730311 10194.000000000000000000
11.947489139662550883 9.038147001699268657 0.000000000354100668 0.290879980819961304 0.000000000000000000
12.250451007955808436 7.387027113121074962 0.000000000249135621 0.415278181819648706 10442.000000000000000000
9.081117545498482713 10.620135943030797776 0.000000000229080920 0.398196413041208730 0.000000000000000000
11.012251815113760500 10.915739754247647753 0.000000000893165307 0.398106383801961783 10752.000000000000000000
9.083807309456803480 7.309944656297148846 0.000000000381092037 0.337642197201581673 0.000000000000000000
12.830938982179272756 9.158104063552530150 0.000000000565795515 0.449607141702796920 10798.000000000000000000
11.989581186280773295 7.694900802999687706 0.000000000752933194 0.346837699398737709 10209.000000000000000000
8.305687080155125912 7.174761217593101037 0.000000000281014514 0.456159806395498857 10705.000000000000000000
10.965109413119135340 8.088674825287558434 0.000000000080979648 0.160407813260437571 0.000000000000000000
8.725927471604787655 9.255514599711439416 0.000000000380644582 0.301305659834663397 8055.498690242242446402
11.785238117705294059 10.878891579887829621 0.000000000497748645 0.453017763194741907 0.000000000000000000
8.280332620866124316 10.213344269383688001 0.000000000666100838 0.448607998943867936 0.000000000000000000
8.899921203086178068 6.653425612035537284 0.000000000015303516 0.448766812772649071 0.000000000000000000
0.977802648754042658 11.164818285032449552 0.000000000000000000 0.447182353179184588 0.000000000000000000
1.349750306456000803 13.343277799387784910 0.000000000000000000 0.175882790242017195 11092.000000000000000000
3.777032811984720073 11.584804363039895136 0.000000000000000000 0.395933153619291378 4652.797258133550712955
1.319722944316785940 13.638111919694132723 0.000000000000000000 0.191951210861900895 0.000000000000000000
4.596337615509414221 13.808480392708919027 0.000000000000000000 0.414073772542655816 11687.000000000000000000
4.025590498250149807 13.426467916253677970 0.000000000000000000 0.302595195212478796 11638.000000000000000000
1.402860576855552655 14.918470910664231255 0.000000000000000000 0.336270469966365448 0.000000000000000000
2.349851685329714002 15.096595530406178298 0.000000000000000000 0.324082461672794642 7281.613557632969786937
1.230240231000203188 11.591651287411989912 0.000000000000000000 0.358909701772271272 11571.000000000000000000
3.047715510803731487 14.522267334269795214 0.000000000000000000 0.255605927592960636 11928.000000000000000000
1.785481372268240330 13.284312888300815914 0.000000000000000000 0.097833746638244803 0.000000000000000000
1.555829925337412600 13.477407465762027527 0.000000000000000000 0.143285352733247828 11531.000000000000000000
3.234572409465350962 12.388961409124124913 0.000000000000000000 0.225204183792007490 0.000000000000000000
0.346941479912966200 14.867300721377525008 0.000000000000000000 0.453587418830164402 11148.000000000000000000
4.449496009193576462 12.369727793003377769 0.000000000000000000 0.410035461097893572 11729.000000000000000000
-7.024339941706493562 10.590219538813155253 0.000000000408103740 0.206343888144204957 0.000000000000000000
-5.046666683378978391 11.388173167289146193 0.000000000688668635 0.306102927408155923 0.000000000000000000
-7.020960836057474452 11.501121505683554957 0.000000000765485820 0.064240855581322101 21069.000000000000000000
-7.831503515839585816 9.664793649764325423 0.000000000450700179 0.412557533208435967 0.000000000000000000
-8.749028298983514418 11.620224274196372605 0.000000000820620852 0.359843077517576326 0.000000000000000000
-8.897120876639496245 12.212557874217027987 0.000000000507175338 0.395546064031439548 0.000000000000000000
-7.138493747446519322 13.443469224069460211 0.000000000015199039 0.313632309330120818 21017.000000000000000000
-7.508003325626043001 11.401472734824897870 0.000000000223367543 0.149189092351991848 6389.679319865990692051
-6.012942772917364564 13.068845576091520755 0.000000000386304433 0.271367201357693766 9601.950219187428956502
-6.099900335940852791 13.258875021285449591 0.000000000398521508 0.295169656063861030 0.000000000000000000
-7.206197678276525131 14.134135271473104112 0.000000000398178875 0.435575348079694002 0.000000000000000000
-7.440272238576506325 10.694165984610135567 0.000000000340040838 0.220798265258542403 21949.000000000000000000
-7.519915432329923100 10.345725361779484430 0.000000000856081811 0.280455634717678426 0.000000000000000000
-5.546353225502170581 11.383655748322343726 0.000000000066989568 0.219568117426993198 21641.000000000000000000
-8.562922210803803225 11.386256023439951690 0.000000000681276797 0.331496738069570418 0.000000000000000000
-14.778465476280535640 5.996514389974296755 0.000000000000000000 0.433119605238898975 13838.000000000000000000
-12.259030308119250208 2.764744388016004528 0.000000000000000000 0.342766092903952768 13004.000000000000000000
-11.453274009688771073 5.226354042433539959 0.000000000000000000 0.244014670866962158 11028.289023883553454652
-11.758002975155006808 2.435759270678850008 0.000000000000000000 0.426160536498121689 13431.000000000000000000
-13.768645839121445462 2.648912681690758220 0.000000000000000000 0.399275128660393053 0.000000000000000000
-11.862455003165933931 2.568400241881294122 0.000000000000000000 0.397558605355914585 13811.000000000000000000
-14.501718543354805036 5.909695984738361219 0.000000000000000000 0.383577382514698806 0.000000000000000000
-10.672720793364927516 5.693493847406888797 0.000000000000000000 0.404517110080072961 13257.000000000000000000
-13.147415129486814678 4.620492874140503581 0.000000000000000000 0.078078025423657993 4953.773953624167916132
-10.647284936516724585 3.125850215932661769 0.000000000000000000 0.457187016446880257 13608.000000000000000000
-13.030842139793156420 6.536214493660485125 0.000000000000000000 0.327724995077932846 13703.000000000000000000
-11.952027936964107369 5.337252147747801878 0.000000000000000000 0.177648813065277938 13254.000000000000000000
-12.921801945149935520 2.975232313339606804 0.000000000000000000 0.298393327863695268 0.000000000000000000
-13.576556759081034542 4.545971619724921808 0.000000000000000000 0.155632968696221868 13816.000000000000000000
-12.782468090280765693 7.245907789266500032 0.000000000000000000 0.446485932106877481 13153.000000000000000000
-11.669091521619083807 -3.548456343329267959 0.000000000000000000 0.270929439574749298 0.000000000000000000
-13.113010602429815421 -4.397354169395743639 0.000000000000000000 0.086431931352958832 9008.000000000000000000
-12.465004267399768523 -4.753128395632550074 0.000000000000000000 0.046084262338956627 9263.000000000000000000
-12.116002109962220601 -4.560116021885506576 0.000000000000000000 0.108416432730693443 0.000000000000000000
-14.313938184059292524 -5.518357785521510905 0.000000000000000000 0.320326523952873754 0.000000000000000000
-13.743550115532798372 -2.538659293413525031 0.000000000000000000 0.414257040784395569 5116.819579947156853450
-14.444533236661275311 -3.177108523192988532 0.000000000000000000 0.403643789420866594 0.000000000000000000
-12.206263918199518059 -7.067246692321822010 0.000000000000000000 0.425423904196869984 9912.000000000000000000
-11.315870064492303371 -2.908314270048654837 0.000000000000000000 0.396573272877502769 9157.000000000000000000
-14.337666381714736730 -4.876384567504802980 0.000000000000000000 0.291609946645178419 9122.000000000000000000
-11.931147116897713900 -2.274416824216487498 0.000000000000000000 0.441238533706956426 9656.000000000000000000
-15.315820759958851838 -4.454931095643535066 0.000000000000000000 0.465535915494741492 7377.279023212771789986
-11.914263475113418878 -4.279552323367654232 0.000000000000000000 0.158450559956959364 0.000000000000000000
-11.791780472054764317 -6.733405810378044976 0.000000000000000000 0.393778975820380739 3393.873934148581156478
-14.472107494496752267 -6.638853462224590274 0.000000000000000000 0.462200596768001681 9905.000000000000000000
-7.168214912216374302 -11.043165767423293033 0.000000000412652477 0.142535548242012283 0.000000000000000000
-8.074837796251392419 -11.479794752354676390 0.000000000763990271 0.242964915235856199 0.000000000000000000
-5.112067657049289338 -12.621504901908794594 0.000000000621394015 0.330172096316987240 0.000000000000000000
-8.152631305403835071 -10.280778768361230391 0.000000000921025706 0.358664935584708300 0.000000000000000000
-4.960187322111615060 -13.036029687462134419 0.000000000462893510 0.392822065849648294 0.000000000000000000
-6.143075317756436782 -13.081364241943967741 0.000000000867824773 0.263213395227174796 0.000000000000000000
-5.709796112459700979 -13.157804632379949794 0.000000000783942160 0.313425234310400147 0.000000000000000000
-8.841899674279336097 -10.357627823078976448 0.000000000122377475 0.446203950989654874 0.000000000000000000
-7.036243559594081987 -13.548634632253811816 0.000000000512388842 0.328303634573909098 0.000000000000000000
-6.177000434042053456 -10.938528568053987655 0.000000000236705188 0.169963432686427773 0.000000000000000000
-4.550297882970341767 -11.971214684356217717 0.000000000047139736 0.391469933423106764 0.000000000000000000
-7.830761415623249455 -13.745403849044013356 0.000000000026054533 0.408288871626873717 0.000000000000000000
-6.644724535154331591 -13.381612003119540688 0.000000000829552925 0.294789584926482662 0.000000000000000000
-8.695393880144498766 -11.352067368140431824 0.000000000397877274 0.355803449023193163 0.000000000000000000
-4.693747544854170783 -11.410840464018153995 0.000000000738093332 0.367413028698385158 0.000000000000000000
1.037483684796438599 -14.956848838693700188 0.000000000000000000 0.378146699210069659 20858.000000000000000000
1.208002530933960372 -13.138162601409103303 0.000000000000000000 0.202256693169166113 0.000000000000000000
3.626170254545429739 -14.195769682974622938 0.000000000000000000 0.282425075195630204 0.000000000000000000
1.682237652563385755 -13.824480153156512685 0.000000000000000000 0.151747934190685302 0.000000000000000000
3.595061978074055364 -15.214162919145081787 0.000000000000000000 0.411556685927322641 0.000000000000000000
3.995832454942251033 -12.713594921937589888 0.000000000000000000 0.312610100194338381 20928.000000000000000000
0.366883326297051171 -14.581649161517821867 0.000000000000000000 0.420701789786836311 5245.626804865437406988
3.253933501654873606 -12.011449517436970424 0.000000000000000000 0.278549540336120893 18418.355481150134437485
2.908373524968739243 -15.529074673551805930 0.000000000000000000 0.413828101880287680 20098.000000000000000000
4.448780909698033526 -14.488101697455308070 0.000000000000000000 0.434091795930243773 0.000000000000000000
0.407571281689069809 -12.268904621262409549 0.000000000000000000 0.387493048954634489 0.000000000000000000
1.042922341213722515 -13.040639499696132120 0.000000000000000000 0.233975917882661644 0.000000000000000000
3.933283254343696633 -11.206101816236307300 0.000000000000000000 0.465777526445423640 0.000000000000000000
1.219662380842648997 -11.998293173759503105 0.000000000000000000 0.302204887816076295 20633.000000000000000000
1.672949918907199907 -11.744276666501082929 0.000000000000000000 0.297313011147822714 20155.000000000000000000
10.902422185748037009 -6.382065272153496061 0.000000000000000000 0.426384574070627353 0.000000000000000000
12.902147599719995696 -8.640582976181061525 0.000000000000000000 0.456944709773023205 0.000000000000000000
9.128851711612512076 -6.344600285862045830 0.000000000000000000 0.474204337343030913 0.000000000000000000
8.837935522004801925 -7.560829825213249755 0.000000000000000000 0.339499017797423308 22435.000000000000000000
8.499850091673167185 -8.824870465809336650 0.000000000000000000 0.328367282116507175 0.000000000000000000
10.882224339825151915 -8.791245189647073133 0.000000000000000000 0.096841358368074490 0.000000000000000000
10.091117298325620766 -9.017937669598959260 0.000000000000000000 0.064962492422568227 22036.000000000000000000
8.902817093624411982 -7.176220474165326380 0.000000000000000000 0.376766186673125003 22776.000000000000000000
11.147084974760160136 -8.906019994611309443 0.000000000000000000 0.146394892884433581 22070.000000000000000000
9.598945773131539738 -10.833412600939738013 0.000000000000000000 0.389213480700402015 22930.000000000000000000
9.587938254675108851 -8.748625149499115849 0.000000000000000000 0.134159171334241545 22448.000000000000000000
12.791236247427406170 -8.659764076547062928 0.000000000000000000 0.437066331193247781 0.000000000000000000
10.787782680153421566 -8.707622225315741815 0.000000000000000000 0.080023284848536907 22982.000000000000000000
8.391878826846083328 -8.261132470570125008 0.000000000000000000 0.357725115304719621 22646.000000000000000000
9.611552532283640815 -6.367436152021091367 0.000000000000000000 0.437604540189397595 22334.000000000000000000
14.249052328907517051 0.600381338980834900 0.000000000000000000 0.163465957621118263 7560.000000000000000000
11.454278901446961925 -0.742144782515567591 0.000000000000000000 0.393741553159576430 0.000000000000000000
13.630136606869658777 2.287501441394682811 0.000000000000000000 0.396652052888471718 7777.000000000000000000
12.032265312208174635 -1.691996546816717517 0.000000000000000000 0.398526954141743606 0.000000000000000000
11.738440541885433177 -1.621460040502162636 0.000000000000000000 0.427504062899480841 0.000000000000000000
12.403987208839213352 2.340633877041655264 0.000000000000000000 0.454262512902562143 0.000000000000000000
13.342234702803265733 -0.791501016828516812 0.000000000000000000 0.141732336233155898 2380.749212715547855623
12.176351838007260397 -1.016333366408859629 0.000000000000000000 0.300617719546125539 7669.000000000000000000
13.711455201750947452 -2.130965845583331575 0.000000000000000000 0.370400577369372652 7868.000000000000000000
11.236332765285730773 -0.369978630133077802 0.000000000000000000 0.415822338968734884 7646.000000000000000000
14.095826945940357788 -1.916805245654059409 0.000000000000000000 0.346207775267462381 7413.000000000000000000
15.669752086815424974 0.222095107749228610 0.000000000000000000 0.381375312080553863 0.000000000000000000
11.589067291375304336 1.378215556077137194 0.000000000000000000 0.422541676687164636 7499.000000000000000000
14.531285907153483450 1.636883761161353146 0.000000000000000000 0.333589487425062947 0.000000000000000000
12.820732981921240778 -1.995360080316068707 0.000000000000000000 0.369335205053014370 7453.000000000000000000
