-2.114826228780795514 4.695258865432276885 0.000000000000000000 0.145642560018406336 10944.000000000000000000
-0.962775984765576021 3.783385133869536343 0.000000000000000000 0.231663545935995752 10828.000000000000000000
-0.101027354488855692 5.434684929729452385 0.000000000000000000 0.472766914454123055 1686.810182875450209394
-3.842886778060121244 4.330904762646245132 0.000000000000000000 0.293114920068422935 10583.000000000000000000
-3.757599996848257184 5.059125665086451562 0.000000000000000000 0.338654915811214374 2288.469024738078132941
-1.730385134083748611 6.164894608771938067 0.000000000000000000 0.415917972453667573 5507.063445160256378585
-3.588516117533446792 5.051855863396892410 0.000000000000000000 0.314582228940671504 0.000000000000000000
-0.701196096634078891 3.597844087615046593 0.000000000000000000 0.282342927615067518 10613.000000000000000000
-3.877056080289263740 5.965673835015392612 0.000000000000000000 0.468656141031335405 0.000000000000000000
-1.453602080955179066 4.831852645570652527 0.000000000000000000 0.220683922586274034 10972.000000000000000000
-1.788741489363699477 2.604154922634847935 0.000000000000000000 0.243863649696932361 0.000000000000000000
-2.210445142995256074 6.428471807847611963 0.000000000000000000 0.452090734836199382 10381.000000000000000000
-1.962814417426329561 5.589799269059809284 0.000000000000000000 0.307247468496974929 0.000000000000000000
-1.186652965108045299 3.056459531626114945 0.000000000000000000 0.241934014507737466 10337.000000000000000000
0.084214686065378200 3.554294773921510497 0.000000000000000000 0.421723230816227868 10510.000000000000000000
-1.897602077599737314 -4.602817520216873959 0.000000000000000000 0.142272996924379280 0.000000000000000000
-1.804270153750852534 -1.557470639218788699 0.000000000000000000 0.423265078041340448 8658.000000000000000000
-2.587272390789876475 -6.152361869127512151 0.000000000000000000 0.407042051987111408 8009.000000000000000000
-4.194874539684937176 -2.975319855470378805 0.000000000000000000 0.381608838180684917 8005.000000000000000000
-2.556510518247536723 -1.647879213435436974 0.000000000000000000 0.402786373659974217 8830.000000000000000000
-3.945235814544428621 -3.255477805533776969 0.000000000000000000 0.321180504957774782 8042.000000000000000000
-1.006712700021475726 -3.016236529944903211 0.000000000000000000 0.272011974889848018 0.000000000000000000
0.129635915555464054 -4.700757578675140103 0.000000000000000000 0.449383228398919587 8638.000000000000000000
-4.881726558099038549 -4.104770227065897004 0.000000000000000000 0.469098355781127185 8010.000000000000000000
-0.241399962705239363 -5.424463300149424683 0.000000000000000000 0.451555954814629401 8848.000000000000000000
-0.017808991576768813 -3.180442303296847850 0.000000000000000000 0.418819918756653697 0.000000000000000000
-0.735035556964015235 -3.379058600673860102 0.000000000000000000 0.286331919063821383 8076.000000000000000000
-1.109360333851896474 -5.073868389393104472 0.000000000000000000 0.293917479253146263 8506.000000000000000000
-4.274900061825503528 -4.300582546523746608 0.000000000000000000 0.366755562751728159 8946.000000000000000000
-0.381940302844777979 -5.431048526751339089 0.000000000000000000 0.432630079922698696 8013.000000000000000000
4.184120850274616110 1.856927023354583817 0.000000000000000000 0.335196420133804407 9881.000000000000000000
5.986673843396830286 -1.747289512893188901 0.000000000000000000 0.406228796910790224 0.000000000000000000
4.597039531427609127 -0.041058483990793232 0.000000000000000000 0.016470470057369558 0.000000000000000000
2.919269514812545818 1.849396653178603245 0.000000000000000000 0.434694339760579418 0.000000000000000000
6.634867961784554957 0.735706989872663253 0.000000000000000000 0.399843308511675932 0.000000000000000000
4.150764123394304228 -0.270801301427506691 0.000000000000000000 0.080696730022841764 9927.000000000000000000
4.873747569861045292 -0.144894790114464961 0.000000000000000000 0.069060922262294294 9318.000000000000000000
4.932467842331598185 -1.890158489940748421 0.000000000000000000 0.343902630438976287 9900.000000000000000000
6.427534857180794425 1.474732138377615742 0.000000000000000000 0.429790780555900809 9747.000000000000000000
3.548357587092320742 -0.505559791053025176 0.000000000000000000 0.194192641165446267 0.000000000000000000
3.661310344734274747 1.063331599692614260 0.000000000000000000 0.242567164469375401 9869.000000000000000000
3.740702506353420276 -0.826740084255676466 0.000000000000000000 0.201504036143793863 9176.000000000000000000
4.984828902217330437 -1.518924927663559243 0.000000000000000000 0.282522208356977611 0.000000000000000000
3.957986485966000334 -2.110139890570240873 0.000000000000000000 0.387918497626769221 9985.000000000000000000
3.794568848763898217 -2.367197035826640761 0.000000000000000000 0.439871394727281650 9849.000000000000000000
12.792604330064492046 8.865575401147498980 0.000000000371768368 0.437520525535530058 10927.000000000000000000
11.893720006354303820 10.375836722714407045 0.000000000288646629 0.397090705749194306 0.000000000000000000
12.235476828974839236 10.124429631079843617 0.000000000094102047 0.414661423789772499 10269.000000000000000000
12.059984373301498195 10.455862933030376283 0.000000000815219959 0.427872433035958233 10371.000000000000000000
12.343581218882954786 7.007613311250205257 0.000000000343166258 0.468972564323525243 10493.000000000000000000
11.386497928647782985 6.769263879186108390 0.000000000665630240 0.393337079890627994 42.698944742232498584
9.207130631122568687 6.472475519268864552 0.000000000888636207 0.447823212132789028 0.000000000000000000
10.518118266238170477 9.623023486758505385 0.000000000616409164 0.156625799436824448 10065.000000000000000000
8.744311234860292714 9.622852040987199373 0.000000000026891971 0.323412942944027726 10117.000000000000000000
10.337179883740406083 8.436693900041305483 0.000000000721920131 0.054589805047568378 7186.124308969438970962
9.885468624549726968 6.816391481313004874 0.000000000812382859 0.348504775806565248 10638.000000000000000000
12.213734906008562930 10.027908310328568220 0.000000000562928971 0.401888735714782119 0.000000000000000000
9.879553622851314998 6.908597784900377903 0.000000000320719586 0.333054548125387762 10986.000000000000000000
9.694085225522604432 10.081662407611222676 0.000000000441469109 0.260918137451892462 10232.000000000000000000
11.698977242912414809 10.662007781968798170 0.000000000074745090 0.413210014912765655 0.000000000000000000
0.468130497203733398 12.996841735024700526 0.000000000000000000 0.336314811051354245 0.000000000000000000
1.491134279944240415 13.685846287087043649 0.000000000000000000 0.167022424612962600 11485.000000000000000000
1.234349272608008974 13.520574068757893471 0.000000000000000000 0.200804464687632994 11188.000000000000000000
4.506999089802062208 14.428820157303807292 0.000000000000000000 0.438092867447386569 0.000000000000000000
1.459679176106705167 13.317133908066846715 0.000000000000000000 0.156057074071944024 11115.000000000000000000
2.287583794962534611 11.522798354043825242 0.000000000000000000 0.312444197162312309 11843.000000000000000000
2.186469888145657237 10.930699861816810525 0.000000000000000000 0.418600867226053497 11287.000000000000000000
0.234306597383355963 11.668749630310587762 0.000000000000000000 0.471303741980048929 11571.000000000000000000
1.154488079694108826 12.612873719921054771 0.000000000000000000 0.241252521038788775 11461.000000000000000000
2.254851841261608758 11.082835784577506288 0.000000000000000000 0.390930760091874607 11719.000000000000000000
3.257787436970569939 12.424565065272840769 0.000000000000000000 0.223826331503134107 11627.000000000000000000
1.136423961856343645 13.355183676769785350 0.000000000000000000 0.213958915874109923 11716.000000000000000000
2.123722317034802298 11.886437124885674166 0.000000000000000000 0.250424899634471954 0.000000000000000000
-0.078848058115303057 14.358917740642660021 0.000000000000000000 0.471300435336369505 0.000000000000000000
3.536214479203077410 14.628724451077596669 0.000000000000000000 0.322161029004727872 581.547169407065780433
-6.216481231762423398 9.625495937420938120 0.000000000778912878 0.381902511261015654 0.000000000000000000
-6.557946410290347750 11.916029876213704242 0.000000000371571346 0.046776832484319693 21634.000000000000000000
-7.592691977149007343 10.214713974264048701 0.000000000540110444 0.306985883175219687 21824.000000000000000000
-6.016564701400691995 10.253665106648217176 0.000000000513734206 0.289154170874207972 21599.000000000000000000
-8.974337884970664092 12.092911189131205774 0.000000000368154110 0.405000279687641462 21987.000000000000000000
-8.103076875969282611 10.028534366690767143 0.000000000251303149 0.385870278287991031 4273.905056323924327444
-5.968425543790811361 9.552723038148583257 0.000000000061973373 0.407087664849611230 0.000000000000000000
-6.369930810289671896 12.080075136804806490 0.000000000592798508 0.090939054357105906 21770.000000000000000000
-6.000581173223135778 11.700601626536794697 0.000000000493954019 0.130474835505680120 0.000000000000000000
-4.809584588087741253 10.706082431128933763 0.000000000804229682 0.386871153701054904 21948.000000000000000000
-8.693715330959252086 12.190411681720179971 0.000000000815317056 0.359357097501397771 0.000000000000000000
-6.850634074661285489 13.626632152825298050 0.000000000899289803 0.338328853403329466 12644.551220841065514833
-8.014142982557187267 11.387775292437362751 0.000000000773817768 0.235818691205860298 21844.000000000000000000
-7.925028128587512377 12.239650611023277449 0.000000000605865954 0.231664166007265221 21337.000000000000000000
-8.384473747362500617 13.174972735156590176 0.000000000548356200 0.391020836038119601 21067.000000000000000000
-14.218961990124196149 5.965417850021504265 0.000000000000000000 0.349008375118787795 0.000000000000000000
-11.990002365899156800 6.295648014746964449 0.000000000000000000 0.309657582055052727 0.000000000000000000
-13.432252811451190766 4.988144719688212270 0.000000000000000000 0.139006777272616178 0.000000000000000000
-13.372744532786258631 3.537135385066199511 0.000000000000000000 0.230477950582958807 12927.697788639026839519
-10.122524552350402161 5.329106776310433169 0.000000000000000000 0.475503366206465328 0.000000000000000000
-12.543691521093984775 5.759132477888853963 0.000000000000000000 0.190357051998470306 2832.951850809062761982
-14.764416642804176760 5.926828655152753811 0.000000000000000000 0.424734301461008212 13866.000000000000000000
-13.281258715581905960 5.628199028134550197 0.000000000000000000 0.193545284071972357 11453.701331857781042345
-14.115890452123563747 2.514072285567328535 0.000000000000000000 0.450949274755296559 13203.000000000000000000
-11.603478737460307002 6.948291996406934956 0.000000000000000000 0.442159693768796325 0.000000000000000000
-15.012497211926040919 5.191617870325502260 0.000000000000000000 0.419369211413912146 9949.153543686545162927
-13.024354274276264576 5.990553677753450046 0.000000000000000000 0.234637692636036121 13871.000000000000000000
-14.988237084780537955 3.686539416896426058 0.000000000000000000 0.440381084809209233 13139.000000000000000000
-13.567660184165859505 3.355199890527055473 0.000000000000000000 0.275641984009344754 3441.353318142093030474
-10.978992995845649361 5.641281793877952033 0.000000000000000000 0.351764226800986957 13813.000000000000000000
-15.208664304946307055 -4.911569803256248257 0.000000000000000000 0.446650059567198443 0.000000000000000000
-14.649453774102502379 -5.631436577338381433 0.000000000000000000 0.382573376889203065 0.000000000000000000
-11.659940272487103741 -2.911239073247549047 0.000000000000000000 0.360631497627384279 279.612834103412183140
-14.273119057946123789 -2.529059638214563588 0.000000000000000000 0.464883912052429404 9709.000000000000000000
-10.851606567528786940 -6.420965350940651462 0.000000000000000000 0.449991429852103109 9051.000000000000000000
-12.033732624140041523 -3.355202481316243102 0.000000000000000000 0.260303554805134396 0.000000000000000000
-11.573359046434735120 -3.336561838543353975 0.000000000000000000 0.309780080399806146 0.000000000000000000
-14.349963449424745221 -3.370388460459814439 0.000000000000000000 0.369499175711851313 0.000000000000000000
-10.927137229089755266 -5.045635452200983195 0.000000000000000000 0.324714426415172397 0.000000000000000000
-13.825521481282461167 -6.454712413102217106 0.000000000000000000 0.366417847890119885 9148.000000000000000000
-13.330158698033820031 -7.314601322960084140 0.000000000000000000 0.470779565933374611 9735.000000000000000000
-14.861645739864000504 -4.941748936095573974 0.000000000000000000 0.385680562189062492 9781.000000000000000000
-12.476097292572347897 -4.989155016385467434 0.000000000000000000 0.068579917471596891 0.000000000000000000
-11.486459618543960914 -3.854241262616715069 0.000000000000000000 0.261630096961577630 9906.000000000000000000
-11.956777505918330107 -6.408952045611166604 0.000000000000000000 0.330088034333108238 0.000000000000000000
-8.839534458182743748 -11.791761558213494254 0.000000000128402278 0.375773966538080095 0.000000000000000000
-5.189254243177140680 -12.503618877623265959 0.000000000859543061 0.308226410339168200 0.000000000000000000
-9.147676730569987313 -12.257038692976845340 0.000000000430323098 0.440826162650771181 0.000000000000000000
-6.090938924220381523 -9.628108862161463222 0.000000000735757584 0.387497765955699125 0.000000000000000000
-6.652901442431236489 -10.309213261750683088 0.000000000444777354 0.249895071988853523 0.000000000000000000
-5.647289533892674740 -9.838771906776512921 0.000000000530576713 0.385151029736272077 0.000000000000000000
-5.239727204258282534 -12.446160813690122282 0.000000000522668040 0.295643135160983006 0.000000000000000000
-5.771051378759276318 -11.174840901084714062 0.000000000610598557 0.196573675128702496 0.000000000000000000
-7.720367600237557859 -10.391646640754636621 0.000000000780134236 0.293356728736706374 0.000000000000000000
-4.802346409419034678 -11.477799205413129258 0.000000000718434062 0.346624662057241739 0.000000000000000000
-7.727221617257251651 -10.556158059992139187 0.000000000187235643 0.271452550480804577 0.000000000000000000
-8.169524080858131754 -10.492175305612056135 0.000000000454814678 0.335535022696985819 0.000000000000000000
-7.856099250385332411 -12.444736692442667447 0.000000000108062965 0.237888901147095988 0.000000000000000000
-7.449281534393930926 -13.629052585901341388 0.000000000739488486 0.361232482544585121 0.000000000000000000
-5.227883237850448062 -13.229903642738966241 0.000000000794245177 0.379016215713764482 0.000000000000000000
0.869049455102751667 -12.656086683114837754 0.000000000000000000 0.283591281171289677 20965.000000000000000000
-0.050783551881504956 -12.668581284578378288 0.000000000000000000 0.438653784756405929 20440.000000000000000000
3.694932379556707502 -12.610049640641205926 0.000000000000000000 0.269961765014796296 0.000000000000000000
0.843232947067111938 -12.096200553076636552 0.000000000000000000 0.338894741277892542 0.000000000000000000
3.352764415791266828 -14.500089401057369543 0.000000000000000000 0.283488022323309219 0.000000000000000000
2.869911946774613032 -15.609531063560119435 0.000000000000000000 0.426138550482645595 0.000000000000000000
4.473797378782403023 -14.191143438382340491 0.000000000000000000 0.414536273013759338 0.000000000000000000
1.948347192488139923 -15.761668204904241364 0.000000000000000000 0.447854763990178317 20571.000000000000000000
0.687467083685743274 -11.504664830494441219 0.000000000000000000 0.431041331882917655 0.000000000000000000
2.006916602084977796 -13.371566479899367863 0.000000000000000000 0.060754103692474602 4813.941445988933992339
2.472346642507759373 -15.020289914714870960 0.000000000000000000 0.311442805510011245 20279.000000000000000000
0.127840142104602567 -13.322752132754889232 0.000000000000000000 0.393321899164413180 0.000000000000000000
0.364464474253717141 -14.352693362450855474 0.000000000000000000 0.399991468249231319 20988.000000000000000000
3.882833690044582120 -14.545700589504226841 0.000000000000000000 0.356587621985735348 0.000000000000000000
2.090296199704545721 -14.785339189498321488 0.000000000000000000 0.272170399014357911 20763.000000000000000000
9.419871857311742147 -9.528257563121659501 0.000000000000000000 0.213790082558281691 0.000000000000000000
11.026890686479463355 -7.905358653454406692 0.000000000000000000 0.191696818450119821 0.000000000000000000
8.827081259723168927 -7.248020711257216142 0.000000000000000000 0.377171192815110468 22202.000000000000000000
9.927624733616106312 -8.242952329006762113 0.000000000000000000 0.115201911842836610 22074.000000000000000000
9.782046402134662699 -7.161623933352632143 0.000000000000000000 0.295669078489185666 0.000000000000000000
10.473484148585177067 -8.348807200398079331 0.000000000000000000 0.073882349041533249 22420.000000000000000000
9.809826477712787707 -8.933104962612734568 0.000000000000000000 0.100031705142902119 0.000000000000000000
8.901395193442786180 -9.774608698655079309 0.000000000000000000 0.313605979962063186 3528.660502534703482524
10.648998786778767212 -8.714038791874896717 0.000000000000000000 0.055292983904964316 0.000000000000000000
8.863364648549113767 -9.209978122891591568 0.000000000000000000 0.275535533822758694 22517.000000000000000000
8.091139187503422647 -9.634160028026588662 0.000000000000000000 0.430161228518711303 22828.000000000000000000
10.107304133079990649 -9.668805769709036824 0.000000000000000000 0.166793398385005009 0.000000000000000000
9.294008808767573626 -7.150514199107103508 0.000000000000000000 0.336910620038881670 22392.000000000000000000
9.528329165596932881 -8.062547570023431476 0.000000000000000000 0.188266869441932161 22750.000000000000000000
11.524967852805529489 -6.499158103000658215 0.000000000000000000 0.446575157439962178 22717.000000000000000000
14.070236510537034391 0.850153544910490555 0.000000000000000000 0.174805236256458135 7041.000000000000000000
14.611260269026841385 -2.375644168229729569 0.000000000000000000 0.452863226166353605 7356.000000000000000000
10.970019718934214126 0.633551739025877803 0.000000000000000000 0.471356158379082679 7386.000000000000000000
13.885886394810400546 -0.997229457231911365 0.000000000000000000 0.183310546136587399 7660.000000000000000000
15.741112107320372360 -1.261005332709904891 0.000000000000000000 0.448414002334585726 7518.000000000000000000
14.312246458242224634 0.355267295856107279 0.000000000000000000 0.150586410919572949 0.000000000000000000
15.269734111902421247 0.611509389914590584 0.000000000000000000 0.325729124904027834 7623.000000000000000000
13.020825154381126865 -2.051035165089199808 0.000000000000000000 0.367701881628985539 7256.000000000000000000
15.472876753511933146 0.972147238595219121 0.000000000000000000 0.383039721334238359 0.000000000000000000
14.368747127239378969 -1.996512994313832445 0.000000000000000000 0.375565530354134647 0.000000000000000000
15.115189504483286242 1.983653694233497911 0.000000000000000000 0.442812153244544926 7558.000000000000000000
13.913153426343829011 -0.748851548114574994 0.000000000000000000 0.145655681829099326 0.000000000000000000
11.684558146673783341 -0.892236835395759265 0.000000000000000000 0.365503157867764661 0.000000000000000000
15.427278530912897025 -0.005278454108029244 0.000000000000000000 0.336229734888815690 0.000000000000000000
15.735103278637961211 1.033503745166585608 0.000000000000000000 0.429786468832030033 0.000000000000000000
