-0.723972254294516282 4.660178658078152125 0.000000000000000000 0.305917625538904947 10319.000000000000000000
-1.443212929826342528 1.561168122160893290 0.000000000000000000 0.439533673845911466 10480.000000000000000000
-1.304032543721588278 4.629194968362889462 0.000000000000000000 0.215061334592078546 0.000000000000000000
-0.348626624358005788 4.261578356964615288 0.000000000000000000 0.346699536675729669 0.000000000000000000
0.301538180746767137 3.212520446134699448 0.000000000000000000 0.471883461594277298 10351.000000000000000000
-1.147463813034364399 3.830534667775310265 0.000000000000000000 0.198251256285938843 10108.000000000000000000
-0.788000246911216395 4.693626527009999272 0.000000000000000000 0.298572624991369329 10594.000000000000000000
-2.031427778486534219 5.813356412916060201 0.000000000000000000 0.344884090158341095 10795.000000000000000000
-2.219937524462862743 4.260068302302260967 0.000000000000000000 0.066226438925832784 8583.614691072789355530
-1.515505543512476017 4.115918915316044036 0.000000000000000000 0.138345202165908232 10081.000000000000000000
-0.692552777578674839 4.466206281530226363 0.000000000000000000 0.297309501296028400 10864.000000000000000000
-2.900753149503815020 1.752246522251300176 0.000000000000000000 0.397481205512036029 0.000000000000000000
-2.587937067162216831 3.724960371047215002 0.000000000000000000 0.065719937880474713 0.000000000000000000
-0.223461735904898873 4.998037641688848787 0.000000000000000000 0.412861946563764015 10520.000000000000000000
-1.074093586619647711 5.238189250137048170 0.000000000000000000 0.319690688744001084 1414.527177968046544265
-2.067959711568922110 -3.642700108940290615 0.000000000000000000 0.055612391656112446 0.000000000000000000
-3.388312872877970339 -3.440694249424050888 0.000000000000000000 0.216724776174763073 0.000000000000000000
-1.823784091913033478 -3.043162136942589413 0.000000000000000000 0.169576102056125860 0.000000000000000000
-4.624063095908470977 -4.874680047895496138 0.000000000000000000 0.456548211153928185 3953.364346231791842001
0.099634315343466590 -4.994470063776234703 0.000000000000000000 0.463975887838987300 8854.000000000000000000
-4.648731681337303634 -4.213602284776839291 0.000000000000000000 0.429894370308499529 0.000000000000000000
-3.098522190333957926 -6.257802265060082192 0.000000000000000000 0.447290005223504539 956.524403363728538352
-4.504588831539979132 -4.949702466968367354 0.000000000000000000 0.442486507888989855 0.000000000000000000
-0.052581466750693057 -3.052735491437458037 0.000000000000000000 0.420442231055181526 8352.000000000000000000
-1.758897749398183219 -6.395814588640468479 0.000000000000000000 0.455043274022650990 0.000000000000000000
-0.347075716827659420 -3.691595265350871458 0.000000000000000000 0.342436332526858289 0.000000000000000000
-2.052119497506962986 -1.989955962205357753 0.000000000000000000 0.340407486774148893 0.000000000000000000
-1.432079139399969891 -5.240659284133016627 0.000000000000000000 0.282041787798944177 8792.000000000000000000
-1.258155752949199346 -2.406431408128567373 0.000000000000000000 0.318788422135463489 0.000000000000000000
-1.153833804417159214 -5.942526989153821937 0.000000000000000000 0.415203129167928120 0.000000000000000000
3.457015673041103465 0.414960317673423229 0.000000000000000000 0.202348625424081247 9407.000000000000000000
4.698485109985851338 -1.789102412410530807 0.000000000000000000 0.319524748037559703 0.000000000000000000
5.007407598741526300 1.041713747038327087 0.000000000000000000 0.204844832676276178 9188.000000000000000000
5.982770354715399641 -0.066757714568710089 0.000000000000000000 0.262011804592638675 9266.000000000000000000
2.308993121361136769 -0.940837943211987326 0.000000000000000000 0.427154310274104387 9529.000000000000000000
2.733060904696206439 0.880115910508703192 0.000000000000000000 0.353932601430265337 0.000000000000000000
5.360897725333138908 -2.000008370821277026 0.000000000000000000 0.385849302605016542 3987.656386381981519662
6.058643641348614217 1.708933908959937353 0.000000000000000000 0.409550692273010886 9890.000000000000000000
3.450401333664176118 -0.514401093119163266 0.000000000000000000 0.210504007833017259 0.000000000000000000
3.067458856247944787 0.322704502583732511 0.000000000000000000 0.264154481412707309 9036.000000000000000000
6.417631617089914364 -1.543399293936288608 0.000000000000000000 0.435938076212317338 9371.000000000000000000
5.399667384525507430 -2.351861957790613022 0.000000000000000000 0.446393139531820082 0.000000000000000000
4.655448615722349359 2.160198833392961149 0.000000000000000000 0.384584566421857288 2086.797730568948281871
3.427497970350608991 -1.867815351748459474 0.000000000000000000 0.384425767036213339 7492.394100456154774292
3.128610719245677352 -1.260609477133603828 0.000000000000000000 0.333511197448508212 0.000000000000000000
10.752322895511866818 11.128971721520656502 0.000000000651852534 0.423606180940812149 10462.000000000000000000
9.099093492187067866 10.608108594491231003 0.000000000172027010 0.394641341817150437 10236.000000000000000000
10.002394669434204744 9.435032081426998118 0.000000000262231119 0.134773271051002702 10683.000000000000000000
10.091048676418685304 9.686233454556592903 0.000000000672768769 0.170492430822637764 10249.000000000000000000
9.518264926887484378 8.696472097284315694 0.000000000713097711 0.146856646307325617 0.000000000000000000
10.763265928527378179 6.681556754127589315 0.000000000250251918 0.369839638881417188 10121.000000000000000000
11.191490904482613189 6.848832031782029262 0.000000000579422089 0.365492413045992171 1358.505133426613838310
11.392436377482654919 6.368596605248170839 0.000000000651355248 0.456722222852607551 0.000000000000000000
11.094457157874273889 11.225709249492794584 0.000000000200654794 0.454229083416244572 10982.000000000000000000
10.768766791716483766 8.987018564117157382 0.000000000872869877 0.087059181451385928 10127.000000000000000000
12.417903279635531533 9.821981367508373140 0.000000000125843378 0.415092629466333851 10229.000000000000000000
8.528421483461016805 9.217812991840283132 0.000000000413749561 0.333391358578262187 10950.000000000000000000
9.801949759627619940 8.808579936815794653 0.000000000662869687 0.096600130309228538 0.000000000000000000
9.000909284807629973 11.013627901074368509 0.000000000612403434 0.464172249017293259 0.000000000000000000
12.745700944220800466 8.341561253877799231 0.000000000033637362 0.434513759153853318 10738.000000000000000000
0.887114140605892776 14.340051564831956199 0.000000000000000000 0.320016004258932285 0.000000000000000000
0.112814136457112024 14.239487871270075203 0.000000000000000000 0.431468889554679103 10263.391688040417648153
3.932159407324591793 11.581917157001969443 0.000000000000000000 0.414772938455941154 11648.000000000000000000
1.996255629668133302 11.168766423886914652 0.000000000000000000 0.380210472393954724 11320.000000000000000000
0.204242618528570091 13.804039410371171215 0.000000000000000000 0.391073111963848863 0.000000000000000000
0.642065880193331440 15.339929625267872737 0.000000000000000000 0.475440360590639099 11572.000000000000000000
1.816552172423763212 11.929431265985337873 0.000000000000000000 0.257094980823104280 0.000000000000000000
2.301266095198516659 13.974330164824921852 0.000000000000000000 0.124373341305932972 11179.000000000000000000
3.728803332750953992 13.078432723374843860 0.000000000000000000 0.251021171880823069 11143.000000000000000000
2.141018962573013162 11.851940744759726698 0.000000000000000000 0.256065757986914055 11111.000000000000000000
1.803720001831264907 15.803462745987152616 0.000000000000000000 0.459829453408840017 11352.000000000000000000
-0.254915022384169743 12.918550459101403760 0.000000000000000000 0.465826859198556043 11369.000000000000000000
2.975915269952777109 10.916441580391749611 0.000000000000000000 0.435459419109280266 0.000000000000000000
1.340097754106367445 12.664830549708167240 0.000000000000000000 0.208040637277505380 11101.000000000000000000
4.682390176001362647 14.274581339264734936 0.000000000000000000 0.454538888613376935 0.000000000000000000
-8.946780342804126818 13.062543355935739342 0.000000000418947453 0.460481370038166749 21184.000000000000000000
-5.525869364036580578 14.101085683241306512 0.000000000139209108 0.473763165464851976 21695.000000000000000000
-8.116121798111448626 10.130606475504716713 0.000000000269305684 0.373610972431248356 0.000000000000000000
-4.642063251316862704 12.138879811747692372 0.000000000271992948 0.379926651827561745 21382.000000000000000000
-5.491512811444853703 10.515716017582178665 0.000000000086836750 0.307171303538466056 0.000000000000000000
-6.649718828478722088 10.798093757751848543 0.000000000440331723 0.163620996166351396 21551.000000000000000000
-7.321379357726613080 9.663355652269899565 0.000000000170500301 0.378402938587137583 21442.000000000000000000
-6.119313237288254825 11.242107841545069036 0.000000000797010195 0.138072884123324136 21729.000000000000000000
-4.749017360616712757 11.923677055115438961 0.000000000173099837 0.355352441240635919 0.000000000000000000
-8.087983720632918150 13.108021345763601673 0.000000000588733482 0.344485646803588397 21472.000000000000000000
-8.532077879376412710 12.116425331376829533 0.000000000764374257 0.328365370066640017 15229.486388558403632487
-5.954812224985125191 9.887126266924235907 0.000000000578614081 0.352782516673961599 0.000000000000000000
-7.354134152314492745 13.820407631752997801 0.000000000510471692 0.387923265435833386 21409.000000000000000000
-8.576567171627972996 11.019338131451723584 0.000000000445958608 0.351129006714750502 0.000000000000000000
-7.497155416877130385 9.422781080553598088 0.000000000043810718 0.428285949193471793 8245.488933515014650766
-11.526211873453311441 5.928938105193645391 0.000000000000000000 0.303702598364318510 10748.465288649595095194
-12.174459024770523996 2.066624694987328148 0.000000000000000000 0.464644308172279863 0.000000000000000000
-12.835598228080957739 3.805952928807233349 0.000000000000000000 0.153272794892142877 0.000000000000000000
-10.572458971602584299 5.684795801371643087 0.000000000000000000 0.420029055269732166 13947.000000000000000000
-11.315983033271402647 4.316955515505080498 0.000000000000000000 0.256893278794333768 13277.000000000000000000
-13.580561301162523691 4.935490901199801606 0.000000000000000000 0.160933905806554783 13739.000000000000000000
-12.913057106107423522 6.092267218537511297 0.000000000000000000 0.248284092085173769 0.000000000000000000
-12.107442617120023343 2.178573030766330909 0.000000000000000000 0.448380736763399568 13060.000000000000000000
-12.269029205219752043 3.575624502203730959 0.000000000000000000 0.207639378863602508 9460.721479440244365833
-13.552121332105146578 3.091518297479685984 0.000000000000000000 0.313479517702844046 13577.000000000000000000
-11.388584002619493774 3.188327169438052611 0.000000000000000000 0.351028998749023657 0.000000000000000000
-12.486084673691635771 2.692991096578663424 0.000000000000000000 0.347771643077473269 0.000000000000000000
-13.620202494759123368 5.634120173342219040 0.000000000000000000 0.231625514779848302 7017.656256067120011721
-12.462802029712161556 5.431896844279369141 0.000000000000000000 0.138434858570973374 0.000000000000000000
-12.336112975567358419 6.831924208780050023 0.000000000000000000 0.380657509407045958 6728.294921430461727141
-15.023167095141534588 -5.103137371761977015 0.000000000000000000 0.418269450486623229 0.000000000000000000
-13.611791164570780310 -4.295698526016709096 0.000000000000000000 0.173441294562495352 1416.746840591275940824
-14.121320955728219104 -5.301340069664991717 0.000000000000000000 0.273259668300023795 0.000000000000000000
-13.345450383528000060 -5.726949895973899807 0.000000000000000000 0.214129651433585144 9092.000000000000000000
-14.250443697392602971 -6.129723713743319813 0.000000000000000000 0.371964517084322932 9332.000000000000000000
-10.877763373590143559 -3.346072538152652154 0.000000000000000000 0.401329071246617597 0.000000000000000000
-12.527658833773321234 -3.738136692811235395 0.000000000000000000 0.166902627002269599 9801.000000000000000000
-15.152487563777741642 -3.900478769475776097 0.000000000000000000 0.455172862344953244 0.000000000000000000
-11.035178196032960685 -5.512132711117801342 0.000000000000000000 0.332544724719825713 9716.000000000000000000
-12.751335864890364746 -5.464712391616708409 0.000000000000000000 0.136850366718660160 9286.000000000000000000
-14.097716495574951878 -3.301615531970948147 0.000000000000000000 0.343397578195435371 0.000000000000000000
-12.262758937890192001 -3.648690644342202472 0.000000000000000000 0.196400217537568506 0.000000000000000000
-10.918560804629269256 -5.317484223860073911 0.000000000000000000 0.338728320434016850 9690.000000000000000000
-10.532540492083249717 -4.984047010846397896 0.000000000000000000 0.392303633311101130 0.000000000000000000
-14.336358473369113398 -6.018685675350337050 0.000000000000000000 0.371018261235367797 1174.964831424717885966
-5.786321318074599596 -13.898142232286705422 0.000000000847793357 0.421323309286143033 0.000000000000000000
-9.356998508432585737 -11.485196158150563051 0.000000000633764339 0.469572790061831336 0.000000000000000000
-4.529605432561512934 -11.155108002463398620 0.000000000205385180 0.405105896808736321 0.000000000000000000
-8.086250252994883425 -12.517242805027750663 0.000000000508543037 0.279550633578969754 0.000000000000000000
-5.083295356218369143 -10.052868865572873958 0.000000000228896617 0.416622576979913339 0.000000000000000000
-7.942873917129427142 -9.508518961970038319 0.000000000380717899 0.446267317434243971 0.000000000000000000
-6.993862670254284986 -11.909605161734894807 0.000000000779158398 0.057566425305425571 0.000000000000000000
-5.143552845393906559 -10.594498647180305539 0.000000000185104799 0.346258549607483201 0.000000000000000000
-8.286121745960093321 -10.182633298301723812 0.000000000000703378 0.387737480359846620 0.000000000000000000
-6.835803582390021838 -13.300971685481322027 0.000000000194680168 0.280652595965071527 0.000000000000000000
-5.803555507722986562 -11.311097255005982731 0.000000000923373434 0.180611314890951141 0.000000000000000000
-4.850120262637779511 -13.283248041755717495 0.000000000553141530 0.435301204651589613 0.000000000000000000
-6.049973135549136849 -13.077729286653184460 0.000000000641995666 0.269707747344211435 0.000000000000000000
-6.189172902315764446 -11.460407715200499723 0.000000000485606955 0.107079927276453463 0.000000000000000000
-6.309428615225367132 -10.792280270936570830 0.000000000565715037 0.180533982765092860 0.000000000000000000
1.058935091350445168 -11.767790847848793589 0.000000000000000000 0.352020536828172692 0.000000000000000000
1.308373494822902217 -11.812415050100453229 0.000000000000000000 0.318542334328129340 20842.000000000000000000
0.540648648540758225 -13.101043096315210690 0.000000000000000000 0.321203834815429246 20381.000000000000000000
0.227543229950898707 -13.754755333423192454 0.000000000000000000 0.385007160324571551 0.000000000000000000
1.704919875383019923 -13.056764965949060553 0.000000000000000000 0.118826813539297152 20976.000000000000000000
1.720063862541905353 -12.748860864881827126 0.000000000000000000 0.144313130639852794 20624.000000000000000000
4.148102169420845975 -11.472030186812391506 0.000000000000000000 0.455610402760284583 20828.000000000000000000
4.580017238839452887 -13.477941182173561074 0.000000000000000000 0.401816041658700551 11477.668200191041250946
3.104772533947552038 -15.647434117818152188 0.000000000000000000 0.443788507374670682 0.000000000000000000
0.291950360680220733 -14.316128801556700978 0.000000000000000000 0.408385311779658922 1985.601093543971956024
3.461026879129798228 -11.869384279641108648 0.000000000000000000 0.321040925380021047 20761.000000000000000000
2.132084326153899312 -14.217724948704429266 0.000000000000000000 0.171420024715664393 0.000000000000000000
0.057042843856034760 -12.856271769278672323 0.000000000000000000 0.412705561535703702 20103.000000000000000000
1.487692833562829442 -13.233259555845039657 0.000000000000000000 0.151096611030267725 13517.153423791920431540
4.154040448849011469 -13.003249727838220196 0.000000000000000000 0.327939904180984176 20927.000000000000000000
11.012959053957178668 -10.492171006559043889 0.000000000000000000 0.328165772359917618 0.000000000000000000
11.079301974526854835 -9.528855454692262583 0.000000000000000000 0.189845753658532151 22209.000000000000000000
11.653136471439788480 -10.889685423679985377 0.000000000000000000 0.441736981884166213 22340.000000000000000000
10.938408465588326024 -6.336025731624265411 0.000000000000000000 0.435726085355223947 0.000000000000000000
11.229227718468569819 -8.708455873261712554 0.000000000000000000 0.158548033079758760 22146.000000000000000000
11.620340880072237866 -10.462451135095845345 0.000000000000000000 0.376854322955421539 22709.000000000000000000
8.009630272228053016 -9.773401162014259569 0.000000000000000000 0.452921718841298282 22952.000000000000000000
9.898025438882944727 -6.199526107092045990 0.000000000000000000 0.454047954862383751 0.000000000000000000
10.558771774790772113 -8.415387591960975300 0.000000000000000000 0.070081911151542789 0.000000000000000000
11.250348152309426197 -6.711248135145046589 0.000000000000000000 0.391728800818758049 0.000000000000000000
8.264485956904950470 -8.031754774698711685 0.000000000000000000 0.390884366296296637 22628.000000000000000000
10.078659197007400650 -7.504281677047610621 0.000000000000000000 0.223112456893913125 0.000000000000000000
11.498487159990354201 -8.564194352556956602 0.000000000000000000 0.208882314853286982 0.000000000000000000
8.501524740411854353 -8.674455649695383741 0.000000000000000000 0.328045243936276154 22395.000000000000000000
9.208640462325279330 -10.803206905933263826 0.000000000000000000 0.413535184467780592 22617.000000000000000000
12.870792267689942889 0.823758458656978609 0.000000000000000000 0.186315474548178206 5113.793914798025070922
12.911078459627139736 -0.488848604235829098 0.000000000000000000 0.140742411044345650 0.000000000000000000
12.080882229563457031 -0.192646156585332212 0.000000000000000000 0.262430817885095702 7672.000000000000000000
14.667740792003893802 0.504166822959561611 0.000000000000000000 0.218937712923054112 0.000000000000000000
12.158344977964466338 -2.148027726604113230 0.000000000000000000 0.447294858151615182 7861.000000000000000000
14.910886292227230498 0.372633345997276433 0.000000000000000000 0.252528149003433289 0.000000000000000000
14.392265441616682864 -1.506145016477469234 0.000000000000000000 0.301500649493403439 0.000000000000000000
12.276885281304439346 -0.646050654575320182 0.000000000000000000 0.251757258863759326 0.000000000000000000
13.463140422320670098 2.499683723284993775 0.000000000000000000 0.433463994151481624 5205.815633477533992846
15.162748348713144253 -1.316699372893575637 0.000000000000000000 0.367777077504570449 7552.000000000000000000
13.037646983517573673 1.926203476944076121 0.000000000000000000 0.345991037046956218 7443.000000000000000000
13.254717348034589008 -0.694838752882545152 0.000000000000000000 0.130858686733640067 0.000000000000000000
14.113896198274616722 0.117933187385596439 0.000000000000000000 0.104131990782735939 7101.000000000000000000
15.733248136017500940 1.185242324037702577 0.000000000000000000 0.440986249025180466 3047.818086560638676019
12.669593857989832841 0.347553024917434172 0.000000000000000000 0.166657262642690068 0.000000000000000000
