-3.079196176520919703 4.137257072380860379 0.000000000000000000 0.152791074638153918 10380.000000000000000000
-2.889849751623243979 3.784811748539224752 0.000000000000000000 0.114128617350922376 10641.000000000000000000
-1.843743438704427584 4.279915882328911181 0.000000000000000000 0.101369179976131860 0.000000000000000000
-3.228111636403983908 3.615254857425676427 0.000000000000000000 0.179658100909301482 0.000000000000000000
0.248253618902135043 4.008721070028062883 0.000000000000000000 0.447183534492791634 0.000000000000000000
-1.339998736092701481 2.560423001514022356 0.000000000000000000 0.287906975607580828 10147.000000000000000000
-4.318791846395449774 4.131603727751383737 0.000000000000000000 0.369738780769142406 10077.805502851473647752
-1.769987030126042971 2.075503870087713754 0.000000000000000000 0.334720561642878500 10185.000000000000000000
-1.218050453665212363 5.869678026737522814 0.000000000000000000 0.398369358668193896 0.000000000000000000
-2.086291943446763497 5.765328652658283204 0.000000000000000000 0.335351821700771879 10434.000000000000000000
-0.643572476917902758 5.149802423073910340 0.000000000000000000 0.364917004598469374 7637.517837718073678843
-2.735065765646939706 5.998856562598034792 0.000000000000000000 0.384942905041031458 10412.000000000000000000
-3.703106121781843285 4.481917156698226101 0.000000000000000000 0.278218120656230028 0.000000000000000000
-0.484563792767346124 2.253242919147413481 0.000000000000000000 0.430071164855613086 0.000000000000000000
-0.012560493706791777 3.463241200460640545 0.000000000000000000 0.407376063773964459 10597.000000000000000000
-1.131204196654645777 -3.627412499778697619 0.000000000000000000 0.206246591120122058 0.000000000000000000
-2.717080612498127934 -2.527226104945747842 0.000000000000000000 0.256093227766554465 1292.175000786646478446
-0.132682829598691293 -3.192412628888729120 0.000000000000000000 0.398683451757874840 8985.000000000000000000
-0.720509770473773070 -2.611820959764060923 0.000000000000000000 0.356329449596429204 7379.206250321062725561
-0.920336947873149236 -4.326577431382505168 0.000000000000000000 0.250797643399457149 0.000000000000000000
-0.682769922368627658 -3.276751422847272721 0.000000000000000000 0.301299350210429029 8316.000000000000000000
-3.086778231877018719 -5.484372339407119767 0.000000000000000000 0.319926131343653664 0.000000000000000000
-1.820162949607027070 -3.308411687264393830 0.000000000000000000 0.129743302212368072 1090.070892268412535486
-4.120440633420161980 -1.977985412659070574 0.000000000000000000 0.475285908082026975 0.000000000000000000
-1.200315327940688404 -3.865353726419524349 0.000000000000000000 0.188598960868406579 8494.000000000000000000
-4.549747043463424845 -2.839770066632941070 0.000000000000000000 0.449101542281019450 8989.000000000000000000
-3.984758911922446245 -4.359576679305650515 0.000000000000000000 0.318844647827262073 8367.000000000000000000
-2.438059757897396818 -6.075643753594343721 0.000000000000000000 0.390476856957280682 0.000000000000000000
-0.719521025564735184 -2.879069806567196910 0.000000000000000000 0.328100107789654261 8815.000000000000000000
-4.431155611919230353 -3.876796096917742851 0.000000000000000000 0.387265860895253111 8208.000000000000000000
6.420195083019123672 -0.405439309948944171 0.000000000000000000 0.347228993843114675 0.000000000000000000
6.010586228054427771 -0.201609078211241632 0.000000000000000000 0.269090280322145770 0.000000000000000000
2.426197552167451033 1.073601720674816073 0.000000000000000000 0.418258155315037294 0.000000000000000000
3.483524046232660432 -1.597061042583815871 0.000000000000000000 0.338172567396664514 0.000000000000000000
3.556360404610251269 0.209305505326829594 0.000000000000000000 0.174722505692138763 9297.000000000000000000
4.503563324053104999 1.493001270732950081 0.000000000000000000 0.265276903687962196 9820.000000000000000000
4.312704131794167672 0.396746766015296737 0.000000000000000000 0.079122503800489657 0.000000000000000000
3.432605458248624508 0.089764269662690535 0.000000000000000000 0.193429617844324081 0.000000000000000000
3.964484973146260138 -0.736714114791824137 0.000000000000000000 0.163540903617350020 7051.363881124843828729
3.518037699370346605 0.331381816657001060 0.000000000000000000 0.187063915070843079 0.000000000000000000
6.856071169531855247 -0.782938559648913568 0.000000000000000000 0.439854101504577655 9537.000000000000000000
6.540523609932664684 0.022410351851977900 0.000000000000000000 0.361163482060943897 0.000000000000000000
5.893546296636784199 -0.843068275427493297 0.000000000000000000 0.287798090317568700 0.000000000000000000
4.437380319244078386 -1.358639140732104789 0.000000000000000000 0.241797393580745340 1800.813150115878215729
3.948008001357846020 0.489261173285229389 0.000000000000000000 0.133213323153866525 9956.000000000000000000
10.339694771380484539 9.556199493620304963 0.000000000753014253 0.141722433672237497 0.000000000000000000
8.039036601995286802 8.999267012536202870 0.000000000804945974 0.412583484233206566 10012.000000000000000000
11.938601513005956178 8.401980604331813041 0.000000000777324853 0.291191884027544035 10679.000000000000000000
11.346920204328075243 9.970404698156032808 0.000000000498779414 0.279227224735139834 10493.000000000000000000
10.040561775462114369 8.022680405236044976 0.000000000022753541 0.138025977583412257 0.000000000000000000
9.775945790670451885 11.226143633663932420 0.000000000106200016 0.446384216740542183 10413.000000000000000000
12.416317057153918313 9.920330815699896831 0.000000000883830367 0.422890254987135505 10591.000000000000000000
12.028478104579654939 8.323405102741398665 0.000000000792267248 0.309878550872392688 5307.638967129027150804
11.374558502753856715 9.325265861987379168 0.000000000085712879 0.210187450473276000 0.000000000000000000
8.462487550284768290 8.749551761620558921 0.000000000910981204 0.334747537790285821 10141.248552754916090635
10.335861553960905113 6.734041872372675819 0.000000000833741095 0.353134181460603935 10380.000000000000000000
10.005023377989051170 10.414800192527684075 0.000000000703366369 0.298477403692176457 10133.000000000000000000
9.004983378773680158 10.965353520031829504 0.000000000074535835 0.456540569960169951 0.000000000000000000
9.329864908925666001 8.653226147618916286 0.000000000569082577 0.180925079929816934 10772.000000000000000000
9.940892530087328538 8.884148213817450568 0.000000000838746515 0.075146115459482590 10349.000000000000000000
1.895247116852377012 15.652307141427234782 0.000000000000000000 0.430250802788487541 12000.000000000000000000
3.132923733546332024 12.422487207525904296 0.000000000000000000 0.208286883607892132 0.000000000000000000
2.610624157860399475 14.463361456185415577 0.000000000000000000 0.216956370716265140 11825.000000000000000000
1.391435838308732631 15.215251353664266176 0.000000000000000000 0.384013843984384928 0.000000000000000000
2.526014591694484057 12.475412001286532160 0.000000000000000000 0.146719532718588508 0.000000000000000000
2.805321659455408234 13.443244503353829700 0.000000000000000000 0.089024592318065837 11348.000000000000000000
3.398857020211969004 13.579650876237430168 0.000000000000000000 0.197239384041344890 0.000000000000000000
4.744885165102719071 13.258726183087107486 0.000000000000000000 0.429608281489733235 4040.518205864502760960
2.542829437663391090 13.889381369478826400 0.000000000000000000 0.115250385158637572 0.000000000000000000
0.930724608781795859 12.005779502886573695 0.000000000000000000 0.337399397261214873 0.000000000000000000
0.616576721747290168 11.812145307500736990 0.000000000000000000 0.402236570927698989 0.000000000000000000
4.899027475158017175 13.673327528062966252 0.000000000000000000 0.462471060542400114 11647.000000000000000000
2.052717026871864192 13.599586196158767848 0.000000000000000000 0.076329095711952830 0.000000000000000000
1.238644180816751872 12.986693096445662832 0.000000000000000000 0.202002508374122092 0.000000000000000000
2.293003155172200991 11.869346437148282192 0.000000000000000000 0.250732809862782902 11357.000000000000000000
-8.655600728247978992 11.320017564292143675 0.000000000406116615 0.349927952645580187 0.000000000000000000
-8.433892501511778050 12.590618311671436302 0.000000000077102182 0.340141429376196625 21967.000000000000000000
-5.536528773712613649 12.061683406569073895 0.000000000286617814 0.221642215124094766 0.000000000000000000
-5.228556600040533908 11.035657615614287153 0.000000000825312713 0.294099410570262731 21743.000000000000000000
-6.599674089715358072 13.784301792539247700 0.000000000124208543 0.366430357208570756 0.000000000000000000
-8.494404705020450308 12.276614004736039476 0.000000000616331997 0.329149699362731196 21537.000000000000000000
-5.129309425168108838 12.710056119858627710 0.000000000297723220 0.335437158114442191 21634.000000000000000000
-6.658051899430279974 13.829441254217693213 0.000000000896187799 0.373868329720878800 0.000000000000000000
-8.680811892230353877 12.173832690653298982 0.000000000444621466 0.356449197899965708 533.844526305886120099
-7.667217713344157026 9.809000637299977399 0.000000000813179742 0.376528148848347233 21092.000000000000000000
-7.238678984029263574 11.817468765317448387 0.000000000481198218 0.091917149139474880 0.000000000000000000
-6.726177718602793121 12.920556280324444032 0.000000000104620977 0.212750036536255571 0.000000000000000000
-4.934085172107047335 10.279835527009433704 0.000000000279673350 0.409618948793814941 21274.000000000000000000
-5.629918508394298193 11.854294083568934326 0.000000000648439557 0.197963290922230722 21496.000000000000000000
-7.596572888764997700 10.016781597492480316 0.000000000011348342 0.338071981038267744 0.000000000000000000
-12.353648306145483815 6.362764958359625744 0.000000000000000000 0.299965872903954822 13049.000000000000000000
-13.315090760597131592 3.129809819668269544 0.000000000000000000 0.289601559338735659 0.000000000000000000
-10.748441795340934135 3.581931814607879350 0.000000000000000000 0.399065706205768200 1069.314358792258417452
-12.128002648087024440 2.261294307420493421 0.000000000000000000 0.433509525816162922 13974.000000000000000000
-12.253394506104296369 3.321032046647999447 0.000000000000000000 0.250077854535674882 0.000000000000000000
-13.685313271999030249 3.462315526507387276 0.000000000000000000 0.273110253893199373 13249.000000000000000000
-10.839964724926762329 3.091319614377514569 0.000000000000000000 0.433780132524719919 13656.000000000000000000
-12.070997846292277345 3.315910374169333874 0.000000000000000000 0.263409743314221678 13288.000000000000000000
-13.690243190137978857 7.143200933629513472 0.000000000000000000 0.461779442343687008 13871.000000000000000000
-12.337741300843601877 2.865549608969808926 0.000000000000000000 0.322501612569586149 4680.194827300749238930
-11.756777272282198155 5.385543147720809998 0.000000000000000000 0.210294526222912420 13859.000000000000000000
-14.221732368947872516 4.720830919353959487 0.000000000000000000 0.269023814218155299 0.000000000000000000
-12.120994780416951997 2.235319102272319114 0.000000000000000000 0.438203316397167475 13727.000000000000000000
-13.514900567840481216 3.624152569138930691 0.000000000000000000 0.232249309830129813 0.000000000000000000
-12.585420845421024794 4.780158339366993303 0.000000000000000000 0.028806878021895362 0.000000000000000000
-11.115760141895176361 -3.400040219182744128 0.000000000000000000 0.361639787567164472 3141.073530889776975528
-11.930853348945161585 -3.934667630140668670 0.000000000000000000 0.190335930546914972 5488.404730579121860501
-14.304258740618440271 -6.292466322394715483 0.000000000000000000 0.398336157228728116 9793.000000000000000000
-13.476153720027832961 -5.530676545075152717 0.000000000000000000 0.200962971722464884 0.000000000000000000
-13.553883449526537675 -6.454425220112712580 0.000000000000000000 0.342756247274728310 9332.000000000000000000
-15.245265872547074437 -5.113342129351121201 0.000000000000000000 0.457570322274911623 9021.000000000000000000
-13.755178426235275424 -5.368082248352850527 0.000000000000000000 0.220950244363068898 9790.000000000000000000
-13.463935438891803997 -2.448659264271420888 0.000000000000000000 0.409630795887419297 6219.819310927381593501
-10.461912686491469771 -3.434922202284702131 0.000000000000000000 0.456227101055924678 4494.787806043448654236
-14.037886401819104520 -4.504814722046352138 0.000000000000000000 0.238069673982855445 0.000000000000000000
-12.205879395135864840 -4.836349801721918418 0.000000000000000000 0.094490597333945714 9552.000000000000000000
-11.757974106466880571 -6.921678600190472430 0.000000000000000000 0.426193096996293375 0.000000000000000000
-11.892655343702196902 -3.245854425717272562 0.000000000000000000 0.289220572096276385 9983.000000000000000000
-11.573825488161880060 -2.628248348426564629 0.000000000000000000 0.410952225629879986 0.000000000000000000
-11.030868751558752905 -4.101223458066007410 0.000000000000000000 0.316312663266098082 9431.000000000000000000
-5.400017625901918805 -13.796894664817108023 0.000000000450711395 0.438215435566367162 0.000000000000000000
-6.735060599382362234 -13.501661215005984928 0.000000000404704874 0.315595142329095635 0.000000000000000000
-6.314100617274614358 -13.386273772579690089 0.000000000387363793 0.304562537115900922 0.000000000000000000
-5.341896593595737208 -10.607040698529891287 0.000000000470137678 0.316594085383924473 0.000000000000000000
-5.446130481350992980 -13.443629023071256512 0.000000000613339241 0.382100419300173522 0.000000000000000000
-7.290209491427901867 -11.797501654249447967 0.000000000924314168 0.100397581270916303 0.000000000000000000
-6.556359689889812437 -13.298002982094823565 0.000000000134251482 0.281355845131592619 0.000000000000000000
-6.220964150043477581 -9.729968833936258221 0.000000000369720284 0.363773144011862282 0.000000000000000000
-5.901057131302932746 -13.784423508730563768 0.000000000015117239 0.394790072230533862 0.000000000000000000
-6.716871000110858247 -9.199165862153934725 0.000000000017291838 0.445940058308172904 0.000000000000000000
-7.980556632714382204 -13.972191926763017022 0.000000000720131796 0.456223230829999826 0.000000000000000000
-5.407192019321120036 -13.512626128896787492 0.000000000635341821 0.396056825766988085 0.000000000000000000
-4.688706806760322365 -13.265910257823115614 0.000000000151533992 0.455998700547291080 0.000000000000000000
-7.530577162734270580 -12.042924988239267492 0.000000000287495277 0.153390870027928644 0.000000000000000000
-8.586235620025973958 -12.480371131049885491 0.000000000843638050 0.356752674289968708 0.000000000000000000
-0.051509415537185320 -14.110942633626819998 0.000000000000000000 0.450418069874722105 0.000000000000000000
2.880894977028745974 -15.554400134834741820 0.000000000000000000 0.417031287421451013 20219.000000000000000000
1.849327049376214394 -13.030014013038423215 0.000000000000000000 0.096971834957227721 0.000000000000000000
1.738422848525452036 -11.627922302667379029 0.000000000000000000 0.312280002541595381 0.000000000000000000
4.822797146285828340 -14.180795020489910030 0.000000000000000000 0.471722650732015469 20489.000000000000000000
2.272346274762704343 -11.881981471072627699 0.000000000000000000 0.248622159621067124 20542.000000000000000000
1.646938530621527841 -15.275184348667991685 0.000000000000000000 0.376438309729516252 15314.505417717900854768
3.406516233471184485 -11.942031416704553592 0.000000000000000000 0.304882017033209496 2214.720630363623513404
2.244039541727849141 -15.768434844182328547 0.000000000000000000 0.443994563962756383 13418.927449746610363945
1.202812463794262987 -14.805244249928131595 0.000000000000000000 0.338828077400785743 0.000000000000000000
4.155247926160657634 -12.429868949640503928 0.000000000000000000 0.357796226229260661 0.000000000000000000
3.687357037135200688 -15.047158080271218594 0.000000000000000000 0.396761445140163538 20622.000000000000000000
2.704004521322224797 -11.659944837751863744 0.000000000000000000 0.295310133566106192 20901.000000000000000000
0.688938097284563122 -13.236384696137555750 0.000000000000000000 0.293337600478945526 10396.710712207126562134
2.261028605530769120 -12.153026119099179070 0.000000000000000000 0.200537621304945513 20202.000000000000000000
11.560646504389355371 -9.522611923054807193 0.000000000000000000 0.256257884432443961 22066.000000000000000000
12.143903928660355618 -8.837159128610487357 0.000000000000000000 0.321805306465413055 22614.000000000000000000
11.956277806774275874 -10.402581920920516367 0.000000000000000000 0.408220659318884127 0.000000000000000000
8.388658900051206402 -10.391945405051762563 0.000000000000000000 0.452320794304882479 0.000000000000000000
8.786317653844559317 -9.434725474359021646 0.000000000000000000 0.302184226889321284 22223.000000000000000000
11.522682002168579629 -9.419591921684755675 0.000000000000000000 0.241267832465239696 22214.000000000000000000
12.365349817980050062 -10.432622828696638706 0.000000000000000000 0.465709852003220903 3177.526291522314750182
12.579918630346401898 -8.113653645027007144 0.000000000000000000 0.414226760709271891 7887.608743092609074665
8.502325662469827350 -9.492052991428890252 0.000000000000000000 0.352797520494894656 22632.000000000000000000
9.891503428728396941 -6.509014287897199047 0.000000000000000000 0.400926678687542337 6313.686808145878785581
10.119116750445627417 -9.069349243247803116 0.000000000000000000 0.068821397085802649 22804.000000000000000000
9.152251950168084349 -6.869655601629781394 0.000000000000000000 0.392074639484501886 22287.000000000000000000
9.790987163406068561 -7.412385057192786064 0.000000000000000000 0.254043544899936025 22822.000000000000000000
8.956109014254092671 -9.757494357709310506 0.000000000000000000 0.303908249793960639 0.000000000000000000
11.267603125087926941 -7.095836652770474373 0.000000000000000000 0.333122383939629729 0.000000000000000000
15.868113209469326463 0.602653318587768050 0.000000000000000000 0.427612860951725349 7509.000000000000000000
14.859310771216570402 1.442913039167035505 0.000000000000000000 0.342618172973251256 0.000000000000000000
11.778270237051231106 -1.869646279377309428 0.000000000000000000 0.452143877705818875 0.000000000000000000
13.573403389498441385 1.758439873330075676 0.000000000000000000 0.304769576382570018 0.000000000000000000
11.073347830515009704 -0.192396577400521712 0.000000000000000000 0.441123518424688332 7415.000000000000000000
14.814515447307385898 -0.031445184406225242 0.000000000000000000 0.227068861363986019 0.000000000000000000
11.606818391260604884 -0.373402903452552060 0.000000000000000000 0.350843946645137739 7207.000000000000000000
14.637925351249673867 0.305584121162959077 0.000000000000000000 0.202537743214506349 7500.000000000000000000
13.339337944529596314 -1.661173177455227856 0.000000000000000000 0.290238162184309589 0.000000000000000000
12.935343606334072319 1.408400858700700420 0.000000000000000000 0.267172325407757760 4577.430047270008799387
15.114754979268155921 1.593729244656750588 0.000000000000000000 0.392992978524928205 3088.748512911650777824
12.248963830088097637 -1.185161727435258605 0.000000000000000000 0.308954394413753997 7623.000000000000000000
12.632475982849852514 0.698583785442360328 0.000000000000000000 0.202347704339459922 0.000000000000000000
12.650576107066065390 -1.866317795451051476 0.000000000000000000 0.360804982591602375 0.000000000000000000
14.206077825055400510 0.580774145939702890 0.000000000000000000 0.155417549600742833 7030.000000000000000000
