-3.882538129686354367 2.691369229949592157 0.000000000000000000 0.359605845207343011 0.000000000000000000
-0.938534986058495169 5.924070868885409347 0.000000000000000000 0.431956187330162722 10784.000000000000000000
-2.285427849503042008 1.338557071984510349 0.000000000000000000 0.454400371468024755 5323.527587707048041921
-4.473189511978524102 5.005938119881420789 0.000000000000000000 0.441834719309090629 0.000000000000000000
-3.434269462587579813 4.549467018564374854 0.000000000000000000 0.240219951275922272 167.778528694969224944
0.158827410354646620 2.819066723689421128 0.000000000000000000 0.471125125601149441 633.848461171096460021
-2.898234738717618608 3.348685423710655584 0.000000000000000000 0.149356473005566731 0.000000000000000000
-2.893612579981444721 4.204187989738376707 0.000000000000000000 0.126294957135562713 10032.000000000000000000
-1.697227650171613700 3.521725541340528398 0.000000000000000000 0.119600951559226065 0.000000000000000000
-1.500562865895360254 3.677566529213267987 0.000000000000000000 0.140246776300927356 10903.000000000000000000
-2.661461961398492004 5.628124916874147843 0.000000000000000000 0.317688634480927268 0.000000000000000000
-0.605654680982014137 2.071314211889851098 0.000000000000000000 0.437874197294573497 10758.000000000000000000
-4.131040884591347329 2.481341908278268615 0.000000000000000000 0.417420915592095876 10675.000000000000000000
0.334549065899676756 3.926332807744147058 0.000000000000000000 0.462105309161343070 0.000000000000000000
-0.162413546655731961 2.933774476664919639 0.000000000000000000 0.410538204179725918 10002.000000000000000000
-1.264434881993245607 -1.755852848495737861 0.000000000000000000 0.419413436145205487 8062.000000000000000000
-1.739443708901292851 -2.546274802833315309 0.000000000000000000 0.256607339581430671 0.000000000000000000
-1.538552705184651037 -3.025320613981179019 0.000000000000000000 0.200462026307183183 0.000000000000000000
-1.314679885613655230 -2.277991935313167904 0.000000000000000000 0.332793274674460404 0.000000000000000000
-2.437423182076238870 -2.166812162793573471 0.000000000000000000 0.308543400233408649 0.000000000000000000
-1.331308864365023936 -2.601404465217150186 0.000000000000000000 0.282833975875547317 0.000000000000000000
-1.705320188972658579 -6.147138644783135319 0.000000000000000000 0.413881919790819008 8158.000000000000000000
-1.689968497892844868 -3.619710720385547642 0.000000000000000000 0.112153805038368887 0.000000000000000000
-3.249402831436161598 -5.563681049862144512 0.000000000000000000 0.346340127345239834 8526.000000000000000000
-3.771367108332114526 -3.261882460462276256 0.000000000000000000 0.291943500500838116 8324.000000000000000000
-0.481156176093898380 -2.279487915306942281 0.000000000000000000 0.427364833862260540 0.000000000000000000
-1.878146301469130641 -3.998895276685439981 0.000000000000000000 0.070453113364726774 4964.266840370309182617
0.131631265413544446 -4.503610217360104251 0.000000000000000000 0.439702074616992622 8318.000000000000000000
-4.002848767897523530 -2.832593822700039343 0.000000000000000000 0.363447316829221823 8033.000000000000000000
-4.154049928966807137 -4.833644890901118707 0.000000000000000000 0.377279345585614878 8063.000000000000000000
3.792095423353622596 -0.999172531171756528 0.000000000000000000 0.219338349711254932 9038.000000000000000000
3.325737734553250835 0.749982020099529301 0.000000000000000000 0.250295991889301350 9006.000000000000000000
6.130717164249867679 0.241468111186389583 0.000000000000000000 0.291279021927414838 9821.000000000000000000
5.329633566172167214 -2.333166118960781965 0.000000000000000000 0.439023932012874762 0.000000000000000000
2.895744323035648993 -2.055257464407771018 0.000000000000000000 0.465594411528268914 9176.000000000000000000
5.296262013217487130 -1.305549009284506790 0.000000000000000000 0.270507712225304509 0.000000000000000000
6.549539539210775807 0.359964220539809476 0.000000000000000000 0.368324353486471801 0.000000000000000000
3.538018384392452642 0.533280714729408967 0.000000000000000000 0.198138547612794813 9071.000000000000000000
5.149855524634324055 -1.020446733548890039 0.000000000000000000 0.213726454074551903 0.000000000000000000
3.471829796567774018 1.968534925768585797 0.000000000000000000 0.396221170339100037 0.000000000000000000
6.044860068057899660 -0.887150713994036666 0.000000000000000000 0.314975784302657880 9764.000000000000000000
3.263395620700193511 -0.214084850670942073 0.000000000000000000 0.226153420581351822 9951.000000000000000000
6.783590718168678535 -0.095220998878034535 0.000000000000000000 0.404808273934219032 2119.997480123628065485
6.659215480561484490 1.042052369411990531 0.000000000000000000 0.424619218162195944 0.000000000000000000
5.471320063716962778 0.267990801316206007 0.000000000000000000 0.177102959734835502 9211.000000000000000000
10.426062422877038216 9.726637822997981075 0.000000000819263710 0.172259735186471669 10043.000000000000000000
9.505657564004907911 7.762001424862832621 0.000000000747364959 0.228290696869773907 10461.000000000000000000
10.898907602587879495 8.149385354590172881 0.000000000000384712 0.144574340418431840 0.000000000000000000
11.003368349058508358 7.882565829980501704 0.000000000022547993 0.192186460338360121 0.000000000000000000
8.895836806208475167 10.817822478509468098 0.000000000124928358 0.445633595680048566 10665.000000000000000000
12.877988230632357869 8.275173102445121387 0.000000000247997617 0.459723583888837439 8096.178854404039157089
8.855039556752242191 8.914726872197364926 0.000000000557935561 0.266403322385280472 10571.000000000000000000
9.402050890345027057 10.384587166781519940 0.000000000245016441 0.332524326047140883 0.000000000000000000
10.899845157386563343 6.932429225475677192 0.000000000724886491 0.333314301558106818 0.000000000000000000
11.885364420172841449 7.338521297594067683 0.000000000703058815 0.369561422180161747 10917.000000000000000000
11.482127524981867950 10.781133777813218799 0.000000000714351857 0.409885726492901892 10647.000000000000000000
8.871614315104363158 9.951554362488071348 0.000000000552705210 0.336582835992437657 10275.000000000000000000
11.733767074313522727 10.633110033312906495 0.000000000487630848 0.412808065576585281 10662.000000000000000000
12.694521098328701569 8.304328651724084409 0.000000000229419737 0.426651685570720751 10700.000000000000000000
7.861255186900071301 9.167097242385317202 0.000000000180652619 0.447999157645740831 672.951536433890055378
4.028370599634874871 12.425005092351613101 0.000000000000000000 0.337815472972044784 1426.683747967621002317
4.205909496439812045 12.116532433475308395 0.000000000000000000 0.392253206413267330 0.000000000000000000
3.556424545567862250 12.347276588434953126 0.000000000000000000 0.273505061816164574 11189.000000000000000000
0.652103126119421783 14.552675046561192929 0.000000000000000000 0.376237805575568407 11185.000000000000000000
0.315862492692392305 14.474643808010684509 0.000000000000000000 0.418269707934244672 0.000000000000000000
3.845435357891563211 14.535524756186715578 0.000000000000000000 0.350297333033181113 0.000000000000000000
3.225823551485961893 15.192521316962004363 0.000000000000000000 0.376219940030273037 0.000000000000000000
4.612492425389923767 11.889318514189659126 0.000000000000000000 0.475111813608403932 11199.000000000000000000
1.196776904509314843 12.044177173328677100 0.000000000000000000 0.298847442507112815 11319.000000000000000000
2.142985143776208190 13.329992037766068336 0.000000000000000000 0.035401907468010925 11216.000000000000000000
0.761146437623122285 13.183031478873424192 0.000000000000000000 0.280877785251545165 0.000000000000000000
2.345182373798278874 14.917614632660447072 0.000000000000000000 0.292208756686043680 5319.740223025485647668
3.281550717965596053 15.340973319818237641 0.000000000000000000 0.404360624093711263 11711.000000000000000000
0.000303815631774384 12.504304849810152334 0.000000000000000000 0.438131258357807030 11170.000000000000000000
2.479857403093625123 13.125353154979215731 0.000000000000000000 0.037404565576606680 0.000000000000000000
-8.300438090851640638 12.779330363644040958 0.000000000245544002 0.336496522649654739 21654.000000000000000000
-4.747341036454887586 9.985671879221644787 0.000000000305998204 0.468586315829704392 21853.000000000000000000
-6.250977426261976611 9.663820778184362581 0.000000000282428442 0.373849496441188922 21763.000000000000000000
-8.994283360490374690 11.762255182108145135 0.000000000798735736 0.403202536509239706 0.000000000000000000
-5.488267905334960339 11.224896979905558680 0.000000000126621206 0.238382077426209676 0.000000000000000000
-8.154130698727962923 9.599160126588534681 0.000000000714510587 0.452201643021739819 0.000000000000000000
-5.931612163233727308 10.989403635760934819 0.000000000222673593 0.192505809654736626 21589.000000000000000000
-6.218492767383176911 12.584846568959699553 0.000000000829539831 0.178668066503271716 21083.000000000000000000
-8.101654811254956456 13.764660012962123048 0.000000000576846829 0.436231764410990541 21855.000000000000000000
-7.656187954674043006 9.992425694945051617 0.000000000875052348 0.346808825082383365 0.000000000000000000
-6.270383506837372778 10.139691622184466624 0.000000000755734724 0.291478015818844305 21769.000000000000000000
-5.420731591245594672 9.473803972402892626 0.000000000677581463 0.461409703140156280 0.000000000000000000
-6.855051384533081382 10.052532455165691161 0.000000000370849586 0.295674532567380577 21772.000000000000000000
-7.216128228973498260 11.740695099945247293 0.000000000183541951 0.086307685177676480 21208.000000000000000000
-7.528988150743926688 10.463911865537614432 0.000000000436506637 0.263435715457835062 0.000000000000000000
-13.745216984081274347 4.959148694490684406 0.000000000000000000 0.190315300076894622 13707.000000000000000000
-12.921935842504710834 2.911064397598618569 0.000000000000000000 0.309464106264312477 0.000000000000000000
-13.157338210417254487 2.370220558178044890 0.000000000000000000 0.408760346302517175 0.000000000000000000
-13.337692346455776615 5.271641175897992859 0.000000000000000000 0.151669161084667437 13961.000000000000000000
-13.711954549063216646 5.684432150664648908 0.000000000000000000 0.249334835305245694 0.000000000000000000
-12.881615604957161736 4.350308351714316402 0.000000000000000000 0.064494759115376374 0.000000000000000000
-10.269009560206503906 5.506831616224527437 0.000000000000000000 0.459007972423204347 13689.000000000000000000
-11.094538082248547539 5.647359096870137485 0.000000000000000000 0.334331477025353541 0.000000000000000000
-13.987830034585352124 3.935594340955117509 0.000000000000000000 0.261227612580578639 9887.169974610693316208
-13.437054978308857756 2.651449103202823565 0.000000000000000000 0.374878798236226329 12561.221642146510930615
-12.948346497159338497 2.363132298937093090 0.000000000000000000 0.404595809962136621 13378.000000000000000000
-12.673258607738430825 2.959318153709025179 0.000000000000000000 0.299061352298435779 0.000000000000000000
-14.735230992633900016 6.464444379073881031 0.000000000000000000 0.474888502981744898 0.000000000000000000
-14.223589906100201574 5.921948989341846215 0.000000000000000000 0.344884046191195115 11965.178067054426719551
-10.967841653929717438 6.516761020586198327 0.000000000000000000 0.446736639391534907 0.000000000000000000
-10.649978243744858020 -3.500076792169979800 0.000000000000000000 0.421349550680052642 6212.651497501145968272
-15.301304957830724973 -4.570601391080260534 0.000000000000000000 0.461717435396986231 9469.000000000000000000
-11.125788151936431447 -5.752068826799607848 0.000000000000000000 0.339256011043600314 9629.000000000000000000
-12.065688823908637062 -5.111930820675932630 0.000000000000000000 0.137873950131594869 9086.000000000000000000
-14.089348771480169731 -2.696662046901485255 0.000000000000000000 0.422222098648571464 7699.614912951049518597
-12.108241415983311384 -3.135558246420206086 0.000000000000000000 0.289451193098583193 0.000000000000000000
-14.945589808762530737 -4.403753071286995002 0.000000000000000000 0.400776202298096573 9398.000000000000000000
-12.487488661960908232 -2.857614591461692388 0.000000000000000000 0.319317227580505569 0.000000000000000000
-10.771075976283345454 -5.727199469368995821 0.000000000000000000 0.391534336382375614 9106.000000000000000000
-12.742807497440349351 -7.355931293642234969 0.000000000000000000 0.465504104988499257 4970.237968904856643348
-14.247238234677290336 -3.094832296531321081 0.000000000000000000 0.387482520671728115 9967.000000000000000000
-11.800548667995208518 -2.168804929852809149 0.000000000000000000 0.466418602127036785 0.000000000000000000
-11.987515617768126575 -4.235345759233320351 0.000000000000000000 0.150619530005516422 9493.000000000000000000
-13.996166099816196748 -2.428759536673825714 0.000000000000000000 0.452255856792961541 0.000000000000000000
-11.078330336325274530 -2.831745654846067772 0.000000000000000000 0.434339835151035580 9437.000000000000000000
-8.865964185604219949 -11.045429574698752972 0.000000000761689456 0.398404826703392556 0.000000000000000000
-7.617068114665685563 -12.618820482167411257 0.000000000264918388 0.224060162126044377 0.000000000000000000
-4.792932138497130623 -10.071915142367517504 0.000000000618770880 0.452463188133909511 0.000000000000000000
-8.918579195875649290 -10.931372630077561325 0.000000000467221558 0.413684435516694315 0.000000000000000000
-8.570666372900390684 -11.364868857948609460 0.000000000703684368 0.333542043923303555 0.000000000000000000
-8.174345466591734777 -11.460558449483075449 0.000000000902658744 0.261019902490559397 0.000000000000000000
-7.821140934234223963 -10.091492378177880695 0.000000000288146452 0.346992903408880782 0.000000000000000000
-8.515571803788441585 -12.861909423887468051 0.000000000756366241 0.376549284368333737 0.000000000000000000
-6.971986144666855623 -9.855929982707435144 0.000000000452542488 0.332370244946247173 0.000000000000000000
-5.929468050493449383 -9.937324807799580384 0.000000000121190679 0.346471898812420798 0.000000000000000000
-8.566658207310974049 -10.522623333770319221 0.000000000828692937 0.389233227794734571 0.000000000000000000
-4.673110727025034272 -12.263938345122356921 0.000000000786544041 0.379537758182890317 0.000000000000000000
-6.927661784402274314 -12.604059285474960461 0.000000000779538717 0.160512726719929499 0.000000000000000000
-8.834543164304307084 -12.326445575346909322 0.000000000067976366 0.389729227706802517 0.000000000000000000
-6.509365625017823120 -14.166997350346289153 0.000000000540820312 0.435257124441724930 0.000000000000000000
0.610534230001167577 -11.588692668995655310 0.000000000000000000 0.429893410703818757 475.792815243879772424
1.661266981464313730 -14.719623599296264516 0.000000000000000000 0.283619767057139316 0.000000000000000000
3.085599618402371735 -12.304751311557794224 0.000000000000000000 0.218789276437864444 14517.701431524059444200
1.390053432778577847 -15.388461200907714854 0.000000000000000000 0.412072693492532338 0.000000000000000000
2.339431701111721829 -14.645656818708918223 0.000000000000000000 0.243778961873319877 0.000000000000000000
1.697079988446764443 -13.036795221303012937 0.000000000000000000 0.121353270436302341 20385.000000000000000000
3.953067293373815350 -13.281988942779744178 0.000000000000000000 0.288496822484504478 20414.000000000000000000
1.579515964134461825 -12.619824213680542968 0.000000000000000000 0.178296491753915098 0.000000000000000000
1.519579185351880524 -11.232026871195381901 0.000000000000000000 0.392069474583996380 20352.000000000000000000
4.280226104741202242 -14.628834608772695702 0.000000000000000000 0.422052789687129448 0.000000000000000000
1.488975910365418764 -13.654693733589922999 0.000000000000000000 0.165028070365288354 0.000000000000000000
3.595812978112715719 -13.333560494263862140 0.000000000000000000 0.225054793603583242 20449.000000000000000000
3.871506466173417316 -12.131026403812638748 0.000000000000000000 0.341494593465567431 0.000000000000000000
0.939946084320966380 -13.393935425859604393 0.000000000000000000 0.249392985552820856 20530.000000000000000000
1.003287504586737100 -15.213288915945041069 0.000000000000000000 0.418660226729915541 20117.000000000000000000
8.844006594949437527 -10.036902663503711963 0.000000000000000000 0.349944781824557405 0.000000000000000000
11.712373218582040835 -8.646599485599821833 0.000000000000000000 0.245156473415630932 0.000000000000000000
10.873212556769056292 -10.170728923588894688 0.000000000000000000 0.266727614805034485 0.000000000000000000
12.447062799376563902 -8.778037407751696719 0.000000000000000000 0.375494693902955090 22069.000000000000000000
8.226110293615704450 -7.978653037119188163 0.000000000000000000 0.400424795081750051 7836.027938999283833255
10.158720343964169786 -7.691662535900612774 0.000000000000000000 0.188094958677554991 0.000000000000000000
10.063888348217219004 -8.725117032921644977 0.000000000000000000 0.049486268737379276 0.000000000000000000
9.948276029997282777 -6.400781449184245631 0.000000000000000000 0.417701563053083924 22694.000000000000000000
9.506595179609167445 -10.959066587803899750 0.000000000000000000 0.415672598679849348 22719.000000000000000000
8.961024010379126992 -8.691459108204547590 0.000000000000000000 0.246098169179264553 22627.000000000000000000
9.920671399987966765 -8.130288278592940898 0.000000000000000000 0.131719903021828927 0.000000000000000000
8.993470893224650098 -6.833462634845008488 0.000000000000000000 0.413274877255532247 22845.000000000000000000
10.466751948580169440 -11.062542008953146322 0.000000000000000000 0.406373582732103833 0.000000000000000000
11.147263993249223901 -10.215090453124794578 0.000000000000000000 0.294412006190467868 0.000000000000000000
10.144408365382535209 -6.969722955880454762 0.000000000000000000 0.313860075953606432 22203.000000000000000000
14.466782593298283643 0.206170640165711488 0.000000000000000000 0.168826445571064243 7588.000000000000000000
13.887216654005015926 2.364856373225586506 0.000000000000000000 0.414133019828459625 7775.000000000000000000
11.685863495284632307 1.031561202716244630 0.000000000000000000 0.376226349887265721 7624.000000000000000000
11.185720309120039673 0.012684012876400592 0.000000000000000000 0.419830433887515342 0.000000000000000000
12.958495594014612706 -0.986079178634274522 0.000000000000000000 0.200147198839315171 0.000000000000000000
14.346209366906164107 -2.512175854339111947 0.000000000000000000 0.457666403728868298 0.000000000000000000
13.223825447162784741 2.192976403184776490 0.000000000000000000 0.384461159102286620 7275.000000000000000000
14.292323916857323951 -1.672566725012953448 0.000000000000000000 0.318871273307265779 0.000000000000000000
12.249754080194179551 1.474228421707807879 0.000000000000000000 0.344373177292441379 3145.247474990847877052
14.007994833253073708 -1.142823711681766108 0.000000000000000000 0.214652975025683368 7467.000000000000000000
14.052946062496207702 1.018178200341293138 0.000000000000000000 0.198480059377932505 7248.000000000000000000
14.231985431824778487 -1.565371930002985135 0.000000000000000000 0.297562943902530130 7388.000000000000000000
14.534869160656203491 -1.433718240934466870 0.000000000000000000 0.304717582987283075 7021.000000000000000000
11.460582182436967358 -1.085131821298727317 0.000000000000000000 0.416138046168964326 7837.000000000000000000
13.500851440509276102 0.479936915187223867 0.000000000000000000 0.083491835929921057 0.000000000000000000
