-4.417183632913919134 2.976950078980909797 0.000000000000000000 0.417658831968826028 10780.000000000000000000
-4.636039326758370827 4.481109259880202700 0.000000000000000000 0.436606357718318960 10831.000000000000000000
-1.860988783567241178 5.874174939860250078 0.000000000000000000 0.360377526880655719 10317.000000000000000000
-3.225015346524285231 4.254573481033835591 0.000000000000000000 0.184116820080437865 0.000000000000000000
-1.589821793272889972 1.609252582774041151 0.000000000000000000 0.423367006801537882 0.000000000000000000
-0.847899093389609670 5.002717166270525873 0.000000000000000000 0.320092256647385831 10833.000000000000000000
-0.606708391610792930 3.795653931787760893 0.000000000000000000 0.294817823793021405 735.272150721435195919
0.076993523995042085 4.996080736725422078 0.000000000000000000 0.460448313209701088 10992.000000000000000000
-0.709700727402987286 3.298305112910991710 0.000000000000000000 0.295439690362515106 0.000000000000000000
-3.201379390861718743 5.084932199562342880 0.000000000000000000 0.271095277474146801 10921.000000000000000000
-2.043200194453826946 2.420658322936346085 0.000000000000000000 0.264511859192778420 0.000000000000000000
-1.765731469391349728 3.838014298524027090 0.000000000000000000 0.088266250215462999 0.000000000000000000
-0.658500960715241557 3.154497357638384347 0.000000000000000000 0.313788737493694292 10386.966366018394182902
-0.301991482141814926 2.909944932416797858 0.000000000000000000 0.389929231133920307 10859.000000000000000000
-4.769562377815581122 3.734355091873991395 0.000000000000000000 0.448415647484765367 1531.423332258827258556
-3.019233992867710548 -2.512095580158947072 0.000000000000000000 0.280340871499478617 8706.000000000000000000
-0.932150320117116848 -2.375435561245128113 0.000000000000000000 0.358704900713647357 1228.374681338777691053
-0.161398780917386298 -5.052489956617338684 0.000000000000000000 0.427225158318089993 8275.000000000000000000
-1.639451680145008305 -1.854623748661820670 0.000000000000000000 0.378961291258328170 8454.000000000000000000
-3.059663105157275353 -3.409515769441436639 0.000000000000000000 0.166513591066407202 0.000000000000000000
-3.168901081147491361 -3.572691499217893973 0.000000000000000000 0.171870068497250311 0.000000000000000000
-2.175674188961654210 -2.328508775229431560 0.000000000000000000 0.278508604470181609 8842.000000000000000000
-1.377687621550915065 -6.241142529197079902 0.000000000000000000 0.447191753335749898 8439.000000000000000000
-1.079442302380750007 -2.160925717446815497 0.000000000000000000 0.372863924713417394 8752.000000000000000000
-1.770129484094805861 -1.733473776024801127 0.000000000000000000 0.393849624590213776 0.000000000000000000
-4.024186578424398419 -5.791248605551389872 0.000000000000000000 0.462033639469704771 8015.000000000000000000
-1.440204577476406289 -2.218973187869704322 0.000000000000000000 0.331468616696613927 0.000000000000000000
-1.730962009252684064 -1.825862254878785063 0.000000000000000000 0.379492447750886752 0.000000000000000000
-0.473322752053518869 -5.499694840867888956 0.000000000000000000 0.428258697198656391 8236.000000000000000000
-3.708297654292243450 -4.679834073169480746 0.000000000000000000 0.294180530523353301 8882.000000000000000000
5.626011333697530148 0.548206606153493259 0.000000000000000000 0.220769965576286614 9832.000000000000000000
5.488815102611305008 2.269507756947906962 0.000000000000000000 0.438765273142608492 0.000000000000000000
4.829191539482811990 1.362338165961072045 0.000000000000000000 0.248427361320127271 0.000000000000000000
3.752720534487568482 -1.012389255175876634 0.000000000000000000 0.225402706097404565 0.000000000000000000
2.655766419499093978 1.852917753017396585 0.000000000000000000 0.467220784255228172 0.000000000000000000
5.211521870589308492 0.359551812950640981 0.000000000000000000 0.139730309088792498 1354.385332343561003654
4.967319448161946482 -2.109645968126726334 0.000000000000000000 0.383299512261641884 8548.274731019640967133
5.434499216031053237 0.617659181083717201 0.000000000000000000 0.197313702774681854 0.000000000000000000
3.565892053440784526 -1.789959715743491442 0.000000000000000000 0.360308856308720171 3780.700280257757640356
5.133208566997720546 -1.498937207227114987 0.000000000000000000 0.288159613170224371 0.000000000000000000
4.633261697654679878 1.335321190136201208 0.000000000000000000 0.238181901373957006 9884.000000000000000000
5.350296115860444957 -0.020285967812152986 0.000000000000000000 0.149064969723042728 9989.000000000000000000
3.527780948868468602 1.262084931463934856 0.000000000000000000 0.285048899058843785 0.000000000000000000
1.921783999397324472 -0.596520549466552419 0.000000000000000000 0.474031283760771527 9029.000000000000000000
5.756310349579418784 -2.062614576634031138 0.000000000000000000 0.427835213910883749 9660.000000000000000000
12.691347009653860312 8.628125839585640833 0.000000000679760854 0.419515928426351437 10016.000000000000000000
10.529057754381705436 8.345072769437059890 0.000000000414328217 0.078212400733858198 0.000000000000000000
11.417375041644492129 8.320277176015459020 0.000000000084122847 0.206017316494690683 0.000000000000000000
10.909218819799257005 10.685303110939155857 0.000000000330264859 0.354193352429969299 0.000000000000000000
8.773908627215687872 10.847988933293665426 0.000000000540776543 0.462796651671404102 10269.000000000000000000
10.359835786846298689 6.867023993349736344 0.000000000233276940 0.329823599971747539 9088.815046152505601640
11.560203826506187497 7.182457632994140084 0.000000000334456338 0.349722914164885768 10924.000000000000000000
9.858093705854820143 9.639139357349788995 0.000000000510138317 0.178471888498543119 10850.000000000000000000
10.603108419745254309 10.102508875704296898 0.000000000333312507 0.241981526896066557 0.000000000000000000
11.880787261011011680 7.851531870460995322 0.000000000629133502 0.316145292014269552 10080.000000000000000000
8.130172534036752552 10.209828084775470103 0.000000000411657196 0.470450316090171461 0.000000000000000000
11.812278658872836345 8.658062813262949575 0.000000000126139098 0.262792032264332787 10433.000000000000000000
10.692516255499878497 9.169248639152488778 0.000000000206447887 0.096878837422688185 10007.000000000000000000
10.036844506917125486 6.507149630283954878 0.000000000231625930 0.396805574743084200 10373.000000000000000000
11.031369999941583515 10.916915914265498344 0.000000000454748889 0.399328643231498026 10826.000000000000000000
3.731687517664388665 15.166364894961480658 0.000000000000000000 0.418453158406071446 11392.000000000000000000
1.457095282818560822 15.765797108152431960 0.000000000000000000 0.470091527613730964 0.000000000000000000
3.140041085128547849 15.038087923348406605 0.000000000000000000 0.344867039704949918 422.163878319539094264
1.996542409565652543 15.143537655448501056 0.000000000000000000 0.337874780746525660 11796.000000000000000000
1.802512940559398036 12.211739515582356930 0.000000000000000000 0.212047819893273731 11378.000000000000000000
4.136030617821889521 11.683686907344487338 0.000000000000000000 0.428293019022327415 11891.000000000000000000
2.864047700950454800 13.004053916927579948 0.000000000000000000 0.106159061070114663 11758.000000000000000000
2.552755764950254580 11.627370569593404426 0.000000000000000000 0.296252675217160311 11104.000000000000000000
3.456365874878849276 15.552899482690472510 0.000000000000000000 0.451781848008281861 0.000000000000000000
3.581383091068324642 12.415220502831337157 0.000000000000000000 0.270013528359122346 6148.703107326504323282
2.064855289948841044 10.814012786628072860 0.000000000000000000 0.441185098018964994 0.000000000000000000
1.719839026758970268 11.675030240651828706 0.000000000000000000 0.305576691075586826 0.000000000000000000
2.055727153012522734 14.216386956840480593 0.000000000000000000 0.174564584046188270 0.000000000000000000
2.743003654125828472 13.023302818268740921 0.000000000000000000 0.085679051394048661 11971.000000000000000000
4.084068820151149914 14.022949529957420722 0.000000000000000000 0.338930509766127264 0.000000000000000000
-8.105145706492114854 11.287249395347906500 0.000000000516063802 0.256274619696453432 21738.000000000000000000
-8.648496698802144778 12.205781157447711749 0.000000000421460864 0.352177517654669536 5744.840467120314315252
-8.612194074392352405 11.348989515536079153 0.000000000446150994 0.341339360280836279 0.000000000000000000
-8.749807325732042784 10.813468986461984400 0.000000000243221358 0.393487542933346035 21491.000000000000000000
-6.494990727199130731 12.777788052669654562 0.000000000224980820 0.192235775163826894 21554.000000000000000000
-5.491889069772839527 12.640436898931064036 0.000000000408313967 0.274896869334785909 0.000000000000000000
-5.614880199515085657 14.102450998059248732 0.000000000061560581 0.466967108154168253 10765.180063392837837455
-6.432282686564670726 12.534545422002084436 0.000000000085219594 0.154050307475088133 17816.134768115392944310
-7.284411661134129190 13.992396202129253169 0.000000000769270150 0.414065244017208622 12983.474945183044837904
-8.419811446676366273 13.031715471793837935 0.000000000598296328 0.379814863890653609 5833.176526925715734251
-8.763461985028129675 12.984535096917937835 0.000000000724217414 0.425447201058977098 21948.000000000000000000
-7.734710727005243314 12.274663431503931577 0.000000000479155564 0.203913692151092452 0.000000000000000000
-8.776982058064660919 13.289199464957830443 0.000000000469492905 0.457924312779287745 0.000000000000000000
-8.044167098430747842 13.031687179770102603 0.000000000646909265 0.329424873086063830 21211.000000000000000000
-6.751683178581177280 10.848593220478294441 0.000000000464698104 0.154039078674352875 0.000000000000000000
-15.087501636772808311 4.337828384601052356 0.000000000000000000 0.427322254386365064 13071.000000000000000000
-14.638934509407212303 3.545380002301663946 0.000000000000000000 0.395424325539628418 0.000000000000000000
-12.412860409603077017 3.311391931171053127 0.000000000000000000 0.243823124926780904 13581.000000000000000000
-14.720827060979623013 3.062035713561043870 0.000000000000000000 0.454336903170782791 13936.000000000000000000
-10.513885848418849989 4.543678978390965462 0.000000000000000000 0.392695554107642564 13895.000000000000000000
-13.357393090668928437 7.099074592034322784 0.000000000000000000 0.435715002932862194 13048.000000000000000000
-12.668987502548896273 4.932028024379755848 0.000000000000000000 0.044763841756773767 0.000000000000000000
-11.136705272738893768 5.830967423709198627 0.000000000000000000 0.345450799166174272 0.000000000000000000
-12.588685657283276598 5.023049514254543269 0.000000000000000000 0.063879192331610046 13647.000000000000000000
-14.210245580644501828 4.385601961283693839 0.000000000000000000 0.271667605644503596 0.000000000000000000
-10.801591272659171850 6.337995969774860683 0.000000000000000000 0.447113898264234533 0.000000000000000000
-14.317779329179515457 4.846320004092212308 0.000000000000000000 0.287516949590200965 13630.000000000000000000
-10.760329040174877235 5.861242252829776511 0.000000000000000000 0.404642995212066092 13773.000000000000000000
-14.349434574336237702 2.671176125249201672 0.000000000000000000 0.453964418759239707 0.000000000000000000
-12.406972103371957772 3.976706613453151462 0.000000000000000000 0.133763283886637330 13544.000000000000000000
-14.094947853057727016 -5.406199499919831730 0.000000000000000000 0.276750559116107797 0.000000000000000000
-11.117906033126308429 -6.649720456248748413 0.000000000000000000 0.446090807780563037 0.000000000000000000
-11.375372930937498239 -5.105417192558089567 0.000000000000000000 0.249786698939252205 0.000000000000000000
-14.081126162352701314 -6.157752400865940778 0.000000000000000000 0.353897319869735494 9113.000000000000000000
-12.977813863396150396 -5.705778591160383328 0.000000000000000000 0.184645970410868304 9991.000000000000000000
-10.538554521770098660 -5.121685534722117517 0.000000000000000000 0.395233103324315327 9276.000000000000000000
-14.558028882255641179 -4.883689804796602196 0.000000000000000000 0.330779506734777018 0.000000000000000000
-11.828142786982493107 -2.902416058132209375 0.000000000000000000 0.347258449621577259 4288.398928120067466807
-12.286010465802572611 -3.600441621800650971 0.000000000000000000 0.202490477250421380 9551.000000000000000000
-11.965453406502138733 -2.403432112933686859 0.000000000000000000 0.417973892909192901 9510.000000000000000000
-11.668506428397954267 -3.870052569078166638 0.000000000000000000 0.233487689730437403 9457.000000000000000000
-13.488248583777366463 -5.983045624844455013 0.000000000000000000 0.265289873197182169 9858.000000000000000000
-14.358352734300956044 -4.346354690067380844 0.000000000000000000 0.298874956352470689 0.000000000000000000
-12.197780366691304721 -4.679588622271094955 0.000000000000000000 0.091858275561095673 9180.000000000000000000
-10.413811420371864358 -4.744271075994727305 0.000000000000000000 0.409982542075891188 0.000000000000000000
-4.253542688855273646 -11.503016287563768927 0.000000000114358106 0.443429484480119207 0.000000000000000000
-4.716203838866417364 -12.104181897517790389 0.000000000530444218 0.365780308366870255 0.000000000000000000
-8.898549688467559449 -12.759852599585318700 0.000000000236546211 0.427597461916934984 0.000000000000000000
-8.616409760800010531 -13.566972614471390912 0.000000000852751198 0.468304746145939477 0.000000000000000000
-8.712674085550679237 -11.940007955806393625 0.000000000406140928 0.355102861103740064 0.000000000000000000
-8.410745980979518421 -13.551127896892490199 0.000000000460564365 0.440767223988866308 0.000000000000000000
-7.046488564433945889 -13.325797685392570813 0.000000000541066820 0.289834807907783321 0.000000000000000000
-6.793168454008180035 -9.466827788560671308 0.000000000363954893 0.398680926606940100 0.000000000000000000
-6.136608009560048593 -9.773478667807404818 0.000000000351685688 0.360485517054795701 0.000000000000000000
-7.845403965043432848 -13.450017143321716162 0.000000000275500808 0.364740810310146379 0.000000000000000000
-5.828046392556222699 -12.093772086234375607 0.000000000185993249 0.174350186415589609 0.000000000000000000
-6.548309906696982097 -13.395455949572278698 0.000000000511522089 0.298661883323889987 0.000000000000000000
-8.913864876651908631 -10.591498801734953616 0.000000000445143393 0.436760105851499825 0.000000000000000000
-8.258249104736911761 -11.673947772655090205 0.000000000595515165 0.272072887308550115 0.000000000000000000
-6.293909505995196163 -13.912274795800728455 0.000000000614823782 0.396216952054123217 0.000000000000000000
1.879917152884830189 -11.143061327678683625 0.000000000000000000 0.388530589083768030 0.000000000000000000
3.528125884087373265 -11.416547776134553516 0.000000000000000000 0.393541000025695531 20222.000000000000000000
0.427357032260289815 -11.551609637922535256 0.000000000000000000 0.458201856969748855 0.000000000000000000
3.980854151448856459 -14.224594454240625296 0.000000000000000000 0.338464749761363370 20152.000000000000000000
1.151028601292167997 -14.306881663277161820 0.000000000000000000 0.279559229165866563 0.000000000000000000
2.793960577049334315 -13.767955784509046779 0.000000000000000000 0.119835584737722711 20619.000000000000000000
0.035171951819937090 -14.617175911371267816 0.000000000000000000 0.474254967482557410 0.000000000000000000
1.341651211767106666 -14.123039887306120477 0.000000000000000000 0.232443195992172086 20185.000000000000000000
0.315940487295825745 -11.756333322025957600 0.000000000000000000 0.450283723574297079 0.000000000000000000
4.235200389539095944 -13.839058903532910350 0.000000000000000000 0.353237379173616750 20902.000000000000000000
1.690526555269310727 -12.857171156993464578 0.000000000000000000 0.136935819664168568 0.000000000000000000
0.666118930468523884 -12.012674032235782562 0.000000000000000000 0.372965059921411657 0.000000000000000000
3.832272883800796226 -13.817198110675594336 0.000000000000000000 0.283765613980059617 0.000000000000000000
0.330486232905076338 -14.704576438575680086 0.000000000000000000 0.438453010748221961 0.000000000000000000
4.043255541404833231 -12.142101112622750492 0.000000000000000000 0.365400461531618259 16675.795836249537387630
10.204670980411417958 -6.277165766026272742 0.000000000000000000 0.433995838306765414 22865.000000000000000000
8.732964406111346278 -6.794234796130828258 0.000000000000000000 0.447228805960834142 22927.000000000000000000
11.827031615225385153 -10.042093649863584659 0.000000000000000000 0.348469703692491306 22696.000000000000000000
10.616316358440919032 -6.540917757439087765 0.000000000000000000 0.389926823614050566 0.000000000000000000
11.589471314215654019 -8.716690186079810942 0.000000000000000000 0.222675384945440979 0.000000000000000000
8.970111450935322139 -8.871571105755116093 0.000000000000000000 0.245241317393146807 22500.000000000000000000
11.703790956908852294 -6.968955200000771733 0.000000000000000000 0.394843556359372405 0.000000000000000000
8.878211823075897513 -8.084966945700358565 0.000000000000000000 0.285511417533506284 0.000000000000000000
10.751186649839937104 -10.271962527330970261 0.000000000000000000 0.276895639170995078 22701.000000000000000000
11.563918712956118284 -8.104983746357964591 0.000000000000000000 0.245373285933047358 0.000000000000000000
9.770729907499095646 -7.334014237994372465 0.000000000000000000 0.268139413032371043 0.000000000000000000
12.175704912243968892 -9.027707214496590638 0.000000000000000000 0.330729563542185467 0.000000000000000000
11.728838210415441168 -8.931138155111375099 0.000000000000000000 0.249514498749341451 22756.000000000000000000
8.413740717912899569 -9.266632342353162244 0.000000000000000000 0.355336562253733890 14174.415493456548574613
10.820661147514602618 -9.903831403737473948 0.000000000000000000 0.219856280085754807 22325.000000000000000000
15.226107656866128437 -0.481485052912001776 0.000000000000000000 0.311662247389586922 7158.000000000000000000
13.212185422828817138 -0.123493890178288351 0.000000000000000000 0.062419267765262895 46.356249578918351517
13.257640926069418796 1.775147601836787992 0.000000000000000000 0.311930391525526707 7340.000000000000000000
13.399291510266769123 -2.353086105065071987 0.000000000000000000 0.408674068078375863 7526.000000000000000000
15.895133233543726092 -1.020593799676533742 0.000000000000000000 0.455001752071809706 7711.000000000000000000
15.399164812731715557 1.584668292025295466 0.000000000000000000 0.429529123727164341 7307.000000000000000000
13.094310718281851891 2.265209314683577890 0.000000000000000000 0.400895898873259826 0.000000000000000000
11.019695640069938847 0.081734610428634613 0.000000000000000000 0.449635831631443939 7294.000000000000000000
11.342941263118596851 -0.275543974895893828 0.000000000000000000 0.394729983407554275 0.000000000000000000
14.333503176899824894 2.284467472537570210 0.000000000000000000 0.419693032889581819 0.000000000000000000
15.437071809290022983 1.696310052391213352 0.000000000000000000 0.447112292833716563 0.000000000000000000
12.153484073247517117 1.316759914924519048 0.000000000000000000 0.336956122953502246 0.000000000000000000
13.184803156199167873 1.499185771413962698 0.000000000000000000 0.267645860877884390 5828.848898882135472377
15.007618588140028137 -0.798574321636461693 0.000000000000000000 0.295589000352040443 0.000000000000000000
13.245833550815946822 -2.695522021546081781 0.000000000000000000 0.470339021516517408 7317.000000000000000000
