-4.478305949516681927 5.320981524582320432 0.000000000000000000 0.470448732361735344 0.000000000000000000
-3.058240949846680046 5.618811582155285755 0.000000000000000000 0.339168633470852909 0.000000000000000000
-3.605732493836499408 5.594480944169489156 0.000000000000000000 0.386888932106168093 9251.877856126408005366
-1.012180839122166942 4.509284123211779516 0.000000000000000000 0.247954707127106072 0.000000000000000000
-3.971307785090544940 5.133539998070367538 0.000000000000000000 0.377047416564739113 10150.000000000000000000
-2.715872534511891701 3.738761493164801220 0.000000000000000000 0.085908989018251183 0.000000000000000000
-1.452302382037671258 2.617261604826139898 0.000000000000000000 0.268409960816499149 0.000000000000000000
-0.787084178773475140 1.919796934406994282 0.000000000000000000 0.438118879373293135 0.000000000000000000
-0.956138269937904961 4.034238530298913439 0.000000000000000000 0.233478543408890377 0.000000000000000000
0.132443284727670030 3.406995158092805287 0.000000000000000000 0.434659002686563045 10746.000000000000000000
-0.993421849309092830 3.560550779559325640 0.000000000000000000 0.232942649145858077 0.000000000000000000
-3.634849648387103116 2.356556954158437911 0.000000000000000000 0.367011467057321183 10578.000000000000000000
-3.781488190800038840 3.080280504728714508 0.000000000000000000 0.307373938256151891 0.000000000000000000
-0.267893517088236111 2.323678501377855810 0.000000000000000000 0.451334333273513466 6300.423482640598194848
-2.799111673780586784 2.928618849453554329 0.000000000000000000 0.196485069980407850 7952.890555029039205692
-3.970442285910140257 -5.383538706883349789 0.000000000000000000 0.404638237850296401 0.000000000000000000
-3.391829446252091707 -5.141027970256405233 0.000000000000000000 0.300655569572086612 8584.000000000000000000
0.065117424868099794 -2.782099053150616008 0.000000000000000000 0.458704431688952974 8602.000000000000000000
-0.175959031408945921 -2.226966667365496644 0.000000000000000000 0.474874104750669046 8007.000000000000000000
-2.933892024743944393 -3.063157789148472698 0.000000000000000000 0.190220263365985354 0.000000000000000000
-2.156527942467477477 -3.823399693391316134 0.000000000000000000 0.021678669885989214 0.000000000000000000
-4.034645494879101513 -4.468637739137783171 0.000000000000000000 0.332911315118719076 8935.000000000000000000
-0.310232013624545000 -2.151151156380265217 0.000000000000000000 0.465300851677581839 8132.000000000000000000
-1.086723082636884774 -4.566140231569151275 0.000000000000000000 0.241026785879904282 0.000000000000000000
-3.370246749755014370 -5.893990689561801943 0.000000000000000000 0.408035700493259934 0.000000000000000000
-1.977864238186296975 -3.378608201036567227 0.000000000000000000 0.103917462075004408 8236.000000000000000000
-1.401395209006916387 -2.655025802691615144 0.000000000000000000 0.267821771353798643 1590.427969585977280076
-4.138181721497424803 -4.513788314953687930 0.000000000000000000 0.352944896330399993 8199.000000000000000000
-1.174767517356046787 -3.433987365302821004 0.000000000000000000 0.209504407038823753 0.000000000000000000
-2.071217634944688690 -4.590681430597166823 0.000000000000000000 0.129134852031344727 0.000000000000000000
4.188254703673695900 -1.870740073084152133 0.000000000000000000 0.337484558203168750 9746.000000000000000000
6.930907911719462966 -0.991361698623951182 0.000000000000000000 0.465190652885059508 9056.000000000000000000
3.635205191406283287 -2.231830202505133975 0.000000000000000000 0.426546272857088737 4392.031938895394887368
6.337923757440288242 -0.975481693434807950 0.000000000000000000 0.368236536226951128 9089.000000000000000000
2.259059035933493220 -1.143064799153289179 0.000000000000000000 0.450408769160081046 0.000000000000000000
2.488433269582091434 0.562807481922591224 0.000000000000000000 0.374652746407322879 9400.000000000000000000
5.360278292795290334 -2.216415588912251433 0.000000000000000000 0.421436329662547848 9305.000000000000000000
3.871449231172079841 2.313014212770332811 0.000000000000000000 0.426772363388446707 0.000000000000000000
4.463335863020277294 -0.680987930497026328 0.000000000000000000 0.121340678100552948 9195.000000000000000000
2.966452137784046705 0.756945333021490585 0.000000000000000000 0.306938150384476138 9075.000000000000000000
4.031725770965199018 -1.648272685345824939 0.000000000000000000 0.305304798476329631 0.000000000000000000
2.914604254576343756 -1.061344607313384980 0.000000000000000000 0.341904202359261555 5660.058424768219992984
6.488171024969947354 -0.778068643038090979 0.000000000000000000 0.377915424210623518 6941.539753947873577999
4.007880845132890890 -1.365658979151834762 0.000000000000000000 0.258955302737319148 0.000000000000000000
4.677351745168112807 -2.357944344899422617 0.000000000000000000 0.419884870505512930 0.000000000000000000
9.397229557108715881 6.777838625183020049 0.000000000744602775 0.384643475350138764 10424.000000000000000000
12.051679491374629904 7.998529971028228935 0.000000000913164668 0.331946162948118462 0.000000000000000000
12.794872537074134300 8.497460325445461038 0.000000000383879613 0.439624028725212557 10925.000000000000000000
10.130007020662532113 8.621852991079448358 0.000000000850171656 0.043573087267505417 0.000000000000000000
12.340334569152972222 9.026694236476483724 0.000000000677297744 0.359748508340118067 0.000000000000000000
12.625135203465124079 8.513698913831998283 0.000000000067640919 0.409244273818288873 0.000000000000000000
9.475935473266579478 9.746989999005430505 0.000000000482398379 0.233497012777191121 10758.000000000000000000
8.977127279630847667 7.034340336204470745 0.000000000138495679 0.386927566241754506 0.000000000000000000
10.411536924151848282 8.362873801961375975 0.000000000179641889 0.068696844419483205 10392.000000000000000000
9.549169742556715690 8.243597149928147516 0.000000000488229672 0.166559488896440205 10770.000000000000000000
11.475811455570733344 8.376892874518222953 0.000000000440120518 0.212516951429164880 0.000000000000000000
8.665266842340246356 9.741083702893327256 0.000000000147280644 0.345888761700072545 0.000000000000000000
11.045253265880683458 7.831822936566056548 0.000000000838693983 0.203777685337896114 0.000000000000000000
7.866633798407587363 8.991242134257189988 0.000000000497367838 0.443002205966755658 10989.000000000000000000
9.649246196342057047 10.538865277084315863 0.000000000544760274 0.337644548911757714 10512.000000000000000000
0.349201533000929432 13.478258198150944835 0.000000000000000000 0.355608627155269752 11480.000000000000000000
2.983268084791163677 14.364242699183984442 0.000000000000000000 0.225529065872779322 0.000000000000000000
4.589573084333719244 12.493749963274325410 0.000000000000000000 0.425364539924834029 0.000000000000000000
4.006002387555093414 12.109955752675778839 0.000000000000000000 0.363127569935998096 11802.000000000000000000
2.137910372460982700 13.866806596364554593 0.000000000000000000 0.110769953138115690 0.000000000000000000
2.023299194562305114 14.597009113804544356 0.000000000000000000 0.241585981133656369 5125.396763168831057556
0.602211417083670431 12.433982893715723961 0.000000000000000000 0.343274843671027674 8381.004124935428990284
3.351485502241317693 14.789782600903572884 0.000000000000000000 0.324650162431542377 11782.000000000000000000
2.713189572120274118 14.821954742110005299 0.000000000000000000 0.283294371419108626 11357.000000000000000000
4.385479657533096542 12.109878046047006350 0.000000000000000000 0.420372880899995749 10969.105072361076963716
1.521321220703732768 10.794413631598303027 0.000000000000000000 0.465256610679342819 0.000000000000000000
2.231210767973187625 15.803210618488478190 0.000000000000000000 0.450271341883968668 11928.000000000000000000
1.106643282281867036 12.782884436195651290 0.000000000000000000 0.235830922909101987 0.000000000000000000
0.736556349532791588 13.480388503210892992 0.000000000000000000 0.287065884732560062 11854.000000000000000000
2.021190968302364332 13.895888089580930469 0.000000000000000000 0.123594813970279049 11206.000000000000000000
-6.084645780580022922 13.205186906169599226 0.000000000852410863 0.287489903050626550 21491.000000000000000000
-8.215429728647004382 10.596220745270118258 0.000000000918204790 0.330463257573887670 2261.352503992458423454
-8.393590846194582511 11.074017151533233516 0.000000000301271972 0.317225583359612262 21360.000000000000000000
-8.112000093193097783 9.815878150527973744 0.000000000081656338 0.416572554686736263 0.000000000000000000
-5.742735291355700156 10.308681524964518061 0.000000000888520493 0.305800291036056104 21491.000000000000000000
-4.676347817349166824 10.237252382133142703 0.000000000497663597 0.450856605388952947 0.000000000000000000
-7.624400612327035809 9.210635628468656577 0.000000000471272022 0.471099063099451321 15434.196579582885533455
-6.871453401203872602 10.562155929941178911 0.000000000453271594 0.206169115128578467 21909.000000000000000000
-8.625915866859488190 13.468592684968731632 0.000000000455706840 0.457610572010740513 21017.000000000000000000
-8.326749785205203480 13.302722994735523443 0.000000000062892558 0.398845752527660913 0.000000000000000000
-6.362241024518914934 10.869646849062565508 0.000000000851423554 0.164172513246976848 0.000000000000000000
-7.321113260596928463 13.369671708750557215 0.000000000873271441 0.310329746987563992 0.000000000000000000
-6.327686136186113863 13.122951845628261225 0.000000000405447465 0.258919621914608766 0.000000000000000000
-5.783703700077618137 11.636288294845485325 0.000000000231538999 0.169718181726010470 0.000000000000000000
-7.883729001282076432 11.252155239402563680 0.000000000278291870 0.221158523762551545 21199.000000000000000000
-13.122781412369707965 5.648952910861281040 0.000000000000000000 0.183727627013696881 0.000000000000000000
-12.375999347372484749 6.665261410865391589 0.000000000000000000 0.350841017152249857 13866.000000000000000000
-14.387038577485270707 4.547156787153845414 0.000000000000000000 0.299257675003663348 0.000000000000000000
-11.001403504295254265 3.973589772818464816 0.000000000000000000 0.328955234666391982 5522.089424221961053263
-13.527908097625447326 5.876290620880457283 0.000000000000000000 0.253623042510755903 13699.000000000000000000
-11.594068560186757466 6.436574397003472114 0.000000000000000000 0.365532263445862760 2905.467194892618408630
-14.876912194859853500 3.723544210045716341 0.000000000000000000 0.419634433943927243 13694.000000000000000000
-14.441838195147825630 6.458012079398346650 0.000000000000000000 0.435884016575139754 13823.000000000000000000
-14.898547912481022948 3.905228342322234703 0.000000000000000000 0.411914149946449426 0.000000000000000000
-11.674698255198574515 3.221726573364225299 0.000000000000000000 0.314143764232895584 0.000000000000000000
-13.090040648981059235 4.289717339444345967 0.000000000000000000 0.095297257421421255 4288.295984490401679068
-13.974232169335483178 2.922465184778269442 0.000000000000000000 0.378549167588392521 12817.611867071174856392
-15.232148656809535225 4.138208195090038011 0.000000000000000000 0.458637849850349111 13594.000000000000000000
-11.094227273309986259 2.976996991782511870 0.000000000000000000 0.413918457406667439 13246.000000000000000000
-15.072441771724479409 5.389150630856786250 0.000000000000000000 0.438148192978145945 0.000000000000000000
-13.025276421864889542 -6.857390295220498366 0.000000000000000000 0.382668210806522469 0.000000000000000000
-13.587678367217884912 -2.728880291554411031 0.000000000000000000 0.372600545257679494 8966.102996886635082774
-12.015473537610892762 -6.384298226106307261 0.000000000000000000 0.321961547684187444 3928.968594041844880849
-15.160444903834470409 -4.450010744837695320 0.000000000000000000 0.438024175517530479 0.000000000000000000
-12.574059613708094219 -4.302684488163569299 0.000000000000000000 0.069928293398224123 0.000000000000000000
-13.956651336611072267 -6.103962264258232295 0.000000000000000000 0.332040142300148111 9635.000000000000000000
-12.544282140418561156 -6.471424757109151216 0.000000000000000000 0.313282922394970131 9715.000000000000000000
-11.819610222812142908 -3.588485145104797436 0.000000000000000000 0.247830073705211984 9172.000000000000000000
-10.582095291304375095 -6.257671785688663668 0.000000000000000000 0.469289341485129685 9779.000000000000000000
-10.709049831940987474 -4.987169781185790463 0.000000000000000000 0.361243063350182747 9666.000000000000000000
-13.469855194475957916 -3.843628202837496843 0.000000000000000000 0.198027843977999857 9945.000000000000000000
-10.157881318711742935 -4.222149855636859073 0.000000000000000000 0.462354932138044850 0.000000000000000000
-13.084378907078074050 -4.977157065243711820 0.000000000000000000 0.084091184533550731 9565.000000000000000000
-12.089088337714690269 -3.990616827050532223 0.000000000000000000 0.163460921550612759 9186.000000000000000000
-10.863067211013724744 -6.592846784006134442 0.000000000000000000 0.469323229378235507 9574.000000000000000000
-6.592550138013067773 -10.333961513362545759 0.000000000926622936 0.246391383732961045 0.000000000000000000
-5.120125759053463455 -9.828292738581057009 0.000000000734202408 0.441410835109025124 0.000000000000000000
-7.588597499395596913 -9.727000740788113831 0.000000000088412041 0.383827189974760841 0.000000000000000000
-8.679650638834694121 -11.156358476674583358 0.000000000784569154 0.360985283321791361 0.000000000000000000
-5.582481343922943040 -13.055748288994905693 0.000000000443535878 0.313273174450447389 0.000000000000000000
-7.005249786820962221 -12.951895505193510516 0.000000000717228839 0.223583791560119760 0.000000000000000000
-4.623457211688624113 -10.957060341989963703 0.000000000753123661 0.399387034424528720 0.000000000000000000
-7.658850563640209330 -13.771093339177078008 0.000000000717578022 0.398710816411682767 0.000000000000000000
-5.910863627910396545 -10.571474479638254707 0.000000000526480318 0.250472098445635727 0.000000000000000000
-6.295693424814763794 -14.165734111848321319 0.000000000202272118 0.440239755245435016 0.000000000000000000
-8.897973949284381234 -12.997720344006760129 0.000000000145486838 0.447171156481150800 0.000000000000000000
-6.070515546918560545 -13.528683935676154348 0.000000000742344371 0.341600688041411138 0.000000000000000000
-4.923823672292304998 -11.520526674318279703 0.000000000039557411 0.324244419826557162 0.000000000000000000
-6.701224320154381076 -10.476274263584024027 0.000000000067430879 0.219981226134971203 0.000000000000000000
-7.666320963076015182 -10.346159125013507207 0.000000000701535333 0.294286290837725506 0.000000000000000000
0.128925830635577943 -11.827098980994067645 0.000000000000000000 0.470288845914025311 20496.000000000000000000
3.520708716982531961 -14.817769161120532218 0.000000000000000000 0.346318152852552852 20908.000000000000000000
4.051682303305817356 -11.859742336975726218 0.000000000000000000 0.396536753149750010 0.000000000000000000
1.220737065061739735 -13.039434043697900378 0.000000000000000000 0.202926507005342621 0.000000000000000000
2.539226712785163986 -12.303403040419043535 0.000000000000000000 0.177119964871539026 20613.000000000000000000
2.080777275839953866 -13.484433772891085468 0.000000000000000000 0.058404211580850962 20497.000000000000000000
1.647310798782425367 -11.328572804262780238 0.000000000000000000 0.367953886517036477 20031.000000000000000000
0.903509873128734542 -13.810186354910413797 0.000000000000000000 0.272143052849255385 0.000000000000000000
3.803182782870631495 -11.930144044667761349 0.000000000000000000 0.354897764739616095 0.000000000000000000
2.046209344141057151 -10.767711603418730348 0.000000000000000000 0.449750620649259081 20124.000000000000000000
3.481374402748330876 -10.916593685963242422 0.000000000000000000 0.467151117664444282 20437.000000000000000000
4.675942680826228326 -12.449747060310523139 0.000000000000000000 0.442471919932842017 0.000000000000000000
2.820927930622495694 -14.470244785469651205 0.000000000000000000 0.229516614282108233 0.000000000000000000
1.803852869227945854 -13.257735272844263008 0.000000000000000000 0.094610553158555100 20958.000000000000000000
2.062249740568539380 -15.328855153118983168 0.000000000000000000 0.368663100136815136 0.000000000000000000
9.105570009209674964 -8.591300724134747213 0.000000000000000000 0.221849423413640168 17113.661962005029636202
12.604290755282073988 -8.918143957176885905 0.000000000000000000 0.404571829690832496 0.000000000000000000
12.231321500095528876 -9.114017044491742325 0.000000000000000000 0.343026192371249317 22994.000000000000000000
10.998486040881170211 -11.082247374555516117 0.000000000000000000 0.425331657575413968 0.000000000000000000
7.959143395484407968 -8.743558282281831850 0.000000000000000000 0.424446014413706552 16024.234029055607607006
10.722739938483980993 -8.789761151516598758 0.000000000000000000 0.068508590908005706 5409.784906911771031446
10.865632318957098690 -8.995659015265955460 0.000000000000000000 0.103157582250831492 22524.000000000000000000
9.704874162596921039 -8.857853032633832058 0.000000000000000000 0.114945390289253505 0.000000000000000000
10.572528880966912013 -6.174191519167689712 0.000000000000000000 0.453000746174774760 0.000000000000000000
11.585642790008870762 -8.424888080207944441 0.000000000000000000 0.229014048921314883 22297.000000000000000000
10.219013985575408299 -10.261925505801693603 0.000000000000000000 0.266399655921207401 22580.000000000000000000
10.681873007128142916 -6.141362523525304873 0.000000000000000000 0.460814458399121940 0.000000000000000000
8.740289355691938766 -10.779974687689898971 0.000000000000000000 0.457051040373394446 0.000000000000000000
8.271064520308025081 -9.257620622030769297 0.000000000000000000 0.379593697687960641 19588.272100678703282028
10.841941563021475048 -10.882010481828785942 0.000000000000000000 0.384409964334031518 22243.000000000000000000
13.461469980654065637 2.412815969494488844 0.000000000000000000 0.418430493594701747 7074.000000000000000000
14.334328044074625907 -2.352975108668572179 0.000000000000000000 0.430917216730466623 7182.000000000000000000
12.730599778912623066 1.493047463194288049 0.000000000000000000 0.296720050532731594 7016.000000000000000000
14.729670691157442874 0.986151397343304703 0.000000000000000000 0.271936804520783504 7314.000000000000000000
12.004560379555568872 -0.409598395748585808 0.000000000000000000 0.282992606580344419 0.000000000000000000
15.756803019072888716 -1.136622592931993303 0.000000000000000000 0.440915425077904988 3671.906547939979645889
12.834947780784601079 -1.250999824803356031 0.000000000000000000 0.250963339206502267 7395.000000000000000000
14.225075704470574678 -1.306585854897329924 0.000000000000000000 0.256884033761833330 0.000000000000000000
13.331414157714586821 -1.054844548204669774 0.000000000000000000 0.186668638492488381 7674.000000000000000000
11.982291057537148404 -1.041751043600865678 0.000000000000000000 0.331661406163810180 7241.000000000000000000
13.808927510806377370 1.339326429058714130 0.000000000000000000 0.236840117801652539 0.000000000000000000
12.066443922166472547 -0.625193077085335780 0.000000000000000000 0.284434415201472224 7790.000000000000000000
12.307504031755840401 1.654625851216118715 0.000000000000000000 0.361910737135306138 7739.000000000000000000
12.518889394813992766 -0.722172672971985730 0.000000000000000000 0.221201938144984400 0.000000000000000000
12.383202264544690863 1.588602009958876238 0.000000000000000000 0.344592180453336117 7310.000000000000000000
