-0.701498395630695493 3.514199348987398164 0.000000000000000000 0.285415229790711877 2965.219772405000185245
0.111683235447516543 4.685863720305824209 0.000000000000000000 0.445503958460418792 0.000000000000000000
-4.690600262957694611 3.286621601499284395 0.000000000000000000 0.446582588176660633 10873.000000000000000000
-2.748286219674063613 6.049486958374344248 0.000000000000000000 0.394251961411899943 1548.100362623351884395
-3.522029891826004455 5.747688386769971736 0.000000000000000000 0.400042234823311194 10653.000000000000000000
-1.899338934190202721 3.701982370735695582 0.000000000000000000 0.072214558667769491 10033.000000000000000000
-2.372774212276115069 2.994549730133347243 0.000000000000000000 0.160799047322879751 10132.000000000000000000
-3.021844201159789911 2.646869166235457094 0.000000000000000000 0.259845968519912984 0.000000000000000000
-0.862610667611781956 6.104447114143201070 0.000000000000000000 0.466313709659658182 10514.000000000000000000
-0.791930081731230029 3.866029339178362889 0.000000000000000000 0.261363499733197890 10683.000000000000000000
-2.138995430128181940 4.239931275362517127 0.000000000000000000 0.065814016828003932 0.000000000000000000
-2.001233876176809812 3.836403020503504901 0.000000000000000000 0.046793225198155548 10215.000000000000000000
-2.720952987331876738 5.441541367472524371 0.000000000000000000 0.288275035577710448 10949.000000000000000000
-3.009376530605246902 3.443463435923795224 0.000000000000000000 0.155721244937277653 0.000000000000000000
-0.086143546422228698 3.284539206549664137 0.000000000000000000 0.401856910228256425 10002.000000000000000000
-2.227210879781810426 -4.176394609101068411 0.000000000000000000 0.051270853139716716 0.000000000000000000
-1.040889517483440496 -1.671657426845737371 0.000000000000000000 0.450827632117659916 8140.000000000000000000
-1.151254958438681752 -4.698733717008452437 0.000000000000000000 0.244273651819035542 8842.000000000000000000
-3.264070110166465533 -5.932701123894506878 0.000000000000000000 0.405372245118713781 4909.932319818398354982
-3.059419577446758964 -6.047437131838981905 0.000000000000000000 0.409725602793858057 8636.000000000000000000
-3.382974853554971961 -6.073029637993164975 0.000000000000000000 0.437195633293972430 8055.000000000000000000
-2.241926019433903239 -4.286517288762281552 0.000000000000000000 0.070643601882457968 8306.000000000000000000
-2.375678317419994467 -5.825515981437882296 0.000000000000000000 0.345268215212324148 8619.000000000000000000
-1.860670521252998588 -2.239855952743727396 0.000000000000000000 0.302354142996149378 8380.000000000000000000
-0.036918611652974179 -3.606179687645886922 0.000000000000000000 0.399092205990166038 0.000000000000000000
0.018331673061554820 -4.182281431253946913 0.000000000000000000 0.409040442151964667 8171.000000000000000000
-1.522621247253618915 -6.000745917348415226 0.000000000000000000 0.398131673278432296 8830.000000000000000000
-3.551467679695006652 -5.362307348195254342 0.000000000000000000 0.348965893170831432 0.000000000000000000
-2.017976792335284930 -1.706481392685545329 0.000000000000000000 0.391251886886251232 8718.000000000000000000
-2.553951771089193912 -3.922637981765801918 0.000000000000000000 0.053024796049516841 8056.000000000000000000
4.269446907159541560 0.284248643859691064 0.000000000000000000 0.066741528007883577 0.000000000000000000
5.729040386758325276 0.866280160863914794 0.000000000000000000 0.265572225956155428 0.000000000000000000
5.711103551903055298 1.839880833364485824 0.000000000000000000 0.390086958450161392 3736.938463918309480505
3.994363147856760943 -1.378657261375839216 0.000000000000000000 0.261966048170405919 9405.000000000000000000
4.741983960874173398 2.096554652252955009 0.000000000000000000 0.374638240763095265 5250.514358490826452908
4.664757213230350530 1.327901645281089005 0.000000000000000000 0.237432665781758229 2206.048946333945877996
5.330616745640710086 1.518994819347686098 0.000000000000000000 0.306469514717768954 9532.000000000000000000
5.185991627312181329 -1.532162447310926989 0.000000000000000000 0.297271229362604472 9423.000000000000000000
3.577554190601787365 -0.056604039384351774 0.000000000000000000 0.167239887034113244 0.000000000000000000
3.751264633555826400 -0.455699697640192081 0.000000000000000000 0.158277993471587664 236.853349146775116196
6.013689359649253774 -0.196260771378667098 0.000000000000000000 0.269514124860912752 0.000000000000000000
5.484368789669935573 1.308526632810108614 0.000000000000000000 0.289609217651840001 9458.000000000000000000
4.437219307275356961 0.973265119978474647 0.000000000000000000 0.173480126134695711 0.000000000000000000
6.834802252250599786 1.147454173311360792 0.000000000000000000 0.460919210487960918 9835.000000000000000000
4.809123315965792678 -1.504851507482360295 0.000000000000000000 0.272437170568438414 9095.000000000000000000
12.680653394737774420 9.210420028159999717 0.000000000811170816 0.424833106188950982 10757.000000000000000000
10.358607039304933650 8.541666758660181102 0.000000000572399108 0.036319889409796538 10561.000000000000000000
9.333670514171602761 11.226694329871740763 0.000000000041744276 0.470817004528131022 10035.000000000000000000
8.835905591820761629 10.449611579534597183 0.000000000801561078 0.401680308509404282 8296.020876635853710468
12.553143380619108171 10.034321284115211625 0.000000000339092785 0.453874675704174613 0.000000000000000000
10.750969484857140657 6.261618007628715787 0.000000000447723773 0.441761067230124593 10755.000000000000000000
11.653078056226194192 10.396535051767500590 0.000000000915166969 0.371375495547075885 0.000000000000000000
10.082366974244191482 6.542846480474657334 0.000000000690032397 0.389535220902382462 10038.000000000000000000
11.169547643794441427 8.396333145068187065 0.000000000432231820 0.160077285691685223 0.000000000000000000
11.412646004287818613 9.873902830901263528 0.000000000429423578 0.274507901795379039 10809.000000000000000000
10.463552996648893156 7.739066083472273760 0.000000000695756544 0.178233264621448229 10628.000000000000000000
12.477055504333272040 9.555576023667796903 0.000000000591575598 0.406097090567568431 6403.201843761138661648
8.109831266065322453 9.784626984362025937 0.000000000792717462 0.437411779561917680 0.000000000000000000
9.607106560412763230 6.658011203422881330 0.000000000087592196 0.389469436262241453 0.000000000000000000
10.642440305088859631 8.939904450157484916 0.000000000217198308 0.063452577697390891 10584.000000000000000000
4.024687564684345631 12.321129487874367570 0.000000000000000000 0.345929159638484585 10533.147369348826032365
0.724233783072975368 14.073092947200796843 0.000000000000000000 0.320113996272916312 5425.878135481815661478
1.241199414412354374 14.775244302692282616 0.000000000000000000 0.330468963124615267 11481.000000000000000000
1.368000993546490740 13.386272342838443805 0.000000000000000000 0.173332123071255673 0.000000000000000000
2.792768469714656199 13.234658993229160728 0.000000000000000000 0.082046953612041007 7428.012031763803861395
0.811966968109877008 13.468781407912342019 0.000000000000000000 0.273473577109340171 11811.000000000000000000
2.367654584466396539 10.741475463248070454 0.000000000000000000 0.451470980491222362 11225.000000000000000000
4.400353418572549913 13.968162703535421443 0.000000000000000000 0.388205071730332640 11237.000000000000000000
1.804850813925778175 12.473514637558986706 0.000000000000000000 0.171382349899298264 11236.000000000000000000
2.412439540611055477 12.037046084171755922 0.000000000000000000 0.221191145628016728 11068.000000000000000000
2.457136307711412115 15.549759119186790102 0.000000000000000000 0.405330129182879806 11876.000000000000000000
1.275287139660464142 14.175912216180607928 0.000000000000000000 0.247555762315796263 11545.000000000000000000
2.831226325652608455 12.132324428915518766 0.000000000000000000 0.222166238301889613 7778.707876038456561218
0.453296526123109111 13.935638868143417568 0.000000000000000000 0.355199308589583984 11949.000000000000000000
1.846468143710996657 15.599612574403577625 0.000000000000000000 0.422735752859830949 7369.620546463457685604
-7.302654051850614891 12.876141046413675184 0.000000000318355718 0.228598732582121655 21746.000000000000000000
-7.114026086410877525 11.576209897406847915 0.000000000506362923 0.072539089035846896 21418.000000000000000000
-8.032436706669390247 11.134699553383448745 0.000000000115337724 0.253659396235494050 21287.000000000000000000
-4.480996206308911489 11.122090430815132933 0.000000000539578340 0.414960302551728444 21604.000000000000000000
-5.619218159907451771 12.318390211419215419 0.000000000301393110 0.225074178514226730 21871.000000000000000000
-8.683524071798945698 11.545387075741217586 0.000000000124435202 0.349093052014860183 33.332393952211276655
-8.905742670491319402 12.528348918208491725 0.000000000410737884 0.412886645551534925 21308.000000000000000000
-8.399641565174563951 13.724785556064212244 0.000000000671281138 0.462492608730586896 5186.870681805154163158
-7.200736891133569628 13.995055776494588429 0.000000000135719853 0.411273994645174612 21363.000000000000000000
-7.300476885184844278 14.019754501528423063 0.000000000566504758 0.419441679135174161 0.000000000000000000
-5.181652223103017540 10.472091742117390467 0.000000000431721420 0.353850230766074969 0.000000000000000000
-5.055915733309642057 13.070204185775619266 0.000000000315863329 0.382990461477102084 21261.724764421214786125
-7.939393541802646226 12.920318149642218586 0.000000000550166553 0.302326238060124208 0.000000000000000000
-6.434206165172452252 12.993195034476777039 0.000000000568438102 0.231844079105816142 21633.000000000000000000
-6.010878102608883111 12.145256691510935454 0.000000000677722961 0.149159678949757180 0.000000000000000000
-13.051957203066740121 3.122790640416218899 0.000000000000000000 0.277015737819024888 13206.000000000000000000
-13.154754305532176062 3.773444970753447869 0.000000000000000000 0.175866644993720400 13512.000000000000000000
-13.007030269390954302 4.118985574094752522 0.000000000000000000 0.110473938708241001 0.000000000000000000
-12.675485597496052748 5.287929131839609553 0.000000000000000000 0.106170454299125389 13004.000000000000000000
-10.815919079569189520 3.896685747839755187 0.000000000000000000 0.364646281419319596 0.000000000000000000
-14.250491065446421857 4.695269805987547507 0.000000000000000000 0.274065574432334869 13119.000000000000000000
-12.255216645405720755 3.481180791822657383 0.000000000000000000 0.223813058319833141 13573.000000000000000000
-12.489114714737533873 5.703425009037046856 0.000000000000000000 0.182691954054505556 13924.000000000000000000
-12.609579445468744652 2.361520624572712279 0.000000000000000000 0.403387316449297539 13093.000000000000000000
-13.106167881395226260 5.375347393833909138 0.000000000000000000 0.139873011174083822 0.000000000000000000
-11.237378940295837282 4.659712158516575720 0.000000000000000000 0.263066286232330970 0.000000000000000000
-11.662818383135881817 4.893963768237943768 0.000000000000000000 0.190937616453400849 0.000000000000000000
-10.339350787156906364 3.505809003976355864 0.000000000000000000 0.470046146135973786 13691.000000000000000000
-12.012107505150620312 5.242069988179502538 0.000000000000000000 0.158866794578571641 0.000000000000000000
-13.266939881083983366 5.092279634967804114 0.000000000000000000 0.122105549214982664 13929.000000000000000000
-11.013989611033345284 -5.317568363920742058 0.000000000000000000 0.322714853739331231 0.000000000000000000
-12.824721731735195362 -2.140540716970657176 0.000000000000000000 0.441650815055776857 9757.000000000000000000
-12.175466093041784177 -3.831223678541090472 0.000000000000000000 0.175902248257609695 0.000000000000000000
-13.627749039836361433 -5.871903279767257899 0.000000000000000000 0.263585451090211476 9777.000000000000000000
-11.200250932692210171 -4.395593428751173981 0.000000000000000000 0.274141816946493533 0.000000000000000000
-14.247398551381541765 -3.928536039885584419 0.000000000000000000 0.302828810999468290 3218.300846707828441140
-10.156613229412510435 -4.821454217779160167 0.000000000000000000 0.456337328949695531 9372.000000000000000000
-11.769961936363467103 -6.342164733331229876 0.000000000000000000 0.335007944639821087 0.000000000000000000
-13.475493729308626101 -6.571475807633473387 0.000000000000000000 0.355614078062474803 9602.000000000000000000
-12.706494573854447694 -6.760944646123710378 0.000000000000000000 0.362073967973277455 0.000000000000000000
-10.279249182169156285 -5.264837705383423661 0.000000000000000000 0.445716807143875238 9312.000000000000000000
-13.584546216639322935 -4.202667444387733653 0.000000000000000000 0.175947106146918553 0.000000000000000000
-11.631573574424930229 -3.182338671044298906 0.000000000000000000 0.324240237357179495 9529.000000000000000000
-12.436436574276381606 -4.942156028748641461 0.000000000000000000 0.067337174216524895 9729.000000000000000000
-10.326735246960140557 -4.085812588853543481 0.000000000000000000 0.437754435147166776 0.000000000000000000
-4.931664433185757090 -12.100338015280314607 0.000000000707239850 0.327996047741965613 0.000000000000000000
-4.601097126589970721 -10.876413571361766230 0.000000000122617928 0.408152737177019498 0.000000000000000000
-6.022369081051495598 -12.498465750246218420 0.000000000331544548 0.187337773082726977 0.000000000000000000
-6.718478285327707411 -10.305229166763632875 0.000000000514136869 0.250193893935555856 0.000000000000000000
-7.566351205709983319 -12.088118355928886061 0.000000000392484809 0.162369812967326055 0.000000000000000000
-5.430208443124607598 -13.651576800326562733 0.000000000778584800 0.413759803930899228 0.000000000000000000
-9.078439003593612000 -12.126666227601296200 0.000000000857646255 0.424282483555684875 0.000000000000000000
-8.600457892961705042 -11.802882902899986206 0.000000000396112476 0.333278492310988161 0.000000000000000000
-5.695576815878014010 -9.517033565252919658 0.000000000830459328 0.431614230154037382 0.000000000000000000
-4.635914752983484988 -13.160333861218765250 0.000000000357111101 0.452725649750765402 0.000000000000000000
-4.126308727522599362 -11.877669765621421405 0.000000000669728504 0.465303415613128157 0.000000000000000000
-5.979397823782534260 -12.761017591335445331 0.000000000586465612 0.228265376845576712 0.000000000000000000
-7.086853788814717170 -9.640814181235977998 0.000000000802570499 0.373020187320741936 0.000000000000000000
-6.264753609339849483 -10.052541088898808042 0.000000000896167291 0.306584734065574460 0.000000000000000000
-6.768534548510362292 -12.845255711843986290 0.000000000184911730 0.199514463491286570 0.000000000000000000
3.681078161566549323 -13.120777048004720555 0.000000000000000000 0.241622226234336129 0.000000000000000000
4.008618732936333195 -13.011807009365574217 0.000000000000000000 0.302095282877068161 20574.000000000000000000
0.931834117264229156 -15.349610710257302060 0.000000000000000000 0.445896319492145421 0.000000000000000000
1.932257115627445954 -14.711918098870336635 0.000000000000000000 0.265465769921237826 15975.482567666618706426
-0.262145166288388021 -13.007687890548517373 0.000000000000000000 0.465199942471262839 0.000000000000000000
0.792696772629961410 -12.368751016292577560 0.000000000000000000 0.318833396519339118 3742.696769398243304749
4.073961966137542134 -13.981989001916003801 0.000000000000000000 0.334472438724229271 20151.000000000000000000
0.857505743482805172 -14.621931739665038563 0.000000000000000000 0.355955138929897552 14720.954057790435399511
4.040016900487341189 -14.912574957182798130 0.000000000000000000 0.420864333139613633 20638.000000000000000000
1.659944736839343848 -10.853600100283275154 0.000000000000000000 0.447988573965026948 0.000000000000000000
0.256712523312939755 -13.135740679920214546 0.000000000000000000 0.371123249288601020 0.000000000000000000
1.124893673826848461 -13.651063650595554932 0.000000000000000000 0.225636045493032622 0.000000000000000000
0.352314525268771161 -12.466274194304762801 0.000000000000000000 0.381603803839705380 20847.000000000000000000
0.691662594770832473 -11.900428823550715407 0.000000000000000000 0.381865282847644982 20683.000000000000000000
1.065342040404267054 -12.247759004089655122 0.000000000000000000 0.291118105511363356 20669.000000000000000000
9.983900977965456391 -7.786186997461037151 0.000000000000000000 0.180326938118910235 0.000000000000000000
9.181386415207839491 -6.513697641348097811 0.000000000000000000 0.443506498461716747 0.000000000000000000
9.715359608763870725 -6.579520349728364970 0.000000000000000000 0.396566605582803433 22414.000000000000000000
10.972539610910359897 -9.041367131267149304 0.000000000000000000 0.123812778152140840 0.000000000000000000
9.951638010107361154 -8.170272368120087947 0.000000000000000000 0.122807688376284529 11404.746937042067656876
8.075158447693663533 -8.839715162153398254 0.000000000000000000 0.404094180882019094 0.000000000000000000
9.761421287069278918 -9.069875028060545574 0.000000000000000000 0.117683995112207229 0.000000000000000000
10.630192044914183569 -7.469551993453503513 0.000000000000000000 0.229937536673514492 22027.000000000000000000
8.817918167398646645 -9.938815801897817437 0.000000000000000000 0.342717856759980510 0.000000000000000000
9.202049486416637336 -8.921629316216519001 0.000000000000000000 0.205218566108888195 22676.000000000000000000
8.241259770340242596 -9.579272751549542164 0.000000000000000000 0.401719991105835006 22637.000000000000000000
12.721881808149936077 -9.165198515241606003 0.000000000000000000 0.430641654550958874 0.000000000000000000
11.332659564993610601 -8.266303195320041652 0.000000000000000000 0.195909884000996876 0.000000000000000000
12.374423137541249673 -10.168061625279491977 0.000000000000000000 0.439293758990092320 22922.000000000000000000
9.842726937033226875 -11.120222369369081150 0.000000000000000000 0.425618139315965649 22175.000000000000000000
13.129052881122706964 1.878100595161821929 0.000000000000000000 0.333924023206534470 7714.000000000000000000
13.982681598657386246 1.589792967003893942 0.000000000000000000 0.286288889848274719 7061.000000000000000000
14.165571309505303077 2.111136000020843451 0.000000000000000000 0.381943969357064927 7744.000000000000000000
12.501647870487596848 -1.993719058169689085 0.000000000000000000 0.392685329999300836 0.000000000000000000
13.803180182917527574 -2.090604598805192005 0.000000000000000000 0.365093807111333102 7514.000000000000000000
15.728397040304024301 1.358079177573959129 0.000000000000000000 0.454824670964527278 7848.000000000000000000
15.059384188485937628 2.159354312541645893 0.000000000000000000 0.460804591806849795 0.000000000000000000
14.007835711031216164 2.227858328762988283 0.000000000000000000 0.394563436944864732 7656.000000000000000000
13.805757252313384242 -1.158255543729006964 0.000000000000000000 0.206091301539189198 7834.000000000000000000
11.315751238130955514 0.705571225724287099 0.000000000000000000 0.415225100570956351 7253.000000000000000000
11.884095990514239816 2.069295860473071347 0.000000000000000000 0.465471280767313478 0.000000000000000000
12.266253070671115921 2.204236598385590717 0.000000000000000000 0.445295398106227314 7500.000000000000000000
15.877055282888631993 1.310751253638486657 0.000000000000000000 0.473746042818934843 7144.000000000000000000
14.862964606357699893 0.521915504121073570 0.000000000000000000 0.252309768368565390 7094.000000000000000000
15.941198052262789631 0.713869227496607417 0.000000000000000000 0.445167509446283693 0.000000000000000000
