-1.897454501912419600 6.526573584563043262 0.000000000000000000 0.473904061078701200 10671.000000000000000000
-3.655891114599589820 5.885996422548910090 0.000000000000000000 0.433833324793927499 10571.000000000000000000
-2.109297918977272701 5.166582202290403103 0.000000000000000000 0.228866171952620628 0.000000000000000000
-0.828394172322584943 2.873730826354479184 0.000000000000000000 0.312613913382072450 0.000000000000000000
-2.728252414991593433 4.668441868139460382 0.000000000000000000 0.161930050670731129 0.000000000000000000
-1.807628874516156836 4.568463776657277542 0.000000000000000000 0.145068808085527245 0.000000000000000000
-0.468619235606717366 5.159815851364509598 0.000000000000000000 0.391005253734972358 3834.304242623882146290
-3.417231643074461367 4.880161744607964813 0.000000000000000000 0.271518571657548002 2044.368827664182845183
-4.599716147317594483 2.907672273155263554 0.000000000000000000 0.452409703152117482 10830.000000000000000000
-0.473167931373007167 4.247503133457590785 0.000000000000000000 0.324440330184339432 5042.978449886152702675
-2.594181696066642839 2.613880049713143361 0.000000000000000000 0.235022267184737788 0.000000000000000000
-2.296414768908576765 5.777726848842418050 0.000000000000000000 0.336202343311573615 10287.000000000000000000
-1.189465380172098907 3.074291251725073781 0.000000000000000000 0.239598428868757346 10234.000000000000000000
-2.702569467376969126 2.071586375232275401 0.000000000000000000 0.333351765841004233 9165.082219630879990291
-0.945651503118130288 3.035693754451754600 0.000000000000000000 0.279099549909470390 0.000000000000000000
-0.097701250756331570 -3.760134560447585983 0.000000000000000000 0.385737546038764367 8424.000000000000000000
0.387804396097005899 -4.093441117833227061 0.000000000000000000 0.472937277751855234 0.000000000000000000
-2.669706854743334912 -5.167954317208390158 0.000000000000000000 0.239048196057276452 8038.000000000000000000
-2.162352039227696920 -6.252894003476724194 0.000000000000000000 0.421103462422701469 0.000000000000000000
-0.544661236378070179 -4.214300791882923392 0.000000000000000000 0.310804481986602821 8766.000000000000000000
-2.908090934937326288 -1.591190855634418311 0.000000000000000000 0.425367540884392215 0.000000000000000000
-2.859240946708238695 -3.539981145408402252 0.000000000000000000 0.123946897367003997 5796.052169513862281747
-2.467769719946505624 -3.887675014828272158 0.000000000000000000 0.037351411841248267 8159.000000000000000000
-3.936215019333762388 -5.515630985590072477 0.000000000000000000 0.416044418711458752 0.000000000000000000
-1.516716630831201673 -4.719934513556973243 0.000000000000000000 0.198269150600664579 2364.983958423341846355
-1.324672459856143680 -1.976624796871656820 0.000000000000000000 0.379296637622834110 8155.000000000000000000
-3.942725612954232961 -2.502185077718597661 0.000000000000000000 0.388758645988814933 0.000000000000000000
-1.079433755760522917 -4.651450644107749888 0.000000000000000000 0.250058062440394913 8629.000000000000000000
-2.281034106204143708 -4.155233540388798552 0.000000000000000000 0.047377463042469037 0.000000000000000000
0.319272377044980293 -4.117647620068339620 0.000000000000000000 0.461122529704666828 4996.136549504290087498
6.719567022273122525 0.135716068839435627 0.000000000000000000 0.393783476652131648 9936.000000000000000000
4.020284935226676737 -2.566155368094683809 0.000000000000000000 0.464471929626680102 9590.000000000000000000
5.352171720810031452 -1.435243613891423520 0.000000000000000000 0.295387041999880029 8822.884980962242480018
6.362610159442675162 1.431507691028470308 0.000000000000000000 0.415955313545159966 9566.000000000000000000
5.677742533279854342 -1.820117220903710198 0.000000000000000000 0.383918745732601874 9762.000000000000000000
3.687546145088380634 1.537299462096797908 0.000000000000000000 0.310463676571803349 0.000000000000000000
6.377799451756019700 -1.419528407275665316 0.000000000000000000 0.416812871552248165 9925.000000000000000000
3.829206367495796570 2.028635422551146039 0.000000000000000000 0.380688161950140214 9671.000000000000000000
2.345105609612070374 0.162357241438388256 0.000000000000000000 0.387648920371276295 9183.000000000000000000
4.248359656785769545 -0.271549783419141155 0.000000000000000000 0.067628486354838729 0.000000000000000000
4.592906965521290630 -0.274517362439980206 0.000000000000000000 0.050751636862120329 9720.000000000000000000
3.699758684616533344 1.009871623579615463 0.000000000000000000 0.230864994862016004 0.000000000000000000
3.770933690571620200 1.505641059600118625 0.000000000000000000 0.298627839122702354 3493.202197341859118751
2.793961917211241097 -1.933782667429176927 0.000000000000000000 0.460716350079822923 0.000000000000000000
4.729771461398033061 0.036831666322939355 0.000000000000000000 0.038977235993885924 3126.025132342890174186
8.682853834548831529 6.954792329079677593 0.000000000615012432 0.432022804650000869 10882.000000000000000000
8.667874788990284074 8.591430367906141896 0.000000000488439950 0.299411289348523457 0.000000000000000000
10.169022601337175615 6.982106943510522079 0.000000000775246818 0.311228308283576283 10682.000000000000000000
9.102637327249736288 10.578761998659754084 0.000000000589290076 0.390025004741065329 0.000000000000000000
11.682670225898855065 9.494278817011416294 0.000000000752697872 0.272532210255713669 10356.000000000000000000
11.846327505479607112 6.719164549740513692 0.000000000928877744 0.444896834752609327 0.000000000000000000
10.576727660256480590 9.383223420615950161 0.000000000560002628 0.119038098550578023 0.000000000000000000
8.956046390882853814 10.230044957708727793 0.000000000419003882 0.358765822468770923 2302.354342618367354589
11.900899186972521804 9.050988839303853339 0.000000000839320742 0.283119611353118916 0.000000000000000000
11.947856952013555798 7.063329216454182991 0.000000000580781025 0.410917765576306049 6963.011464142326985893
8.847415065181083449 9.285689285549247884 0.000000000454545482 0.282422722284939309 0.000000000000000000
9.791714578951951964 8.734670350467437672 0.000000000577159747 0.097865336567008701 0.000000000000000000
9.246226462749286057 8.830481936198516735 0.000000000170007299 0.195602832039154517 10383.000000000000000000
10.525137032155841510 10.901832057892889338 0.000000000306800307 0.378976965901669183 10248.000000000000000000
10.272608242551447333 11.132733644389121608 0.000000000284792863 0.418358134970355122 10263.000000000000000000
2.423867523141995495 11.739278501183994408 0.000000000000000000 0.274237062687663624 0.000000000000000000
2.636507640894818483 15.338021566483609703 0.000000000000000000 0.370946676843364520 8691.076341081263308297
2.871813687054992403 13.506039997027780686 0.000000000000000000 0.104131262432557770 11740.000000000000000000
2.510826729216907083 12.981833248462908870 0.000000000000000000 0.061210142615800663 11528.000000000000000000
0.721467607813581657 13.464427651180461254 0.000000000000000000 0.289391153568899884 11395.000000000000000000
3.014079906848495582 11.172606336814400407 0.000000000000000000 0.393680120603856210 0.000000000000000000
1.522626475852502326 12.260827662315694653 0.000000000000000000 0.231675575360584030 11092.000000000000000000
1.428685138319142345 13.747123862132943017 0.000000000000000000 0.181867752501591956 11028.000000000000000000
3.004837652393612668 12.434308213642957242 0.000000000000000000 0.191763753281393279 0.000000000000000000
1.287591287743341528 11.182673271396664560 0.000000000000000000 0.417046733358093280 0.000000000000000000
3.836469574735472676 11.070770035496172667 0.000000000000000000 0.475133450629350418 0.000000000000000000
4.200970119365845079 13.705228799285384511 0.000000000000000000 0.341297341732043513 0.000000000000000000
3.967081770439781163 15.349140400426842135 0.000000000000000000 0.469733302404553632 11924.000000000000000000
4.354254138088715642 11.808351817616882684 0.000000000000000000 0.444771236624016852 11371.000000000000000000
3.230080677063902339 13.837495873329883622 0.000000000000000000 0.188287233559952388 11816.000000000000000000
-5.480446022170061049 10.514588697247425841 0.000000000057651662 0.308733740111805988 21401.000000000000000000
-6.740125821797867900 14.124381971966853300 0.000000000070883031 0.425798532110897132 0.000000000000000000
-7.463609370361766970 11.331091635253805805 0.000000000700153631 0.147255423727183199 3133.615080674831460783
-7.875419880770542669 10.619661047904669360 0.000000000835670005 0.281510874179791315 21678.000000000000000000
-7.780714515122026498 13.840846356852130938 0.000000000425115199 0.419138700576202172 21441.000000000000000000
-7.292976637964849296 14.082530107551967546 0.000000000299906689 0.429914732403070932 0.000000000000000000
-7.500978221698140658 10.959676967977552309 0.000000000689869992 0.191791011727886485 0.000000000000000000
-6.959104602913849469 11.310707250470212415 0.000000000487144579 0.082729703084666553 0.000000000000000000
-6.238850363005020938 11.987999633372526276 0.000000000616207565 0.100069773324739847 21271.000000000000000000
-6.346265361841003205 11.468580929111977795 0.000000000487129247 0.081836672458378543 0.000000000000000000
-4.328427935258970294 12.255557890062783954 0.000000000145030350 0.438889479669729576 12033.976292727285908768
-5.409278091293334256 11.844293277804716524 0.000000000090566988 0.236870928492842303 21645.000000000000000000
-5.167259408520037844 10.222463883269321983 0.000000000650602031 0.384895851615817297 0.000000000000000000
-6.445921151664564697 11.624571343142372726 0.000000000056233339 0.053708374408797353 16005.106522365125783836
-8.676738779668237811 10.598121682548539368 0.000000000669435563 0.399057771131616890 0.000000000000000000
-13.775672511872235404 3.472641548231337527 0.000000000000000000 0.282243585444807599 13022.000000000000000000
-14.908007036917592103 5.354004333689587725 0.000000000000000000 0.408332626674536181 13673.000000000000000000
-12.613985248593927224 6.828005782778241439 0.000000000000000000 0.374215488290205511 13622.000000000000000000
-14.505684697323973253 6.359705645974758959 0.000000000000000000 0.432323658037639780 13264.000000000000000000
-11.996573994531168239 4.931815956082663099 0.000000000000000000 0.135118588390253702 13000.000000000000000000
-14.826397856264856401 5.796330236492139854 0.000000000000000000 0.423480534610124415 8456.641283369588563801
-15.064565135696014408 3.887517608390469448 0.000000000000000000 0.440927700801853228 13391.000000000000000000
-13.304928448618051462 4.268944794521337904 0.000000000000000000 0.127252319445574441 13519.000000000000000000
-10.731105411413929929 3.406600376507440409 0.000000000000000000 0.417222870367165877 13958.000000000000000000
-12.567686496854555855 2.112808502430358448 0.000000000000000000 0.446998181718361143 13650.000000000000000000
-14.758889562629327941 5.412127903542308438 0.000000000000000000 0.386146735008879638 0.000000000000000000
-15.328297794641155605 4.414329200701846645 0.000000000000000000 0.468384434570351893 0.000000000000000000
-13.567336427780867680 6.604314873200322289 0.000000000000000000 0.367308414844735753 0.000000000000000000
-10.425167177286871478 6.084000208011529409 0.000000000000000000 0.475920302253119543 13045.000000000000000000
-14.193633730545464289 3.344117708691638491 0.000000000000000000 0.350951573813598539 0.000000000000000000
-10.657858865575791540 -4.828889000922731434 0.000000000000000000 0.367268125690530856 0.000000000000000000
-14.278166488314843363 -6.093178990203983680 0.000000000000000000 0.371398692110885054 0.000000000000000000
-14.901638863076025032 -3.814624635913447914 0.000000000000000000 0.417787332088962737 0.000000000000000000
-13.129973111933542995 -5.275392026512743193 0.000000000000000000 0.127565312788030155 9576.000000000000000000
-12.571950812710351641 -7.006524848186626464 0.000000000000000000 0.405653240721285002 9717.000000000000000000
-14.310879844300268715 -5.531714330470001606 0.000000000000000000 0.320901255420576570 0.000000000000000000
-11.665496523495383130 -6.111438682758659091 0.000000000000000000 0.311746898524396743 0.000000000000000000
-12.565081288436141804 -4.474708205721031007 0.000000000000000000 0.044205978502393668 9685.000000000000000000
-12.699485222336759804 -4.498391307398465599 0.000000000000000000 0.031434907472939276 0.000000000000000000
-14.351746840021423424 -6.407178505988328610 0.000000000000000000 0.418378257297959522 9685.000000000000000000
-14.372934317926166159 -6.824563731017488699 0.000000000000000000 0.475183711059748382 9117.000000000000000000
-14.739881485466003852 -4.611557098692170342 0.000000000000000000 0.361466195842769900 7281.424847367295114964
-14.400008107218024378 -4.550773020537519642 0.000000000000000000 0.301516015822261507 9378.000000000000000000
-13.797486554238613365 -3.698460877163372018 0.000000000000000000 0.257459705903211877 0.000000000000000000
-12.210216990068973431 -5.116510599039006735 0.000000000000000000 0.117662788568231147 9881.000000000000000000
-9.292827586975654697 -12.072788086707596733 0.000000000357513937 0.460587213736051049 0.000000000000000000
-5.464845998917600589 -12.504430839852950896 0.000000000481533552 0.265387711647925684 0.000000000000000000
-6.575046224161074981 -9.280314170531179130 0.000000000866977859 0.432543391162832191 0.000000000000000000
-8.145597680527830065 -11.742582972943971242 0.000000000465685189 0.251916571744254858 0.000000000000000000
-6.481810092698673031 -13.665070370834445868 0.000000000669315921 0.347484713699064529 0.000000000000000000
-4.633436957858105387 -11.727492971725320459 0.000000000914115438 0.374087362815860081 0.000000000000000000
-8.733078385899721852 -12.631424445057593431 0.000000000234146232 0.391318952351078442 0.000000000000000000
-4.277762268987444827 -12.227189303391639896 0.000000000778383087 0.446663909296391548 0.000000000000000000
-5.166976415610234241 -10.666850421544815219 0.000000000715668815 0.335560168524615454 0.000000000000000000
-6.704722856838356115 -13.767760219767838592 0.000000000830074258 0.362733167828014402 0.000000000000000000
-7.367018375674034836 -12.791169463860477151 0.000000000095567450 0.220876585698490946 0.000000000000000000
-6.249621319454464086 -9.144423384449250847 0.000000000552103176 0.463878401992387668 0.000000000000000000
-7.763439130896267137 -12.771296371318980434 0.000000000332405264 0.261552387718296364 0.000000000000000000
-7.101673415795441535 -12.589467570946499819 0.000000000325537510 0.167552363596589843 0.000000000000000000
-6.285717886823332101 -13.038198123868301792 0.000000000844937015 0.246861437148847729 0.000000000000000000
1.338816053139589624 -11.438523309293710639 0.000000000000000000 0.372407134303216925 20721.000000000000000000
0.883834887814972769 -14.337577757445517435 0.000000000000000000 0.320226967463371925 20172.000000000000000000
0.931547896237340245 -11.865314258336749020 0.000000000000000000 0.354570740413240437 20070.000000000000000000
3.992315614353294961 -15.204659205544666989 0.000000000000000000 0.452754998782379847 0.000000000000000000
4.127118139479855508 -11.705432139137570857 0.000000000000000000 0.424547420202553261 14498.196212939896213356
0.650335837237618120 -13.457902884652030551 0.000000000000000000 0.301859465671899696 15578.563602571492083371
4.456071213734829506 -14.739801616761250003 0.000000000000000000 0.459036157935380162 0.000000000000000000
4.399168662892113169 -12.856008942012477902 0.000000000000000000 0.375525738688968935 12778.564550236027571373
-0.196817443545169335 -13.911506507785928122 0.000000000000000000 0.465043972460440991 20918.000000000000000000
0.607141773499692450 -12.313380597221060597 0.000000000000000000 0.352431997340233838 0.000000000000000000
-0.001160902671636558 -14.159767575110764781 0.000000000000000000 0.444959382913379831 20134.000000000000000000
1.883864608048293032 -15.834270852672267083 0.000000000000000000 0.462496974276547401 0.000000000000000000
2.512855365665964680 -11.463959623270197241 0.000000000000000000 0.324347475252493467 20025.000000000000000000
3.388214958048385572 -12.500435240141886339 0.000000000000000000 0.233179503893806511 0.000000000000000000
0.693995479127168635 -13.127217788068925586 0.000000000000000000 0.293558903066537702 20629.000000000000000000
12.686041745676712722 -8.650720777649054227 0.000000000000000000 0.418392934018539497 22788.000000000000000000
9.705040463021743946 -6.539139307920779132 0.000000000000000000 0.403889791717444546 22071.000000000000000000
10.259517569538797233 -7.369768119503156356 0.000000000000000000 0.242131386205579308 22878.000000000000000000
8.201543643956322072 -9.323456265289166822 0.000000000000000000 0.394456160139933010 0.000000000000000000
10.727566909609757673 -8.132697681595738359 0.000000000000000000 0.128000248753224494 2346.685360435023085302
10.649065176259471244 -7.082461491334820280 0.000000000000000000 0.297032110309800312 22643.000000000000000000
10.908718948998005871 -8.796216686122326323 0.000000000000000000 0.101618837723576189 9619.749620849901475594
8.319611795446702374 -10.074430221279609299 0.000000000000000000 0.429137499120280541 22136.000000000000000000
9.299164015744031175 -8.004190387280079477 0.000000000000000000 0.226985800072170868 0.000000000000000000
8.181300793686098416 -9.434915384094699320 0.000000000000000000 0.403376314604745045 22424.000000000000000000
10.056009094142122962 -8.774708159821068776 0.000000000000000000 0.050944030914875552 22719.000000000000000000
12.014714321264570174 -8.499683064657094889 0.000000000000000000 0.301543780194551303 0.000000000000000000
9.108908775663081769 -8.860472553619024083 0.000000000000000000 0.220427621347880215 0.000000000000000000
9.131925433164665762 -10.202516385402768506 0.000000000000000000 0.334210662222112209 0.000000000000000000
9.477572679859909144 -6.419085844179278411 0.000000000000000000 0.436859338573814038 22216.000000000000000000
12.981687129455435681 1.651458792369371320 0.000000000000000000 0.303381005242350787 7007.000000000000000000
13.699162224058213155 2.114035331844768439 0.000000000000000000 0.367312923429729543 7419.000000000000000000
13.868918825014997509 0.728013397351226832 0.000000000000000000 0.138967239199998871 7030.000000000000000000
10.965741034271349719 0.448505973499424615 0.000000000000000000 0.465622400494167421 7870.000000000000000000
14.296894334484827382 -0.924655948901323743 0.000000000000000000 0.209162206369395642 7029.518234261243378569
15.742313098204608224 -0.824457432092975617 0.000000000000000000 0.417340831146316149 7048.000000000000000000
15.566500374224121472 0.109506024143822031 0.000000000000000000 0.361537389820754396 7305.000000000000000000
11.941696115683091861 1.250440116546069236 0.000000000000000000 0.358515928538614526 7191.000000000000000000
13.470275540321971164 -1.793275287985556021 0.000000000000000000 0.311074081229021082 7656.000000000000000000
11.663508186455347371 -0.994619452116680902 0.000000000000000000 0.376743270247672568 0.000000000000000000
14.856130974995249261 1.040097077293018257 0.000000000000000000 0.295393413267072580 0.000000000000000000
15.495219113636190755 -1.761422630197982508 0.000000000000000000 0.462276863055365805 760.129146112090438692
15.054020391389173028 -1.063633262930506085 0.000000000000000000 0.326323460519688469 7020.000000000000000000
11.707518347298488948 -1.269104233593270292 0.000000000000000000 0.394380438319071325 7487.000000000000000000
14.598731071282598393 1.913186883520936021 0.000000000000000000 0.380744862537730377 7730.000000000000000000
