-2.518098101576351056 4.856769258145547496 0.000000000000000000 0.178245777661618171 10676.000000000000000000
-1.645788266082177875 1.381954998345453101 0.000000000000000000 0.459873669830427878 0.000000000000000000
-3.129101410378806847 6.147013630849798460 0.000000000000000000 0.430688790767493668 10036.000000000000000000
-2.946122645418375097 1.469362454922752415 0.000000000000000000 0.448072462449802700 0.000000000000000000
-0.306541375036329056 5.355272856094854816 0.000000000000000000 0.434864276158011154 0.000000000000000000
-2.186639182079843202 6.409404853988469597 0.000000000000000000 0.448800832685359030 0.000000000000000000
-3.143312903469686947 2.055793178613102068 0.000000000000000000 0.362660452576991477 10397.000000000000000000
-1.034747273412009339 4.527126295054626048 0.000000000000000000 0.245809996011705834 10563.000000000000000000
-3.335494760548265436 2.173338910632037990 0.000000000000000000 0.360910864369153483 9947.704495163205137942
-2.880474833179610616 2.135166979493602124 0.000000000000000000 0.331562313287064980 10101.000000000000000000
-2.455186008749334015 5.493178875843202746 0.000000000000000000 0.287599898851237545 10627.000000000000000000
-3.304127791215434318 3.041623278758819993 0.000000000000000000 0.239929283986920872 0.000000000000000000
-0.185462676908524804 3.312736571383049444 0.000000000000000000 0.383460114977690558 10029.000000000000000000
-2.205467650018076320 4.887838751590148689 0.000000000000000000 0.177923383006773433 0.000000000000000000
-2.939252473319351022 2.349867857112352354 0.000000000000000000 0.299896233136692170 0.000000000000000000
-2.353997562670846033 -3.250470698712697892 0.000000000000000000 0.115195756425313170 8710.000000000000000000
-2.859178611628143241 -4.637585849992459153 0.000000000000000000 0.170824671220642765 0.000000000000000000
-4.265191886313402847 -2.492270726978529805 0.000000000000000000 0.435646997055430529 8933.000000000000000000
-0.326599786528309621 -5.643372398414871149 0.000000000000000000 0.464818765665592826 8842.000000000000000000
-1.899708741125946121 -4.299653424287961379 0.000000000000000000 0.096962866161914560 8835.000000000000000000
-2.972861265568128797 -4.314444214128470456 0.000000000000000000 0.148084165165416920 0.000000000000000000
-2.742632802835774264 -2.062013528516632110 0.000000000000000000 0.336761722741414415 8365.000000000000000000
-2.295457645739853891 -2.310443476960960307 0.000000000000000000 0.281403711897848852 0.000000000000000000
-0.930682223230138383 -3.592490386347456877 0.000000000000000000 0.242471413831627264 0.000000000000000000
-1.825709418095159409 -6.480044104767540780 0.000000000000000000 0.467643272300085233 8298.000000000000000000
-0.849352732158717760 -2.341623692370964793 0.000000000000000000 0.373027797246557491 8167.493611588669409684
-3.983334687706574950 -4.130351350320194292 0.000000000000000000 0.310412283029359692 8439.000000000000000000
-3.283989244453616063 -4.269100839756061028 0.000000000000000000 0.194868124689922817 8671.000000000000000000
-0.740477532837381269 -5.273967619978083832 0.000000000000000000 0.365976018574552531 8704.000000000000000000
-1.122876961142496688 -2.405491136799922547 0.000000000000000000 0.333006765848925912 0.000000000000000000
6.152135205472643698 -0.026172412632012233 0.000000000000000000 0.291964359623341441 0.000000000000000000
4.512129367370085298 -0.593558826129696682 0.000000000000000000 0.105464216407357564 9877.000000000000000000
6.415429429147161855 0.901967291209284761 0.000000000000000000 0.374726603811881331 0.000000000000000000
5.180154618660110621 -0.470282411952595569 0.000000000000000000 0.145135683539312998 5886.771104168484271213
3.410940590969204766 1.422794131063168432 0.000000000000000000 0.320394872838652034 0.000000000000000000
2.784364218823366599 1.059868175218759090 0.000000000000000000 0.361352403775146491 9845.000000000000000000
6.466099755461185872 -1.333930712116035755 0.000000000000000000 0.420722010571735638 0.000000000000000000
2.312180139518447142 -1.407076300045294825 0.000000000000000000 0.465454525593830160 9862.000000000000000000
3.133853591824284024 -1.990382350376433962 0.000000000000000000 0.431015255761727611 9034.000000000000000000
5.783080859919878414 -0.820064758733665911 0.000000000000000000 0.268950711011052779 9315.000000000000000000
4.614139461509342510 1.325665323431800546 0.000000000000000000 0.236195051855934063 0.000000000000000000
3.433843061729788371 -1.554477816498864629 0.000000000000000000 0.336830021578691297 9047.000000000000000000
5.953728857972484079 -1.904685626312917934 0.000000000000000000 0.424360099655784750 0.000000000000000000
5.437340667408086858 1.172398135990839085 0.000000000000000000 0.265336041823543367 0.000000000000000000
3.924427354086124531 -0.039704067894349278 0.000000000000000000 0.105351130423900569 7458.494751470384471759
12.980105081607785422 9.141163057895720812 0.000000000508067081 0.475429874718107603 10054.000000000000000000
11.753657775195231139 10.745497724615720614 0.000000000547733175 0.430727387019849417 10696.000000000000000000
11.520176369076871481 9.870164324304390391 0.000000000740374089 0.287706181189229082 0.000000000000000000
11.132847539923057312 8.066561247703878834 0.000000000704482961 0.184886115738005452 0.000000000000000000
10.661769390234136168 6.942692682124540049 0.000000000478762648 0.321523210186184405 10842.000000000000000000
10.860643982131092500 7.903809648322390302 0.000000000778689717 0.174551118496357738 2290.039910979849537398
10.601534891569629693 9.304874581622595286 0.000000000852602374 0.108126430576245255 10786.000000000000000000
10.345331848285781007 10.437855565523294743 0.000000000875507861 0.296311231313102053 10704.000000000000000000
9.077472794201831618 9.556637707397824144 0.000000000059848755 0.266216833596555291 8303.980604130509163952
8.744062219906075129 10.873911626310981404 0.000000000179548770 0.469652689625765174 10165.000000000000000000
9.108202276599834946 8.745614191224689193 0.000000000275958546 0.219666406559513638 0.000000000000000000
8.754334274006561500 8.997662860749132463 0.000000000214558212 0.286120225267103234 0.000000000000000000
12.211951949313425203 8.923532199540808563 0.000000000871921359 0.334963922116739088 10841.000000000000000000
12.441906797556667286 9.766622486221168131 0.000000000384924729 0.414667516287794968 10966.000000000000000000
10.816483548850349905 10.494648544300758886 0.000000000718510318 0.317571861400829880 0.000000000000000000
2.090925020116443100 13.833762597153711482 0.000000000000000000 0.108279753408826770 0.000000000000000000
3.550367549308545811 11.216372596133437511 0.000000000000000000 0.425945086972541409 11178.000000000000000000
3.564414982014157740 15.121493880948289501 0.000000000000000000 0.394788361823245615 114.435192339060904487
3.426735762978887045 14.598392169459721401 0.000000000000000000 0.305364103079553861 11445.000000000000000000
4.421050911298889829 12.781948065715628360 0.000000000000000000 0.382164737511237418 11102.000000000000000000
2.448058974386080777 15.794570812418408323 0.000000000000000000 0.448781230693841904 11223.000000000000000000
3.520485198025629536 11.960779495265915884 0.000000000000000000 0.315511225175837906 11198.000000000000000000
1.241029890125049828 15.207745304841370881 0.000000000000000000 0.395322592040994736 11840.000000000000000000
1.119226458090773813 14.211610901892607117 0.000000000000000000 0.273195816115808066 11432.000000000000000000
3.731237081755987450 12.524242774221873375 0.000000000000000000 0.282692732157766358 11799.000000000000000000
2.912262071340629088 13.788658860687851515 0.000000000000000000 0.137539376214478454 11944.000000000000000000
2.007318371534186685 13.173924981232790543 0.000000000000000000 0.061094134112194061 11122.000000000000000000
2.301266762396936283 13.418727740165177664 0.000000000000000000 0.025968251042133392 10351.056046379668259760
0.525848798969945963 11.862066215295957505 0.000000000000000000 0.409139236307541621 11715.000000000000000000
1.711628469451454970 14.449643142071604274 0.000000000000000000 0.236564450123287778 0.000000000000000000
-7.480397547418306203 10.558703020275865825 0.000000000318846701 0.244663720126727074 0.000000000000000000
-8.031886412954111876 9.623252072077363550 0.000000000558531849 0.436795977334711982 0.000000000000000000
-6.437967358402940654 12.283187428307304145 0.000000000186115333 0.112897645071974251 0.000000000000000000
-7.033151923132564320 10.815972484071270543 0.000000000914416813 0.168482809656747584 21484.000000000000000000
-5.503456511946849261 10.161071246524457479 0.000000000164090153 0.352357793610654946 8918.686484002224460710
-8.496000470675422633 11.019773649677700789 0.000000000238591321 0.337702812608305036 21985.000000000000000000
-4.428302344648608724 10.733499812103968196 0.000000000536587751 0.446258719832271389 0.000000000000000000
-7.806733418565571014 13.230134197707327459 0.000000000214892962 0.328744674563773043 0.000000000000000000
-5.734533610277439131 9.346221708442433496 0.000000000875366575 0.456377393099085038 21659.000000000000000000
-5.109038904161041117 10.731511076996499199 0.000000000443516015 0.338126356685925056 0.000000000000000000
-6.528094202299438820 13.964485062960816819 0.000000000798209001 0.399249672464889516 21463.000000000000000000
-5.408788037106807778 11.301399402518043757 0.000000000568527666 0.247226286395450690 0.000000000000000000
-4.682029990923579632 12.130192004856239052 0.000000000887299322 0.372640386799748757 0.000000000000000000
-6.862225308959544634 12.714328380413924435 0.000000000878815232 0.177732900590907822 21232.000000000000000000
-6.217184901105540007 11.949602715221795179 0.000000000386838056 0.100527731992313366 0.000000000000000000
-12.168748247215264158 2.564713644375515855 0.000000000000000000 0.380521021360721523 13286.000000000000000000
-12.958323233635898220 2.959820348799193646 0.000000000000000000 0.301903229942186047 0.000000000000000000
-14.408693546585132239 4.624920819925913307 0.000000000000000000 0.302392336243894111 4578.553847209600462520
-13.450997326687746281 4.955751719149269263 0.000000000000000000 0.140062968600078358 0.000000000000000000
-11.053564934931978669 6.789294088944426875 0.000000000000000000 0.472230019296051740 13111.000000000000000000
-14.348250750891647698 3.670480588248902443 0.000000000000000000 0.339821621230430637 0.000000000000000000
-13.121539359103113753 3.636325419295284966 0.000000000000000000 0.195182046678179205 0.000000000000000000
-12.212461962972339435 5.657767009197651298 0.000000000000000000 0.192374150863366983 12364.339327093010069802
-14.943962414556590801 5.402265524493902404 0.000000000000000000 0.416906150884546689 0.000000000000000000
-12.364594168397880836 5.443370772492981402 0.000000000000000000 0.146855636427014935 0.000000000000000000
-14.301382142113267193 6.228870923469546739 0.000000000000000000 0.390306278405633256 0.000000000000000000
-12.296092698953518862 4.850271394985147033 0.000000000000000000 0.080110955848143511 13084.000000000000000000
-11.019298554605693852 6.716917248519923334 0.000000000000000000 0.466405249893275142 13054.000000000000000000
-11.885245953838413868 3.502523894991473430 0.000000000000000000 0.252447556130983908 13637.000000000000000000
-12.182529162208371787 7.282700184858518000 0.000000000000000000 0.462992954069764484 13019.000000000000000000
-15.247561097592173596 -4.614507035631794096 0.000000000000000000 0.451897527732875504 0.000000000000000000
-11.901180063430860656 -4.652320234582677294 0.000000000000000000 0.144800325433818267 0.000000000000000000
-13.322567291891855845 -2.638110061135086948 0.000000000000000000 0.370645490803858779 9186.000000000000000000
-11.824276867571219540 -2.598559922773796327 0.000000000000000000 0.395409194787909257 9447.000000000000000000
-12.740988284733619551 -2.723553088984258075 0.000000000000000000 0.339961967443914714 0.000000000000000000
-12.614655609707336126 -5.907792802967196444 0.000000000000000000 0.214493574733448128 1293.472896022423810791
-14.499419181151337099 -5.054779527899169622 0.000000000000000000 0.325019502888328760 0.000000000000000000
-11.245764870639899158 -2.543347297865740764 0.000000000000000000 0.454967573422582428 9217.000000000000000000
-11.895106539068288853 -6.139310110926979647 0.000000000000000000 0.293206635054744980 9482.000000000000000000
-14.987198024934571094 -4.048737326378563317 0.000000000000000000 0.419756773216107493 0.000000000000000000
-14.696769240361625464 -5.950022879036429124 0.000000000000000000 0.416525858685084460 9283.000000000000000000
-12.081070864638954632 -4.574716666152764510 0.000000000000000000 0.114105084672485063 0.000000000000000000
-10.646487313723131507 -3.853829121401427749 0.000000000000000000 0.395485050908669200 9209.000000000000000000
-11.194763352111770871 -3.629967399878257339 0.000000000000000000 0.326621537339552293 9427.000000000000000000
-14.095199714655631595 -3.924589161058083420 0.000000000000000000 0.278911239364246943 0.000000000000000000
-7.353415392931744954 -10.351449600074795754 0.000000000670688990 0.265963623558849060 0.000000000000000000
-8.984003254295226171 -11.678611551424850745 0.000000000142802283 0.401359320066687231 0.000000000000000000
-8.503673347586099496 -12.565604431874687563 0.000000000401983379 0.349353426571904324 0.000000000000000000
-6.899625333908343094 -13.547132233511632649 0.000000000861220076 0.324956948316161953 0.000000000000000000
-5.640430450845171251 -11.923285377932035800 0.000000000430664835 0.197974262734012030 0.000000000000000000
-5.400209397135125933 -9.804648146245243723 0.000000000243493412 0.414033709538133288 0.000000000000000000
-6.762337596067229839 -9.643346262561014015 0.000000000110052365 0.367347699013373219 0.000000000000000000
-4.862862466635752945 -10.774397029556290306 0.000000000785159932 0.372891226645167884 0.000000000000000000
-4.324566553888664622 -10.887290210739433149 0.000000000130316082 0.453746733288627579 0.000000000000000000
-5.726232349128272503 -11.848266636042978917 0.000000000611004430 0.180797683469176573 0.000000000000000000
-4.409670691380122243 -11.184632398409988241 0.000000000760963453 0.424652758206767622 0.000000000000000000
-7.522130050512499722 -13.783953499845088331 0.000000000008362306 0.391425949435323217 0.000000000000000000
-4.991610166220231015 -13.733664742255687230 0.000000000146856517 0.473129868879730575 0.000000000000000000
-7.420180599043533221 -10.397041549384947956 0.000000000032306069 0.263948932125168345 0.000000000000000000
-4.576164216411129360 -11.049190717803192285 0.000000000355187429 0.402208221249334863 0.000000000000000000
1.652247025113252610 -12.909231104397402845 0.000000000000000000 0.138072038120928692 20489.000000000000000000
2.539103013468834824 -13.190637184021994699 0.000000000000000000 0.039582141066074633 0.000000000000000000
0.174331973958930297 -13.827631131128429232 0.000000000000000000 0.397266397551513051 0.000000000000000000
3.878620794188369469 -12.687076253780425361 0.000000000000000000 0.294550720558408363 20504.000000000000000000
-0.020014747238252542 -14.361676664562120109 0.000000000000000000 0.461960115392990089 18607.850907023053878220
2.896699531899704194 -12.271203964437743750 0.000000000000000000 0.205169274617576197 0.000000000000000000
0.343690919425401920 -13.119416394383101476 0.000000000000000000 0.355878350336419402 0.000000000000000000
1.499777835953326033 -15.059997833820149893 0.000000000000000000 0.350734415456391890 0.000000000000000000
1.560009972219075003 -10.876266043194791067 0.000000000000000000 0.449259242398835912 20448.000000000000000000
4.269515800728147070 -11.670070854856948728 0.000000000000000000 0.447930460506589134 152.215514971166612668
2.206248576635305714 -13.999377158636061580 0.000000000000000000 0.130707521227914653 20117.000000000000000000
0.507250316020031899 -15.033756676322266088 0.000000000000000000 0.451665701409422526 20430.000000000000000000
3.458243493886419273 -13.551453917245225966 0.000000000000000000 0.206192321415649082 20089.000000000000000000
4.148680665763962772 -14.659733652178772445 0.000000000000000000 0.406329894779722089 0.000000000000000000
3.951671503976212474 -13.929155522191528860 0.000000000000000000 0.310748189254730911 20847.000000000000000000
12.651898345333338014 -8.010638746265465571 0.000000000000000000 0.431618101985076885 0.000000000000000000
9.400267338222853652 -8.591928511098615218 0.000000000000000000 0.169835117806886510 22295.000000000000000000
9.150129467417405849 -10.778865088148554818 0.000000000000000000 0.415067501382747894 3885.313124100323875609
12.600852651413362082 -8.967096116838240150 0.000000000000000000 0.404679657908098567 0.000000000000000000
8.835621658221413099 -9.574430762780686166 0.000000000000000000 0.305041853682847919 12052.355658130974916276
10.417893539129925884 -8.623604455046901762 0.000000000000000000 0.025795604214317997 22617.000000000000000000
11.694351043125109868 -9.444117031873895840 0.000000000000000000 0.270294232929316314 0.000000000000000000
9.801393483970716858 -9.178732328402096741 0.000000000000000000 0.122279354394527792 22911.000000000000000000
11.394341018152742251 -9.636469106392654638 0.000000000000000000 0.243857743676474004 22952.000000000000000000
12.658248765228400146 -9.712234729016177681 0.000000000000000000 0.446095918589875684 22142.000000000000000000
11.161228753875915842 -7.331983928073679380 0.000000000000000000 0.287888317308296948 0.000000000000000000
12.310659081607177257 -7.708447190152874384 0.000000000000000000 0.395353069983728322 0.000000000000000000
9.986543583855421957 -9.814880770321265047 0.000000000000000000 0.197536525476065705 22807.000000000000000000
8.672175581880196660 -9.854923578000635231 0.000000000000000000 0.355374045568812524 22218.000000000000000000
11.929356802581315478 -10.914311056020007840 0.000000000000000000 0.472962520948339793 0.000000000000000000
14.274956984108762015 -2.337577830535705115 0.000000000000000000 0.425077235042429835 7967.000000000000000000
12.887767701599930348 -2.405566166169261777 0.000000000000000000 0.433359952837583218 7738.000000000000000000
13.926801510511710447 1.159891500216188032 0.000000000000000000 0.212292719548717895 0.000000000000000000
15.276205519072410866 1.745339241683333320 0.000000000000000000 0.431791778583151875 3734.594449422351772228
13.127822928779094624 -1.860783662264777316 0.000000000000000000 0.331044464858671728 7365.000000000000000000
12.743901071980165085 -0.911409795875654960 0.000000000000000000 0.212657442899834070 7740.000000000000000000
14.231964618321617522 1.975329712478455901 0.000000000000000000 0.363321448262453217 7713.000000000000000000
15.722828238956369162 -1.139302218541170753 0.000000000000000000 0.435714927758696691 6280.314454013890099304
12.241350705314754777 -0.772772984823914322 0.000000000000000000 0.267779842836529669 7429.000000000000000000
11.524275256396006029 0.536329290199726860 0.000000000000000000 0.371402013215357207 7342.000000000000000000
16.187205165644641625 0.066418009768361985 0.000000000000000000 0.471809522234063472 0.000000000000000000
11.097307547851006149 0.570395514428522543 0.000000000000000000 0.446757316418099015 6549.728155276644429250
13.901633354752963356 1.312218550108615878 0.000000000000000000 0.236151997480393949 0.000000000000000000
15.640103756313211036 -0.423016198315994463 0.000000000000000000 0.381209952533674790 7718.000000000000000000
11.455453595576811310 0.979252873190519013 0.000000000000000000 0.408941612821102640 7799.000000000000000000
