-2.859755168310397888 6.386478540306030460 0.000000000000000000 0.457171343313845679 0.000000000000000000
-3.496039338599682633 2.415251093370114788 0.000000000000000000 0.342910811563819307 10769.000000000000000000
-2.607309533908626076 2.085523520019772814 0.000000000000000000 0.327306662249911451 0.000000000000000000
-1.517339983624969246 3.059525264241420128 0.000000000000000000 0.198316200251352076 8154.527879369408765342
-2.483429033985316003 3.082990567199174858 0.000000000000000000 0.149241485873744500 10717.000000000000000000
-2.839892712180795087 4.197292007829742211 0.000000000000000000 0.117208853380630793 0.000000000000000000
-1.399364365232199203 5.813852096615979903 0.000000000000000000 0.375286760656867002 0.000000000000000000
-4.514221569860659145 4.957287366249586213 0.000000000000000000 0.444613876070975467 0.000000000000000000
-0.481296385525886938 3.148496070415048642 0.000000000000000000 0.343145907828714403 0.000000000000000000
-1.166782129262176948 4.958275953566597671 0.000000000000000000 0.272105107374525812 0.000000000000000000
-3.507906010873537817 1.792869828907857066 0.000000000000000000 0.434681291255668401 0.000000000000000000
-0.044951933032668395 3.318937818384518401 0.000000000000000000 0.407357980794867180 10264.000000000000000000
-1.207281839466408213 3.763081888611642611 0.000000000000000000 0.188669069302138198 0.000000000000000000
0.029998903691988894 4.631933851958923043 0.000000000000000000 0.428672016182606253 10759.000000000000000000
-4.239655570199071022 4.035427193206288621 0.000000000000000000 0.354077920501331744 0.000000000000000000
-4.074017808336814817 -2.621671296544578311 0.000000000000000000 0.394551300964149310 6904.872094836976430088
-0.599659573061846252 -2.631608690968610720 0.000000000000000000 0.371007792029107941 8825.000000000000000000
-1.325738500864613867 -5.825054830269924544 0.000000000000000000 0.382628106428392345 0.000000000000000000
-1.597971531465671946 -5.852085629368872333 0.000000000000000000 0.368726148132212550 8373.000000000000000000
-2.233894887745536018 -4.899459473555380029 0.000000000000000000 0.179794855678180127 0.000000000000000000
-4.564278528518492806 -3.091485655835795043 0.000000000000000000 0.434841822564782654 8585.000000000000000000
-3.673711989036466452 -3.816258179927968897 0.000000000000000000 0.252620814500746194 193.234281145246256983
-1.092910398810386097 -3.663391996030486375 0.000000000000000000 0.211581994896912762 8479.000000000000000000
-4.624823767753182935 -4.657573428116847047 0.000000000000000000 0.443303922955208374 2736.041489698849545675
-2.085057715464877504 -3.779830760384671251 0.000000000000000000 0.036589396871563068 8556.000000000000000000
-1.896882588205184739 -2.357834794573297810 0.000000000000000000 0.280416086498304296 8599.000000000000000000
-0.794939117027024356 -5.774688991584829623 0.000000000000000000 0.425100829295089244 8897.000000000000000000
-1.768038699183560158 -2.323888373572842614 0.000000000000000000 0.292335735503465644 4522.435412596541027597
-2.650995277559326624 -2.311628773759085931 0.000000000000000000 0.289663182967109523 8693.000000000000000000
-1.624972802164604380 -6.227884418825880175 0.000000000000000000 0.431392271555367302 0.000000000000000000
4.956274795846678849 1.302113760413764698 0.000000000000000000 0.244334389709508742 0.000000000000000000
4.140882645892209446 -0.959218380587422037 0.000000000000000000 0.182998003757784466 9576.000000000000000000
3.528959580144575892 2.141516256064878387 0.000000000000000000 0.419249873372488036 9699.000000000000000000
6.309018451976673880 -1.323519747658703283 0.000000000000000000 0.396813440189935585 0.000000000000000000
5.545963764248841521 -1.050340500233206464 0.000000000000000000 0.261896594156350637 0.000000000000000000
3.505291496747543256 -0.469454825363147144 0.000000000000000000 0.198241929581932402 0.000000000000000000
6.888165100318889955 0.252785221455340381 0.000000000000000000 0.425457932506435987 9115.000000000000000000
3.891057278266187858 0.330603857698391346 0.000000000000000000 0.125650659516482105 0.000000000000000000
5.724418404661435922 -0.771835698037833362 0.000000000000000000 0.255534653364653697 9127.000000000000000000
6.032519052535239901 1.779179548372635811 0.000000000000000000 0.415824204059474178 0.000000000000000000
5.527957171774453116 -0.808106300283774726 0.000000000000000000 0.230719372503528919 0.000000000000000000
2.885196113070156443 -0.351176557336134509 0.000000000000000000 0.296968528855652780 9896.000000000000000000
2.235392745132147585 -0.388749168197195683 0.000000000000000000 0.411966628681092850 9009.000000000000000000
3.998686317691468872 1.641208010458876210 0.000000000000000000 0.305823180452397370 0.000000000000000000
2.267055938794313441 -1.093133337521052129 0.000000000000000000 0.445187405227994215 9691.000000000000000000
11.225543840572184351 7.278004979865466240 0.000000000738584510 0.301872030911970624 150.836930191533241441
9.111906328610272610 9.116950233801244252 0.000000000050582117 0.228396141406995656 10445.000000000000000000
8.519058007651350906 8.255682223189339197 0.000000000008693496 0.336004603232559096 0.000000000000000000
9.950967794418957624 9.922423283896318225 0.000000000847330161 0.217451450559305232 10042.000000000000000000
11.583006632544803338 8.178145291625193991 0.000000000738607987 0.242869408088840666 0.000000000000000000
10.889891508213683124 8.302079952218313963 0.000000000200505676 0.125257697009832913 10520.000000000000000000
11.206328592150820000 8.015638033282337815 0.000000000753613621 0.200642485651496505 10128.000000000000000000
11.614413361318607798 10.949573189055454847 0.000000000147102515 0.447135966638440796 10036.000000000000000000
8.620477731011160216 10.522135037375136335 0.000000000843085943 0.437325815136152096 10543.000000000000000000
10.809767420152130768 10.099423567076456720 0.000000000247066604 0.251126953400818198 10660.000000000000000000
9.765563105227688112 7.453736028353038279 0.000000000490126337 0.249201411518667704 0.000000000000000000
12.652940689521527062 9.113583197952031867 0.000000000164053988 0.417064827519314230 10420.000000000000000000
11.802553878923317754 9.134231003475013821 0.000000000555183402 0.269203200012210098 0.000000000000000000
11.590550799311502672 6.946408307168155716 0.000000000424960689 0.386019640505221195 0.000000000000000000
12.955982764518099160 8.356710417349043851 0.000000000186063311 0.471128981165645389 0.000000000000000000
3.862274125213686737 12.153369485692065766 0.000000000000000000 0.337808996935544170 11885.000000000000000000
3.702193103451060008 11.700968854700295907 0.000000000000000000 0.371576849157529754 11285.000000000000000000
1.929932743340508239 10.983401691827639368 0.000000000000000000 0.414730881986036415 11002.000000000000000000
1.575242756872565097 13.240475643082858070 0.000000000000000000 0.135448516029948340 11372.000000000000000000
0.632786076541415277 14.410398212403576323 0.000000000000000000 0.364350979192630875 0.000000000000000000
4.623931507103569594 12.315330259979258898 0.000000000000000000 0.442422930022092709 0.000000000000000000
1.427924483637043718 14.158275237116923151 0.000000000000000000 0.225291806981453013 11911.000000000000000000
0.426566075377376841 14.958910733182518626 0.000000000000000000 0.453216274873943670 11883.000000000000000000
3.326548821533584110 15.218273386570510652 0.000000000000000000 0.388205101524049578 11383.000000000000000000
3.646131049789127498 12.778340570226502493 0.000000000000000000 0.250054930146926646 11224.000000000000000000
4.408745032697455102 14.832766148947282403 0.000000000000000000 0.461835940340837747 11619.000000000000000000
3.235346875708049019 15.753978461358935093 0.000000000000000000 0.469276112077124219 3549.845207223915622308
3.827846664170555524 14.947317833916024199 0.000000000000000000 0.399033168968096263 11653.000000000000000000
3.188958867373171913 13.891538472732470666 0.000000000000000000 0.187561857960548584 11760.000000000000000000
2.144419687543959174 12.479765418078844874 0.000000000000000000 0.145912198580581298 0.000000000000000000
-8.896359963056569953 10.349227740539815201 0.000000000763807390 0.455187916061985276 21705.000000000000000000
-6.261175864983894890 14.202890562419320020 0.000000000469392436 0.447842701886795480 0.000000000000000000
-7.163256332629535095 11.716126750546012047 0.000000000137417894 0.076796887234283198 21068.000000000000000000
-4.746278069150440260 10.620509028001345442 0.000000000372880318 0.403992017036311823 21883.000000000000000000
-6.078622767145194672 14.102034563454898475 0.000000000452617843 0.437901021047410355 0.000000000000000000
-5.436877246124726781 12.557837548430988761 0.000000000382567367 0.274652726914563716 21107.000000000000000000
-4.497994362887267172 11.191323729177543811 0.000000000050848385 0.409051668613682862 0.000000000000000000
-4.509452646569370060 11.295834352607363016 0.000000000109628021 0.403210100211545186 21866.000000000000000000
-7.677273991642352691 10.513907036374225967 0.000000000184904106 0.271552285120815640 0.000000000000000000
-5.499849093187846982 13.131599593255604219 0.000000000280064262 0.333093393021665407 21872.000000000000000000
-6.990557657440729322 11.878864754036783324 0.000000000493758125 0.054048738954922189 21491.000000000000000000
-4.877832593421614682 13.115783323031457996 0.000000000073193622 0.413045522380788843 21015.000000000000000000
-6.856455164401024760 10.437288933348071396 0.000000000845364373 0.227850665403848851 21875.000000000000000000
-5.750661462839486759 13.269139217748753268 0.000000000785946360 0.325692837115026002 5259.318274050922809693
-5.218407164563627632 10.731040462143850434 0.000000000716154848 0.321643862265265146 18067.349264282864169218
-11.182233890332604176 4.136795670201733444 0.000000000000000000 0.288768118051502265 13626.000000000000000000
-13.302933382124255246 7.260483443452602437 0.000000000000000000 0.460541312413475123 13786.000000000000000000
-10.861878109677247650 4.108181127645518238 0.000000000000000000 0.344652774051646960 0.000000000000000000
-11.099018685854147748 5.782336909384230950 0.000000000000000000 0.346156885473264009 13310.000000000000000000
-11.498906086121216674 6.623607752210654454 0.000000000000000000 0.402158012793822295 0.000000000000000000
-12.801421970646346793 6.482366505775638998 0.000000000000000000 0.313975090555779435 13058.000000000000000000
-14.963124673806390774 3.748112851016241365 0.000000000000000000 0.432185080210960082 13491.000000000000000000
-14.517233646943902059 4.269883911153196543 0.000000000000000000 0.329297767333579405 13590.000000000000000000
-13.987268791826142689 5.758319124208369999 0.000000000000000000 0.294365711432599597 13052.000000000000000000
-10.531923798602207398 3.302850867785446898 0.000000000000000000 0.456964683051336695 13289.000000000000000000
-13.884695537186534153 4.408895427167441206 0.000000000000000000 0.214024542636905291 0.000000000000000000
-13.836332714436917257 2.689320491018166059 0.000000000000000000 0.398978675776102909 13921.000000000000000000
-14.137173266045245157 4.965622311101062891 0.000000000000000000 0.258682487738067846 6560.956889080314795137
-13.743159935233897784 5.681847946394145588 0.000000000000000000 0.253020449010650073 6503.542279990399947565
-14.997621089562771957 6.032040987622687034 0.000000000000000000 0.469751695440205397 927.286434700703239287
-14.970209363525599500 -3.988932088578029056 0.000000000000000000 0.419659665545607574 0.000000000000000000
-10.579265564120452936 -5.015435943714451561 0.000000000000000000 0.384853807921283042 9455.000000000000000000
-14.380904682805262240 -5.180470993203787344 0.000000000000000000 0.309753059582584644 0.000000000000000000
-13.691682191094775689 -6.822415531344208972 0.000000000000000000 0.410879439950323389 9741.000000000000000000
-14.983694883717735280 -5.472376800070603231 0.000000000000000000 0.427405325930639790 0.000000000000000000
-11.950086286915537315 -6.317731778551370247 0.000000000000000000 0.316171469415268525 9130.000000000000000000
-10.157151333700095819 -5.165054774062204146 0.000000000000000000 0.463413860143206291 9887.000000000000000000
-13.382547886770980838 -2.772653961650031640 0.000000000000000000 0.351818758432982881 2707.001221460808665142
-11.220442185408128211 -4.120497131365728372 0.000000000000000000 0.283303204022762656 9888.000000000000000000
-12.584327643029986632 -6.614000615242821013 0.000000000000000000 0.337386380251743279 0.000000000000000000
-10.418902977646661512 -3.350490082303666295 0.000000000000000000 0.470082522355157406 0.000000000000000000
-14.891071372476766044 -3.604273334825348396 0.000000000000000000 0.430458844767215854 9142.000000000000000000
-11.243082391724222191 -5.519119219216648276 0.000000000000000000 0.300224289637705255 9251.000000000000000000
-11.126077625460768061 -3.461731911591035882 0.000000000000000000 0.353633031652929142 9274.000000000000000000
-11.092274978954421272 -5.681328209674382457 0.000000000000000000 0.337709112264291067 9741.000000000000000000
-5.372201452196406990 -9.851489046936238836 0.000000000197002453 0.410198088600979893 0.000000000000000000
-8.735871510433986131 -11.066669805255912706 0.000000000093470704 0.375179434378346388 0.000000000000000000
-5.928362942405476232 -10.567779094624116354 0.000000000139350486 0.249194391156029177 0.000000000000000000
-5.474435885704567184 -12.491526914425106654 0.000000000701833965 0.262734446614881045 0.000000000000000000
-6.249373060613823583 -11.260573236035897438 0.000000000742571600 0.118289245947703583 0.000000000000000000
-7.182826611925097637 -13.586035313048832052 0.000000000715990181 0.339985397160144087 0.000000000000000000
-6.659027416917927766 -12.989580063274667410 0.000000000822680768 0.225359318881669796 0.000000000000000000
-5.923331057753131290 -10.243782019222757995 0.000000000181745041 0.298411425810161501 0.000000000000000000
-5.067028508589745073 -13.230605192670196857 0.000000000056435836 0.399916366685606650 0.000000000000000000
-5.000080077615276508 -10.801388970303605674 0.000000000725913541 0.348949324112259984 0.000000000000000000
-7.261413102197904479 -13.528149347177073736 0.000000000327975334 0.333701304346485761 0.000000000000000000
-5.114087251814185997 -12.194107370039944271 0.000000000129410483 0.300492013623897103 0.000000000000000000
-8.955150725431080261 -11.694488782812236138 0.000000000480313493 0.396178400220867200 0.000000000000000000
-6.502341841253155508 -9.790869835209377925 0.000000000333108404 0.343745442201929985 0.000000000000000000
-5.796673481157568197 -12.988438399266959422 0.000000000489799735 0.280038995440606286 0.000000000000000000
1.008986442647181514 -12.728774666386238223 0.000000000000000000 0.255586548586683893 0.000000000000000000
3.560616925048595949 -13.735850868653798784 0.000000000000000000 0.233332390312587235 0.000000000000000000
0.924567749719842569 -11.245297656660603991 0.000000000000000000 0.440536345726637135 20195.000000000000000000
2.017109210750343440 -11.628901545116951510 0.000000000000000000 0.298862990660136552 20057.000000000000000000
1.447015134195946517 -15.467576627228320163 0.000000000000000000 0.421051257178841343 0.000000000000000000
3.656797750833149507 -11.380016989428330731 0.000000000000000000 0.411690189093790626 13659.239322435205394868
2.128114591487968887 -13.027817244719642531 0.000000000000000000 0.057585084397123759 20498.000000000000000000
1.901432564300715944 -14.911555690309747035 0.000000000000000000 0.301214785581036981 20757.000000000000000000
1.122786767491632975 -15.384201258041079186 0.000000000000000000 0.433069185141237600 20033.000000000000000000
1.891804213804143098 -15.209806342172548455 0.000000000000000000 0.353197795574073992 0.000000000000000000
2.342802791811724905 -13.334283228936758547 0.000000000000000000 0.010361676444511293 20031.000000000000000000
2.766600315593428228 -12.458749516108248656 0.000000000000000000 0.164761348118853457 0.000000000000000000
0.066532787034717308 -14.534974842047535759 0.000000000000000000 0.462158692050522624 20324.000000000000000000
1.253647592490749751 -13.557302858097591169 0.000000000000000000 0.198989744914055522 13254.638115572501192219
2.350942228088721553 -10.895313652274358773 0.000000000000000000 0.424057116768835340 20060.000000000000000000
8.451430593901015698 -9.704900979782850712 0.000000000000000000 0.376412594117041976 22060.000000000000000000
11.120677012196663824 -8.676736137681562155 0.000000000000000000 0.139606761920761963 0.000000000000000000
10.716469930749854100 -8.242090196457546369 0.000000000000000000 0.111125236114211629 22469.000000000000000000
9.007752088297653614 -10.781854062855909859 0.000000000000000000 0.429090772711332780 0.000000000000000000
8.152907339010578625 -8.069421396461073925 0.000000000000000000 0.407774763225701331 22559.000000000000000000
10.049288608569099779 -9.770089854509798499 0.000000000000000000 0.186675760372158522 22804.000000000000000000
9.654018050515965399 -10.777142677507910662 0.000000000000000000 0.376608997146734514 22244.000000000000000000
11.594210783734723691 -9.259786860759355420 0.000000000000000000 0.240731109400259990 0.000000000000000000
10.267486749003591484 -7.664047394961292170 0.000000000000000000 0.190537552451574194 22804.000000000000000000
10.933008755673959911 -10.686662060522532869 0.000000000000000000 0.355644369470551280 0.000000000000000000
12.369339264480490925 -8.262547148814876508 0.000000000000000000 0.371420877761460655 16216.453633821394760162
8.671040495717209140 -9.939359655323203313 0.000000000000000000 0.363877288755435291 0.000000000000000000
10.361315748670856252 -6.428565676570552334 0.000000000000000000 0.406688482498755777 22591.000000000000000000
9.897040545273487311 -8.248098749420279319 0.000000000000000000 0.118090203648739386 22538.000000000000000000
11.093672653326795086 -9.955369445440739540 0.000000000000000000 0.250461750901862734 22668.000000000000000000
16.009902261377700228 -0.551008446868078372 0.000000000000000000 0.450198829200180672 7755.000000000000000000
15.139393696584717119 -0.252254765233212275 0.000000000000000000 0.288225194290891773 7758.000000000000000000
13.392213873919487810 -2.022172183386733213 0.000000000000000000 0.351546202207850544 7415.000000000000000000
13.657511244968949526 -0.130093675714200607 0.000000000000000000 0.030640528949414918 0.000000000000000000
15.538792865726652082 1.774654974510701644 0.000000000000000000 0.469621071390013523 0.000000000000000000
12.596147214004949078 -0.516506369680819977 0.000000000000000000 0.190830027916831457 7525.000000000000000000
12.372799988541826721 1.995413508361011168 0.000000000000000000 0.404354686212737346 7093.000000000000000000
13.175967018511160589 -1.872138015763935570 0.000000000000000000 0.331140514305838407 0.000000000000000000
13.875407604796862415 0.727422701348725442 0.000000000000000000 0.139363606103662357 7424.000000000000000000
13.366893213093426596 -2.699089456521149621 0.000000000000000000 0.468916657249398239 0.000000000000000000
13.941817259314158051 1.232502853049498581 0.000000000000000000 0.225053573745221475 0.000000000000000000
15.029154050536984499 -1.650643298248378521 0.000000000000000000 0.389428918323208750 7800.000000000000000000
12.445960329479005324 -0.209315334787772728 0.000000000000000000 0.198569794297344143 7353.000000000000000000
13.484037513198531499 -1.061677677174549528 0.000000000000000000 0.184295941638385308 7892.000000000000000000
14.515271429123666636 -2.319097321937782397 0.000000000000000000 0.437018869112633157 0.000000000000000000
