-4.189513475358812578 2.053676285670230417 0.000000000000000000 0.474582067586866385 0.000000000000000000
-0.617991972314552718 4.916940261337298779 0.000000000000000000 0.344837061324760108 0.000000000000000000
-2.454238048083111412 1.443158515005104503 0.000000000000000000 0.437123376052785284 0.000000000000000000
-0.936420857130341289 3.633250709257009881 0.000000000000000000 0.239983347731288849 705.609830173480759186
-3.956887641915710851 2.302950662373772328 0.000000000000000000 0.414030661922167420 5251.229736969752593723
-3.627882268873666938 1.775634703109184587 0.000000000000000000 0.448564336560249244 10741.000000000000000000
-1.060671755734805988 4.136887323993196475 0.000000000000000000 0.217912029156624665 10554.000000000000000000
0.120141306726392130 4.595875356706091708 0.000000000000000000 0.442109815332989264 10646.000000000000000000
-1.827722495045279283 2.801295626959454221 0.000000000000000000 0.208570715969913500 1834.198391021955330871
-0.558672314791359592 5.670544909374529041 0.000000000000000000 0.438563440155798345 0.000000000000000000
-0.937757673840073913 4.913003280174162768 0.000000000000000000 0.297632269812406036 10890.000000000000000000
-3.164274674718463132 2.793262861555178223 0.000000000000000000 0.253397826957434458 10767.000000000000000000
-2.676158448099773768 1.955538936234018532 0.000000000000000000 0.352433265232552917 10016.000000000000000000
0.188029356681148646 3.864747095300735236 0.000000000000000000 0.435977632125140513 10177.000000000000000000
-0.323559879603373346 5.648919592643154353 0.000000000000000000 0.465884064510036167 10860.000000000000000000
-4.614783098976063869 -3.141762943731504443 0.000000000000000000 0.440571427445215158 0.000000000000000000
-3.451650221626235471 -2.853477915265187459 0.000000000000000000 0.281591182570846255 8780.000000000000000000
-3.702728616930796246 -3.172342257870895299 0.000000000000000000 0.287405168168611724 0.000000000000000000
-1.954143799299421946 -2.729867234819582933 0.000000000000000000 0.213647436780993794 0.000000000000000000
-3.941990588241582216 -3.899576855946306431 0.000000000000000000 0.300093078192569029 0.000000000000000000
-1.704770955506187624 -1.603557205683693754 0.000000000000000000 0.419039475800606354 8049.000000000000000000
-2.103611213605700581 -1.267322750789734664 0.000000000000000000 0.467896799997969515 8729.000000000000000000
-2.719048498832421057 -2.285786269173333718 0.000000000000000000 0.297242659794249076 8346.000000000000000000
-2.453550107359242283 -1.425880924120348281 0.000000000000000000 0.440179888059675339 8707.000000000000000000
-2.091188241054053876 -4.669138751156946654 0.000000000000000000 0.141890065312322733 8356.000000000000000000
-2.189254035996062608 -3.591610571237302985 0.000000000000000000 0.054577257571547598 7127.779668713372302591
-1.043804463421890150 -4.910690441336510226 0.000000000000000000 0.282658336016672396 8280.000000000000000000
-2.300444157848974491 -3.123401237188477175 0.000000000000000000 0.136762452896836612 8903.000000000000000000
-2.836350082528829031 -4.536651987389873852 0.000000000000000000 0.154487394671811024 8806.000000000000000000
-0.810723367313072818 -5.742464871076114363 0.000000000000000000 0.418843972468039449 8620.000000000000000000
6.676962703852660219 -1.123417830986566113 0.000000000000000000 0.433900491685808853 9830.000000000000000000
2.897076480215435179 0.580612920943577082 0.000000000000000000 0.306148133857575444 9549.000000000000000000
6.978820132395218145 0.249585196360241318 0.000000000000000000 0.441467435599371294 0.000000000000000000
2.973868541279827582 -0.800597310213999269 0.000000000000000000 0.309246733265384155 9114.000000000000000000
3.107470511311742456 -1.842483415401362956 0.000000000000000000 0.412542897292290600 9411.000000000000000000
2.838954917985855531 1.423178714884932194 0.000000000000000000 0.391407362580951712 5636.575243409781251103
3.762463470259563625 2.478752523358568105 0.000000000000000000 0.460510724933249294 9090.000000000000000000
3.984368801917677061 -0.455781501596349170 0.000000000000000000 0.124418573220138412 0.000000000000000000
4.152029935189903043 -1.043415251007824285 0.000000000000000000 0.196348845565116753 0.000000000000000000
4.663716725801005936 -0.026095854755403752 0.000000000000000000 0.027051178441582936 9521.000000000000000000
4.861450661811351992 -1.670973626212493235 0.000000000000000000 0.303197722500510969 9535.000000000000000000
3.553744985165303572 2.482585146002381560 0.000000000000000000 0.473356854445164177 9693.000000000000000000
4.520369774769642746 2.227623683605843397 0.000000000000000000 0.395774425542105346 9423.000000000000000000
4.095832693963039617 2.373411314155631224 0.000000000000000000 0.428326536848926132 9064.000000000000000000
5.717178343341737801 -0.127588589475848613 0.000000000000000000 0.215602601728852622 9225.000000000000000000
11.722771636022340402 10.895793905717376049 0.000000000922484641 0.449287669170200910 0.000000000000000000
10.027361359939613195 11.266080347021052432 0.000000000832380202 0.445243779718442367 0.000000000000000000
10.133382441250741834 10.844306667468618599 0.000000000430304344 0.369542590518432801 10869.000000000000000000
10.328540313895215874 10.329834537133981698 0.000000000517114277 0.277386353557235121 10140.000000000000000000
10.327241608487058855 9.216291448960904020 0.000000000028181672 0.082155329474090918 0.000000000000000000
11.770567495800676738 9.274622157947019829 0.000000000642709500 0.271023504557029560 10524.000000000000000000
12.181942884884279010 8.805472796475918074 0.000000000010337453 0.328360986098866381 10196.000000000000000000
10.455455046241539208 9.500681080440104509 0.000000000424021411 0.133541564319270389 0.000000000000000000
10.495712573737103313 10.022365871886844246 0.000000000685974989 0.225111147923222149 10868.000000000000000000
9.082652913131447292 9.921478096485341069 0.000000000426652475 0.304588599287983708 10001.000000000000000000
10.542450595915632050 10.929519741711999359 0.000000000384581795 0.384077640320281521 10059.415581473234851728
12.530594574163762545 8.296348779551642849 0.000000000310994716 0.398237173619905460 0.000000000000000000
9.576742880328014351 8.774656595726259667 0.000000000234278619 0.136235186470215736 10911.000000000000000000
9.458349621439706922 10.233609223557413870 0.000000000616073296 0.304583953486703030 0.000000000000000000
11.032308324031536273 9.280419720963836383 0.000000000528291042 0.154593421647906848 8679.149995420908453525
2.176218220564425376 15.068461455734215804 0.000000000000000000 0.320322391566093934 0.000000000000000000
2.516089518604170294 13.158966674340906167 0.000000000000000000 0.038586187173268609 11324.000000000000000000
0.980418880585518737 13.066530187119067108 0.000000000000000000 0.244192171179628048 11365.000000000000000000
3.700486142628682806 13.647728253323915482 0.000000000000000000 0.252276039595744128 11467.000000000000000000
1.993718771058312411 14.710044799453312336 0.000000000000000000 0.262391379381677226 0.000000000000000000
4.675312581749679453 13.974843949350818306 0.000000000000000000 0.435284070491105179 11415.000000000000000000
3.786781433788675155 12.921342939507718839 0.000000000000000000 0.266474554278866349 11632.000000000000000000
2.118012108467201227 12.367451244912050612 0.000000000000000000 0.166461561233604671 0.000000000000000000
1.580180873068021796 10.928190064119394975 0.000000000000000000 0.439354185219442583 0.000000000000000000
0.597688050844280561 12.174313553143658595 0.000000000000000000 0.366558286343319994 2237.928892914589596330
2.180719847370654829 13.117209261455174740 0.000000000000000000 0.039454983161001329 0.000000000000000000
2.938753982131590448 13.854102878562274626 0.000000000000000000 0.148901177748309105 11900.000000000000000000
1.895971912658619640 15.705153752936528377 0.000000000000000000 0.439483922245018366 11673.000000000000000000
1.328144621160092465 13.122329026360729287 0.000000000000000000 0.181429859854545295 0.000000000000000000
4.714376580531645544 13.718092781893952647 0.000000000000000000 0.431362825938064132 11943.000000000000000000
-8.178524105595887050 12.473801906899646852 0.000000000747665563 0.290247045719248475 0.000000000000000000
-9.028626947934405678 12.994607948467313818 0.000000000783393320 0.467130012368414838 0.000000000000000000
-4.149554723029698522 11.865675968241562899 0.000000000002090033 0.461043919849104145 21741.000000000000000000
-5.480368441107185795 10.769294864538220935 0.000000000138945658 0.279462404702428668 4942.124736776418103545
-6.636696993137096712 14.233896534178802185 0.000000000140557569 0.445549088825963169 21825.000000000000000000
-4.493547942051100641 12.259722955226752816 0.000000000386300190 0.410387388397646158 0.000000000000000000
-5.890642658436078705 14.010027192541681273 0.000000000479498976 0.432729420570697576 0.000000000000000000
-7.023358557723548223 12.078709494243383915 0.000000000184848137 0.082154231499134867 0.000000000000000000
-5.822259097108829273 9.829205079491638131 0.000000000022100165 0.371953975108758161 0.000000000000000000
-5.269679801443283296 12.988964219943223810 0.000000000454222684 0.344467314726872031 0.000000000000000000
-8.360437401767237375 12.991414855385450267 0.000000000281698262 0.367099650731646909 21911.000000000000000000
-4.403227589419040910 12.411699645135920278 0.000000000316292878 0.432921176456535828 21071.000000000000000000
-7.159274940531735076 14.177846488218328602 0.000000000085420795 0.441667069448118621 21435.000000000000000000
-6.189181659073001995 11.025025953509887344 0.000000000092397377 0.156409349180969298 0.000000000000000000
-5.360777452403122645 9.506591466860911055 0.000000000330018390 0.461990975845633478 0.000000000000000000
-13.714824277309594081 6.381334055534098937 0.000000000000000000 0.345231713117958805 0.000000000000000000
-12.830036825160755498 5.167798307470039987 0.000000000000000000 0.087559928438405210 13409.000000000000000000
-13.642128219485359253 5.302250767436983203 0.000000000000000000 0.197841665874313288 0.000000000000000000
-11.473510184996264627 3.092030904764298427 0.000000000000000000 0.353951817230757415 13272.000000000000000000
-13.632991829859756550 6.996508176359573561 0.000000000000000000 0.434404633081934777 0.000000000000000000
-10.999777996977380568 2.681514465769327504 0.000000000000000000 0.463248951787628371 13562.000000000000000000
-11.999618378478023928 5.910866526112442898 0.000000000000000000 0.249419601385189316 0.000000000000000000
-15.094346633223425513 4.432899434167872244 0.000000000000000000 0.426578862948426396 0.000000000000000000
-11.300761072358733728 4.090060195638701934 0.000000000000000000 0.271856724150241036 6848.917825418444408569
-14.416549202631829374 4.801256757099251260 0.000000000000000000 0.304391971387586668 0.000000000000000000
-14.291428740285480714 4.798242136168636485 0.000000000000000000 0.282110218915109734 13027.000000000000000000
-13.739165067185995284 5.270625208317101240 0.000000000000000000 0.209779126068403654 4929.463835433482927328
-10.998270374345779032 3.878418400318821124 0.000000000000000000 0.336022574996660550 13474.000000000000000000
-11.479141150236296554 3.394920704974055958 0.000000000000000000 0.313740620542234006 0.000000000000000000
-11.019827494401150503 4.017751900892938544 0.000000000000000000 0.323082831321392761 13468.000000000000000000
-10.734781187303859440 -3.417691270123270453 0.000000000000000000 0.415639964319922561 9330.000000000000000000
-14.546067314454392161 -5.748674552167569729 0.000000000000000000 0.375644903486448745 9153.000000000000000000
-14.031302013352501490 -6.725783518998164290 0.000000000000000000 0.425710886830139745 9054.000000000000000000
-11.351954822688986368 -4.230963833267058050 0.000000000000000000 0.254865347196259029 0.000000000000000000
-10.676787317272786737 -4.030770426139588913 0.000000000000000000 0.380159421283988441 9869.000000000000000000
-12.429181793573540915 -7.012551860108452217 0.000000000000000000 0.409173465272715919 9496.000000000000000000
-11.890100178258855124 -4.199592524032941476 0.000000000000000000 0.168765495719154252 9855.000000000000000000
-13.283379949747370574 -6.885899047185279009 0.000000000000000000 0.396602425054387642 6562.060554089991455839
-13.489742462825208946 -2.409083707141255637 0.000000000000000000 0.417611788083500135 0.000000000000000000
-11.970226145118395777 -3.150336610454417929 0.000000000000000000 0.297241967163004606 0.000000000000000000
-10.814472412077103414 -3.894396110658020493 0.000000000000000000 0.365035079624868530 9158.000000000000000000
-11.219119233807850478 -5.860228256286321269 0.000000000000000000 0.336692863561021238 9590.000000000000000000
-12.480520029973197538 -3.849194470763803277 0.000000000000000000 0.150129493661709745 9010.000000000000000000
-13.451027730805963145 -3.027862575294313352 0.000000000000000000 0.315354347584318906 0.000000000000000000
-10.941281881632770379 -5.263507533604313338 0.000000000000000000 0.331891075397568514 9243.000000000000000000
-6.897507131921218893 -9.818818803802468409 0.000000000154903518 0.337493782793226504 0.000000000000000000
-6.872096448525216950 -9.398358945074019033 0.000000000770207196 0.411370153464572119 0.000000000000000000
-8.949006934293089799 -13.202943251104619193 0.000000000788725573 0.474056426573317813 0.000000000000000000
-8.474223768276866409 -10.150080538954917131 0.000000000665524085 0.416111070295026308 0.000000000000000000
-6.587904530862394914 -14.366091728764493141 0.000000000209065496 0.469347167130955700 0.000000000000000000
-6.622925900429230239 -13.513872429406141862 0.000000000504761015 0.318390504151585485 0.000000000000000000
-5.580235022569867809 -10.672263615547901594 0.000000000574944649 0.276672723910022678 0.000000000000000000
-6.474670723698438657 -10.136331131397785299 0.000000000542812211 0.283884971742172199 0.000000000000000000
-6.851905465365762282 -11.292231998124657721 0.000000000381560972 0.078416494637495948 0.000000000000000000
-5.861432048291840502 -9.312756448646789309 0.000000000018473013 0.453568831980403542 0.000000000000000000
-8.028578004956788305 -13.692314216844454933 0.000000000323837066 0.418391885048110312 0.000000000000000000
-7.601515660850325595 -11.104567630881396312 0.000000000818887147 0.189179965311457365 0.000000000000000000
-9.021375311977417155 -12.146283069800029253 0.000000000098868551 0.414881999893629727 0.000000000000000000
-7.915186751986779790 -13.866009213467860306 0.000000000891000386 0.434187248674603010 0.000000000000000000
-5.644615282634172004 -9.487995427153387951 0.000000000685204683 0.440207747254238724 0.000000000000000000
0.338284282247761914 -11.565386389328715211 0.000000000000000000 0.468495791996849820 0.000000000000000000
2.777241247517769018 -11.752610098662609417 0.000000000000000000 0.282608706283375533 0.000000000000000000
2.262747668711129645 -15.098767418502665905 0.000000000000000000 0.324718017714477225 20802.000000000000000000
0.861883122082943043 -13.720169547370792529 0.000000000000000000 0.274061584116241264 20473.000000000000000000
1.995176084397780381 -14.769136530319252998 0.000000000000000000 0.272582184991857046 20045.000000000000000000
-0.136295944872466268 -13.079305028067109262 0.000000000000000000 0.441703483070041591 20784.000000000000000000
2.565910633040740407 -14.426430214917569828 0.000000000000000000 0.208841211545441607 20449.000000000000000000
2.750367842471313384 -12.207611824420794733 0.000000000000000000 0.204286553211459165 20776.000000000000000000
1.465284803995879903 -15.135796609463691098 0.000000000000000000 0.365569229924950001 20449.000000000000000000
-0.204017917597637183 -12.580430066130153577 0.000000000000000000 0.469065871915381072 20853.000000000000000000
-0.088785544798376803 -13.657412034120477884 0.000000000000000000 0.437129050900774807 20799.000000000000000000
1.987907242840343924 -11.987067357268259116 0.000000000000000000 0.237839393175748731 20983.000000000000000000
3.762940389848248302 -14.763582646708270474 0.000000000000000000 0.367205111747233803 15182.642519466226076474
2.709769496051769089 -14.128234814997084001 0.000000000000000000 0.165725515674137402 20816.000000000000000000
2.454743134683637251 -14.307410844374201631 0.000000000000000000 0.184788040217927302 20424.000000000000000000
10.733708635872117654 -9.570793739204397355 0.000000000000000000 0.160314247108874569 7899.749868037928536069
9.614144842068480301 -8.471707411154570266 0.000000000000000000 0.138272896417817148 22738.000000000000000000
11.606953921292916476 -10.695258786989741751 0.000000000000000000 0.408700581536660057 22523.000000000000000000
11.076679444924282691 -10.323752289983794128 0.000000000000000000 0.305574054165099251 0.000000000000000000
9.657822834260246125 -8.481261430639957410 0.000000000000000000 0.130398030800927461 0.000000000000000000
9.907512427009319111 -8.836264769569416089 0.000000000000000000 0.078735844236274416 22824.000000000000000000
11.204248035563095343 -8.832372252025619375 0.000000000000000000 0.154651841338199619 10758.959499134329234948
9.139924277535467212 -8.936862202299813873 0.000000000000000000 0.216568867863472792 22922.000000000000000000
10.271641771754241645 -10.815577031995211144 0.000000000000000000 0.362783740253129372 22641.000000000000000000
8.307085067723203764 -8.313736453233198986 0.000000000000000000 0.370399528808713518 16340.979955532435269561
9.687186222101384914 -10.926577852073599217 0.000000000000000000 0.399721989529178701 22347.000000000000000000
9.972417244137606218 -10.906001912409736931 0.000000000000000000 0.384251147482452760 14132.501880573772723437
8.645088982503841279 -8.416917932073850750 0.000000000000000000 0.307757286806559172 4366.605665591573597339
10.974537514706058872 -8.293662432396223139 0.000000000000000000 0.138211748135597168 0.000000000000000000
10.637024998618761273 -7.027871062610885566 0.000000000000000000 0.306066560883202665 22195.000000000000000000
15.635279142029418153 1.129175162757096951 0.000000000000000000 0.421054610407639585 7473.000000000000000000
15.998607832339041934 0.592020403614524793 0.000000000000000000 0.449782100138474417 0.000000000000000000
14.206910992397213889 2.216566478693414499 0.000000000000000000 0.401513583453015799 0.000000000000000000
14.764710600993343093 1.427319016818322739 0.000000000000000000 0.329297098220328599 7334.000000000000000000
12.258077872162076005 0.344541905965672135 0.000000000000000000 0.236407418876599523 6172.196771741618249507
15.019846019142550020 1.694291066243646560 0.000000000000000000 0.393873936464860630 7000.000000000000000000
11.579446247866572506 -1.432897794071975595 0.000000000000000000 0.429407631287522851 7996.000000000000000000
15.641585246740710602 -0.248580911847332831 0.000000000000000000 0.376873256678356472 0.000000000000000000
15.189092970605093669 0.112390370577721735 0.000000000000000000 0.294413257733882938 7378.000000000000000000
14.713104668307353862 0.144733294061630491 0.000000000000000000 0.210419387653025980 7240.000000000000000000
13.367429030295248538 0.345592979338278705 0.000000000000000000 0.067439733045584621 0.000000000000000000
11.707711084510931343 1.132799169571935494 0.000000000000000000 0.381590306473132634 6293.356776405212258396
14.897293708129426548 0.972940212906107771 0.000000000000000000 0.294464054589855029 0.000000000000000000
13.142278399928562393 -1.455808793228628106 0.000000000000000000 0.262317843621757807 7989.000000000000000000
12.678691321340695097 1.442144788198370664 0.000000000000000000 0.293790766329082187 7129.000000000000000000
