-0.776284019339864351 4.824215362013524633 0.000000000000000000 0.312161723843866701 3572.528705606821404217
-4.413784087093028496 2.645141661361820606 0.000000000000000000 0.443434667252045722 10892.000000000000000000
-0.991824973850860547 4.726767641981174606 0.000000000000000000 0.270467876583734834 10016.000000000000000000
-1.309299377450555246 5.875776818861329964 0.000000000000000000 0.392040874536569939 3750.464050375270744553
-3.999896064839226106 5.838521814051449432 0.000000000000000000 0.465331069190869584 10302.000000000000000000
-1.831241159878053582 2.385511481496424224 0.000000000000000000 0.278591805852760666 10429.000000000000000000
-1.900557905859804997 4.738817816789973492 0.000000000000000000 0.164042323952101055 8971.978381478496885393
-2.040298281910017497 5.427440908460263280 0.000000000000000000 0.276523911180462156 10926.000000000000000000
-2.592379700037342527 3.825199757253799682 0.000000000000000000 0.060671782767765151 0.000000000000000000
-4.312435817558221807 4.790107366005198486 0.000000000000000000 0.399578828317461165 10586.000000000000000000
-2.404558354347151372 3.025205284666272032 0.000000000000000000 0.156229283854186773 0.000000000000000000
-3.016506077792946439 1.758988134007197557 0.000000000000000000 0.402758799181022031 0.000000000000000000
-3.476376811679006362 3.186428729501984414 0.000000000000000000 0.250654863896218938 10377.000000000000000000
0.002232486645467497 5.066016894864513453 0.000000000000000000 0.454055978512747094 0.000000000000000000
-0.519065086271036646 4.506716081198292478 0.000000000000000000 0.328840619060816686 0.000000000000000000
0.318124482346361481 -3.411461164925994272 0.000000000000000000 0.466987773986458299 8299.000000000000000000
-2.066554492989397307 -3.224864732750320595 0.000000000000000000 0.123320875497038199 0.000000000000000000
-0.363011772150485856 -2.457217711013585326 0.000000000000000000 0.423383554457589240 7822.240803584243622026
-1.742725617627663537 -1.549136924238620816 0.000000000000000000 0.426953725238353066 0.000000000000000000
-3.506478738028178554 -6.014700559005800251 0.000000000000000000 0.438716008926319401 8286.000000000000000000
-4.714732045997584997 -2.941406934366840531 0.000000000000000000 0.469183080383998030 0.000000000000000000
-3.558868260632894742 -5.875468954531766208 0.000000000000000000 0.422589909526048746 0.000000000000000000
-2.890467935521993326 -1.547133158039541767 0.000000000000000000 0.432092154734728839 0.000000000000000000
-2.298288582412936432 -3.702872340128412265 0.000000000000000000 0.034114544533553469 7567.670700410975769046
-0.273518276985830699 -2.557840461501383444 0.000000000000000000 0.425970390789300213 8269.000000000000000000
-2.487015694180576997 -1.430157316540719092 0.000000000000000000 0.439928200985342355 2663.512031955892325641
-3.224688738885884032 -5.690403636964671996 0.000000000000000000 0.363819415162417004 0.000000000000000000
-4.567948489550949454 -3.570185133977508141 0.000000000000000000 0.415550511469700679 1823.106850711281595068
-2.606610660253871892 -4.656960793367026064 0.000000000000000000 0.149994390986603832 0.000000000000000000
-3.136099341677057950 -1.467287055356566894 0.000000000000000000 0.458806293506601515 8428.000000000000000000
2.800236448393916611 -0.555316105174943009 0.000000000000000000 0.321036081367561232 0.000000000000000000
2.542662040797902367 1.653844430831931778 0.000000000000000000 0.458237339083323425 9247.000000000000000000
4.649185174298049006 -0.960171750888278108 0.000000000000000000 0.172274001188756826 9505.000000000000000000
6.458027396874607362 -1.803270725265901708 0.000000000000000000 0.471523028811807632 6493.683789512919247500
3.893502276494860137 -2.407579603392322909 0.000000000000000000 0.441977948988459823 0.000000000000000000
2.094396176108659358 -0.742944331192164187 0.000000000000000000 0.451041598580191994 9410.000000000000000000
2.272717976544003093 1.307988794447529912 0.000000000000000000 0.462284129784077513 1877.349711871657746087
6.721015862279928754 -0.479015587196356396 0.000000000000000000 0.402374800238201547 0.000000000000000000
5.902106355925936576 -0.118994109716303309 0.000000000000000000 0.248267803722966501 0.000000000000000000
2.677553204068336523 -1.718898694014921569 0.000000000000000000 0.447881324847267503 9071.000000000000000000
5.005652906676654190 -2.490039262231482642 0.000000000000000000 0.450822674434440518 9927.000000000000000000
3.676891871243288978 0.192732919990601687 0.000000000000000000 0.153115014984941206 0.000000000000000000
4.241876365535492965 -0.848435152175630369 0.000000000000000000 0.158395314920207031 9339.000000000000000000
5.010428472635609864 -0.307912298872715373 0.000000000000000000 0.103989493815418652 9449.000000000000000000
4.780475194678905027 -1.635958477196974403 0.000000000000000000 0.294461400007018370 0.000000000000000000
12.038662878594719174 10.014675912278168113 0.000000000255978689 0.375040628342147742 10939.000000000000000000
8.353966106597946251 9.207932218046009254 0.000000000533028927 0.363207063593857515 10354.000000000000000000
9.613603026392286921 7.121285992452447644 0.000000000426150700 0.313579401069214947 10630.000000000000000000
9.053569898103006608 7.786748793286381698 0.000000000215951824 0.284858453339177864 10272.000000000000000000
9.308844336917299955 10.672173380856678548 0.000000000723249107 0.384717498388247314 0.000000000000000000
12.102756167200968918 10.726339641859546248 0.000000000406584681 0.467178864431534668 0.000000000000000000
10.622683433648896667 11.003751353776133115 0.000000000571279995 0.398531445685626928 10319.000000000000000000
12.482480435736309943 8.799273261046293371 0.000000000209974374 0.381875280147754681 9609.553127371904338361
10.468901126120842449 10.282064056406948538 0.000000000902957714 0.269912557681952603 10482.000000000000000000
11.452321951851780923 10.789463064492686328 0.000000000570783244 0.408565067090080503 10182.000000000000000000
11.404781803845013499 8.011081742649365012 0.000000000491734811 0.229389779904921348 10582.000000000000000000
12.203827416872963241 10.088585997485228773 0.000000000365991051 0.406445116892895308 1604.953535156432053554
9.890661780350246346 10.621747064977524744 0.000000000145712935 0.338422261230764354 0.000000000000000000
8.460141633622926705 10.014439651469539072 0.000000000410798925 0.402388698889690755 10154.000000000000000000
11.138033545385477296 7.490156289089815012 0.000000000082682261 0.262151033185069382 10587.000000000000000000
4.183277788514693896 14.431986129950153952 0.000000000000000000 0.388367669502474255 11657.000000000000000000
2.247875182301445118 15.463915142226319688 0.000000000000000000 0.389789761356387321 0.000000000000000000
2.570679372099293758 12.740973401546698440 0.000000000000000000 0.104283277567253030 0.000000000000000000
3.124049124067139971 13.355305360460597797 0.000000000000000000 0.141441783346671457 0.000000000000000000
3.305592888386723605 14.611400940236769941 0.000000000000000000 0.293952571974989474 0.000000000000000000
-0.254299700783483407 13.321392750133615124 0.000000000000000000 0.461395325603032203 11653.000000000000000000
3.860830692616525006 11.646645713646877951 0.000000000000000000 0.397683617629782660 11468.000000000000000000
3.292113220878015500 10.794433972146318723 0.000000000000000000 0.473655361923499385 11885.000000000000000000
3.229502059685329662 11.483518576367147901 0.000000000000000000 0.356850645555712442 9913.954008878094100510
-0.070731114224094768 13.726333209393027701 0.000000000000000000 0.436038948916943336 6460.642440626750612864
1.458633295142667485 14.783871084071126489 0.000000000000000000 0.310528901517257594 0.000000000000000000
3.802137430717858368 14.176692168388683513 0.000000000000000000 0.306730484255961111 11830.000000000000000000
3.340434841936128940 15.223128788784684673 0.000000000000000000 0.390103682664993734 960.258343706748291879
0.039077424938297849 13.556493397431641057 0.000000000000000000 0.412078149178547071 0.000000000000000000
2.927952267352722515 11.917912948527245476 0.000000000000000000 0.264038231241092491 11223.000000000000000000
-5.188087707685656191 13.792002209838232218 0.000000000590881002 0.459135014456039381 0.000000000000000000
-9.290621727103472338 11.117551012954713485 0.000000000500078995 0.468108912266782196 0.000000000000000000
-6.082011748482117675 11.470954492635145883 0.000000000004877092 0.123945563883537418 21263.000000000000000000
-8.909442159977871256 11.200204363091609494 0.000000000151799592 0.398658927133770213 21883.000000000000000000
-9.215229262883541494 11.478874985691597033 0.000000000683923610 0.444519252680431687 21256.000000000000000000
-8.563430946754998274 13.118354349240998857 0.000000000572156453 0.409415946395844610 0.000000000000000000
-5.535099121438657122 12.628835640366904869 0.000000000296705396 0.267493826494844045 12748.221138189477642300
-5.195187563458496527 11.935137148871103108 0.000000000310872788 0.276651010713155676 21375.000000000000000000
-7.303908827331271780 9.258942750734332705 0.000000000210087837 0.446845782104235367 16174.036174104330711998
-8.289750579110554796 10.154869704663141761 0.000000000289165929 0.391643548531547203 21037.000000000000000000
-8.117976892887343254 9.610622316959217315 0.000000000917069228 0.446947352092398720 0.000000000000000000
-7.104852529554169571 12.797240941194850450 0.000000000533295131 0.202060984514534553 0.000000000000000000
-5.024272274545612760 12.716200263128246917 0.000000000910688678 0.352070929716910230 0.000000000000000000
-7.622490951476511789 11.458767464988975249 0.000000000423445413 0.165169423040572694 21244.000000000000000000
-8.342164074466602131 11.018132304719559400 0.000000000701639969 0.312469209861643726 0.000000000000000000
-13.378483735233542617 6.175637369726072023 0.000000000000000000 0.285737683839910050 0.000000000000000000
-10.490370228298747435 3.732233859756783456 0.000000000000000000 0.429246519301815121 0.000000000000000000
-11.184332871225395323 6.232139168384393635 0.000000000000000000 0.384231894115189376 0.000000000000000000
-11.727519061974724934 3.857201416717489728 0.000000000000000000 0.226586564221284620 0.000000000000000000
-12.116035672355078390 4.383906821398137588 0.000000000000000000 0.118150498802984852 0.000000000000000000
-10.739932948777562771 3.950418401440602967 0.000000000000000000 0.373955858899826243 0.000000000000000000
-12.187704572842564588 3.692546995118537012 0.000000000000000000 0.195526059114603079 13624.000000000000000000
-13.262956155484218357 5.924797756352846889 0.000000000000000000 0.237610874965758362 5734.188708390404826787
-12.991973290310674827 2.256423509219285251 0.000000000000000000 0.423847221075005998 13983.000000000000000000
-11.012330590601502323 3.827289772285077607 0.000000000000000000 0.337570079621892394 13819.000000000000000000
-13.781000462928407302 2.252858110368821887 0.000000000000000000 0.461903719566819360 13813.000000000000000000
-11.735924571849158937 5.447877691945369527 0.000000000000000000 0.219769023722227452 13598.000000000000000000
-10.331257953246314685 5.120661425946511969 0.000000000000000000 0.431493388907563613 0.000000000000000000
-13.487576623271552378 3.300637902741941243 0.000000000000000000 0.276211974268109228 13797.000000000000000000
-14.830510894686941725 3.118726291688565855 0.000000000000000000 0.464071270500654665 13322.000000000000000000
-13.108290907513728385 -3.560687313420163758 0.000000000000000000 0.206620364003228418 0.000000000000000000
-11.927993997194537457 -4.880435772128763006 0.000000000000000000 0.144293674702196201 3144.355320834118629136
-12.199920135143210942 -4.412600468015089206 0.000000000000000000 0.102528162116051855 9032.000000000000000000
-13.124673215490499700 -3.016724738355437641 0.000000000000000000 0.297911746657821552 9883.000000000000000000
-13.871147724859703487 -4.896102565538414275 0.000000000000000000 0.209851694231899893 1182.750541305755859867
-14.830507947676416336 -3.396781717870374084 0.000000000000000000 0.437821826251971802 9552.000000000000000000
-12.686103284441145433 -2.272565246652547000 0.000000000000000000 0.418397898421700831 9395.000000000000000000
-10.872093259926776554 -6.594629375800486137 0.000000000000000000 0.468412612325654232 0.000000000000000000
-13.430352758120427836 -2.756527284150054768 0.000000000000000000 0.357382249286004150 0.000000000000000000
-12.394907728569485528 -6.968450850575050204 0.000000000000000000 0.402403956330610046 9330.000000000000000000
-12.113823243611436808 -2.090202633934441945 0.000000000000000000 0.463053818248537141 0.000000000000000000
-11.511274383106755437 -7.059836998912511596 0.000000000000000000 0.466988850747776962 0.000000000000000000
-12.714997186917415206 -2.878569964262120973 0.000000000000000000 0.312992000133747228 9977.000000000000000000
-11.190580048400464719 -3.278456916225797713 0.000000000000000000 0.365043409549510534 9200.000000000000000000
-14.182668394376069188 -3.419593091798068141 0.000000000000000000 0.340968573726290414 0.000000000000000000
-4.852863001401687804 -12.041298178553519804 0.000000000221763479 0.339831873393989070 0.000000000000000000
-4.587040362098120383 -12.745191698028749627 0.000000000514291542 0.423473774143150183 0.000000000000000000
-8.151755663116436068 -11.353479187195302913 0.000000000039188756 0.261079475270579675 0.000000000000000000
-4.413634953603226663 -12.810959812219429921 0.000000000766430487 0.456403402102752931 0.000000000000000000
-6.927251291500753361 -10.897242544808332099 0.000000000080357872 0.149454627138359053 0.000000000000000000
-7.399709729377100587 -11.406191179572291006 0.000000000752840522 0.131153014351369251 0.000000000000000000
-7.530354501434714187 -14.049550117482780820 0.000000000666984465 0.436045860762843740 0.000000000000000000
-6.791206147589157638 -11.182023804623847596 0.000000000284499548 0.095555822464398352 0.000000000000000000
-8.761510285287657851 -10.065188114005136910 0.000000000008154200 0.464786981323824011 0.000000000000000000
-6.916348246316524673 -9.541427137848023321 0.000000000616227110 0.386675923397643118 0.000000000000000000
-4.244165971884929611 -11.245778252702805844 0.000000000244990537 0.451309488932067959 0.000000000000000000
-6.105614074132846625 -11.521130592425729233 0.000000000711670815 0.117064368087989229 0.000000000000000000
-5.474362482638424510 -11.681314981531995656 0.000000000472666709 0.224319934667391807 0.000000000000000000
-8.573657131773028794 -13.166360024150817409 0.000000000720763770 0.416024622133705724 0.000000000000000000
-6.175758729009364068 -13.851590450033302915 0.000000000101220175 0.390542528415603274 0.000000000000000000
3.733517762780493410 -13.612484841150797266 0.000000000000000000 0.256428229620101977 0.000000000000000000
1.358981137370913084 -12.689957616824491637 0.000000000000000000 0.202839223693795284 20541.000000000000000000
1.449329688726531229 -14.854916465566301298 0.000000000000000000 0.322339695538771898 20218.000000000000000000
1.577517068772152253 -13.164664563925770224 0.000000000000000000 0.136357900664920456 20448.000000000000000000
1.872450321879261415 -11.241465592549618080 0.000000000000000000 0.371703790765463171 20970.000000000000000000
1.688368303936454984 -15.088606759611661090 0.000000000000000000 0.342635269242845486 0.000000000000000000
1.830238547815635108 -12.799032417467442357 0.000000000000000000 0.123738660166974199 20777.000000000000000000
1.125241654594333118 -15.142275296507825999 0.000000000000000000 0.396063763250403100 20438.000000000000000000
1.545290048268014305 -12.726809627713667084 0.000000000000000000 0.171382631136753699 20275.000000000000000000
2.114427433359677977 -10.739125870453046119 0.000000000000000000 0.453585745918019367 13588.737612177979826811
4.902008476909291979 -13.057696351034861593 0.000000000000000000 0.459247372672197007 14867.494191179979679873
3.308371636324910270 -15.754152834075423328 0.000000000000000000 0.473901231505829634 20123.000000000000000000
1.023794154207302354 -11.109000949366977906 0.000000000000000000 0.451278708499652237 20137.000000000000000000
0.745607016586565585 -12.117646685765370407 0.000000000000000000 0.350439823739926548 20940.000000000000000000
1.224347381324934814 -13.239131943062202978 0.000000000000000000 0.197945424823179783 0.000000000000000000
10.772706268648608585 -6.158000142231678353 0.000000000000000000 0.460288887540499236 0.000000000000000000
9.213550092082927634 -6.907120175965475006 0.000000000000000000 0.380653450579347186 22874.000000000000000000
7.980363659994130110 -8.094096098245495696 0.000000000000000000 0.436109467816764518 12394.455628157382307108
12.342054715852890823 -7.847354961134421991 0.000000000000000000 0.389913354648791899 0.000000000000000000
8.084222717266021263 -9.070338434753928425 0.000000000000000000 0.406134537543423990 0.000000000000000000
12.629662011581794800 -9.475383974754080896 0.000000000000000000 0.427319348634068952 5280.197598764798385673
7.904506641362043950 -8.585633294491202605 0.000000000000000000 0.435119756296878268 22526.000000000000000000
8.220864199910788983 -9.557459814593443070 0.000000000000000000 0.403740169000668281 22966.000000000000000000
9.540317246001954743 -8.548702338016369140 0.000000000000000000 0.146875251792973283 0.000000000000000000
10.708156751687818442 -6.720373536126438729 0.000000000000000000 0.361305961144504917 22296.000000000000000000
9.409106334766166313 -11.246234221163486922 0.000000000000000000 0.469020260907197284 0.000000000000000000
12.115214524193074652 -9.119550591053281252 0.000000000000000000 0.322914738203262719 0.000000000000000000
9.339660039940678615 -8.836183601422126443 0.000000000000000000 0.179083243491746757 0.000000000000000000
9.202971200354992831 -6.692465564620361462 0.000000000000000000 0.414077207329785535 22308.000000000000000000
9.673393226327311467 -10.452218091453083559 0.000000000000000000 0.321908843581616255 22181.000000000000000000
13.246123573048462774 1.356888066689430961 0.000000000000000000 0.241098347696032639 0.000000000000000000
14.029542736688849658 -0.847443395864432403 0.000000000000000000 0.170607399889681072 0.000000000000000000
14.377990388489386930 -2.008938350701013231 0.000000000000000000 0.378183188909438750 0.000000000000000000
15.547807132460588875 0.094680054498673658 0.000000000000000000 0.358084329743759422 7104.000000000000000000
14.478381832208047086 -1.508348725128700663 0.000000000000000000 0.309789240720549197 0.000000000000000000
12.673755885175054914 -1.367131604292683988 0.000000000000000000 0.283257237044543086 0.000000000000000000
11.388947441998794829 0.027502515717822289 0.000000000000000000 0.383637341645774455 0.000000000000000000
12.008983469598247140 1.703206489538974466 0.000000000000000000 0.402778127877985614 7287.000000000000000000
14.970643724320657597 1.403836804489853485 0.000000000000000000 0.351789961984903532 2939.967030474707371468
11.585222023280861592 -0.614575389451545329 0.000000000000000000 0.364652109636415034 7167.000000000000000000
15.458146363946726254 1.717315814102237548 0.000000000000000000 0.452314799861158967 7956.000000000000000000
15.512304062883195854 -0.244027974705236822 0.000000000000000000 0.353897106795527272 6870.840097531186984270
14.401854407112255174 -2.404273718227088796 0.000000000000000000 0.443270720013749564 7884.000000000000000000
15.002359518991875476 -0.615963626610674941 0.000000000000000000 0.281382191192690589 0.000000000000000000
13.398225645069860690 1.525704626833530142 0.000000000000000000 0.265707836769129513 7736.000000000000000000
