-1.850277185001072189 1.381256300455318220 0.000000000000000000 0.452709577340463631 0.000000000000000000
-1.155109510505126336 6.214196657624848186 0.000000000000000000 0.458282045764855595 10205.000000000000000000
-2.728332287853153293 3.083254657445104296 0.000000000000000000 0.166327489179695365 10760.000000000000000000
-3.341513582316045561 2.400464956556440210 0.000000000000000000 0.328017081228228313 10685.000000000000000000
-2.193563688878624518 3.962565834117641739 0.000000000000000000 0.017290333487089658 0.000000000000000000
-2.032763563243275229 4.296863597197427609 0.000000000000000000 0.082830930537974037 10827.000000000000000000
-2.279876645104822686 4.455440120266123571 0.000000000000000000 0.100740276066914672 10957.000000000000000000
-4.322380088119095909 2.750178179645707655 0.000000000000000000 0.420075335349342160 10835.000000000000000000
-2.326002540026901322 2.770128890379900177 0.000000000000000000 0.199830572437801973 10945.000000000000000000
-0.220789868842043047 2.538989555106787588 0.000000000000000000 0.435650616167953142 0.000000000000000000
-2.128830417285628940 3.040256744241311093 0.000000000000000000 0.153117242426379252 10981.000000000000000000
-0.007554269863493386 5.254484510487817062 0.000000000000000000 0.468996767797753455 10599.000000000000000000
-0.945906978332522019 4.420372397631580519 0.000000000000000000 0.252238418584653901 10099.000000000000000000
-1.191614836251430276 4.224484777818791947 0.000000000000000000 0.199207405297601614 0.000000000000000000
-0.087316722794078053 5.164393996092031536 0.000000000000000000 0.448569642564958460 10541.000000000000000000
-0.259604676877529805 -2.299474983665167116 0.000000000000000000 0.455167798710382154 8681.000000000000000000
-1.261387445228726811 -4.518731858537790025 0.000000000000000000 0.210001890772066879 8391.000000000000000000
-2.365661321769034764 -3.368222514358364172 0.000000000000000000 0.094905908714958687 0.000000000000000000
-1.931799593007000437 -2.014549114734999868 0.000000000000000000 0.339080578191675253 8491.000000000000000000
-1.568419976178368147 -3.686049135034099145 0.000000000000000000 0.128206725086126599 8051.000000000000000000
-1.991482338235181171 -2.668301225729776238 0.000000000000000000 0.222754002950096369 8153.000000000000000000
-2.252291522487813502 -2.890030804986552848 0.000000000000000000 0.178120736688890530 8135.000000000000000000
-1.012783577162301718 -2.197047066739283405 0.000000000000000000 0.374485775037577295 0.000000000000000000
-2.623602262532488183 -6.443996297514816618 0.000000000000000000 0.459345264604422765 8126.000000000000000000
-2.786283607754259428 -6.016946414883395100 0.000000000000000000 0.390177194330868615 8813.000000000000000000
-1.234342382838157004 -3.917954067992129197 0.000000000000000000 0.182549748346421487 0.000000000000000000
-1.759127804016764385 -3.307895304970869699 0.000000000000000000 0.136637094477563170 8252.000000000000000000
-0.907388179333767475 -1.893060704511110748 0.000000000000000000 0.429566714016302198 8286.000000000000000000
-2.632408505522056075 -5.710625054426177627 0.000000000000000000 0.330934092070041819 8080.000000000000000000
-3.278438648171225989 -3.770154510146066063 0.000000000000000000 0.183083576952810023 8581.000000000000000000
5.590663555190559464 1.778313935732996454 0.000000000000000000 0.369422736533635943 9456.000000000000000000
3.983949412214773833 0.102272077022346877 0.000000000000000000 0.096238248730574405 9247.000000000000000000
4.405196591554530805 0.810408085930357736 0.000000000000000000 0.145307421233194484 0.000000000000000000
6.740552334065410989 0.483855218091946648 0.000000000000000000 0.405958457464541067 0.000000000000000000
2.014388519408201628 0.078927539407012581 0.000000000000000000 0.445721649223761562 5443.488793457782776386
3.465399033016076213 -1.372798917520563711 0.000000000000000000 0.307423439011706490 0.000000000000000000
5.826707373086436270 -1.494437542414393860 0.000000000000000000 0.353665622218714226 9960.000000000000000000
2.867622872270107592 1.156417152785168323 0.000000000000000000 0.358346016194388717 0.000000000000000000
4.311629761537471239 0.915528862830752188 0.000000000000000000 0.166649334857090187 9410.000000000000000000
4.451969791021417322 -1.234686295353051966 0.000000000000000000 0.219664017133377326 0.000000000000000000
3.606400474594529282 1.306993931378183094 0.000000000000000000 0.283132994575837627 9505.000000000000000000
3.280741248782484742 0.068123189045914662 0.000000000000000000 0.220168935695778556 0.000000000000000000
4.715454888723916937 0.882020297181591029 0.000000000000000000 0.160747703158958338 9136.000000000000000000
5.615744640750081729 0.004053821393694618 0.000000000000000000 0.196333016270248184 0.000000000000000000
4.737572830437379423 1.121455156937860131 0.000000000000000000 0.203165143735102804 9332.000000000000000000
10.019367186278259396 8.572116991022975085 0.000000000525283945 0.065043262317987002 0.000000000000000000
9.652817115701861184 7.173374800071060875 0.000000000271935803 0.302361862919948987 0.000000000000000000
11.797206385611598733 7.862057080824192745 0.000000000356847967 0.302363723010807994 10418.000000000000000000
10.712064652495451256 6.902793056880906164 0.000000000126576668 0.330060505095648604 10803.000000000000000000
11.796681965545555926 7.632116207657213103 0.000000000840464199 0.324742874435922924 0.000000000000000000
8.852997412508710084 7.794641039677890682 0.000000000202292560 0.313643598054012818 0.000000000000000000
11.205650772405670423 10.177494570604908475 0.000000000662193247 0.293985890459345811 10784.000000000000000000
10.808323811490879507 9.378186100278828263 0.000000000182467596 0.138362698781485161 10279.000000000000000000
10.646371425679999945 8.906535076081308233 0.000000000332636194 0.061178956459594938 10768.000000000000000000
10.723452961142553974 6.614440969684115323 0.000000000707264757 0.380044957157367636 10183.000000000000000000
10.652491164397181578 11.065599453234369776 0.000000000659233271 0.409951897422455913 10646.000000000000000000
11.266382496826146564 8.213727179040851922 0.000000000802201712 0.189687036595955677 0.000000000000000000
11.271170517357953500 10.032650712826754358 0.000000000550785541 0.279466922721145594 0.000000000000000000
12.531124708251251576 7.653972995314114236 0.000000000189144119 0.434695356421406776 10184.000000000000000000
10.945671564531570752 6.757377368359239966 0.000000000395727213 0.364993572420769796 0.000000000000000000
2.088765511515233264 11.830428827792337287 0.000000000000000000 0.261264440715233970 1703.140309922811411525
0.953747192930924248 14.650059998569785691 0.000000000000000000 0.346979098275250086 11544.000000000000000000
1.487535251273208070 15.007717792709248883 0.000000000000000000 0.343279371793866139 11128.000000000000000000
1.686243580190844416 10.801531412828516920 0.000000000000000000 0.455713856031335629 0.000000000000000000
2.629934414706099677 11.143710671847937732 0.000000000000000000 0.383418939431315609 11898.000000000000000000
3.197272667386124478 12.890500639625079415 0.000000000000000000 0.168466490519779660 0.000000000000000000
2.649510870183495737 12.092334519273443050 0.000000000000000000 0.218241250249140345 0.000000000000000000
3.947051942754188580 12.335778851087439989 0.000000000000000000 0.332634114787314750 11448.000000000000000000
2.483499072284196085 14.000819858289517583 0.000000000000000000 0.131654086007205712 0.000000000000000000
1.400765847467904779 12.662633644598496829 0.000000000000000000 0.199125661537280174 0.000000000000000000
2.132370468716148881 12.429157824730834747 0.000000000000000000 0.155177689708652838 11857.000000000000000000
1.691525941027064217 14.199057614487839984 0.000000000000000000 0.200287455137447196 2228.624662742848613561
1.795892321357370980 14.075925258736802448 0.000000000000000000 0.171676732551771516 11439.000000000000000000
2.149814609911474328 14.687072638368366739 0.000000000000000000 0.253312399430656365 0.000000000000000000
3.408309072725242306 14.540139132321682425 0.000000000000000000 0.295312771675582564 11799.000000000000000000
-6.310905881706871945 11.898854772561477944 0.000000000510516929 0.081622895111932520 2662.789471399065405421
-7.016779308912187041 10.595209742418829180 0.000000000042104328 0.205154026538994644 0.000000000000000000
-7.737356042051237281 9.969358013006329955 0.000000000468558816 0.357404110986421941 21840.000000000000000000
-5.714424367845786890 11.754490281207703006 0.000000000387962309 0.181548552400457308 18017.474612613965291530
-7.442729310479394123 12.518288698163219763 0.000000000303131126 0.189825155780028704 9304.815580034701270051
-6.380775767995373826 12.631290376664583874 0.000000000075862726 0.173329463391364375 0.000000000000000000
-5.961232701683776725 11.685581738974535781 0.000000000610681281 0.137573605835085405 21518.000000000000000000
-6.057056931455062632 12.084808575015998144 0.000000000564006321 0.136731388744499804 21256.000000000000000000
-4.581322505197269912 11.491223451992810922 0.000000000604247740 0.385485832232315750 0.000000000000000000
-4.987737331224784576 12.635794822056860554 0.000000000238345105 0.350890376779768753 0.000000000000000000
-5.082585443418314419 10.862019044432571491 0.000000000852267485 0.330937894263797439 21443.000000000000000000
-7.522866719704697225 12.317128066008104170 0.000000000803955331 0.176221151745762306 0.000000000000000000
-4.622395399437729147 10.245906005477614542 0.000000000126299839 0.457833372310318232 0.000000000000000000
-4.148782058257650895 12.051233203926074111 0.000000000790309922 0.464207387868533161 0.000000000000000000
-5.422221291941697885 9.613317846263113253 0.000000000824081084 0.440134987110068432 21394.000000000000000000
-14.068588315843593151 5.628589103923592241 0.000000000000000000 0.292432643390874214 13417.000000000000000000
-10.788594549433586423 5.973877471834370567 0.000000000000000000 0.410788629619163403 0.000000000000000000
-11.627268135489917000 4.884996172360987821 0.000000000000000000 0.196863824644131685 13840.000000000000000000
-12.010371614021662978 4.472056880036372029 0.000000000000000000 0.130325787582263514 2792.428246728708018054
-12.498490994246413521 6.202501315407197957 0.000000000000000000 0.267831692577517821 5499.547893012921122136
-10.579580897757308477 4.329782213758692322 0.000000000000000000 0.385124670029064586 0.000000000000000000
-12.340404256447641274 7.152658134096492759 0.000000000000000000 0.435570061541107889 13235.000000000000000000
-13.992092343278113020 3.646946244879900600 0.000000000000000000 0.289814592482588895 0.000000000000000000
-14.465896804447973878 5.959619758025452185 0.000000000000000000 0.383239014076158402 13102.000000000000000000
-12.098900842313618398 4.415943471991139013 0.000000000000000000 0.118650633563342059 13954.000000000000000000
-13.116974884846575478 3.477541482083644109 0.000000000000000000 0.220752280297699166 3343.927287635612174199
-15.106673703982572476 4.678829954104515743 0.000000000000000000 0.426652486335656167 13323.000000000000000000
-14.479260386515701242 2.782628740118667121 0.000000000000000000 0.454966075343188558 13752.000000000000000000
-12.502147861799382866 3.290654589800403595 0.000000000000000000 0.244354029490820829 13647.000000000000000000
-12.728437339014810448 6.621925158553655599 0.000000000000000000 0.337899004743993203 9259.578579224793429603
-14.052763691122688527 -4.124213748686080372 0.000000000000000000 0.257431051117416598 9320.000000000000000000
-13.868658752747965224 -3.476510973887219080 0.000000000000000000 0.293116683844874992 9498.000000000000000000
-13.484605436950864998 -5.687407199293090798 0.000000000000000000 0.222684087689885596 0.000000000000000000
-12.780965261779950737 -2.006646569128309743 0.000000000000000000 0.464670029982496791 0.000000000000000000
-14.670945078788918181 -5.557971641059818779 0.000000000000000000 0.380765994319851475 9766.000000000000000000
-11.164602910809797720 -5.193079887005145778 0.000000000000000000 0.290229644452954516 9233.000000000000000000
-10.584908927186093663 -3.358760940920015425 0.000000000000000000 0.443805148318883069 0.000000000000000000
-14.736353958959037769 -5.360389066209029885 0.000000000000000000 0.379476825178956534 0.000000000000000000
-12.814123772777858079 -3.892381563512784748 0.000000000000000000 0.137871385908547334 0.000000000000000000
-10.835822292970970437 -2.886471330791706702 0.000000000000000000 0.457962955112529768 9035.000000000000000000
-14.065845105704109841 -6.903889512480101409 0.000000000000000000 0.454990163807899362 9338.000000000000000000
-13.148736881719441882 -6.460603266254152821 0.000000000000000000 0.319173226230883456 9898.000000000000000000
-10.420210250117767359 -5.355339206343291636 0.000000000000000000 0.425417385605431908 9017.000000000000000000
-10.870999086818134316 -4.269309447553934156 0.000000000000000000 0.336020835894805026 4507.692981946250256442
-11.871989809427162754 -5.520478049850140678 0.000000000000000000 0.209706003956557807 9744.000000000000000000
-6.431420992815210624 -9.195208164782172844 0.000000000660945522 0.449968104539540392 0.000000000000000000
-6.466653321682589883 -11.694668495871161085 0.000000000594060385 0.047555185856312070 0.000000000000000000
-4.943105818016854336 -10.550073425376165659 0.000000000623283194 0.380282932271235607 0.000000000000000000
-8.374292345602357912 -12.610126364551371481 0.000000000521145965 0.332331177459156135 0.000000000000000000
-6.564484994131170481 -11.901100222183217170 0.000000000009415838 0.044036327900387105 0.000000000000000000
-8.632098659692688969 -12.256925195580830490 0.000000000074005024 0.351678361648410320 0.000000000000000000
-5.942148720761242231 -10.469500263783453775 0.000000000020417117 0.262296421076959552 0.000000000000000000
-6.886245857999724329 -10.112712490365948881 0.000000000232874369 0.285526160758639680 0.000000000000000000
-7.219348289303945343 -10.377031166419719455 0.000000000118443440 0.252718288082420750 0.000000000000000000
-7.678568875476469380 -12.535505837318241973 0.000000000506143529 0.222044102280249428 0.000000000000000000
-8.883996576700866399 -12.415433364066069899 0.000000000473997925 0.402724825947992471 0.000000000000000000
-8.205345763955781635 -11.393380243716405786 0.000000000683179675 0.268747651031471690 0.000000000000000000
-6.189925511971893002 -13.231677390029409125 0.000000000403812659 0.284865182023456509 0.000000000000000000
-5.310343728267020502 -13.075420381092671462 0.000000000588007446 0.349374358600540114 0.000000000000000000
-6.220625008431889924 -14.192387860183126591 0.000000000732078102 0.447450073506019230 0.000000000000000000
2.044292799810093264 -13.616531662533086333 0.000000000000000000 0.079594757245341527 0.000000000000000000
3.570638532802463683 -15.417994869161903537 0.000000000000000000 0.440198025337546761 0.000000000000000000
2.223498689807606787 -14.117160491545572398 0.000000000000000000 0.150971091974150790 20035.000000000000000000
2.401165213788203356 -13.983867962327098056 0.000000000000000000 0.126489447025151053 20952.000000000000000000
2.816632988398756421 -13.284604388021818977 0.000000000000000000 0.085969408227141900 20113.000000000000000000
-0.175925189471041243 -13.994713990974020135 0.000000000000000000 0.465288933522082671 3088.869122907928158384
3.665788067937780337 -11.646290629999356270 0.000000000000000000 0.374837625611687486 20042.000000000000000000
2.373328684470069394 -15.716489154460902000 0.000000000000000000 0.434490441128886129 3822.281883307933185279
1.216589318366870121 -12.041399521063658185 0.000000000000000000 0.296829406614985747 0.000000000000000000
0.814022140952466056 -13.728017295048440261 0.000000000000000000 0.282634269307038943 20372.000000000000000000
2.035575893819303150 -14.036386203317036347 0.000000000000000000 0.145398298078206645 20783.000000000000000000
1.361936285988923911 -15.513452546557235934 0.000000000000000000 0.434463308874474208 20646.000000000000000000
3.990918778561860503 -14.837281414141550329 0.000000000000000000 0.405302273970021221 20650.000000000000000000
1.305492289182538013 -14.011517021516713299 0.000000000000000000 0.225293250927382532 20158.000000000000000000
1.116018686578248209 -12.886434344817512709 0.000000000000000000 0.227997041870624972 0.000000000000000000
10.237809648414788910 -9.384262509659210494 0.000000000000000000 0.113085243977740765 0.000000000000000000
11.868550716821927082 -9.564651966468433741 0.000000000000000000 0.307531052636397018 14840.906246422802723828
10.906622233930230337 -9.760979779708740978 0.000000000000000000 0.204141159243051373 22835.000000000000000000
10.321031892809299890 -9.360405821609509402 0.000000000000000000 0.107449758332078663 22042.000000000000000000
8.474279928274704332 -8.380183630390892091 0.000000000000000000 0.338873268094291635 0.000000000000000000
12.572394167617581218 -8.970336635499256417 0.000000000000000000 0.399685714132001380 19820.870830713814939372
11.062300626935709147 -9.216300662458726478 0.000000000000000000 0.152567244456242701 0.000000000000000000
9.800636317111274920 -8.458222341086834462 0.000000000000000000 0.108855676584734121 22973.000000000000000000
11.661018521280908544 -6.863677271493167531 0.000000000000000000 0.405059433469708574 22576.000000000000000000
10.783386102545598817 -10.640287176766181076 0.000000000000000000 0.340830634991455883 22078.000000000000000000
11.244107289335174116 -10.045365550040994407 0.000000000000000000 0.278452554425461074 0.000000000000000000
9.377370680045137519 -7.093903994227707344 0.000000000000000000 0.337406169476975826 0.000000000000000000
8.944688613355113560 -10.113387643571925878 0.000000000000000000 0.345634986811603873 0.000000000000000000
10.982630937834169771 -10.779209615127060218 0.000000000000000000 0.373738813831602512 22964.000000000000000000
8.241122389788397840 -8.278158983933453285 0.000000000000000000 0.383211124636328282 22842.000000000000000000
15.873628613025735135 0.558087802890397500 0.000000000000000000 0.426769028766888547 7081.000000000000000000
13.610007423582683117 -0.383244551729276128 0.000000000000000000 0.067536434649416582 7651.000000000000000000
13.851938617263169107 0.476117921213137674 0.000000000000000000 0.099349886210180358 0.000000000000000000
12.565730629242713334 -1.171037935021123522 0.000000000000000000 0.267538548775435869 7507.000000000000000000
11.479721461993161569 -1.432824364522558236 0.000000000000000000 0.444016730808027227 0.000000000000000000
15.632061752279934552 -1.561427613414390514 0.000000000000000000 0.459844984112587785 7706.000000000000000000
15.644459374696065623 -0.562647131940296918 0.000000000000000000 0.387294334135543483 0.000000000000000000
14.012928250655091844 -1.564462622446188611 0.000000000000000000 0.283610204324623583 0.000000000000000000
12.072218105272913391 -0.608386717443489045 0.000000000000000000 0.282376355457100270 0.000000000000000000
15.427454600577709343 -0.578050071419455191 0.000000000000000000 0.350744617886760535 7297.000000000000000000
11.046328500285374830 -0.547567795143638736 0.000000000000000000 0.454771014499731452 7704.000000000000000000
15.058580469169703164 1.546962225707755767 0.000000000000000000 0.380216663321994108 0.000000000000000000
11.637550543062664232 0.360904157396085001 0.000000000000000000 0.345060226348145926 7414.000000000000000000
14.196757278255985213 1.671199321646950731 0.000000000000000000 0.311937076167768501 496.330924369841852695
13.762343157209869560 -1.713701118031444759 0.000000000000000000 0.299453748702545153 7984.000000000000000000
