-2.745176282016422498 1.427897988851650313 0.000000000000000000 0.446899720800559341 0.000000000000000000
-1.366021092011897142 4.736442468396824701 0.000000000000000000 0.219112112037665840 0.000000000000000000
-4.454553467168536507 2.533919155137657420 0.000000000000000000 0.459804934141044563 0.000000000000000000
-1.395250112423793931 4.852276175162445249 0.000000000000000000 0.230275349185809997 10203.000000000000000000
-4.414382078834296230 2.997656560241616308 0.000000000000000000 0.415778681285599694 10216.000000000000000000
-3.569191484372533640 4.808423275414613229 0.000000000000000000 0.285136511460817643 10444.000000000000000000
-2.891336556419320747 1.387009228588758081 0.000000000000000000 0.459705595594455563 0.000000000000000000
0.260389488733519914 3.894315002428690331 0.000000000000000000 0.448847646565485814 0.000000000000000000
-4.786655529213170723 3.437231844221385835 0.000000000000000000 0.457747891983539268 0.000000000000000000
-2.213089414680482037 4.257844953234877217 0.000000000000000000 0.065970324306207029 10215.000000000000000000
-4.447320387945741693 2.714812195043790677 0.000000000000000000 0.442632421097682971 0.000000000000000000
-3.576587279282255949 3.613099393083705202 0.000000000000000000 0.240088569353128695 10256.000000000000000000
-3.394654426352414323 4.939087661314690791 0.000000000000000000 0.275469504972300328 2004.832825794320342538
-2.286846860868250619 2.458103091795987627 0.000000000000000000 0.255083356379742165 10767.000000000000000000
-3.296971144761652983 1.987184448322339758 0.000000000000000000 0.386031182063150957 10730.000000000000000000
-4.627387689249993663 -3.259689854916334451 0.000000000000000000 0.436864014006962731 0.000000000000000000
-2.758404079342680948 -4.359909301994660424 0.000000000000000000 0.122240597840769114 8170.000000000000000000
-3.901701213509877864 -2.337544827066328157 0.000000000000000000 0.402653167956090685 0.000000000000000000
-2.810631469775901170 -5.346361388300350015 0.000000000000000000 0.277334751714827188 0.000000000000000000
-0.782649298699952589 -5.806606176111548834 0.000000000000000000 0.430937900662281770 0.000000000000000000
-2.764897327402874083 -4.861586125776165446 0.000000000000000000 0.195118702764842361 0.000000000000000000
-0.797262420911002967 -1.715205694546738879 0.000000000000000000 0.466807635058943127 8957.000000000000000000
-2.859433575726201049 -3.013204973642188200 0.000000000000000000 0.189376406442692186 8625.000000000000000000
-0.581265059361430247 -3.395056786812530092 0.000000000000000000 0.311615715509948987 0.000000000000000000
-4.378750134666884897 -4.744506221773949761 0.000000000000000000 0.407334534748452382 8791.000000000000000000
-3.820761698580176891 -3.718824769352777171 0.000000000000000000 0.280148964398326872 0.000000000000000000
-0.761427721100556898 -5.087979332909735142 0.000000000000000000 0.341607029164196663 0.000000000000000000
-4.085853367907895439 -2.964387702114773315 0.000000000000000000 0.365010054214026547 4325.847177812550398812
-3.904157017108820238 -2.992696308549886997 0.000000000000000000 0.334004199008224423 1671.235988387452835013
-4.888226461199315587 -4.035350941452012563 0.000000000000000000 0.469412145530768321 8771.000000000000000000
5.311239227145464703 2.533089392286113295 0.000000000000000000 0.471668128039238355 9501.000000000000000000
5.965265802696671393 1.740220102683438075 0.000000000000000000 0.402816598072243570 2843.414727670086904254
6.323440403351798800 -1.139447117057590830 0.000000000000000000 0.380580965396961179 9747.000000000000000000
4.373373184843747374 0.656590926463716973 0.000000000000000000 0.119342702933660158 0.000000000000000000
4.334892321537923365 1.187774879727960808 0.000000000000000000 0.213470851475456719 9555.000000000000000000
2.217570565111167902 0.730850011205900318 0.000000000000000000 0.429447648246446601 0.000000000000000000
3.704548666319942285 -0.185501198306936371 0.000000000000000000 0.148023059953174385 4563.382770605003315723
5.366637089928042670 0.858553615584762508 0.000000000000000000 0.215231247900431161 9133.000000000000000000
3.757352315026537770 1.819047967673898203 0.000000000000000000 0.350353800104609481 3138.848144420971948421
5.635474499239596646 -2.089920313203309732 0.000000000000000000 0.421393394042629876 9895.000000000000000000
2.977102889805657515 -1.793120380279774162 0.000000000000000000 0.420380076237775013 9520.000000000000000000
6.930288797455597560 0.747610503084671252 0.000000000000000000 0.450536531840209808 8587.597348881930884090
6.416802446535201376 0.601640811647235263 0.000000000000000000 0.355493478628181481 0.000000000000000000
4.024062949019808322 0.702366007497837508 0.000000000000000000 0.152364623774560420 9772.000000000000000000
3.005864422374966427 1.403486878646759139 0.000000000000000000 0.366815521450128856 0.000000000000000000
10.321134357368597634 10.516171936728349934 0.000000000763913773 0.310072294731776332 10466.000000000000000000
10.074348314164966567 8.315866282716353197 0.000000000024732274 0.089435811592706180 3602.127173443147057696
8.725636835319379614 10.493494695299320441 0.000000000488940023 0.420681667881818933 0.000000000000000000
8.763133807106763484 9.732158752480588149 0.000000000359693229 0.330111705487695417 10860.000000000000000000
11.857538155958925685 9.272806972781539869 0.000000000418915023 0.285543523548603406 0.000000000000000000
10.490660654324718948 6.321071892992049968 0.000000000743375142 0.426267732999067894 10695.000000000000000000
10.534791315625515296 6.086512270878746023 0.000000000426895130 0.467785475319546007 10680.000000000000000000
10.201487914936054224 10.614392196566820203 0.000000000492852581 0.328273356883508005 10382.000000000000000000
9.903387346501526523 8.726432654596223415 0.000000000401107027 0.078023986178819518 10986.000000000000000000
11.354214765845009438 9.389570131826289412 0.000000000267456462 0.212739089764095751 7407.295353141889791004
9.622582330833530762 6.486224712899897327 0.000000000897537841 0.417129557801348361 10300.000000000000000000
10.256613926043488760 9.954077889420094749 0.000000000904758207 0.212045405515509711 10359.000000000000000000
9.682353262877395395 7.953770932100436397 0.000000000375331943 0.182210936852298971 0.000000000000000000
12.090792631391277467 9.568493152670983548 0.000000000666663245 0.343359575039971443 0.000000000000000000
11.209781261338397584 10.236087690739006817 0.000000000182431670 0.303142196176662604 0.000000000000000000
4.941409038197432935 13.625013616874898759 0.000000000000000000 0.468722979061221345 0.000000000000000000
-0.176779805601309847 12.963039759355005742 0.000000000000000000 0.450989911947710431 4334.802558494660843280
4.257367057286920442 14.050326575820294650 0.000000000000000000 0.369325645102517308 11099.000000000000000000
0.974503378181504676 15.201446727116399771 0.000000000000000000 0.419865137110978170 0.000000000000000000
2.060368765676418690 13.858428787184999820 0.000000000000000000 0.114533218042573964 11312.000000000000000000
1.318040358570972570 10.897072990288775074 0.000000000000000000 0.460934202518502367 11417.000000000000000000
2.876708976707164300 15.125632439534598461 0.000000000000000000 0.343071501033988868 11244.000000000000000000
4.474757227220830025 13.844245706550662334 0.000000000000000000 0.394594365602251917 11787.000000000000000000
0.030338451079463594 13.122388105575286232 0.000000000000000000 0.411529439136106345 6229.657395648012425227
4.338724861624267071 14.416166114988678615 0.000000000000000000 0.410725268810983868 0.000000000000000000
1.471256137448893275 12.756410326484196815 0.000000000000000000 0.179589848034213739 0.000000000000000000
1.535270178924220019 14.364399986284469790 0.000000000000000000 0.240453360787944992 0.000000000000000000
0.346354854062700113 12.622160981971045857 0.000000000000000000 0.372994718365774802 11806.000000000000000000
1.855826089976345017 15.485889672402720407 0.000000000000000000 0.402582421169524918 0.000000000000000000
0.771049529404869372 14.235876926177599699 0.000000000000000000 0.326837813930203280 11418.000000000000000000
-5.696442739141860834 13.768600771116499715 0.000000000211160798 0.407431164576780580 21092.000000000000000000
-8.301000615900036905 12.531676432643921615 0.000000000565994813 0.314324621921046377 0.000000000000000000
-4.767776639396630323 10.024796178233762234 0.000000000895775412 0.461294612381131286 21840.000000000000000000
-6.549851726353280945 11.125898573567724270 0.000000000876655245 0.109867029558764831 21793.000000000000000000
-7.058856564093825448 9.362774127161554105 0.000000000623956287 0.420871176401877212 21560.000000000000000000
-4.297580883425441201 11.178212315314562275 0.000000000128065628 0.444390532459813359 0.000000000000000000
-5.795618141915677590 12.369462606241052427 0.000000000028066228 0.202910537781056860 0.000000000000000000
-5.868928231789435124 13.510820044425775777 0.000000000052913851 0.352813227682115260 0.000000000000000000
-5.797732896295103799 13.351035721785292409 0.000000000578264834 0.333743253599880885 19835.533961651890422218
-8.117911255096325718 12.434433118841536015 0.000000000693555760 0.277462358022263544 21651.000000000000000000
-5.973167773422515481 12.110996866070980360 0.000000000853123958 0.152126452072608692 21059.000000000000000000
-5.447490549475949351 10.428561800733325171 0.000000000540483813 0.323593127755745169 1114.694655600465011958
-6.936332099769059845 10.233149986879734428 0.000000000919630974 0.265380883881139340 0.000000000000000000
-4.677879247073807534 10.215533593930965495 0.000000000577778120 0.452890034396150609 21724.000000000000000000
-6.423587483581768787 9.088204496385571929 0.000000000084659203 0.468944217887012571 21585.000000000000000000
-14.678542990572653437 5.786843825387656182 0.000000000000000000 0.399460290233142667 13703.000000000000000000
-12.926801510764667213 7.334605844872067237 0.000000000000000000 0.463168572413919677 13426.000000000000000000
-14.997793660222052736 4.048691084345145796 0.000000000000000000 0.421581986283844745 0.000000000000000000
-12.907347666485469162 3.559862957328226774 0.000000000000000000 0.197520415963995333 0.000000000000000000
-13.036452083943958158 6.726339505021613263 0.000000000000000000 0.360461513367845099 13286.000000000000000000
-12.777587016414955201 2.318096216449407887 0.000000000000000000 0.410542001183946903 13619.000000000000000000
-11.560478388782033932 3.364433796874334526 0.000000000000000000 0.307662616581134807 0.000000000000000000
-14.679150362362948457 3.509184351480154618 0.000000000000000000 0.404753030507004230 13252.000000000000000000
-11.899442421411187354 2.305612996371254830 0.000000000000000000 0.437950409464907042 1033.119693561524854886
-11.594174567682230759 3.277146904096161162 0.000000000000000000 0.315301045131196944 13390.000000000000000000
-11.225922423489398838 5.547553567944762953 0.000000000000000000 0.305328848719875201 0.000000000000000000
-14.163780874134507926 3.799532456464730146 0.000000000000000000 0.300162096117854271 13507.000000000000000000
-10.880977691262307516 3.089506742719941190 0.000000000000000000 0.428372110704968612 13824.000000000000000000
-13.112284302538155245 4.888857648298549741 0.000000000000000000 0.079987625439187790 13456.000000000000000000
-13.793872173031367367 2.814736079439117855 0.000000000000000000 0.376414470158330794 13996.000000000000000000
-14.180262035529654696 -5.851729153057616983 0.000000000000000000 0.331293904328919142 0.000000000000000000
-10.364824865929165298 -3.713626806530571756 0.000000000000000000 0.451193318800342524 6277.631850150098216545
-12.334446392548604976 -7.108086970854937015 0.000000000000000000 0.428079498280725279 0.000000000000000000
-13.558853784888908578 -3.127289741538116896 0.000000000000000000 0.308618230694507112 0.000000000000000000
-11.047905077915277872 -4.463449256687829880 0.000000000000000000 0.299179008517849565 9888.000000000000000000
-11.382019597089264806 -3.551509996739551145 0.000000000000000000 0.308050541005768064 0.000000000000000000
-12.712560856729327341 -5.160283324274377748 0.000000000000000000 0.083755080383815295 9890.000000000000000000
-12.493978242932564982 -7.177982621288340859 0.000000000000000000 0.436503079518300197 9796.000000000000000000
-11.794263615165068160 -6.127051089913434723 0.000000000000000000 0.300793677307550078 0.000000000000000000
-10.683501541174660332 -5.854360571676526348 0.000000000000000000 0.415898092193455138 9935.000000000000000000
-10.847110898503510512 -3.352918885254867032 0.000000000000000000 0.405118039874795277 9295.000000000000000000
-12.852190493308649266 -5.655147485263539942 0.000000000000000000 0.171558823398711896 9200.000000000000000000
-10.385830064889340463 -5.972751463374026848 0.000000000000000000 0.472355584008795959 0.000000000000000000
-13.664051159203957297 -5.554128053311136348 0.000000000000000000 0.227646144219900148 9409.000000000000000000
-13.989360250108186179 -4.013907312624678703 0.000000000000000000 0.255044904976153231 0.000000000000000000
-5.355523862518267286 -12.894092312234697317 0.000000000721821564 0.321901085966816103 0.000000000000000000
-8.014760350326069371 -11.832140824486923947 0.000000000164180324 0.229441152926406905 0.000000000000000000
-7.268636365280030986 -9.954619026891949218 0.000000000927782026 0.326362260996696851 0.000000000000000000
-7.877320884360078601 -13.104672215352172415 0.000000000326571783 0.318869460532122728 0.000000000000000000
-7.041548308889473695 -13.928899808212674927 0.000000000365081085 0.394942348101102958 0.000000000000000000
-4.510359015180170239 -13.180042367547944338 0.000000000788781092 0.473276209005139947 0.000000000000000000
-5.239718432804093773 -10.272342381224895291 0.000000000063412631 0.369444281453704726 0.000000000000000000
-5.761796844358813452 -14.177385106469895248 0.000000000908922418 0.468673426656687764 0.000000000000000000
-4.994573394678300637 -11.505495549529193511 0.000000000424251388 0.312024773841720005 0.000000000000000000
-4.725507127534845253 -11.601322241451359929 0.000000000359026853 0.358281601853517595 0.000000000000000000
-7.822505308846188221 -12.291861673574247860 0.000000000165723808 0.219138223167012508 0.000000000000000000
-6.840856278771466847 -9.385859597170307822 0.000000000717906642 0.413293232383858733 0.000000000000000000
-6.066915265298046478 -10.239665435978752228 0.000000000117562741 0.287554088283087872 0.000000000000000000
-6.616418056786860902 -13.266999430515966196 0.000000000138825815 0.274874541349300949 0.000000000000000000
-9.027523488967259979 -11.137821871178338995 0.000000000611693573 0.421704631648446515 0.000000000000000000
1.724914420831305861 -11.383249939742672296 0.000000000000000000 0.354298168310028194 0.000000000000000000
0.673961462493741004 -15.053760033107110416 0.000000000000000000 0.433333112839109191 20323.000000000000000000
1.690796042910217345 -10.935550733076897956 0.000000000000000000 0.432454571967604118 0.000000000000000000
3.081606410798282347 -15.179867337163576835 0.000000000000000000 0.364032201453891646 4296.112486149871983798
1.507596921659143607 -15.717072368598872245 0.000000000000000000 0.458944980909050337 20606.000000000000000000
3.529275612925093064 -12.772710193356695996 0.000000000000000000 0.231090861704575101 0.000000000000000000
4.275030032325684459 -12.649327316460952986 0.000000000000000000 0.363434838852577213 20269.000000000000000000
0.936960994190562335 -12.774290509584657727 0.000000000000000000 0.264643789109178906 0.000000000000000000
1.018636685386344221 -11.879484902894198228 0.000000000000000000 0.341959631946269937 0.000000000000000000
1.583989796649801329 -14.297011022311700401 0.000000000000000000 0.225637764409494623 20670.000000000000000000
2.779736161602524014 -15.067373545309711957 0.000000000000000000 0.328547935555994097 20721.000000000000000000
2.548973589126770634 -10.795758747319116111 0.000000000000000000 0.443391270049685149 0.000000000000000000
3.030717625163788398 -12.805044479122221546 0.000000000000000000 0.149852106397126705 0.000000000000000000
4.317329754256319596 -14.841015960948219288 0.000000000000000000 0.449818991060673690 0.000000000000000000
4.131602655713460415 -14.232000679985123526 0.000000000000000000 0.362612010115559158 1383.894167669486932937
12.223352580360989705 -10.448482002155865089 0.000000000000000000 0.448270264923179673 22875.000000000000000000
11.718363777985755902 -6.862931058291340314 0.000000000000000000 0.411159917758321558 19137.985197849753603805
9.737219138249200157 -8.666264812112439486 0.000000000000000000 0.108503168273579961 22933.000000000000000000
8.542473735661278766 -6.972106753421247305 0.000000000000000000 0.447415495500531779 22385.000000000000000000
8.532106386628409922 -10.485152473964371111 0.000000000000000000 0.444036370003432324 3315.883235994150709303
11.945698443398081068 -6.950861120727591214 0.000000000000000000 0.424978003349047506 22277.000000000000000000
10.699311880028240296 -7.021232465061108208 0.000000000000000000 0.309285332538264235 18631.269969036413385766
11.389856253582392398 -10.533441467141349435 0.000000000000000000 0.364211408853404861 19453.550629641136765713
8.859524079782419292 -10.480658508704689069 0.000000000000000000 0.402980611665583022 22639.000000000000000000
10.970486664512199226 -9.736860583505581701 0.000000000000000000 0.206426750788451130 0.000000000000000000
10.938278673241525141 -8.821243082512573608 0.000000000000000000 0.107306153369284521 0.000000000000000000
10.658970919638084851 -7.887116376379505134 0.000000000000000000 0.161197515811494496 8510.109328074362565530
12.417063110663212555 -7.558113426436396054 0.000000000000000000 0.424497543127198951 22526.000000000000000000
11.086394120562784948 -7.415206466697909171 0.000000000000000000 0.268616599594978633 22618.000000000000000000
11.884967878749948866 -9.805015976694818391 0.000000000000000000 0.331588802735992283 6600.408608805794756336
12.476333265796617056 -2.274880740378032673 0.000000000000000000 0.438288212476981798 0.000000000000000000
14.393562381752536439 2.282902739717602714 0.000000000000000000 0.423114585189150072 7116.000000000000000000
12.803204382215477963 1.065775655208653916 0.000000000000000000 0.226977197918714041 0.000000000000000000
13.271106567783361285 1.133061229401334691 0.000000000000000000 0.202281931187060532 0.000000000000000000
12.959819972572363511 1.291303846553116808 0.000000000000000000 0.246851424899696831 0.000000000000000000
15.335199311094813268 -0.670366660208408849 0.000000000000000000 0.340105103207872794 0.000000000000000000
11.721462257120546013 -1.861377833811645788 0.000000000000000000 0.458244330261233790 0.000000000000000000
14.016682492026616202 2.078675606856652536 0.000000000000000000 0.369712934850480401 0.000000000000000000
13.050792137425696993 0.250915914127520290 0.000000000000000000 0.097639809160286348 0.000000000000000000
13.459382266487720514 0.756152722486001405 0.000000000000000000 0.131874675618080583 7313.000000000000000000
12.459139658747274026 1.839021139890099965 0.000000000000000000 0.373101903879383967 0.000000000000000000
11.310909721279321261 -0.811553125136581510 0.000000000000000000 0.421861952080065383 0.000000000000000000
12.707693385432525801 -1.222200543422896635 0.000000000000000000 0.259007619662197042 7504.000000000000000000
14.205117826943322257 -0.157479328872539709 0.000000000000000000 0.121469696446967174 0.000000000000000000
11.435536886881285668 0.118284696748641338 0.000000000000000000 0.375868517204602792 0.000000000000000000
