-3.312415860026390657 3.515587704306231132 0.000000000000000000 0.199370269045985871 10975.000000000000000000
-3.646837983330353250 2.024949672075186058 0.000000000000000000 0.414059467387645819 10006.000000000000000000
-3.014025448776416205 1.984201289220412390 0.000000000000000000 0.365079304696078188 10904.000000000000000000
-2.248820498525792466 3.365756448030883696 0.000000000000000000 0.093411754363930663 10409.000000000000000000
-1.098121541169078785 1.846684986785277705 0.000000000000000000 0.418633982896664758 0.000000000000000000
-2.258537335836145132 4.303023000331933190 0.000000000000000000 0.073523075304494673 10147.000000000000000000
-1.996827041105644573 2.035489177729127963 0.000000000000000000 0.333586171432762257 10794.000000000000000000
-3.735285357757415881 4.052362131056444383 0.000000000000000000 0.264828679279996981 10098.000000000000000000
-3.990992225596108334 4.786279547079721475 0.000000000000000000 0.347556041209319599 10037.000000000000000000
-2.808413860529425765 2.363171157621665408 0.000000000000000000 0.289025644956340477 10773.000000000000000000
-1.720883948161679999 6.418354314840090780 0.000000000000000000 0.460345921897065247 10013.000000000000000000
-2.203119219425146547 1.625034744139595366 0.000000000000000000 0.403500404702264892 5689.531936330531607382
-1.318877386256165796 2.625501250107739715 0.000000000000000000 0.280677540858340402 0.000000000000000000
-4.259656142342946872 5.553056206907259984 0.000000000000000000 0.463411005391955566 0.000000000000000000
-1.232615075723347609 1.706763472111595625 0.000000000000000000 0.429737710245049531 10530.000000000000000000
-0.118621764095606166 -5.159396445309578638 0.000000000000000000 0.443312687523061411 0.000000000000000000
-0.609692032125763617 -2.212176065935095526 0.000000000000000000 0.419141760751832571 0.000000000000000000
-2.165815229093076333 -4.669729190785450790 0.000000000000000000 0.139807205249963762 0.000000000000000000
-1.585165989347476323 -3.624669947773326850 0.000000000000000000 0.128944425303960192 3778.318619869273334189
-1.288118120831324376 -2.696362298976568539 0.000000000000000000 0.274077225224819754 8118.000000000000000000
-1.072778885260204262 -5.953399309911644011 0.000000000000000000 0.423924430042971812 0.000000000000000000
-2.513190282866409220 -2.113202372899386283 0.000000000000000000 0.319668830406374227 0.000000000000000000
-1.003855416762313935 -2.540456847787291750 0.000000000000000000 0.328315680953063238 8094.000000000000000000
0.280411447041609141 -4.079984507969191654 0.000000000000000000 0.453676251170011591 8569.000000000000000000
-3.683189757489089722 -2.269840931360046721 0.000000000000000000 0.384261343498114527 8985.000000000000000000
-1.568532025735847490 -3.900692006075599405 0.000000000000000000 0.122936311539396631 276.609121415403251376
-1.635723344696313530 -1.666386607306354017 0.000000000000000000 0.411327640906191949 0.000000000000000000
-1.032272718827771829 -3.519009651245589954 0.000000000000000000 0.228281737209077518 8697.000000000000000000
-0.034183214910819590 -3.256282428643246352 0.000000000000000000 0.412134040588128359 0.000000000000000000
-3.915702010998082905 -5.358584635706111321 0.000000000000000000 0.394383226080169347 8021.000000000000000000
5.373065837044694426 -1.078118957485586504 0.000000000000000000 0.245112369081013803 0.000000000000000000
3.756697659765774411 2.190471084939349389 0.000000000000000000 0.412100931424888961 0.000000000000000000
2.763810442846013515 -0.251443024147260330 0.000000000000000000 0.315147952565930256 0.000000000000000000
3.152610587078839899 1.299419139732786999 0.000000000000000000 0.335075595937274706 9922.000000000000000000
6.691497705322855261 -1.284342110376609947 0.000000000000000000 0.449952554066181010 0.000000000000000000
3.708575096063979171 2.253284868950082398 0.000000000000000000 0.425491395643408987 0.000000000000000000
2.424784493912531147 1.252815985032369017 0.000000000000000000 0.433955163793398768 9218.000000000000000000
3.306052548344551756 -0.501774530673398056 0.000000000000000000 0.233076302670199825 9654.000000000000000000
3.417259035810709555 -1.429634207212033603 0.000000000000000000 0.320667447865503108 9137.000000000000000000
5.889741785275937502 -1.823278506293753987 0.000000000000000000 0.405974526024073579 9433.000000000000000000
2.834066921162821551 -0.941686922197560228 0.000000000000000000 0.343089023322655950 0.000000000000000000
5.743601177044884487 -0.435372196025822111 0.000000000000000000 0.232348135733770500 6308.876203059736326395
3.655673958589411132 -0.606603585253157385 0.000000000000000000 0.187195799715294459 0.000000000000000000
4.193548443423446237 -0.118142280571832403 0.000000000000000000 0.060883572626853733 0.000000000000000000
5.267475006704918528 -1.420187098028293571 0.000000000000000000 0.285701877902242884 9051.000000000000000000
12.076681222569165541 9.849979018628880922 0.000000000708615471 0.364518146197229997 7667.175548482337944733
8.126934979641973200 8.513589724827587801 0.000000000229217171 0.396693694355076287 0.000000000000000000
8.835039166283218393 9.448941646386286308 0.000000000160824616 0.295274192897105270 8885.250186011957339360
9.045764111509909000 7.202328037629713187 0.000000000330940650 0.356373974957906958 10519.000000000000000000
11.100760638872413821 7.858035471778561210 0.000000000735089934 0.206523094545369656 10786.000000000000000000
11.354771224667109308 8.712960880697037780 0.000000000647457795 0.180878277730874143 10299.000000000000000000
9.229301568305370296 8.082126611091240420 0.000000000694965951 0.230031765362443491 0.000000000000000000
10.275510181794121678 6.350057043282611779 0.000000000250247535 0.420651469017434942 0.000000000000000000
10.937831075802790792 8.649129027533183134 0.000000000119395526 0.107855514786592749 10990.000000000000000000
11.898835507641395637 7.318097302030159845 0.000000000332905946 0.373729913249459200 10699.000000000000000000
10.705834772969160085 9.510190381031227602 0.000000000499236342 0.148596458039373824 0.000000000000000000
12.068797483208438592 9.773997223902917142 0.000000000628146514 0.356461896460562477 10253.000000000000000000
12.121316314907653933 8.328682259831330370 0.000000000350827262 0.325755618219464749 10449.000000000000000000
8.486521883100500929 8.115386159574097036 0.000000000673945651 0.348678699604335118 0.000000000000000000
10.750377974348607424 11.066268798565133125 0.000000000144326704 0.412731470305030268 0.000000000000000000
1.619420081812298351 14.882646267487730896 0.000000000000000000 0.313134880103484281 27.639318942709042659
0.358715036439641477 14.336250150882849042 0.000000000000000000 0.399498751862812529 0.000000000000000000
2.919416643056364613 12.805213086215225360 0.000000000000000000 0.133868413270620434 11452.000000000000000000
4.731087305842491375 12.217603383950773832 0.000000000000000000 0.466824850300279259 11608.000000000000000000
2.158193883349130981 14.469967576644753748 0.000000000000000000 0.214812299782385030 11909.000000000000000000
1.676260116376663278 12.562237419880776912 0.000000000000000000 0.173067599287265617 11341.000000000000000000
2.029772796598158013 13.550541571563172738 0.000000000000000000 0.072973804362352429 0.000000000000000000
1.894981114358894381 14.048655305370145285 0.000000000000000000 0.158224161210866771 11540.000000000000000000
4.978255454843051098 13.451345705897631788 0.000000000000000000 0.472200388334809207 11384.000000000000000000
2.785622403609183895 15.335687620108673812 0.000000000000000000 0.375298309709765132 11291.000000000000000000
0.455782263547817645 13.141260266513056010 0.000000000000000000 0.335667434146208588 11757.000000000000000000
1.520440217924617698 14.650369450451302455 0.000000000000000000 0.284443730761064051 11522.000000000000000000
0.923442515397668306 13.222954958249038881 0.000000000000000000 0.251640805138807544 0.000000000000000000
2.454068427931900054 13.899030777568027517 0.000000000000000000 0.112853650187347665 4980.290450273337228282
1.188867171821714752 13.323325827813556899 0.000000000000000000 0.204324193084117950 11908.000000000000000000
-7.553977672132058174 11.997621502453439390 0.000000000473314610 0.154524751483511080 21426.000000000000000000
-5.159965344828117750 9.646929049753071084 0.000000000513599041 0.461929535955608428 21527.000000000000000000
-8.471689839238914388 12.703610790239862283 0.000000000850119010 0.355488536095359575 0.000000000000000000
-8.028016615579597115 9.560745395122888013 0.000000000766493652 0.445843227183469470 0.000000000000000000
-6.812688163907037797 9.870786743999989454 0.000000000200852553 0.327354508760958784 0.000000000000000000
-7.445300972171120080 10.498977922552896302 0.000000000547785233 0.250360909852071711 0.000000000000000000
-8.202908482740006946 9.793761674159370045 0.000000000571082457 0.429395085166868307 0.000000000000000000
-7.790417309523216538 10.922001878395056096 0.000000000858960417 0.235369367148718117 21890.000000000000000000
-7.641028215988979966 12.974634064666060951 0.000000000073975567 0.274872306607356898 0.000000000000000000
-5.840938708862846163 11.943242077312108407 0.000000000519649472 0.163795607589908687 21010.000000000000000000
-6.840706287916899164 10.249332179590860292 0.000000000705681754 0.260757901963457661 0.000000000000000000
-5.367703480187923759 11.449577422248138348 0.000000000058567674 0.247861420753516054 21884.000000000000000000
-8.322133347234968781 13.621476917722604938 0.000000000293346444 0.439661608878820886 0.000000000000000000
-7.795314527124861392 11.040029664765945938 0.000000000134243797 0.224245398564493131 21297.000000000000000000
-6.530385667312613940 12.587878117333785255 0.000000000579327652 0.158049058728566616 0.000000000000000000
-10.489370889785824659 5.890898562934539839 0.000000000000000000 0.449315320144860364 0.000000000000000000
-14.183668161625957893 6.017853774954058821 0.000000000000000000 0.350163538990881873 0.000000000000000000
-11.766274411755613727 6.314091531799829404 0.000000000000000000 0.331123891408724336 13447.000000000000000000
-14.961614792073708813 5.153041423259621112 0.000000000000000000 0.409121189509142558 13871.000000000000000000
-14.463995112851783631 3.532850032768242610 0.000000000000000000 0.369881372111975637 8648.068144953589580837
-12.377343441770618071 4.055099666014661430 0.000000000000000000 0.123906391744107683 0.000000000000000000
-14.153832316765388555 6.049557075345025403 0.000000000000000000 0.349919756607321719 13111.000000000000000000
-11.898191157450904498 3.331703514183605108 0.000000000000000000 0.275903340190640056 13362.000000000000000000
-14.344535152411591383 4.430888484564968088 0.000000000000000000 0.293965116804345228 0.000000000000000000
-13.580748895392359188 6.418617458542446919 0.000000000000000000 0.339318432573591400 13460.000000000000000000
-12.972589683335179700 3.875009563633241783 0.000000000000000000 0.147127308345725794 13152.000000000000000000
-10.570816769325556805 4.190007803871418801 0.000000000000000000 0.391251582107142226 9597.393741778834737488
-12.247769450868807084 2.310080485320193056 0.000000000000000000 0.420456908809241858 0.000000000000000000
-10.470664671294827031 3.641084177038818037 0.000000000000000000 0.438816815034967778 0.000000000000000000
-11.486609183852211302 6.638378541563757729 0.000000000000000000 0.405513286777535231 9347.531100497111765435
-11.017178954634243127 -3.216713765974682282 0.000000000000000000 0.395470286101775537 9250.000000000000000000
-11.817065053653392326 -4.288749637778896506 0.000000000000000000 0.173558279221687151 9035.000000000000000000
-13.834843942336604528 -5.042347965000426591 0.000000000000000000 0.209681542843770413 9264.000000000000000000
-13.181441959360645555 -2.297089443191253189 0.000000000000000000 0.422038064349238629 9010.000000000000000000
-13.726637681882470687 -2.788695516237957861 0.000000000000000000 0.374414922305190356 0.000000000000000000
-14.032645337674892971 -3.645567010055247525 0.000000000000000000 0.295670190601667437 7480.424610020410909783
-12.377028177817523513 -4.080011799028810948 0.000000000000000000 0.120157308735334770 9368.000000000000000000
-12.742772310592608065 -3.257100715637428312 0.000000000000000000 0.247221088096093056 9551.000000000000000000
-13.384193346897529153 -2.627123023388521883 0.000000000000000000 0.375778104557023207 9510.000000000000000000
-11.130525907554360998 -4.389712996292163716 0.000000000000000000 0.286554315926085656 0.000000000000000000
-14.882236414335659802 -3.161915502760653585 0.000000000000000000 0.467342127299104015 0.000000000000000000
-11.360017437335166335 -6.739862748085327482 0.000000000000000000 0.432740742917051446 0.000000000000000000
-11.493776466756546739 -6.033405169973013571 0.000000000000000000 0.320913734788561944 9477.000000000000000000
-12.036732475832788936 -2.277381001738395305 0.000000000000000000 0.435085667772538653 9694.000000000000000000
-14.541016708811783431 -4.364766606801571136 0.000000000000000000 0.330338976605833556 0.000000000000000000
-8.014639048653702247 -12.039446014682443575 0.000000000340446659 0.235470204880843748 0.000000000000000000
-7.064111628076023663 -12.148870089114311099 0.000000000694962843 0.096391016829872792 0.000000000000000000
-8.507004747573024162 -12.526593518753003309 0.000000000283342822 0.346999286668024765 0.000000000000000000
-7.322979802564434593 -10.714555310563810053 0.000000000336708981 0.206465628104349319 0.000000000000000000
-6.192148947198989895 -13.008027547873052043 0.000000000519998325 0.247820973126493677 0.000000000000000000
-5.091768494722738403 -10.033508465652190011 0.000000000526342989 0.418002435523886662 0.000000000000000000
-5.860616210866175457 -10.485034964116715983 0.000000000215487248 0.268143413585527624 0.000000000000000000
-7.707226369990087811 -10.720977302473315262 0.000000000550003727 0.247602316624215391 0.000000000000000000
-7.563093507772968849 -10.895219115230570850 0.000000000143393844 0.207670126757304563 0.000000000000000000
-6.157881273496689012 -9.343441081800635928 0.000000000873143839 0.432914233574635265 0.000000000000000000
-6.902646225971949434 -11.287071746834120844 0.000000000391367783 0.082184478462119376 0.000000000000000000
-8.372260598650791863 -11.528492272084807979 0.000000000255708455 0.294201783932061312 0.000000000000000000
-4.763538922999912550 -11.592473604755593186 0.000000000874900346 0.351612342805975420 0.000000000000000000
-8.592898421497272565 -12.360467565186667116 0.000000000751751957 0.350440338342283608 0.000000000000000000
-6.374907442667690383 -11.679643276036152599 0.000000000589651382 0.064090990596181910 0.000000000000000000
1.925002387065179565 -15.417459544900962598 0.000000000000000000 0.388170035597739160 20739.000000000000000000
4.229878482861658462 -12.381981216390599343 0.000000000000000000 0.373449416875450690 0.000000000000000000
2.685664030824225001 -15.887486759218617749 0.000000000000000000 0.469019364201330724 20321.000000000000000000
2.358160820529752399 -12.000056244578814812 0.000000000000000000 0.227383465120647971 20702.000000000000000000
2.770856503249406799 -11.078292847028167856 0.000000000000000000 0.399062530968069040 6372.826687031149049290
2.261064431007288267 -12.212594356393347894 0.000000000000000000 0.189953168996365440 0.000000000000000000
1.611461347778847530 -11.482588415983228103 0.000000000000000000 0.344550802516432608 19157.498597752892237622
3.796582689386272857 -14.744677191851629061 0.000000000000000000 0.368994508386505327 20506.000000000000000000
4.134703856035525149 -11.546650184268250072 0.000000000000000000 0.444630850735996674 20135.000000000000000000
4.071784231969696854 -12.467221475398854835 0.000000000000000000 0.341510350425093478 20105.488747825122118229
1.270061512404281334 -12.697613550486398282 0.000000000000000000 0.215920800705492549 0.000000000000000000
1.129584421080998213 -12.159221781321310374 0.000000000000000000 0.292799376041801007 3348.712388010623271839
4.189109769698218244 -14.420202522130164624 0.000000000000000000 0.388146536084738980 20665.000000000000000000
0.582423875081550912 -11.912590015803413479 0.000000000000000000 0.395653825277234028 20601.000000000000000000
1.971690595751781183 -11.590311473716425894 0.000000000000000000 0.307218416576421349 0.000000000000000000
9.979675324363565636 -9.339653470546789293 0.000000000000000000 0.122127748931572924 0.000000000000000000
9.290351106954121363 -8.294659860654936878 0.000000000000000000 0.203428135506221491 0.000000000000000000
11.125919665642525658 -8.040353226138559961 0.000000000000000000 0.186955725826150887 0.000000000000000000
12.744479663058051244 -9.499442402599587609 0.000000000000000000 0.448101348220258322 22939.000000000000000000
12.367488888432655258 -8.369233600943656981 0.000000000000000000 0.367287692601995286 0.000000000000000000
10.560292341740344924 -8.998250318854111640 0.000000000000000000 0.058805156832174042 0.000000000000000000
9.409254043993422911 -7.234683551393459311 0.000000000000000000 0.313319070255288656 22621.000000000000000000
10.318952558730687841 -9.196418254329344677 0.000000000000000000 0.078731622441357799 22849.000000000000000000
9.005710375923996480 -8.012036565575684222 0.000000000000000000 0.270798311988146523 22783.000000000000000000
10.126312831985574192 -7.460650568483662148 0.000000000000000000 0.229016858608009188 22248.000000000000000000
10.525540689102845349 -10.237124523139431886 0.000000000000000000 0.263113589753809218 22313.000000000000000000
10.750300514466408330 -7.394800981302730669 0.000000000000000000 0.248113460155585053 0.000000000000000000
10.048727635320933160 -9.213198976363488057 0.000000000000000000 0.096785940427682973 22240.000000000000000000
9.302303572500392193 -6.621348250759205634 0.000000000000000000 0.416807572803604698 0.000000000000000000
11.396695627105136950 -6.870302223368849326 0.000000000000000000 0.378753998843444462 22440.000000000000000000
14.711711448109280553 -1.855434006974191252 0.000000000000000000 0.382632683092462733 0.000000000000000000
13.788787230465443301 -1.136259665048127365 0.000000000000000000 0.201707796203534573 0.000000000000000000
13.540285185025185299 -2.409867220013495182 0.000000000000000000 0.417610306282014010 0.000000000000000000
15.474071546886388973 -0.656741435098298965 0.000000000000000000 0.362725311969856745 0.000000000000000000
15.039687749896916813 -0.036183583849540679 0.000000000000000000 0.267214669105968194 7513.000000000000000000
12.842378311211808395 -2.257873041228384281 0.000000000000000000 0.411148718471483099 6713.463436782327335095
13.354433678287849219 -0.806371151193185365 0.000000000000000000 0.143707601056325629 7478.000000000000000000
14.847265873027007288 -2.372844581600433767 0.000000000000000000 0.471515440449932322 7122.000000000000000000
15.190587489822016565 -1.199785780578540573 0.000000000000000000 0.359688291637359603 0.000000000000000000
15.980062660186030499 0.840287406618100863 0.000000000000000000 0.458236853773142938 7401.000000000000000000
14.945223913399567905 1.909300711634201342 0.000000000000000000 0.414069697770732936 0.000000000000000000
15.180565936345944422 1.589387325504859172 0.000000000000000000 0.400907725648564084 0.000000000000000000
12.071461338157112309 1.959577034962354025 0.000000000000000000 0.429666160432806643 2900.496352249032952386
13.278736902664521224 -1.105430447622632206 0.000000000000000000 0.197302064409459049 7702.000000000000000000
15.524258248032513308 -1.131209403299053173 0.000000000000000000 0.403809494029815974 7632.000000000000000000
