-0.381233913729036866 5.051340939108085237 0.000000000000000000 0.393310486532579773 0.000000000000000000
-0.562779356568230971 3.149393663461252935 0.000000000000000000 0.329728145165690267 0.000000000000000000
-4.336599687462024733 4.812082048774646736 0.000000000000000000 0.405093462065440724 0.000000000000000000
-2.755831452324022823 4.383311240259327946 0.000000000000000000 0.124802330810687603 10456.000000000000000000
-3.996629705050373627 4.007898395928540580 0.000000000000000000 0.310532819213476252 681.105134350698222079
-1.843436341823208036 6.364893379576423982 0.000000000000000000 0.446897048225125326 0.000000000000000000
-3.227571017961560429 5.425318708646220678 0.000000000000000000 0.323306087910369300 10348.000000000000000000
-3.049865768447833858 5.043074957702949668 0.000000000000000000 0.249069422086872549 0.000000000000000000
-0.512095188635603438 2.710403746971218997 0.000000000000000000 0.375524287277429314 0.000000000000000000
-4.541603910056989157 2.734640348016544209 0.000000000000000000 0.455902065297147940 10783.000000000000000000
-2.342700765785677319 3.379613430294464038 0.000000000000000000 0.092164330351796581 0.000000000000000000
-1.836937136968540329 2.322585689010528309 0.000000000000000000 0.289122869299978491 0.000000000000000000
-2.677052075329725334 6.299323600907277942 0.000000000000000000 0.435389319604615854 0.000000000000000000
-1.787295909301599650 4.517707883486465903 0.000000000000000000 0.139777268335768090 4680.140545306690000871
-0.642015247858206850 5.310453946040295747 0.000000000000000000 0.383388764340974353 0.000000000000000000
-2.167458632049734213 -1.562622899604177773 0.000000000000000000 0.414813764549922304 0.000000000000000000
-0.734911818432309238 -2.404612257827987154 0.000000000000000000 0.379136843754255548 8435.000000000000000000
-2.462393004055351220 -5.637343335526987076 0.000000000000000000 0.313238780877500067 8496.000000000000000000
-4.818279730556862539 -4.026829240218872563 0.000000000000000000 0.456885514428607142 0.000000000000000000
-1.057140183626518626 -5.558856494119336134 0.000000000000000000 0.366308090782016316 8432.000000000000000000
-0.134505296891259951 -3.750725954196533429 0.000000000000000000 0.379297524615888448 0.000000000000000000
-3.100044867352119926 -2.723393107424380677 0.000000000000000000 0.256240816144857164 3713.022438063855588553
-1.831371776472202617 -1.447102745591701822 0.000000000000000000 0.441711027278952117 0.000000000000000000
-2.949234787209891184 -5.794394478220212363 0.000000000000000000 0.360690619588182382 8871.000000000000000000
-2.499065879978811910 -4.708924088444100597 0.000000000000000000 0.151985025575369637 8345.000000000000000000
-1.568277904909794795 -5.710915571177422656 0.000000000000000000 0.346835214040843332 0.000000000000000000
-1.722141931673091486 -2.740297525180981353 0.000000000000000000 0.226004121994190926 1250.348974928986763189
-3.349950456429931389 -5.215055356760117888 0.000000000000000000 0.305740020092614584 0.000000000000000000
-3.310163692059888696 -5.187146993920888960 0.000000000000000000 0.297408186167182176 8879.000000000000000000
-1.482170424254492858 -5.664580924365417047 0.000000000000000000 0.344998373296541871 8924.000000000000000000
4.257329080710285929 1.372167641820235984 0.000000000000000000 0.248102444037622161 9544.000000000000000000
2.122078271557361617 -1.006180544669295962 0.000000000000000000 0.462360872173831150 9726.000000000000000000
4.616108137602177308 1.774988921072428782 0.000000000000000000 0.315866075712470717 0.000000000000000000
6.252017019369310979 1.331405325028251152 0.000000000000000000 0.389525670360482301 0.000000000000000000
3.744744073053778877 -2.309925762697865093 0.000000000000000000 0.432887701936655100 9178.000000000000000000
3.299498327157581734 0.062713213405985263 0.000000000000000000 0.216779504077311669 9864.000000000000000000
3.413685409527956072 -2.397653613525475791 0.000000000000000000 0.469218669066067129 9528.000000000000000000
5.121325273713702941 -2.207047286726132374 0.000000000000000000 0.406608358752651722 0.000000000000000000
4.558741789755138107 -0.516301483796573812 0.000000000000000000 0.092076692013598957 0.000000000000000000
4.631454058474011148 1.709689077570585747 0.000000000000000000 0.304458247978520835 485.731089096809967032
6.345743579785731114 -1.921011984296457031 0.000000000000000000 0.471901647329973584 9837.000000000000000000
3.952195099704434611 -1.315773490908923815 0.000000000000000000 0.254412975873319402 9437.000000000000000000
2.987052807748950656 1.326658169582800806 0.000000000000000000 0.360188550576247546 9484.000000000000000000
3.515997710453070191 -0.350465659391445195 0.000000000000000000 0.188503275099716316 9715.000000000000000000
3.032694577593612273 0.342397357438685435 0.000000000000000000 0.270970806028712263 77.499779181952547447
11.315299846656680316 9.366822611451935288 0.000000000510898846 0.204749908086754612 10730.000000000000000000
12.490225683756481345 8.914953000943235395 0.000000000281780427 0.384259141238180058 10030.000000000000000000
9.676677376463180380 8.775299605793600577 0.000000000537876058 0.118439165004737820 10724.000000000000000000
11.659991098669323151 8.552145265589087941 0.000000000214272597 0.237660470273763608 10738.000000000000000000
9.666585281353063053 8.973561217456515138 0.000000000107630369 0.126497840357214592 0.000000000000000000
10.555416711861981938 9.999172351660870817 0.000000000627988820 0.222637436322128623 0.000000000000000000
10.727357173812400504 6.707061390550513202 0.000000000525019778 0.364221263266691520 10829.000000000000000000
12.350770997866751699 8.899008307647452654 0.000000000333619078 0.359267189428393308 0.000000000000000000
8.378550377101250390 7.092919767978650647 0.000000000091555832 0.454956695287497492 0.000000000000000000
7.896271560588238536 9.007720083237167330 0.000000000605170216 0.438038835274482230 10027.000000000000000000
9.341946522348857584 9.903328643126721786 0.000000000250852802 0.269909754597969398 10056.000000000000000000
9.971976304642080180 7.441623979726396776 0.000000000418318997 0.238432895854635424 0.000000000000000000
9.732613007036480468 6.417648051077557980 0.000000000616326582 0.423094100698700792 10516.000000000000000000
9.585318907814160738 8.378109210179607302 0.000000000085277793 0.149467513745700303 0.000000000000000000
8.301770356199329015 8.625620634586628199 0.000000000917525305 0.364025539562693956 0.000000000000000000
1.715978853902276002 12.945642703397041373 0.000000000000000000 0.124996164272041840 11328.000000000000000000
0.490861812106086870 15.032317968737347158 0.000000000000000000 0.453599214565311992 0.000000000000000000
3.555568665523600735 15.140113429781774101 0.000000000000000000 0.396682245572638925 0.000000000000000000
3.735181610559765275 11.882558039661393678 0.000000000000000000 0.351978738355153087 11834.000000000000000000
4.666022695303094103 14.172795175224623065 0.000000000000000000 0.445057544580238884 11325.000000000000000000
2.543885775515264402 12.191627057110164145 0.000000000000000000 0.196793568605572455 0.000000000000000000
2.438941494181265934 12.126682846730878040 0.000000000000000000 0.205636189144609766 11620.000000000000000000
1.817622360550368299 11.999817052726735156 0.000000000000000000 0.245364464599999971 11543.000000000000000000
0.590337040086092113 12.424677063571190061 0.000000000000000000 0.345903305347494416 11758.000000000000000000
0.100873626624112256 13.389740396987507509 0.000000000000000000 0.398550498016624455 1569.309607064814827027
3.701657153650838250 13.073769794962782242 0.000000000000000000 0.246352643712455577 0.000000000000000000
2.331088592448165020 13.672904290365645252 0.000000000000000000 0.070556486836666224 11538.000000000000000000
1.006229676717139254 13.891087038147412969 0.000000000000000000 0.260781532035023411 0.000000000000000000
-0.145749551373498903 13.619774412573905309 0.000000000000000000 0.446190904989787696 11551.000000000000000000
4.524996466881366253 14.785590199133931577 0.000000000000000000 0.473763589755681447 3309.932166090023656579
-8.190197146775693327 9.488401310873241457 0.000000000418957007 0.472030337176419179 0.000000000000000000
-7.268331991189757701 10.359120445390958665 0.000000000666139584 0.258778035833776454 21578.000000000000000000
-6.470977740497602326 11.774589231524121402 0.000000000138638124 0.047636190536055299 7863.045237661024657427
-6.992080140912174002 12.581211650050391881 0.000000000611487330 0.159503778623073772 0.000000000000000000
-6.801453835768024092 12.350205122559273718 0.000000000035425546 0.112460336831834207 21498.000000000000000000
-6.329509000524450535 9.853136186921506834 0.000000000905887853 0.338039311608747339 0.000000000000000000
-7.538224518173143984 13.169418528822159686 0.000000000917473637 0.294034126881764613 16215.680051230527169537
-7.276468201290428262 9.264473171869717305 0.000000000476759170 0.444814668420716874 21603.000000000000000000
-8.610004715511987428 13.414762674091651462 0.000000000139479803 0.449132751788085260 0.000000000000000000
-5.695051507383496414 9.580520604052191302 0.000000000841279793 0.421519713646545613 21692.000000000000000000
-6.527910380125661050 12.413730623185145419 0.000000000224666261 0.128346142686673964 20111.521213462052401155
-7.935702812781495474 10.387964302594175692 0.000000000863796775 0.318315859350653041 21358.000000000000000000
-7.626487316676950456 9.806165081201404732 0.000000000530064261 0.373840528524920557 0.000000000000000000
-7.936861172290279320 13.996554731546988037 0.000000000907158847 0.456290207658533287 21075.000000000000000000
-8.071622719035305593 9.951285422607195841 0.000000000705606945 0.393111441593428146 11393.046737934631892131
-12.005613653915640171 6.840782078143275768 0.000000000000000000 0.397014159090368579 13088.000000000000000000
-12.645241123402149341 6.105149238758312613 0.000000000000000000 0.248376316443275236 0.000000000000000000
-13.473491031890842962 6.207434173276409339 0.000000000000000000 0.298032801394364666 13476.000000000000000000
-11.481239481901518218 2.666020503817014387 0.000000000000000000 0.413808820607830641 0.000000000000000000
-13.750833891709492107 4.636946955002691162 0.000000000000000000 0.185127348527074076 13888.000000000000000000
-13.011385140143536532 2.089328329489362979 0.000000000000000000 0.453066633257280860 3518.693078989476362040
-12.178996110778397721 3.310496721892917105 0.000000000000000000 0.256463971523427092 0.000000000000000000
-12.940682984297311009 4.201510770924527627 0.000000000000000000 0.092319020646088545 0.000000000000000000
-13.339442903486908421 5.741000431626444467 0.000000000000000000 0.215653571915716324 13002.000000000000000000
-13.259394313803859689 6.089289148928465956 0.000000000000000000 0.263665886273599714 0.000000000000000000
-11.122051148573447676 3.102806263418289134 0.000000000000000000 0.394898456279032084 13524.000000000000000000
-14.239631766433427984 3.977518316767557849 0.000000000000000000 0.298018255134170684 0.000000000000000000
-11.638112063282896713 4.283259153485095894 0.000000000000000000 0.203625271078848841 13079.000000000000000000
-12.924088423916535007 4.121832247424662476 0.000000000000000000 0.103830729782929856 13701.000000000000000000
-10.345455441800886831 4.312137332977648896 0.000000000000000000 0.426827976280313048 13199.000000000000000000
-12.403757328404385163 -4.946603046954817451 0.000000000000000000 0.072212296743082688 0.000000000000000000
-11.595544871497205364 -3.180563210206963642 0.000000000000000000 0.328358232828058760 9577.000000000000000000
-13.895599905005388663 -4.764715565471788317 0.000000000000000000 0.211319493523694640 0.000000000000000000
-13.357295870815642402 -4.923814198131347908 0.000000000000000000 0.122475497356531515 6715.503193553522578441
-10.695114361089459010 -6.292163356884126202 0.000000000000000000 0.456796457760428598 9874.000000000000000000
-11.864159295114619752 -4.397095969117382985 0.000000000000000000 0.159072314625888084 0.000000000000000000
-15.275253833920089619 -4.877525036325802255 0.000000000000000000 0.457990048569947683 9595.000000000000000000
-11.879292642298347360 -5.406133537913108356 0.000000000000000000 0.195306079697377594 0.000000000000000000
-14.979030578193768264 -5.716492472049837126 0.000000000000000000 0.442031088223735158 9603.000000000000000000
-11.071187085981428311 -5.409896489798812880 0.000000000000000000 0.319248596458472922 9946.000000000000000000
-11.054017642936495136 -2.614778123053453029 0.000000000000000000 0.465841858188308200 9632.000000000000000000
-12.615144674475880393 -4.084463997466996510 0.000000000000000000 0.104801438635055921 9639.000000000000000000
-11.444571673868001227 -3.010243356598138131 0.000000000000000000 0.368349929099314799 9020.000000000000000000
-12.999646137245330024 -7.308106208588142749 0.000000000000000000 0.459774507160230717 4366.182679839160300617
-14.103643919134597695 -2.391500566200758904 0.000000000000000000 0.467626635937496482 9185.000000000000000000
-8.096544635233769327 -12.285834573854556240 0.000000000153837145 0.262992481883471851 0.000000000000000000
-6.473766835389589858 -9.235513029347096392 0.000000000172781709 0.442016727130073284 0.000000000000000000
-6.022525393638991531 -9.468791525802290110 0.000000000920661871 0.418088264707330348 0.000000000000000000
-6.101958517991627140 -12.143571140381737905 0.000000000050967928 0.135243725133807641 0.000000000000000000
-9.259933844204899955 -11.266602792227986995 0.000000000732801794 0.457474588711877961 0.000000000000000000
-8.672671132435798569 -13.534931464080949937 0.000000000002186705 0.471663094479979783 0.000000000000000000
-6.630709613469993435 -9.402495323417053186 0.000000000108591795 0.410385997392391233 0.000000000000000000
-8.747894204108257910 -13.008626601558514579 0.000000000472487799 0.425354441402716277 0.000000000000000000
-8.837795301826428584 -10.062690832494213922 0.000000000163203441 0.475693647174397882 0.000000000000000000
-6.605416318301950085 -9.853486724805138763 0.000000000328484652 0.330947539653472900 0.000000000000000000
-5.417949770015317412 -13.833026781867671318 0.000000000600935387 0.441902452726269768 0.000000000000000000
-6.162780932992149907 -13.805657642512080940 0.000000000082858942 0.383292215645397116 0.000000000000000000
-6.680390692442538914 -11.018162894727291601 0.000000000184841344 0.124341859097219773 0.000000000000000000
-6.208498571907486330 -9.498689987109603550 0.000000000195423594 0.404059628968936824 0.000000000000000000
-8.531510466221334354 -10.457215987774095112 0.000000000294993804 0.390467303442933233 0.000000000000000000
1.400239456688016748 -12.258417520114278432 0.000000000000000000 0.246206985642933168 20853.000000000000000000
3.114797741360211258 -15.607999252236089305 0.000000000000000000 0.437682393139343484 20638.000000000000000000
2.091222884782765412 -14.278857383652487911 0.000000000000000000 0.183660836374961639 0.000000000000000000
1.945555454446323607 -13.974544429609373708 0.000000000000000000 0.142297890124161996 20952.000000000000000000
3.441125827469820653 -15.148089318017028404 0.000000000000000000 0.387106549704552660 20272.000000000000000000
3.538565802590354359 -14.767561721007883335 0.000000000000000000 0.341275753485157429 20288.000000000000000000
1.064521345318028889 -11.270696799576109370 0.000000000000000000 0.422968638689937781 20586.000000000000000000
3.467441833306336818 -14.242688737352043660 0.000000000000000000 0.265225445989290043 20397.000000000000000000
4.467844733453961936 -12.969967951526337302 0.000000000000000000 0.384125680556848981 20434.000000000000000000
4.037542457730783241 -13.571411217264662596 0.000000000000000000 0.308045245663697842 20567.000000000000000000
2.246128366643738605 -13.202955736352341987 0.000000000000000000 0.020488639276456711 20675.000000000000000000
2.444989060465893704 -12.290963356059149802 0.000000000000000000 0.176640446842322940 20524.000000000000000000
1.444358285899994820 -12.168014682226138135 0.000000000000000000 0.253301497233678952 0.000000000000000000
1.323833000155846040 -11.390851314077593770 0.000000000000000000 0.381148865840139628 0.000000000000000000
1.367935187950267917 -12.639928745440068170 0.000000000000000000 0.206236978742397659 4857.071033148530659673
9.363895132361450990 -8.384148770502479309 0.000000000000000000 0.185447110565704704 22717.000000000000000000
8.556387877582086077 -8.582174921338582507 0.000000000000000000 0.319346217231671725 22878.000000000000000000
10.435228492258048050 -7.094437013496494693 0.000000000000000000 0.290390532384964151 22545.000000000000000000
9.543704709702907962 -7.210141611879739010 0.000000000000000000 0.305068898762638152 12927.114519883796674549
10.195839199871835845 -6.786731248487656742 0.000000000000000000 0.344937556809709223 22147.000000000000000000
11.058716694393131874 -6.806964301434668130 0.000000000000000000 0.363245324699801975 2522.867667357654227089
11.235872847067962965 -6.570069954345350460 0.000000000000000000 0.413357590344100800 22669.000000000000000000
11.344431938808243743 -9.000527581205592043 0.000000000000000000 0.184312260555975910 22889.000000000000000000
12.838631746450747784 -9.345088695888492225 0.000000000000000000 0.457279604235686643 0.000000000000000000
8.941554381626394488 -7.504298424877689833 0.000000000000000000 0.331569625548701508 8040.725220387029366975
11.178431738464231771 -9.835392260910950313 0.000000000000000000 0.241992998027383388 22909.000000000000000000
8.694273615962096358 -8.095254572708050489 0.000000000000000000 0.315070823007420175 0.000000000000000000
10.760580629461861335 -6.699057375747246468 0.000000000000000000 0.366741862990492662 22774.000000000000000000
8.093041998296719441 -8.630238408367247871 0.000000000000000000 0.401120080723453287 0.000000000000000000
10.324303651913695035 -8.774031543441941139 0.000000000000000000 0.005412901495321995 0.000000000000000000
15.242863640534549674 0.013576480762513433 0.000000000000000000 0.303366546804491988 0.000000000000000000
11.953813341491716926 1.116827172680308511 0.000000000000000000 0.343142019005065413 7308.000000000000000000
12.705713622909337701 -0.550084100474583448 0.000000000000000000 0.176900926919876633 7598.000000000000000000
14.213471693146521702 -1.609832414486932262 0.000000000000000000 0.303273608390110083 0.000000000000000000
14.659881650354021687 1.085858365658672442 0.000000000000000000 0.273891227169393292 7275.000000000000000000
13.260052370846455716 -2.445921874035445587 0.000000000000000000 0.427050942297540925 0.000000000000000000
15.852108708297507178 -0.966983815653239431 0.000000000000000000 0.444398574748234965 0.000000000000000000
14.040008517598144167 2.186670413567520121 0.000000000000000000 0.388843040126950257 0.000000000000000000
13.157173267928984117 1.253399112165408003 0.000000000000000000 0.227907224304699813 0.000000000000000000
14.144901008396578490 1.897764620314350559 0.000000000000000000 0.345640678339969531 0.000000000000000000
12.763397147826884392 -2.387394106462286558 0.000000000000000000 0.436941651997193814 3674.212287923180156213
14.387284468977497909 -0.731531919939995001 0.000000000000000000 0.196897860500396898 0.000000000000000000
14.839379824223280835 -1.620403248603694557 0.000000000000000000 0.363278060629352695 7506.000000000000000000
13.036331819503571339 -2.127371798448326246 0.000000000000000000 0.379854165909374042 0.000000000000000000
11.666632262357115479 -0.995893073168327425 0.000000000000000000 0.376350242534566448 0.000000000000000000
