-4.184272732676338258 4.835551183337877923 0.000000000000000000 0.382257788117014885 0.000000000000000000
-2.295616979977980865 5.448974618230437272 0.000000000000000000 0.277674274326106973 10782.000000000000000000
-0.134180118344869315 3.751556501747356887 0.000000000000000000 0.379345636894872829 10747.000000000000000000
-2.593917716643808546 5.082496854436500122 0.000000000000000000 0.220580276458673119 0.000000000000000000
-1.266637352036259045 2.304397767634888350 0.000000000000000000 0.333206448788094634 10113.000000000000000000
-2.551469850053718069 4.737201492905573907 0.000000000000000000 0.159628447750947228 10153.000000000000000000
-2.408713414055154711 6.086416730176066991 0.000000000000000000 0.392000080698844178 0.000000000000000000
-3.910638438970335251 5.844724342944498829 0.000000000000000000 0.455731081245139336 10298.000000000000000000
-1.302440503816103101 2.288507133081826961 0.000000000000000000 0.332291842809366744 6130.955059424394676171
-3.045587584271619797 5.154532204169707477 0.000000000000000000 0.265254577699351735 10568.000000000000000000
-2.274485799071130909 6.321521113661582980 0.000000000000000000 0.432969060088513880 0.000000000000000000
-1.010703595762185714 1.953500741910237481 0.000000000000000000 0.410431301876009180 10810.000000000000000000
-1.798574671192825214 1.598678501146769682 0.000000000000000000 0.416263936389026257 0.000000000000000000
-3.070174234805319813 3.891676348527327800 0.000000000000000000 0.144714856336297021 0.000000000000000000
-1.307841975708836868 2.952916228524587794 0.000000000000000000 0.237837023640320611 0.000000000000000000
-3.101284261163494982 -4.478299134165761863 0.000000000000000000 0.183139993525865463 8419.000000000000000000
-2.448498734241055796 -3.258877234589991012 0.000000000000000000 0.117426917507426287 8469.000000000000000000
-2.802489819064942989 -6.307618948912061541 0.000000000000000000 0.441192564715062352 8561.000000000000000000
-3.514047621779791797 -5.693267806367864559 0.000000000000000000 0.391261965358675579 0.000000000000000000
-0.533204331333972936 -5.591480582877231598 0.000000000000000000 0.431709370992273023 0.000000000000000000
-4.886488360487408755 -3.485422532585157995 0.000000000000000000 0.473890441761213976 8474.000000000000000000
-1.576246889700858356 -3.539306806281813600 0.000000000000000000 0.136674983772807401 0.000000000000000000
-2.636871592935954745 -3.504366849996557676 0.000000000000000000 0.096304231850861330 8283.000000000000000000
-3.895463706569139095 -4.814612716845824814 0.000000000000000000 0.334972575165319753 0.000000000000000000
-0.871682069787114377 -1.952216406560865813 0.000000000000000000 0.424555176543051305 0.000000000000000000
-1.091887249756344103 -2.622205025489035446 0.000000000000000000 0.306970185050488120 0.000000000000000000
-0.565437897353384344 -5.366685865246374476 0.000000000000000000 0.400255838131920894 8856.000000000000000000
-2.332588560633731767 -4.032364010913833674 0.000000000000000000 0.028579972119994555 8809.000000000000000000
0.078136752769831050 -3.442207286508466080 0.000000000000000000 0.423952955551181843 0.000000000000000000
-0.024355766489382421 -2.885814649003900723 0.000000000000000000 0.436472580401844168 0.000000000000000000
7.136458495967742621 0.069017288177135233 0.000000000000000000 0.467493033155807980 9447.000000000000000000
3.513485893819842332 0.258095192635322990 0.000000000000000000 0.184163436261329083 0.000000000000000000
4.092527257796284346 -0.186587407502345121 0.000000000000000000 0.082145164698845197 0.000000000000000000
2.673200363769918653 -0.324385327691861403 0.000000000000000000 0.333139902604020099 0.000000000000000000
4.935219902941720527 0.490356088971376558 0.000000000000000000 0.114968331905254434 0.000000000000000000
6.642761389674555872 -0.586119127299219000 0.000000000000000000 0.393344924853123612 6444.949981024496082682
2.452892871789595919 0.451343115842806231 0.000000000000000000 0.376034218033586554 1266.403634945198291462
4.913983048462704062 0.788939991508637140 0.000000000000000000 0.157213729936981877 1381.383172012675004225
5.721095900229585141 -0.200084374018533684 0.000000000000000000 0.218020356900971740 9301.000000000000000000
4.787046292142051129 -0.788390535789484925 0.000000000000000000 0.148256738142897609 9109.000000000000000000
3.945843658672207876 -0.602684557238819085 0.000000000000000000 0.147433523098446789 0.000000000000000000
4.404674873933411838 1.104147182133143668 0.000000000000000000 0.197164918346575291 9456.000000000000000000
4.532704463085323709 -2.534008778979187415 0.000000000000000000 0.450204940029349521 0.000000000000000000
6.498390492724061218 -1.145866919321259614 0.000000000000000000 0.407882169594044608 0.000000000000000000
5.658755821079628490 -1.092370193683264823 0.000000000000000000 0.281457890926562593 9366.000000000000000000
8.247958035547030775 10.286835597790311425 0.000000000017738518 0.460817444116826402 10296.000000000000000000
12.263969320838576493 10.217659857729620043 0.000000000295929798 0.428365848523846737 10750.000000000000000000
9.566245391751513338 10.141539182936700314 0.000000000809692266 0.280895422666005978 0.000000000000000000
7.752738009194703572 8.717598923074429962 0.000000000716649362 0.461255463149697509 10330.000000000000000000
12.865315471801547886 8.378339588895057588 0.000000000835795149 0.454598958854880442 341.506383956983825101
12.136267558456854232 9.217328082620667828 0.000000000792431455 0.330414827474880990 0.000000000000000000
10.888301922880607719 10.981166187258279976 0.000000000396949414 0.403214836030317381 10055.000000000000000000
8.376784334790450259 7.433457050103029928 0.000000000445623668 0.419454220325488292 10141.000000000000000000
11.096361431575552103 8.002319561927640379 0.000000000172455848 0.187622062334419054 10571.000000000000000000
11.058242785482715220 8.779332547616517601 0.000000000181919617 0.128037081142482273 10915.000000000000000000
10.679993808240253017 10.270256881177068919 0.000000000492721111 0.273554152195436329 10617.000000000000000000
10.266114509160743751 11.114682787463898705 0.000000000521999944 0.415234231190796721 3022.810920052116216539
9.050545902889007621 9.631483084585861221 0.000000000288131996 0.277427422301094517 10934.000000000000000000
11.953716296919804307 10.100646095590370521 0.000000000238881374 0.372317696180148261 8789.208109042387150112
9.598771654891553595 10.181830390132226682 0.000000000338868833 0.284324088564334776 0.000000000000000000
0.342326536402347059 11.828961393039016059 0.000000000000000000 0.438809732028780763 3838.361957981670002482
3.674783278367635742 13.949719672322833830 0.000000000000000000 0.267244949509460261 0.000000000000000000
2.936286697005737967 12.353860337350607068 0.000000000000000000 0.196227661784202784 11797.000000000000000000
3.885716724813802703 15.453972479363184078 0.000000000000000000 0.475959795502706173 0.000000000000000000
2.663086335823205975 13.749285781920496774 0.000000000000000000 0.102535016629866291 11865.000000000000000000
2.079082451279802957 14.775530523475078226 0.000000000000000000 0.270775879966375643 11797.000000000000000000
3.187247644274252778 14.271923002132476554 0.000000000000000000 0.233439748626654064 11386.000000000000000000
3.521354217371357009 14.412720052282034899 0.000000000000000000 0.292638758756599171 0.000000000000000000
4.630419282194815800 14.147230960085057205 0.000000000000000000 0.437511866798927729 11378.000000000000000000
0.896295636052566014 13.912352340733487921 0.000000000000000000 0.280195735778665911 11000.000000000000000000
1.542978642000185641 11.033982465538407780 0.000000000000000000 0.423622084561865730 5248.800771005380738643
0.470943958353337355 14.253915975275090133 0.000000000000000000 0.374958645024613457 0.000000000000000000
3.284106490223758890 13.259246991991849640 0.000000000000000000 0.169302908981835587 0.000000000000000000
1.844863012116213064 12.503476822024392590 0.000000000000000000 0.163027587885513886 0.000000000000000000
0.817692747519418672 12.393955350466484333 0.000000000000000000 0.312720926495976048 0.000000000000000000
-6.197253660157027610 11.682013604754020619 0.000000000265816945 0.095602447940940194 0.000000000000000000
-7.265000733891104900 12.240547185975428235 0.000000000311139790 0.132425850369436438 0.000000000000000000
-6.831189872043253786 10.579383288173987765 0.000000000629557937 0.202400965424422374 21826.000000000000000000
-4.943138555068196993 13.643151834864303495 0.000000000799197479 0.467002050572590421 21225.000000000000000000
-6.093875368295353923 13.419443326282319617 0.000000000776997083 0.322012962979842832 17453.180957881559152156
-8.600411462559360842 13.258787181328532512 0.000000000469076185 0.429927252662008319 21826.000000000000000000
-6.575912384758042073 12.997049556969304973 0.000000000104602851 0.228032780494001691 0.000000000000000000
-5.862713010772257149 10.009569123245938727 0.000000000242053559 0.340131178057223593 21107.000000000000000000
-7.090612296299534378 13.052895881142200452 0.000000000840711542 0.244561662564280830 0.000000000000000000
-5.549976305673914645 9.829337523282879019 0.000000000068011007 0.395581956286295611 21769.000000000000000000
-7.684249300859724130 11.645306204833390851 0.000000000687956438 0.170150052321745349 21153.000000000000000000
-5.312688103956281438 13.472358881528645469 0.000000000399051020 0.400786052842978802 21494.000000000000000000
-6.576858675992374614 12.066703173874271826 0.000000000845373402 0.067569492668151807 21774.000000000000000000
-4.989572222771208487 9.931307068100668545 0.000000000644262706 0.443704554603271850 0.000000000000000000
-7.939037892941031238 13.977851978179717918 0.000000000539130226 0.453559255770423386 270.261400777612209367
-12.797166226769544295 3.168384582480882727 0.000000000000000000 0.262988091556923542 13313.000000000000000000
-14.136580252442255912 3.429391121740919868 0.000000000000000000 0.333607633282571203 13964.000000000000000000
-14.769033255057101073 5.851275699963518484 0.000000000000000000 0.418949859718494300 13358.000000000000000000
-10.992788308298640843 5.194487016316361228 0.000000000000000000 0.319569000807664150 0.000000000000000000
-11.383701910830003712 5.992655228399131673 0.000000000000000000 0.329569731131304611 13763.000000000000000000
-10.255366520731913127 4.310462299020555221 0.000000000000000000 0.442750553771758981 13847.000000000000000000
-10.357637849365007199 3.522573370791902914 0.000000000000000000 0.465836747194868173 0.000000000000000000
-13.460014223416788326 7.198313804690439355 0.000000000000000000 0.457255491062846298 13428.000000000000000000
-13.084609942491805867 4.673206904606679757 0.000000000000000000 0.066233101245514098 0.000000000000000000
-10.607305773636211299 5.078759917100607701 0.000000000000000000 0.381782162780407608 5142.467597032211415353
-14.153148021539866619 3.797445916683405365 0.000000000000000000 0.298717468714385981 0.000000000000000000
-11.707963922775443066 6.458235943050269157 0.000000000000000000 0.358070444541733091 13022.000000000000000000
-12.470462013301021997 4.531041314652889618 0.000000000000000000 0.050297617404682922 7448.638645997140883992
-10.732338420507993249 5.117443817948263529 0.000000000000000000 0.361266123984101406 0.000000000000000000
-12.236352363971333190 2.958196771367976652 0.000000000000000000 0.311248441345467197 0.000000000000000000
-12.603782490469020772 -2.503280793421369665 0.000000000000000000 0.378821303898571271 0.000000000000000000
-14.350039916747700630 -4.138390171433399267 0.000000000000000000 0.306444712521793727 0.000000000000000000
-11.704971261975774866 -6.802217447274663265 0.000000000000000000 0.411275821709198575 9135.000000000000000000
-12.667889325406820333 -2.053794325845657021 0.000000000000000000 0.456489981922670651 0.000000000000000000
-12.415637979836324334 -6.450006833989671229 0.000000000000000000 0.312713422961016896 7928.011783352452766849
-13.083064457829122418 -2.548488632547584842 0.000000000000000000 0.375937713516821148 0.000000000000000000
-13.125457782455905331 -6.401901344634284285 0.000000000000000000 0.308290335036938201 0.000000000000000000
-12.914611706512761913 -2.957770539966641632 0.000000000000000000 0.301253341571770084 9239.000000000000000000
-11.216478430268345790 -4.808163104618259354 0.000000000000000000 0.267725250406293469 0.000000000000000000
-14.746130879708054806 -3.282489178339542235 0.000000000000000000 0.435608748869096452 9070.000000000000000000
-14.330319176257864555 -2.496237548532503236 0.000000000000000000 0.475525976756248858 9328.000000000000000000
-12.087068845535739570 -6.648786835404818518 0.000000000000000000 0.360674040367269855 0.000000000000000000
-11.534650973312700728 -3.851140455325034129 0.000000000000000000 0.254793816535208106 0.000000000000000000
-15.099715260744945411 -3.679571429685538853 0.000000000000000000 0.459178316279665433 9479.000000000000000000
-14.621608073378824955 -3.857099270694313908 0.000000000000000000 0.368751416609152949 0.000000000000000000
-7.554559903763198747 -11.654091224689748785 0.000000000470896682 0.146984104383985487 0.000000000000000000
-7.479662709702244783 -12.948556328097168944 0.000000000181370101 0.255062801434042696 0.000000000000000000
-5.185633434805975384 -13.853447341790671388 0.000000000043529394 0.468154079223943531 0.000000000000000000
-8.390441626354959936 -12.369858500769193910 0.000000000745707717 0.317123269101683813 0.000000000000000000
-8.746314747886225760 -10.544519753016906805 0.000000000079241085 0.414514233395318898 0.000000000000000000
-8.926987499081931787 -10.495699278331144910 0.000000000150403638 0.446763956609793178 0.000000000000000000
-5.523612116218893142 -12.007021519444622371 0.000000000415958946 0.221422946808748106 0.000000000000000000
-6.642131865881251152 -12.240336198970613424 0.000000000908380074 0.093744563391810420 0.000000000000000000
-5.311798338867462554 -11.431687579889322492 0.000000000557012880 0.258251903002230998 0.000000000000000000
-7.722766268768054054 -10.092427204064295054 0.000000000549037070 0.337388521074377612 0.000000000000000000
-8.375050419270612778 -13.401116112796179536 0.000000000222280619 0.417210959308695062 0.000000000000000000
-8.177285358973255924 -11.109200675368008149 0.000000000055086780 0.279140848353815474 0.000000000000000000
-7.398752106613748047 -12.884021328854453614 0.000000000480703965 0.237899608829242354 0.000000000000000000
-5.509178962858670481 -10.627750138871071783 0.000000000463958730 0.291377241156153655 0.000000000000000000
-5.309192698417778189 -12.875139159358464980 0.000000000558649592 0.326122586170207840 0.000000000000000000
1.389118335117219383 -12.037731486484114285 0.000000000000000000 0.277645459978895559 0.000000000000000000
2.083720855016665929 -15.385979045087880834 0.000000000000000000 0.378275183199068887 20616.000000000000000000
0.464505516912908589 -12.083248228332301721 0.000000000000000000 0.395291391152237825 0.000000000000000000
3.847868555891080788 -13.041015846157584690 0.000000000000000000 0.272989147843161861 20479.000000000000000000
2.527374548816032185 -10.693810056442680789 0.000000000000000000 0.461175285547126668 20821.000000000000000000
1.631272459977692435 -11.638219246160455000 0.000000000000000000 0.317601953222573619 0.000000000000000000
1.612339730159338735 -11.958623759906467754 0.000000000000000000 0.267727130283133274 0.000000000000000000
1.331241865718314488 -12.941604598090542311 0.000000000000000000 0.188483803053240945 20758.000000000000000000
0.459530252067029021 -11.830044402799623882 0.000000000000000000 0.421972518182963718 20935.000000000000000000
2.360141732460404373 -15.372248566427476391 0.000000000000000000 0.373177493826313933 20739.000000000000000000
4.423902728643400728 -14.361295776461144413 0.000000000000000000 0.419408660280950418 20838.000000000000000000
2.672001132176408333 -11.000092013334436203 0.000000000000000000 0.409785728427071838 20302.000000000000000000
0.722549519751022884 -12.789202838568805021 0.000000000000000000 0.300101393858722476 0.000000000000000000
2.694012781964297165 -15.569308794881470348 0.000000000000000000 0.413184266103682585 2221.415879726654566184
4.351140375541326932 -13.112014514015051247 0.000000000000000000 0.360626250239204693 20544.000000000000000000
12.536483850254548145 -10.207713358092938449 0.000000000000000000 0.467117296048449038 0.000000000000000000
11.590104152130797033 -10.109978683446165348 0.000000000000000000 0.326192275501767048 22090.000000000000000000
11.570810232165577247 -7.344555168262107081 0.000000000000000000 0.329232167740332482 0.000000000000000000
12.673395414840149087 -10.041656117251177349 0.000000000000000000 0.473199315251384978 0.000000000000000000
11.392114947377619316 -9.737344915120136335 0.000000000000000000 0.255189945975375143 22621.000000000000000000
10.673443910179891247 -6.406838089249046853 0.000000000000000000 0.414541724618973983 9731.583557798154288321
12.738439496401831263 -9.216190552532420810 0.000000000000000000 0.435134380050353431 0.000000000000000000
12.695520079641623212 -9.155950675160644536 0.000000000000000000 0.425739606356348499 0.000000000000000000
9.809943873800351710 -7.824310289538915164 0.000000000000000000 0.187678951739789462 0.000000000000000000
8.979100500049808531 -6.808862728905491934 0.000000000000000000 0.418285874003179570 22296.000000000000000000
9.413419208025000984 -9.509501796865531986 0.000000000000000000 0.212588228203795304 22586.000000000000000000
9.511681116611246267 -7.025314030829951761 0.000000000000000000 0.336603129571767135 0.000000000000000000
7.822648331258927890 -8.017789827319461438 0.000000000000000000 0.466797973601516092 0.000000000000000000
8.631876434167704559 -8.771140363671769080 0.000000000000000000 0.304586780177563410 22447.000000000000000000
11.495810702768428868 -6.707011633905591630 0.000000000000000000 0.412280145731025671 22793.396870903379749507
14.430985731746783785 0.202171356518379586 0.000000000000000000 0.162445227531175629 7693.000000000000000000
14.482276341472244852 2.387203026488163626 0.000000000000000000 0.445629647141924989 7258.000000000000000000
12.917039432977704294 2.155760884485138362 0.000000000000000000 0.390247487299191786 5597.026791069500177400
16.140853805621606654 -0.440760624741244778 0.000000000000000000 0.469589322576687729 0.000000000000000000
11.256612705334481106 0.643877182863372366 0.000000000000000000 0.422332222320047912 7930.000000000000000000
15.876860084914751425 0.057200206451595917 0.000000000000000000 0.416476833513474920 0.000000000000000000
15.747441028780954753 -0.027573287400415043 0.000000000000000000 0.393322344923031419 0.000000000000000000
14.670466856038869352 0.858911739033872523 0.000000000000000000 0.250161075222888885 0.000000000000000000
12.316284011475064020 0.844211775270268028 0.000000000000000000 0.263014782983078621 7761.000000000000000000
16.105118630927105272 -0.619222155686889542 0.000000000000000000 0.469326796708721738 0.000000000000000000
11.987835257567644121 0.258724002529485408 0.000000000000000000 0.280499595538716506 7.824613726421348225
13.894480599586049863 1.352895220246204566 0.000000000000000000 0.242606535818413238 0.000000000000000000
13.570268656030007648 0.418421172667813868 0.000000000000000000 0.072697203991586024 7112.000000000000000000
15.199994010298574665 -1.926438615573627278 0.000000000000000000 0.445060632868371886 0.000000000000000000
12.364335497738670355 0.494241264284361936 0.000000000000000000 0.226653104798123117 7603.000000000000000000
