-0.944286752836441701 4.743756811898245829 0.000000000000000000 0.279214066916870840 10181.000000000000000000
-3.725674087194998485 5.116466826929519485 0.000000000000000000 0.340632000865666529 0.000000000000000000
-0.828564225481188910 6.070293054488391959 0.000000000000000000 0.464481512870485946 3765.193322249866014317
-1.964008495105604046 2.337194718508901925 0.000000000000000000 0.281517947953241754 6893.584465964563605667
-1.885100519587984857 6.334314395828998911 0.000000000000000000 0.440340540061425312 10929.000000000000000000
-3.854767052411201433 5.915235199986534020 0.000000000000000000 0.459148909211555489 10780.000000000000000000
-2.315013916791345494 1.301935027077306684 0.000000000000000000 0.461000893635292952 10306.000000000000000000
-1.955209702665119842 2.701553531972908484 0.000000000000000000 0.218481754873789819 10863.000000000000000000
-4.124470910410962254 3.193333331881096360 0.000000000000000000 0.354966190504716728 10817.000000000000000000
-1.157731759669064164 1.594013182641599968 0.000000000000000000 0.453606104956661593 10949.000000000000000000
-2.004334819232041820 2.723052609583775929 0.000000000000000000 0.212738045991558655 0.000000000000000000
-2.415009146355813208 1.697401625976711736 0.000000000000000000 0.391465410228783006 0.000000000000000000
-0.410121576234079466 3.386386264228094856 0.000000000000000000 0.341379087144586424 0.000000000000000000
-0.482381994611118525 5.325300508254357190 0.000000000000000000 0.406855090582699197 10711.000000000000000000
-3.598605379067299381 5.066696317355027901 0.000000000000000000 0.317673489404097509 0.000000000000000000
-1.748079109980615220 -3.114220300526927332 0.000000000000000000 0.165437971466657480 8793.000000000000000000
-4.218936813323142410 -2.280798031529620129 0.000000000000000000 0.451765086687714312 8124.000000000000000000
-0.476660100866074965 -3.940776462857852547 0.000000000000000000 0.317639523913608279 8463.000000000000000000
-2.180957383935977489 -1.554373175043785471 0.000000000000000000 0.416193071330234865 8975.000000000000000000
-0.817368630408371488 -2.664409209716078308 0.000000000000000000 0.337086688823514669 0.000000000000000000
-1.056815103495525321 -4.907113936170643065 0.000000000000000000 0.280474619872381703 445.407973671584329622
-2.916270724210530130 -6.277936598484020969 0.000000000000000000 0.440974098556628447 8625.000000000000000000
-3.779261441355333595 -3.121896288341434733 0.000000000000000000 0.303617271416740386 8665.000000000000000000
-1.742400920590779778 -3.330448583972117849 0.000000000000000000 0.135616697237304851 8739.000000000000000000
-4.050693846878800741 -2.002762201493452743 0.000000000000000000 0.463499050647833533 0.000000000000000000
-2.650648078594464607 -6.311949802247660557 0.000000000000000000 0.436830249240935553 2310.158092521900925931
-1.148799026718482441 -2.120251460417038825 0.000000000000000000 0.372156436424957271 8538.000000000000000000
-0.573588972325661195 -5.583559488095112933 0.000000000000000000 0.425612495523737810 8633.000000000000000000
-1.121561715553615501 -2.205975443877847830 0.000000000000000000 0.362007488706700631 8063.000000000000000000
-0.965089739690977000 -5.187657600426288873 0.000000000000000000 0.326402874102648122 8077.000000000000000000
4.073588578221112755 -0.611021425456967138 0.000000000000000000 0.134015647737172144 0.000000000000000000
4.778854975425243623 1.013008373102852744 0.000000000000000000 0.186035501777545853 9513.000000000000000000
4.227287483939300650 -0.605577807548735692 0.000000000000000000 0.119150059312770562 9058.000000000000000000
5.467214980273090497 -0.797501775289442105 0.000000000000000000 0.221137584611147797 8952.882422539145409246
5.239661825163684838 2.546636287079518723 0.000000000000000000 0.470320907690792878 0.000000000000000000
2.666040522228010801 1.853906055060233538 0.000000000000000000 0.466048070251604218 0.000000000000000000
5.243112890404161952 1.895086166765472813 0.000000000000000000 0.360726187959240552 9650.000000000000000000
3.312083559666027632 0.241651749590622439 0.000000000000000000 0.218515572028379540 0.000000000000000000
3.525784468629678425 -1.525332488624447702 0.000000000000000000 0.323370958411502873 4147.661960845255634922
3.237058337681330666 2.014715466409986444 0.000000000000000000 0.424418595683854649 0.000000000000000000
3.232939349702934617 0.185852653232493586 0.000000000000000000 0.230733467389620139 9271.000000000000000000
5.493275307819363462 -2.074334819948751907 0.000000000000000000 0.407520826942949499 9731.000000000000000000
5.135165207345137262 1.311665081513226472 0.000000000000000000 0.257901161972524384 3370.427786561526318110
3.102169047380415545 0.424811353891556387 0.000000000000000000 0.262753181155841786 9219.000000000000000000
3.284218180621062189 2.175308664663649250 0.000000000000000000 0.444564719026900090 0.000000000000000000
12.040335917741263216 7.341574451029429405 0.000000000354649493 0.390194431884592130 10015.000000000000000000
10.936793151366202892 7.535171132905108315 0.000000000738551156 0.237556004563539341 0.000000000000000000
9.731720647277978031 8.183276937133534545 0.000000000108895225 0.146979294078364603 0.000000000000000000
9.233893450702398198 8.093262152552862077 0.000000000687292411 0.228335781934545873 0.000000000000000000
9.274217172444004120 9.141147862310118555 0.000000000755833977 0.202230752668758396 0.000000000000000000
11.250730278925205496 7.159102551909436229 0.000000000449565245 0.322033606219708224 0.000000000000000000
10.359624575432150095 8.551480534368636199 0.000000000181994491 0.034623381051996902 0.000000000000000000
9.461187667298668558 8.469308472859312431 0.000000000908191383 0.164211118424481384 0.000000000000000000
8.050566367166435811 9.008786590131322214 0.000000000381985260 0.410724430381536665 10833.000000000000000000
10.704835487328567822 9.584172241158611882 0.000000000686871909 0.160279455018679101 10424.000000000000000000
11.389931893449109168 8.159990871840982152 0.000000000108844064 0.213490816541952177 0.000000000000000000
9.724533573873760162 9.176896020148289423 0.000000000512671259 0.133139219771253148 10935.000000000000000000
9.659567831148228478 8.726030493030547674 0.000000000437277107 0.121452950651413635 0.000000000000000000
9.960694850945049694 7.054689878793985791 0.000000000397305604 0.304707568548841790 0.000000000000000000
11.446775796997199492 10.988900528048583638 0.000000000706110951 0.438969321430741743 10902.000000000000000000
0.812200495269023270 14.952483069205538158 0.000000000000000000 0.403368690120665119 11571.000000000000000000
3.029450284797850834 12.642591525234019301 0.000000000000000000 0.167610524296091107 11596.000000000000000000
-0.202693762851063136 13.752134037430511881 0.000000000000000000 0.459995944060493933 0.000000000000000000
2.037059108654835526 15.601714702211772590 0.000000000000000000 0.417424117930730199 0.000000000000000000
3.736282457369946020 13.968527506750307410 0.000000000000000000 0.278547499308386237 11000.000000000000000000
1.380162055207418970 12.227635528599195780 0.000000000000000000 0.252668651100916075 11327.000000000000000000
1.825638212614745681 13.840741711833922878 0.000000000000000000 0.135323777716402471 0.000000000000000000
4.226831399356371755 15.155510365463559452 0.000000000000000000 0.474842775449017540 3513.365294965678458539
-0.049497070435488982 12.257640260649678154 0.000000000000000000 0.461999766463741302 0.000000000000000000
2.321395657200786555 11.777584948254499864 0.000000000000000000 0.266971591377655471 3507.459829573510432965
2.457767459281479550 11.298103430216881904 0.000000000000000000 0.353005739763160797 0.000000000000000000
1.070629750416486337 11.847488622292175364 0.000000000000000000 0.339919338798273685 11939.000000000000000000
2.782360126935554234 14.791574828185536816 0.000000000000000000 0.281285114943097103 11331.000000000000000000
3.268131091410085620 15.205635783926338078 0.000000000000000000 0.381558383400778633 0.000000000000000000
3.400826773805395664 11.143512548730631906 0.000000000000000000 0.424602311874367588 0.000000000000000000
-5.212202969318337153 11.895221717515301663 0.000000000117075117 0.272746012001934324 21446.000000000000000000
-4.860540210662097849 12.024664218778335467 0.000000000218900662 0.337997354263250005 0.000000000000000000
-8.358916660814056598 9.605198378009809801 0.000000000521094301 0.472699091989340903 21509.000000000000000000
-7.262875646539860952 13.284112486084504567 0.000000000016854845 0.292631872962333950 21536.000000000000000000
-6.396410035111168568 13.585856625858951929 0.000000000654094886 0.335987216372611808 0.000000000000000000
-8.464577713844583684 11.091661039505272157 0.000000000105621176 0.327995614436979055 0.000000000000000000
-5.912643794013940912 10.503779251013755314 0.000000000174095460 0.260116637545699358 21201.000000000000000000
-5.913586612988539493 11.722189892366673192 0.000000000465587157 0.145942316835725061 21209.000000000000000000
-8.316126272732113023 12.757031133306913517 0.000000000742248575 0.336657082290736931 13560.721014513863337925
-8.557360306672498140 13.404401708279571892 0.000000000881247978 0.440963175327064250 21347.000000000000000000
-6.140563280387002720 10.910306630312277321 0.000000000197040464 0.177828481213373468 21999.000000000000000000
-6.817527016626462100 10.038255505715870441 0.000000000406326470 0.297790194735771840 21722.000000000000000000
-6.591185912879938158 12.908166719957289814 0.000000000156186727 0.212081833072103543 21704.000000000000000000
-5.440953203892371803 10.281109263714913737 0.000000000585191362 0.343333650315449213 21367.000000000000000000
-6.003761403847814648 13.268452227083933792 0.000000000345951182 0.303683446218996234 21831.000000000000000000
-12.150413384655147198 5.136498205359193214 0.000000000000000000 0.128114020837728465 13914.000000000000000000
-11.315126061598995477 4.996903909835551438 0.000000000000000000 0.255291375782550289 7192.307973493874669657
-12.123191902841520928 7.124492848119196253 0.000000000000000000 0.438540830176282148 13568.000000000000000000
-11.591420238370039542 3.285277196508924469 0.000000000000000000 0.314517951775983406 13145.000000000000000000
-13.714976821231536164 2.452532335754574078 0.000000000000000000 0.425559486898935635 13932.000000000000000000
-12.343645562773101432 4.403686001341978518 0.000000000000000000 0.081400364541162867 0.000000000000000000
-11.122200207406494954 4.748877364227068298 0.000000000000000000 0.283838697460990053 12055.311659915851123515
-12.889871384006367450 2.524337592856527035 0.000000000000000000 0.375771661109292832 13953.000000000000000000
-13.570640783325925938 3.965911458965366787 0.000000000000000000 0.196655901801750604 13564.000000000000000000
-12.555655732494342303 3.711668377532240548 0.000000000000000000 0.170516844309033327 0.000000000000000000
-13.391204023823851443 5.611383842408696587 0.000000000000000000 0.202106639944996835 0.000000000000000000
-11.620478704702023265 5.537901837982306397 0.000000000000000000 0.245659886696640128 13942.000000000000000000
-14.849300050770334991 4.288338601310410780 0.000000000000000000 0.386727892987015931 0.000000000000000000
-10.279307880671305853 3.958548224090132184 0.000000000000000000 0.451648867488347872 0.000000000000000000
-12.743272697991654852 2.442162463581357024 0.000000000000000000 0.388878816561681717 0.000000000000000000
-11.096466277122390309 -4.919064181648868939 0.000000000000000000 0.291195768355543783 9669.000000000000000000
-15.108478362096096959 -4.838473820876711073 0.000000000000000000 0.427868598792564836 0.000000000000000000
-10.417390791079474965 -4.680542615340733015 0.000000000000000000 0.409184549071329340 9284.000000000000000000
-11.870211025271263594 -3.747346646837264483 0.000000000000000000 0.221091060879897439 9483.000000000000000000
-11.372864926041122757 -5.306201886696072734 0.000000000000000000 0.262754067999385776 0.000000000000000000
-14.618078044992641296 -3.863888497629986762 0.000000000000000000 0.367718708546453776 9189.000000000000000000
-10.675742642698002882 -3.287046467981244557 0.000000000000000000 0.436864141960242591 9893.000000000000000000
-11.919428398697256455 -3.328826917443139966 0.000000000000000000 0.274350553404187847 0.000000000000000000
-13.661243984005007945 -6.175199848696859561 0.000000000000000000 0.309877675382062512 9636.000000000000000000
-11.655641889696960689 -5.803166935868440568 0.000000000000000000 0.271878238056385169 9153.000000000000000000
-14.468371702054172445 -6.477890857943165770 0.000000000000000000 0.441650675800625003 9748.000000000000000000
-14.790299404683183937 -3.190873802035737228 0.000000000000000000 0.451030115008733690 9361.000000000000000000
-12.969565233858945774 -4.724752422696014698 0.000000000000000000 0.046416300012443422 9698.000000000000000000
-10.876108045857375117 -2.698368656652208930 0.000000000000000000 0.475980610681598693 0.000000000000000000
-12.267613626282019013 -4.921346760693243283 0.000000000000000000 0.089946673941717958 9964.000000000000000000
-5.487918298844397746 -10.966811538166323814 0.000000000018458544 0.258744311847333042 0.000000000000000000
-6.529031177412631948 -13.771842666189096249 0.000000000282105696 0.365289140969886073 0.000000000000000000
-5.228323371428160726 -13.007764265144034610 0.000000000120130812 0.352235494132165095 0.000000000000000000
-4.567779727535190126 -11.909450530573387539 0.000000000545802756 0.387264969401376336 0.000000000000000000
-4.931818352725131582 -13.611612865282204154 0.000000000811596676 0.464327602560290376 0.000000000000000000
-7.091759032327265011 -11.056908897142186277 0.000000000188448710 0.133461458603780753 0.000000000000000000
-8.822097529681258266 -13.234823447996381773 0.000000000814075874 0.458669195239539917 0.000000000000000000
-7.382586452945290034 -13.920913318615308896 0.000000000387140010 0.406393895969836438 0.000000000000000000
-6.961495077570925893 -10.751574633825022431 0.000000000343230505 0.175939613507942932 0.000000000000000000
-7.720027892269439640 -13.552473244559319454 0.000000000301193533 0.368937836821043308 0.000000000000000000
-7.488406047862777193 -12.088195235856835197 0.000000000037023057 0.149764660429746344 0.000000000000000000
-8.297268452162466446 -12.029213236575587942 0.000000000045781431 0.284259512251448354 0.000000000000000000
-6.729231930366070813 -9.678255406349656198 0.000000000703886496 0.361143834844061762 0.000000000000000000
-5.448166872859831145 -9.940437490658460717 0.000000000536614192 0.389470059849507833 0.000000000000000000
-5.872584986879171076 -9.722078544838200997 0.000000000166488530 0.385450172935510871 0.000000000000000000
1.961859902809243383 -14.728155417583208120 0.000000000000000000 0.266887953683680068 0.000000000000000000
0.447863991633013436 -12.981606486923663368 0.000000000000000000 0.340295591607416792 20438.000000000000000000
1.906160075608168025 -15.108868550273674813 0.000000000000000000 0.335107742090483218 0.000000000000000000
2.614669285768489448 -12.595274827818499830 0.000000000000000000 0.131222993311845171 0.000000000000000000
0.850132351412495879 -14.856440134879845161 0.000000000000000000 0.386215811617916793 7638.402686056326274411
3.790671837710775538 -12.054345654222819562 0.000000000000000000 0.338654928847979042 0.000000000000000000
4.276959214521824926 -13.085447110056417586 0.000000000000000000 0.347883091506087760 0.000000000000000000
4.575021842801017868 -13.780927975265177210 0.000000000000000000 0.409275486693433999 0.000000000000000000
0.119554863676728657 -14.211798443355103672 0.000000000000000000 0.428425078216383648 21000.000000000000000000
1.754114504012576958 -11.367230000835380821 0.000000000000000000 0.355463541888809520 20555.000000000000000000
2.680051649721210349 -15.817942218759309725 0.000000000000000000 0.456619122878038741 0.000000000000000000
3.155443720863316148 -13.698430506138310037 0.000000000000000000 0.164476408863131862 20301.000000000000000000
3.722692633429377285 -14.506547723114882942 0.000000000000000000 0.330345204415494753 0.000000000000000000
4.476153129255609819 -13.688178184242655533 0.000000000000000000 0.388664526610757621 0.000000000000000000
2.925895380495621811 -13.026490377115898411 0.000000000000000000 0.114457759840867285 0.000000000000000000
8.131562497210618190 -8.685708893428888189 0.000000000000000000 0.393872991999257238 2949.487863366700821643
9.932299666773444002 -7.296571879356660517 0.000000000000000000 0.264859056124670089 0.000000000000000000
10.658917403888580111 -9.013700509575231834 0.000000000000000000 0.073404495282210172 0.000000000000000000
10.442091819371704275 -11.253053521254010150 0.000000000000000000 0.439531907223795038 22379.000000000000000000
11.062486227022574781 -7.163487007253763750 0.000000000000000000 0.305888947899702168 22493.000000000000000000
12.236522562833103578 -10.522703122311886759 0.000000000000000000 0.458693999838657940 5089.121197443343589839
10.118159447932342232 -9.533424721237569344 0.000000000000000000 0.143368351501424546 0.000000000000000000
11.101808570819647670 -10.928690553187051293 0.000000000000000000 0.405276094509475437 0.000000000000000000
9.678553592855610788 -7.902913795410487552 0.000000000000000000 0.189549571263895156 22126.000000000000000000
8.862569460651599229 -9.140140689464329782 0.000000000000000000 0.272309417124570075 0.000000000000000000
11.043421176322400612 -9.755188137469387399 0.000000000000000000 0.216368010346429662 22879.000000000000000000
8.367519531636263608 -9.708676448021032357 0.000000000000000000 0.390141495988834686 22597.000000000000000000
9.273375764952483280 -10.535306955809593532 0.000000000000000000 0.367039297793583019 22705.000000000000000000
9.806584942662933457 -11.140374726715773335 0.000000000000000000 0.430477363712280792 22909.000000000000000000
10.881899689985795376 -10.788702975957425778 0.000000000000000000 0.370300725113283880 22956.000000000000000000
12.917908422704540428 1.872836429456100849 0.000000000000000000 0.343432744211112140 7248.000000000000000000
12.826964948188697591 -0.811361308495353151 0.000000000000000000 0.189827290735918364 7217.000000000000000000
13.146886601634347969 0.486296941100521518 0.000000000000000000 0.109782828953400982 0.000000000000000000
12.837266983947758447 2.026708272257792931 0.000000000000000000 0.373429174416523957 7316.000000000000000000
13.560329502066437612 -0.226864277043983681 0.000000000000000000 0.039465072941478621 7581.000000000000000000
14.897973307679494681 -1.220173960306614180 0.000000000000000000 0.320865569921955196 7083.000000000000000000
15.306317855423390739 0.769339892226513666 0.000000000000000000 0.341544944434559017 7842.000000000000000000
12.553207487532453968 1.265477136547626058 0.000000000000000000 0.281599084684165446 0.000000000000000000
13.630206670114624501 0.926838770743599438 0.000000000000000000 0.161379775347132493 0.000000000000000000
15.258138660268443232 -0.091069202283110467 0.000000000000000000 0.306483744054977914 7276.000000000000000000
11.464103707647572250 -0.004995464156540990 0.000000000000000000 0.370214502767580778 0.000000000000000000
11.633453876883979916 1.010828166324525323 0.000000000000000000 0.382800360902041448 0.000000000000000000
15.884404877785463839 1.094044594594673958 0.000000000000000000 0.458303546104882387 0.000000000000000000
13.917567019241111836 -0.664788586893013012 0.000000000000000000 0.133254637341215482 7607.000000000000000000
13.744973985239020919 -0.937773995468879296 0.000000000000000000 0.166467443105727697 7340.000000000000000000
