0.021852344538098947 3.943237291372748921 0.000000000000000000 0.406454077159772942 0.000000000000000000
-2.113055171540895394 5.484451698547142762 0.000000000000000000 0.285105185216617985 10250.000000000000000000
-2.816168937145778983 1.903900387707660569 0.000000000000000000 0.367359476678496499 10196.000000000000000000
-3.796397938240152925 6.023243467795785122 0.000000000000000000 0.468225709346083985 10379.000000000000000000
-4.018812141613133271 4.626465587502324617 0.000000000000000000 0.340031370559666535 10133.000000000000000000
-4.511024776574027229 2.876327644311039933 0.000000000000000000 0.440134507575471623 7872.895743148488691077
-2.715129169120413799 4.204711743679261815 0.000000000000000000 0.098834767750527963 0.000000000000000000
-2.412551954489076333 3.015585473960225915 0.000000000000000000 0.158159716234281572 10596.000000000000000000
-2.761149650486115270 4.795048115645486497 0.000000000000000000 0.184372749845505030 0.000000000000000000
-0.374922358251070731 3.647666391110397477 0.000000000000000000 0.338410985662055408 10462.000000000000000000
-1.625056689308767455 3.866460228631845908 0.000000000000000000 0.112926990093323021 10452.000000000000000000
-3.868326155143514633 2.119936782066762504 0.000000000000000000 0.426120539074913207 10401.000000000000000000
-2.614878579409695813 3.796382309366471919 0.000000000000000000 0.065725874893612063 10351.000000000000000000
-3.991237841800416852 2.027247513467401063 0.000000000000000000 0.453073362127262180 0.000000000000000000
-3.789157820796652310 4.735106987659146505 0.000000000000000000 0.311540919638269242 10793.000000000000000000
-0.319176002881446930 -2.830330391286012048 0.000000000000000000 0.393794009235713394 8033.000000000000000000
-1.728022633306644629 -5.904422005740895152 0.000000000000000000 0.370990460491443408 8845.000000000000000000
-4.229229719392746389 -3.880937603246040979 0.000000000000000000 0.351279763671736744 8656.000000000000000000
-1.950556458899714407 -4.222764459004642923 0.000000000000000000 0.080719685626842896 0.000000000000000000
-0.502257631116956205 -2.565142915387951916 0.000000000000000000 0.391994783204814123 1264.426738446992430909
-3.332078303386909912 -3.353610490753063278 0.000000000000000000 0.213902318185909213 0.000000000000000000
-2.820020668404062736 -6.161422284264170379 0.000000000000000000 0.416581602424482444 8100.000000000000000000
-2.434230649056329465 -6.496362764270259049 0.000000000000000000 0.465120430661714046 8474.000000000000000000
-3.720039481716995944 -2.783850165298040302 0.000000000000000000 0.326565441505050236 8817.000000000000000000
-2.870722314301803912 -2.463331009267599292 0.000000000000000000 0.276505235280981088 0.000000000000000000
-0.563798597140232394 -2.823738620410512823 0.000000000000000000 0.356776202836816658 8093.000000000000000000
-3.579229866760465395 -5.642077782580558143 0.000000000000000000 0.390704235084366525 0.000000000000000000
-2.766973304633648656 -2.379119198899368293 0.000000000000000000 0.283916400752828424 1362.790317637608268342
-2.356406686303258891 -4.932912925795937653 0.000000000000000000 0.186515148169870304 960.346395871095523944
-1.044689501787924302 -3.480021620017754280 0.000000000000000000 0.228291778298960524 0.000000000000000000
2.625762897326027634 -1.833806946415164507 0.000000000000000000 0.468657507724184574 0.000000000000000000
3.418561322452098761 0.103064481331157712 0.000000000000000000 0.196131002330113768 0.000000000000000000
6.640424605072825059 0.629742738257602519 0.000000000000000000 0.395060649526572050 9368.000000000000000000
3.455239892901423637 1.208135335826088230 0.000000000000000000 0.285932542072278362 9723.000000000000000000
2.430747436147107532 -0.480477099219936976 0.000000000000000000 0.381019196427573481 9463.000000000000000000
3.048340443776400566 1.783267591221267434 0.000000000000000000 0.410858096665487338 0.000000000000000000
5.888846253922756624 1.490864211488693192 0.000000000000000000 0.360609883972178691 9145.000000000000000000
5.170144437487160793 1.741534217352474601 0.000000000000000000 0.330632699244464201 0.000000000000000000
4.277311026279761563 2.488386562951213410 0.000000000000000000 0.444175504708820224 0.000000000000000000
4.054951375200011476 2.349982755529064438 0.000000000000000000 0.425579303671038800 9950.000000000000000000
1.931824625806717322 0.120641541803462760 0.000000000000000000 0.460711603851623130 9504.000000000000000000
5.661228840519280325 -1.893606632662131251 0.000000000000000000 0.393425358306717099 9926.000000000000000000
5.930704912092978454 -0.911993736053435922 0.000000000000000000 0.299893970264272891 8188.119297646600898588
5.551235092929287518 0.923113311779086398 0.000000000000000000 0.247027332203945016 410.049354986453295169
3.138573553815850570 -0.776837935204511054 0.000000000000000000 0.281409003073929853 0.000000000000000000
11.092838798911435205 9.870314210126112542 0.000000000427684552 0.237936715285242767 10804.000000000000000000
9.905916346678113271 11.079407494569357695 0.000000000099986326 0.416337097922162225 0.000000000000000000
11.540949548836552552 7.191058102145277076 0.000000000499458572 0.346422614107237126 10322.000000000000000000
10.996179790247609276 9.358099740370601438 0.000000000056375233 0.158356571507850596 10109.000000000000000000
10.494956474269100610 10.104215316752709342 0.000000000837596702 0.239341653411120209 10532.000000000000000000
9.673223860975491917 9.534586588245639760 0.000000000628890644 0.182249906867014033 0.000000000000000000
9.706408005169619102 11.298068094338102441 0.000000000534246950 0.461610399266780602 10362.000000000000000000
12.212730166789416586 7.340798526113327505 0.000000000135180267 0.414537092928050410 0.000000000000000000
12.741828603423394739 9.169953345205351880 0.000000000491941658 0.434285156595517807 10541.000000000000000000
11.059794154571859437 10.910309480995454834 0.000000000374533822 0.399806579042017052 0.000000000000000000
8.005988380491631418 9.412490437102334795 0.000000000911428689 0.432207105596565333 10846.000000000000000000
9.903389172498410886 9.499610185290150000 0.000000000586413195 0.153192436450909991 0.000000000000000000
9.733646515955237888 6.598276491911311936 0.000000000633340342 0.392488277920362560 0.000000000000000000
10.604568279155355270 7.291593880849663201 0.000000000437928103 0.259567779537189958 10486.000000000000000000
9.368648680639264370 10.858887970086176011 0.000000000193332204 0.409157184151506703 0.000000000000000000
0.102337097543309302 11.953196172903790995 0.000000000000000000 0.462408296626964699 0.000000000000000000
1.073648945865218085 10.980124989350111164 0.000000000000000000 0.466723223510619345 0.000000000000000000
3.261292307142106939 14.777965420102374239 0.000000000000000000 0.314175371411535620 0.000000000000000000
3.632426566670914792 10.979063402988611386 0.000000000000000000 0.469807048049058429 11905.000000000000000000
4.439216618703955675 13.506069967862851300 0.000000000000000000 0.377341035898686561 11992.000000000000000000
0.290558321571114386 14.002091553468005714 0.000000000000000000 0.386485187620860537 11133.000000000000000000
2.308818283546290040 12.465539020282928817 0.000000000000000000 0.144528427601779863 11004.000000000000000000
-0.159812401735231729 13.420594294156694914 0.000000000000000000 0.445229676584809109 11421.000000000000000000
1.688855110375660828 11.189415791635441977 0.000000000000000000 0.389153572016407490 11174.000000000000000000
3.328038274747274095 10.887483761812296379 0.000000000000000000 0.460664077610073275 0.000000000000000000
4.381764312114259319 13.071853085423992269 0.000000000000000000 0.366706586359318409 0.000000000000000000
2.231742671943517831 12.134789051281792638 0.000000000000000000 0.204181612178685051 0.000000000000000000
1.251159518404415083 13.912466756214040942 0.000000000000000000 0.223818760045527726 11957.000000000000000000
0.721366106599797829 15.142193487740478020 0.000000000000000000 0.439396275964240968 11918.000000000000000000
3.383574776437398235 12.686913579876874181 0.000000000000000000 0.214456444881830466 11478.000000000000000000
-4.100659908020123368 11.445416660546266385 0.000000000607998095 0.471514867234905044 0.000000000000000000
-5.111698892389685334 10.420792947198942002 0.000000000924555789 0.369273334307666290 0.000000000000000000
-5.775052827347587403 12.071491332743043756 0.000000000355519394 0.181723080375970458 19891.551548826133512193
-8.600736744555437241 10.261028518018953548 0.000000000884201934 0.420901680599120198 0.000000000000000000
-5.905082390564551531 9.348559176565851558 0.000000000513734520 0.444962669545907019 21831.000000000000000000
-5.263049046310643853 13.710441419933225404 0.000000000291723673 0.439545654260029006 0.000000000000000000
-8.689868958024565160 10.770051161047742738 0.000000000750738014 0.387013218175179086 0.000000000000000000
-7.477081566079451846 11.490026997418201660 0.000000000442146088 0.138752770600045205 0.000000000000000000
-5.162321398000421446 12.761792932393730027 0.000000000071532976 0.335404950495162557 0.000000000000000000
-7.055346616271660487 14.380550792112817504 0.000000000009762503 0.474474896273303304 21363.000000000000000000
-5.588372758868576540 13.990342485233334457 0.000000000469808410 0.451207577038706509 0.000000000000000000
-7.409974875392101978 12.410516834491668092 0.000000000154558391 0.171935805574454287 21744.000000000000000000
-6.997306704050263448 12.924776761459751739 0.000000000659920152 0.218594149947767186 12493.545781624656228814
-7.573414217627261635 12.006451811646444483 0.000000000217302819 0.158306368069799974 11377.352586584085656796
-6.971067671971561630 10.453085785899682847 0.000000000050739001 0.227957132637438664 0.000000000000000000
-14.301188657951488636 3.356765402998644454 0.000000000000000000 0.364169096597105613 0.000000000000000000
-13.207813091188159049 6.517208740846530013 0.000000000000000000 0.331328263763790209 0.000000000000000000
-12.102326997232816908 2.483806210753173982 0.000000000000000000 0.397278194445912225 0.000000000000000000
-12.054317868264384117 6.016068642729202054 0.000000000000000000 0.260786699043557557 13647.000000000000000000
-10.685493727579782330 3.880409846078125558 0.000000000000000000 0.387322816755805543 0.000000000000000000
-10.383012873786190866 5.339452739535597736 0.000000000000000000 0.431040388605960334 0.000000000000000000
-14.790721731467437294 3.095897040596057526 0.000000000000000000 0.460676111437623326 13993.000000000000000000
-11.636758695609866976 7.090493651182839585 0.000000000000000000 0.461929539155901403 0.000000000000000000
-15.075620387295545655 4.968470760605153025 0.000000000000000000 0.424093067063721907 13186.000000000000000000
-13.197698139491427227 5.634551718409075427 0.000000000000000000 0.187187095949173710 13071.000000000000000000
-12.197646739031407392 4.154428701520410883 0.000000000000000000 0.129488213709330557 905.215073716240112844
-10.958848631417408725 4.414828193294885850 0.000000000000000000 0.316055921022854958 602.169120988679082984
-11.018693764402769375 4.163727153130719394 0.000000000000000000 0.315092129795949860 0.000000000000000000
-13.282485426018057595 3.923423336884501289 0.000000000000000000 0.165854323371924822 0.000000000000000000
-13.964821395280258898 5.129650164611760488 0.000000000000000000 0.236445074011015943 10574.270085077931071282
-12.927380309497221944 -6.663528566910404294 0.000000000000000000 0.347093473303964450 0.000000000000000000
-12.514241517782750179 -6.747054864187996159 0.000000000000000000 0.361533275605086912 9458.000000000000000000
-10.455491521200936944 -5.921104894662510887 0.000000000000000000 0.457133868272426691 0.000000000000000000
-13.583022002781273585 -2.524847288797599898 0.000000000000000000 0.404716576774522496 5733.516903544586966746
-14.704225418605238573 -3.358441265079234572 0.000000000000000000 0.422165570178511418 0.000000000000000000
-12.856124271700695161 -3.228007713699530878 0.000000000000000000 0.253451997637396120 9305.000000000000000000
-12.018542913852733989 -5.304340238542238239 0.000000000000000000 0.164918151153791881 9546.000000000000000000
-12.256840989925658292 -3.495066673920297795 0.000000000000000000 0.221457639927853361 0.000000000000000000
-12.128116509457585792 -3.182847769698019302 0.000000000000000000 0.280483358439298558 8213.954447129293839680
-14.091237238372292140 -5.810613834600414584 0.000000000000000000 0.314442798684877733 9271.000000000000000000
-11.719460472276358232 -3.591666385629314728 0.000000000000000000 0.259282605542389188 9724.000000000000000000
-14.642216928807252785 -2.919339794617843875 0.000000000000000000 0.459415353854360553 0.000000000000000000
-13.403670489179534187 -7.143673367945866381 0.000000000000000000 0.445358492700762498 488.243180451832358813
-12.928898570020473713 -6.592803127176638078 0.000000000000000000 0.334909897527242151 9086.000000000000000000
-11.102299113351365989 -6.116374315631733616 0.000000000000000000 0.381190182452432580 9632.000000000000000000
-8.490165123258069713 -13.668819299763443453 0.000000000261010675 0.465629215901408877 0.000000000000000000
-8.024721526362515789 -10.195411405332560406 0.000000000823976339 0.354309838569084934 0.000000000000000000
-9.383330920701661526 -11.940304886338784840 0.000000000669867797 0.474070923055635474 0.000000000000000000
-5.824343974455378437 -11.236627848406749663 0.000000000017891423 0.182992723468221596 0.000000000000000000
-7.292420733425933221 -11.063241123833272184 0.000000000293151744 0.152989463563433209 0.000000000000000000
-4.696393211037146465 -11.333040119563015935 0.000000000030076645 0.369250699675639060 0.000000000000000000
-7.201900397455790248 -11.511911405785937745 0.000000000181746712 0.091326787274108395 0.000000000000000000
-6.085071328782893474 -12.798600117079924843 0.000000000926150024 0.223382611580880408 0.000000000000000000
-5.906118329413343027 -10.647076934006515003 0.000000000623511594 0.240252889753469506 0.000000000000000000
-6.453980610804102902 -12.612250796352009630 0.000000000161346679 0.165819431005897910 0.000000000000000000
-5.327239521172705494 -9.659455283803806580 0.000000000375925301 0.442604027011348489 0.000000000000000000
-6.911380551634183078 -10.818168611481379315 0.000000000132926271 0.162521198949715950 0.000000000000000000
-8.364476877753014961 -11.316835541703680335 0.000000000715148823 0.299426911236146620 0.000000000000000000
-8.888247469055590599 -10.538550295301567061 0.000000000919380603 0.437082041667573140 0.000000000000000000
-4.573255541087492659 -12.676784376645976238 0.000000000925634410 0.420649488639437574 0.000000000000000000
2.323247461873422459 -13.402968626906847760 0.000000000000000000 0.022570212381387001 20484.000000000000000000
1.139743421750422758 -13.910614266213400469 0.000000000000000000 0.241001471862672956 20643.000000000000000000
2.080097759260017387 -13.428924722906943501 0.000000000000000000 0.052804338555605734 0.000000000000000000
3.165834152031451687 -12.498306296864337028 0.000000000000000000 0.202889151367044301 0.000000000000000000
0.280728837353106275 -14.960214255441687925 0.000000000000000000 0.473172600772869101 20812.000000000000000000
1.124254925204662303 -15.160677862203861821 0.000000000000000000 0.398912820094337262 20111.000000000000000000
2.484163233541288651 -11.805338566988556437 0.000000000000000000 0.263361234108620557 20888.000000000000000000
3.645883594311056353 -14.774449403735832931 0.000000000000000000 0.354525438579318730 20330.000000000000000000
2.617484913368083088 -15.652883758143120829 0.000000000000000000 0.426070916811721101 20584.000000000000000000
3.061197076806298600 -14.337846228586725417 0.000000000000000000 0.229060766326736442 20677.000000000000000000
0.604883166782645643 -11.707136963468929736 0.000000000000000000 0.416154900725036414 20420.000000000000000000
1.077326987456839635 -11.596533412881747438 0.000000000000000000 0.373854697838496119 20977.000000000000000000
4.234037085519359422 -14.112876357164367391 0.000000000000000000 0.369806099196499594 0.000000000000000000
0.084408093544839649 -13.597235280869021778 0.000000000000000000 0.405020776230495483 20143.000000000000000000
0.691279351414355481 -14.440444927218797133 0.000000000000000000 0.358787148757786056 20507.000000000000000000
11.196561413490416115 -6.560509159137541957 0.000000000000000000 0.412281862386141396 22244.000000000000000000
8.512105725112540711 -10.467084524056508243 0.000000000000000000 0.444470214461728408 22789.000000000000000000
12.168511086033591440 -7.126300219046284745 0.000000000000000000 0.431858036437134052 0.000000000000000000
8.876348212443238239 -6.769010356331446765 0.000000000000000000 0.434786869901692297 0.000000000000000000
9.877318554618678803 -11.320547513884186230 0.000000000000000000 0.458876111674640597 22615.000000000000000000
8.123052215754805516 -7.607920856121658026 0.000000000000000000 0.443198386493942664 0.000000000000000000
11.462422202432536622 -10.612059827300321047 0.000000000000000000 0.382646052945731119 22226.000000000000000000
12.156838356697708292 -7.032507200707716954 0.000000000000000000 0.441266280384572496 21652.027053968464315403
7.911727814640856060 -9.547999779299754408 0.000000000000000000 0.455202545599274144 22110.000000000000000000
10.237192650870358790 -7.460916188179469444 0.000000000000000000 0.226474959810058385 0.000000000000000000
11.155122083851136239 -7.806482542868729446 0.000000000000000000 0.219686802127422059 0.000000000000000000
11.233778197642816821 -10.837511460985872702 0.000000000000000000 0.398980859682871114 22505.000000000000000000
10.854022872261733568 -9.813368771983604688 0.000000000000000000 0.207888042309929744 22130.000000000000000000
11.254678094141935318 -7.104928686024049256 0.000000000000000000 0.330605428974506788 22936.000000000000000000
12.551775483947626100 -9.530174988496808552 0.000000000000000000 0.417128636882680204 19899.365913408706546761
11.497259385976319024 -1.020462636559218428 0.000000000000000000 0.405264631794765628 621.431176212688797023
13.419112885701984794 -0.085045528904659468 0.000000000000000000 0.026269799821387326 0.000000000000000000
11.998545648478211589 -1.372868884137396384 0.000000000000000000 0.364078085892300451 0.000000000000000000
11.356696497220376330 -0.787179736342890846 0.000000000000000000 0.412751283877162978 7052.000000000000000000
14.919891821225851558 1.217719360168120435 0.000000000000000000 0.323537994222774905 0.000000000000000000
11.408764925852921124 -0.728145234141355013 0.000000000000000000 0.400639238081846427 7329.000000000000000000
12.066771949651256435 -1.335726676128457413 0.000000000000000000 0.350657013267608231 7268.000000000000000000
11.528772070456293264 -0.979567765090331499 0.000000000000000000 0.397114621028872239 0.000000000000000000
12.662692113638611247 -1.766675000439646759 0.000000000000000000 0.344362068441493085 6872.804289626020363357
12.938398269978495847 1.863763450443045588 0.000000000000000000 0.340761989847280400 7175.000000000000000000
12.701615079972684796 -1.865108184081657461 0.000000000000000000 0.356676083495429730 7258.000000000000000000
13.351974160051188534 1.854871188851265229 0.000000000000000000 0.323333543793852707 0.000000000000000000
14.050046684439976730 2.176166717925682281 0.000000000000000000 0.387480499945284440 0.000000000000000000
12.298515125323158159 -0.605850925471404733 0.000000000000000000 0.245232429963312709 7699.000000000000000000
11.860891133620960147 0.435224627436545830 0.000000000000000000 0.308908548936739191 7861.000000000000000000
