-1.795869192669302894 3.450899440424655573 0.000000000000000000 0.113633872825476129 0.000000000000000000
-4.063606383904909691 3.148102504525666312 0.000000000000000000 0.347800602323755037 0.000000000000000000
-3.750928599847042744 5.292729154004556236 0.000000000000000000 0.364798112811513087 0.000000000000000000
-3.681332555732787171 1.957157743538904704 0.000000000000000000 0.427405881409550381 7718.328275277840475610
-0.754705708778995232 5.036804315763916406 0.000000000000000000 0.336939949306230391 0.000000000000000000
-0.142260075121412838 5.254821325700389956 0.000000000000000000 0.448673531274606185 10684.000000000000000000
-2.153938180392154234 4.283426375683004217 0.000000000000000000 0.072459646620440382 0.000000000000000000
-0.138006364874080273 5.423768158603055056 0.000000000000000000 0.466282238124242798 4931.139886531639604073
-1.537205350106575663 1.936835719481413642 0.000000000000000000 0.370899653464404844 0.000000000000000000
-3.625188233234559299 2.911402662188957269 0.000000000000000000 0.299503575585992610 10376.000000000000000000
-1.345999673822954046 2.725959240520970273 0.000000000000000000 0.263518737629034050 10239.000000000000000000
-2.837049301304393811 5.619393859268844160 0.000000000000000000 0.324699940761065620 3630.437362389149257069
0.364336368340009265 3.610515899790029959 0.000000000000000000 0.470015895161372266 10927.000000000000000000
-1.593193652007320438 2.542424997796904229 0.000000000000000000 0.267730787911866830 10759.000000000000000000
-3.777570249764815369 4.280336389113060136 0.000000000000000000 0.279547081035141420 10815.000000000000000000
-1.675667459829017769 -2.819198226580667654 0.000000000000000000 0.217189094852530740 8049.000000000000000000
-2.811756533837952876 -2.530023576108263228 0.000000000000000000 0.261500021574487485 3479.385714056056258414
-1.042120607508790764 -4.352607532217248831 0.000000000000000000 0.231867430881705527 0.000000000000000000
-3.971534119967301546 -2.142234803890216366 0.000000000000000000 0.435863367468479868 5536.150625785746342444
-0.797937652648400775 -3.213432550202043991 0.000000000000000000 0.286826310978929633 0.000000000000000000
-2.932750469801484794 -3.657087984665072788 0.000000000000000000 0.127183854010651493 8561.000000000000000000
-1.211908739171354998 -5.911631215358588598 0.000000000000000000 0.405500559791697746 0.000000000000000000
-4.399088255227237454 -3.956720666475486592 0.000000000000000000 0.381727865908836617 0.000000000000000000
-3.527131485286238988 -2.705507347487969838 0.000000000000000000 0.309204081451749657 8745.000000000000000000
-4.275614925612851280 -4.517036583072508549 0.000000000000000000 0.376440576061698229 1787.054817292894995262
-3.681252048820775169 -2.366899725291334189 0.000000000000000000 0.371239029529019771 1134.826898476612541344
0.259792718599148376 -3.742557667804183197 0.000000000000000000 0.449510703163835124 8376.000000000000000000
-3.325857796330665916 -4.175816599815511232 0.000000000000000000 0.196959715519039874 8659.000000000000000000
-2.450394238174015360 -5.605387435415518205 0.000000000000000000 0.307343808299397225 8743.000000000000000000
-2.670791381664289865 -3.095369131180154998 0.000000000000000000 0.159490332954459135 7325.737084056851017522
6.397392571626034474 0.706575544230551911 0.000000000000000000 0.358276770673668643 9466.000000000000000000
4.061743566695349195 1.730423912205322434 0.000000000000000000 0.317935173254489944 0.000000000000000000
6.089293452869362966 -0.701945402929801676 0.000000000000000000 0.307121698784501906 9317.000000000000000000
4.484293304515447609 1.998561057322414403 0.000000000000000000 0.355130439262435538 9517.000000000000000000
3.837458179051528084 1.047056375810667683 0.000000000000000000 0.221783075528800250 9343.000000000000000000
4.908182032815871843 -0.576672625329303967 0.000000000000000000 0.124193427208707297 0.000000000000000000
4.544715516646972375 -1.505019388818937376 0.000000000000000000 0.267453070874157484 0.000000000000000000
5.706514421265938886 0.330949017576021853 0.000000000000000000 0.220480173255677675 0.000000000000000000
4.330347033247158528 0.696710310459700666 0.000000000000000000 0.128068931783898637 7317.214184661903345841
6.948227863351494449 0.015066287387984633 0.000000000000000000 0.433801206309443521 9647.000000000000000000
3.419929018477308347 1.239914726421449398 0.000000000000000000 0.294335235148647290 9427.000000000000000000
5.010482299759412506 0.832762047755004620 0.000000000000000000 0.172343053204156077 9298.000000000000000000
3.763498305369491703 -1.211202766573572953 0.000000000000000000 0.253489446972562094 0.000000000000000000
5.241133091999738980 -0.671120023608719918 0.000000000000000000 0.176042557981969605 0.000000000000000000
2.902609533061196956 -0.743984804287549317 0.000000000000000000 0.316232641052251962 9542.000000000000000000
11.865984840360615848 7.063217290028346085 0.000000000845368491 0.400927828153943400 10581.000000000000000000
8.070661132927016368 10.130284751040415259 0.000000000728640212 0.472018845618792038 10403.000000000000000000
9.455957415629177021 6.485878834571911611 0.000000000432365554 0.427323632416635180 10224.000000000000000000
9.980492649078925638 10.619493674938558669 0.000000000441912499 0.334557141755141507 10084.000000000000000000
11.623221448580014936 6.963946014090543812 0.000000000666215518 0.386915207343130896 7201.651703523109972593
9.561147626076339279 7.886750329099307955 0.000000000757969097 0.205337728444942635 0.000000000000000000
8.558929640885866164 10.106400087268992749 0.000000000684645935 0.397331258212353156 10518.000000000000000000
9.714481191906903845 10.595115226875249093 0.000000000435133514 0.342866510472652097 10791.000000000000000000
9.323400673401568639 8.725583417431080235 0.000000000133972066 0.181352879852589799 0.000000000000000000
11.374315614202469504 10.152417004317547011 0.000000000149245529 0.307227206811891140 10248.000000000000000000
9.761459528599502278 7.177954649062200154 0.000000000723318450 0.294247440487890810 10844.000000000000000000
8.708324569617035493 7.743356799657825640 0.000000000687022238 0.340328055129745732 0.000000000000000000
9.301845328972738969 8.936420280997730003 0.000000000202642102 0.188086549477611220 10667.000000000000000000
9.772746459898991489 7.596497461720780109 0.000000000845645727 0.226020858644547268 10181.000000000000000000
11.313047739575770478 8.603030823716101949 0.000000000161372291 0.175185233823822228 10841.000000000000000000
1.414901453626870031 15.745331187910595716 0.000000000000000000 0.469232716116434745 11928.000000000000000000
1.446526490277349586 11.041476672177514828 0.000000000000000000 0.428418596080940017 9601.468098484105212265
0.022913239367746092 11.985377002995139861 0.000000000000000000 0.471815881984636698 11455.000000000000000000
0.341133741843925142 14.918616815530608477 0.000000000000000000 0.460151635405083137 7558.091579010845634912
3.822288595677485468 11.584633591071872516 0.000000000000000000 0.401234429073770493 11814.000000000000000000
3.209628213147504905 15.710247009938830942 0.000000000000000000 0.460402967568316668 11926.000000000000000000
3.042301912671014907 15.471701007884844259 0.000000000000000000 0.410613090744582632 0.000000000000000000
2.940673947845787062 13.243521028247343452 0.000000000000000000 0.108227094706605104 3288.900765352472262748
3.674435987683719596 13.686114902059724585 0.000000000000000000 0.249705772065629439 0.000000000000000000
-0.049134293899085177 12.920688179328250200 0.000000000000000000 0.429479938758110025 11956.000000000000000000
2.288702704007714139 10.689950614314756905 0.000000000000000000 0.460689398452156840 11895.000000000000000000
2.381113421385383067 13.778366293999283698 0.000000000000000000 0.089721417011238994 0.000000000000000000
2.272057114499514530 13.255747718154543335 0.000000000000000000 0.011713365807373083 0.000000000000000000
3.189289826177486464 11.736810842368775809 0.000000000000000000 0.313625495371073371 0.000000000000000000
3.822001831530319027 12.237246699998422628 0.000000000000000000 0.323287619733042042 6555.909716509453573963
-5.252148607100332711 10.776969310030604987 0.000000000526309231 0.312186774494358499 15245.356451944584478042
-7.358339135340989046 9.899043239581580167 0.000000000390847697 0.340639325263977777 21192.000000000000000000
-5.232383111428537070 9.969313028899771112 0.000000000024455153 0.409396108118662005 21785.000000000000000000
-5.766873340311390983 13.926430454029887329 0.000000000135077044 0.427310002529973310 0.000000000000000000
-6.787028387364284931 11.593283544507915650 0.000000000895268537 0.024230101251770116 0.000000000000000000
-8.750123964140934518 12.110649054801521984 0.000000000843039000 0.366220235331239374 0.000000000000000000
-6.876971080760042376 10.287249377073901968 0.000000000283211649 0.254629734593886270 21130.000000000000000000
-9.126384043710041638 10.776820146652632104 0.000000000290550213 0.457903716693411345 21051.000000000000000000
-6.118965077510236661 13.386355537106814140 0.000000000425200933 0.314951650137687111 0.000000000000000000
-4.917379127505602909 13.119057278452951110 0.000000000711176267 0.407776565098329713 1056.211710659117670730
-8.582804171764731649 12.601399042324773703 0.000000000054317005 0.364797905012140433 0.000000000000000000
-7.744430792592721602 9.948811886464682175 0.000000000636327156 0.361177663000498361 21748.000000000000000000
-4.836237305268111797 11.603634214659983570 0.000000000314886313 0.338559496126758896 21537.000000000000000000
-7.592625647579107628 9.741439568774714175 0.000000000641749250 0.381772346516219718 21347.000000000000000000
-4.852153432068794459 12.032026283333497219 0.000000000008679032 0.339683803533082751 21816.000000000000000000
-14.132725096589069835 6.099624623736731088 0.000000000000000000 0.353174361044678642 0.000000000000000000
-13.008518543196053940 2.557908226640611904 0.000000000000000000 0.372270134857380974 7383.010433530503178190
-11.984201088777359345 6.288903609251498494 0.000000000000000000 0.309026344478747994 13140.000000000000000000
-11.506688720992382713 4.281446038895212247 0.000000000000000000 0.225909973400543029 0.000000000000000000
-13.590528247746735957 6.372192040897953547 0.000000000000000000 0.332976859095725108 0.000000000000000000
-11.485158604845301156 6.011237296056354040 0.000000000000000000 0.319136460491295626 0.000000000000000000
-14.702310215070205857 6.478300652355741818 0.000000000000000000 0.472045878802827668 13865.000000000000000000
-13.488348516549971023 6.626888257056667619 0.000000000000000000 0.365373565818251256 13622.000000000000000000
-13.267866053006454052 6.207095024618659806 0.000000000000000000 0.283300118741314333 0.000000000000000000
-10.661248332946639650 3.298974304699524129 0.000000000000000000 0.437868799532994013 0.000000000000000000
-13.829033154623475710 4.090052834479577015 0.000000000000000000 0.223602285614230373 0.000000000000000000
-10.327507048151451485 4.676342792527473868 0.000000000000000000 0.425202238785318765 0.000000000000000000
-11.598647639425049505 5.772049330820775204 0.000000000000000000 0.275250980111142685 0.000000000000000000
-10.488704045028105938 4.967280406149704675 0.000000000000000000 0.399665519170667061 0.000000000000000000
-13.674455454607301164 4.537365912890764186 0.000000000000000000 0.173115758377113876 13210.000000000000000000
-11.034853206768115541 -5.921195493337199522 0.000000000000000000 0.369397379876107101 9259.000000000000000000
-11.548395918443805641 -6.199654047259483214 0.000000000000000000 0.336682396608972145 0.000000000000000000
-12.736147711334041333 -5.194965223374112817 0.000000000000000000 0.089875643779271791 0.000000000000000000
-13.728436909646482889 -3.665805935649172120 0.000000000000000000 0.252282796558941258 4169.666733425277925562
-14.500465399349355522 -4.881408585295385016 0.000000000000000000 0.320537540076555216 9964.000000000000000000
-11.395811749509654476 -5.916645320392503571 0.000000000000000000 0.318908071296328699 0.000000000000000000
-11.103286619587695583 -4.838292627389186862 0.000000000000000000 0.288293162276506865 9260.000000000000000000
-13.420243648718040319 -5.894015499625488985 0.000000000000000000 0.245818459636156478 9769.000000000000000000
-13.038063006878561012 -6.688938780288497199 0.000000000000000000 0.354094264278832060 9023.000000000000000000
-11.109773141321170442 -5.642407796753949434 0.000000000000000000 0.331550358627496211 9356.000000000000000000
-13.087447272313044166 -4.752785461903182629 0.000000000000000000 0.067965028336204242 9293.000000000000000000
-11.266118188082318241 -3.804023570694492484 0.000000000000000000 0.299626519533465419 9299.000000000000000000
-11.366979569129679106 -2.550246413206953555 0.000000000000000000 0.441825090276234345 3338.689351306987191492
-10.259664897271401074 -4.441084796635784926 0.000000000000000000 0.439254664712988296 9251.000000000000000000
-10.822239332435030335 -4.959764316811476448 0.000000000000000000 0.340586069327668717 7008.425288999861550110
-4.350129086496526298 -11.586332074267369663 0.000000000183301010 0.425214946668395877 0.000000000000000000
-9.082894708772832004 -10.669314360559424060 0.000000000181864414 0.458033197053677565 0.000000000000000000
-7.153221278668715044 -12.267403434766890769 0.000000000210799968 0.122691109823564806 0.000000000000000000
-5.263161005107415136 -12.556934823623260300 0.000000000900320579 0.301078801322910261 0.000000000000000000
-9.310866482378497011 -12.094094897235361685 0.000000000675881382 0.464293390217531465 0.000000000000000000
-7.574228287455138542 -12.263210850310748867 0.000000000668381942 0.178293241922732770 0.000000000000000000
-5.806114583718653854 -11.155886094375926376 0.000000000371728629 0.192863729186165012 0.000000000000000000
-8.785410416884321450 -10.746607087329392627 0.000000000481988509 0.404160944446977366 0.000000000000000000
-4.089733669441881325 -11.617087845375497324 0.000000000451669418 0.471308668746420079 0.000000000000000000
-8.053713997264429381 -9.458616635440231235 0.000000000068913696 0.463673813524137723 0.000000000000000000
-6.689368116513312756 -12.766428254842733025 0.000000000515918256 0.185632081313693936 0.000000000000000000
-5.594792486764760042 -11.456708359264711206 0.000000000016126045 0.208003214667236674 0.000000000000000000
-6.615973792157156197 -9.119695704304556116 0.000000000449247857 0.460508954265105630 0.000000000000000000
-5.198764045372194609 -9.838634459657457754 0.000000000084730323 0.430984332859403407 0.000000000000000000
-7.360359724019107652 -11.592329869386084340 0.000000000447952829 0.114134937105553433 0.000000000000000000
2.330503788110019237 -14.534935340999098230 0.000000000000000000 0.224063060286601168 0.000000000000000000
4.099510774565348292 -11.360096721680983833 0.000000000000000000 0.463948151602071868 20125.000000000000000000
2.432910561133156069 -14.470220404919896140 0.000000000000000000 0.213255132186901258 0.000000000000000000
1.704091436208814647 -15.173034268280197523 0.000000000000000000 0.355936810802632619 0.000000000000000000
3.337405747192218719 -13.097778915901653107 0.000000000000000000 0.181588894151791247 1844.616665685858606594
4.824701592777749681 -13.631659477869755293 0.000000000000000000 0.448284515435657338 0.000000000000000000
3.292011202822807459 -13.993531776797171418 0.000000000000000000 0.213105993186482934 20253.000000000000000000
1.058251764815296925 -11.274737755922183524 0.000000000000000000 0.422960809859284026 20014.000000000000000000
4.545662089887533952 -13.838292155307234665 0.000000000000000000 0.406558803642884714 0.000000000000000000
3.876880223016395455 -11.207487309378876716 0.000000000000000000 0.459509224844889097 20834.000000000000000000
4.830482447203775287 -12.587506557367348137 0.000000000000000000 0.461424100537624726 0.000000000000000000
4.435390746869639855 -11.984136586110826883 0.000000000000000000 0.439404997871196690 20662.000000000000000000
0.715121900363689944 -12.275590197383522195 0.000000000000000000 0.339244940378701010 20741.000000000000000000
2.702740177157701318 -15.831552956421186096 0.000000000000000000 0.459575885086813851 0.000000000000000000
3.023652123921359181 -13.553831069324157710 0.000000000000000000 0.132390506876964159 0.000000000000000000
9.816196670619158127 -10.117769405315415909 0.000000000000000000 0.257917999104284479 22625.000000000000000000
8.458630511117259942 -6.889286650384973676 0.000000000000000000 0.468301201847524606 0.000000000000000000
9.300283825925957260 -7.776595440680737603 0.000000000000000000 0.251969601138573474 22192.000000000000000000
9.438528373584341935 -8.740001887264547520 0.000000000000000000 0.160796228944479064 22002.000000000000000000
11.970620330489417427 -10.281346976512260483 0.000000000000000000 0.395351280378707259 0.000000000000000000
9.618447112073225114 -9.926510044552641077 0.000000000000000000 0.243657831858591328 22730.000000000000000000
10.945296175272744676 -6.186361815134706177 0.000000000000000000 0.461465815317250838 22327.000000000000000000
8.684727205361010505 -8.789695889186670996 0.000000000000000000 0.295231637270836900 22746.000000000000000000
11.680501734895452515 -6.674327546239354092 0.000000000000000000 0.434334681932413369 0.000000000000000000
11.599691770906975563 -9.773198830333585718 0.000000000000000000 0.287314524106930202 8500.364325050597472000
10.261567343996775392 -6.822102699412513793 0.000000000000000000 0.338027295957221752 22824.000000000000000000
11.654919830748655230 -7.754854174202253425 0.000000000000000000 0.291678843197122506 7098.849609590256477532
11.581491991416486442 -6.898991906846437594 0.000000000000000000 0.391914138178113436 10654.151878532407863531
8.943127422398717385 -8.116603540025201013 0.000000000000000000 0.272676563769308378 0.000000000000000000
10.188466511003101189 -10.366829861141233948 0.000000000000000000 0.285218995189658542 22661.000000000000000000
13.168734079050322450 -0.364746742973243054 0.000000000000000000 0.091693798847082633 0.000000000000000000
14.164130304480174516 1.250374030592382280 0.000000000000000000 0.243242016633516356 7600.000000000000000000
12.965969749427602054 0.253984175263094691 0.000000000000000000 0.111590540979888520 7178.000000000000000000
12.447123243601863507 -1.314563086921452850 0.000000000000000000 0.300258263820837812 0.000000000000000000
14.803415863594961976 -1.499478415428343148 0.000000000000000000 0.343206456802743476 2983.672165739885713265
12.343396119656597776 -0.652451577667017779 0.000000000000000000 0.241716363757838698 7503.000000000000000000
15.207580607676474571 -2.112570886124728986 0.000000000000000000 0.470408027051234856 0.000000000000000000
15.098107809680470837 -0.732031411854401792 0.000000000000000000 0.304992659018815393 7510.000000000000000000
14.660817034167719086 1.586853721543365792 0.000000000000000000 0.339263473877167820 7930.000000000000000000
12.592232990480436428 0.290623262698561202 0.000000000000000000 0.176507685049880125 0.000000000000000000
13.293290238511472623 2.213324189456171709 0.000000000000000000 0.386286166116620644 5616.368204147835058393
11.407728654704069271 0.877975561943806104 0.000000000000000000 0.409803421612181362 7252.000000000000000000
13.805242570041921013 -0.163442300800422158 0.000000000000000000 0.054944597959501504 7862.000000000000000000
12.079113726500256831 -0.227811699686732927 0.000000000000000000 0.263591997418538337 7375.000000000000000000
14.566838454397965208 -1.253888981018282500 0.000000000000000000 0.283629045914493505 0.000000000000000000
