-4.470498000052566034 4.549905686440990138 0.000000000000000000 0.411363728441317023 10269.000000000000000000
-1.227831747407645446 4.966935453489247365 0.000000000000000000 0.265547047159311822 10525.000000000000000000
-0.526975626924536145 4.195416654703968184 0.000000000000000000 0.313300354585649699 10215.000000000000000000
-2.134365783451037224 2.911121677597005686 0.000000000000000000 0.175760124557936576 10021.000000000000000000
-4.677154547261844542 3.876268246493712155 0.000000000000000000 0.431099982865078224 10911.000000000000000000
-3.423988722927055584 6.148340352818284948 0.000000000000000000 0.452450268092331798 4701.068371032129107334
-1.612035413844683740 3.796465036679693483 0.000000000000000000 0.116372293261366527 0.000000000000000000
-2.787721619943142048 3.790724495821697015 0.000000000000000000 0.096021044646196194 3337.187692586170669529
-4.244183448518223933 4.637126973340458314 0.000000000000000000 0.378065784735799548 10484.000000000000000000
-3.372089007030840691 5.675638096949330524 0.000000000000000000 0.374715935632507602 10454.000000000000000000
-2.262259870162771858 1.757884453305092576 0.000000000000000000 0.379719496334435247 10602.000000000000000000
-0.392175866152009778 2.693993503944462908 0.000000000000000000 0.394985605137129214 5276.658099198178206279
-3.162105651372698389 3.768772435971377455 0.000000000000000000 0.162542652460568898 10690.000000000000000000
-3.884164379702025993 3.355193218113944109 0.000000000000000000 0.305021516137015558 0.000000000000000000
-2.750582036712090783 1.864253717513957298 0.000000000000000000 0.371232740521040383 0.000000000000000000
-1.276793867781362390 -3.573154517873032177 0.000000000000000000 0.183808070769623827 0.000000000000000000
-1.592608219406846937 -3.729757481576764011 0.000000000000000000 0.122024342917889383 0.000000000000000000
-1.660510358252220042 -4.625534879298825786 0.000000000000000000 0.168833340984698432 8217.000000000000000000
-3.805683589746636564 -5.859357204263616836 0.000000000000000000 0.445934047770283115 0.000000000000000000
-1.723935770765138820 -2.029640077924327102 0.000000000000000000 0.344793951474222815 0.000000000000000000
-0.029767920574980362 -3.275717152055757087 0.000000000000000000 0.411957147269972679 0.000000000000000000
-1.653284403406590330 -2.610266504555377232 0.000000000000000000 0.252187563298733708 0.000000000000000000
-0.327636596897213750 -4.145011837377189146 0.000000000000000000 0.347049985964702212 8729.000000000000000000
-2.234955119185496386 -5.877174798441381576 0.000000000000000000 0.353872674177446001 8559.000000000000000000
-1.987914632823835293 -5.140629649006966062 0.000000000000000000 0.227859559474078294 0.000000000000000000
-2.872994050233369290 -1.380665965127315653 0.000000000000000000 0.460014040566316007 3270.954484881863209011
-1.862435800889452819 -2.621718606379049188 0.000000000000000000 0.236682473299722806 0.000000000000000000
-1.559939765781114707 -2.674223950183435505 0.000000000000000000 0.249801049825483429 0.000000000000000000
-3.156644772045098524 -5.301145263413403974 0.000000000000000000 0.297878172225857052 8097.000000000000000000
-3.085409124223206234 -6.102705670067042121 0.000000000000000000 0.420557131115669836 0.000000000000000000
5.629865077139037943 1.905957064836417691 0.000000000000000000 0.392446105159710235 0.000000000000000000
6.733995783278035496 -1.197533864903596479 0.000000000000000000 0.449012832157881681 9725.000000000000000000
3.931669223623512455 1.681088881231504129 0.000000000000000000 0.316318595719223772 9075.000000000000000000
5.878828097073227177 -0.750033552898262790 0.000000000000000000 0.277266361359047586 0.000000000000000000
6.262965604518758944 1.597450692523999294 0.000000000000000000 0.421268179912064333 9639.000000000000000000
6.169024679950555701 0.720288380319403565 0.000000000000000000 0.321438262632898097 9747.000000000000000000
5.934687530478353956 1.999702800688222259 0.000000000000000000 0.435933859228482434 0.000000000000000000
5.625047289343727108 -1.063140520879432449 0.000000000000000000 0.273532813491635884 0.000000000000000000
2.966879813932492560 -0.264150130128547045 0.000000000000000000 0.279742576279557398 9868.000000000000000000
5.098820379831188632 1.790282615180126102 0.000000000000000000 0.334585803017184935 0.000000000000000000
5.427301376088414564 0.214820895088928931 0.000000000000000000 0.167156101824262437 0.000000000000000000
6.538117211422594721 -0.870250024313803605 0.000000000000000000 0.392352291598302927 9760.000000000000000000
5.567666091762923486 0.994875850084557256 0.000000000000000000 0.257780710243748934 0.000000000000000000
2.979572666460582830 -0.051390139160868931 0.000000000000000000 0.273660960946127685 0.000000000000000000
3.143921611923957471 0.560147654740929757 0.000000000000000000 0.263750117675510543 0.000000000000000000
11.561658397007164467 7.636717557734693074 0.000000000419595663 0.291867820861977878 2286.610609240811299969
8.023476371221287096 9.249697530669260814 0.000000000099118021 0.422307432794435333 8274.088004755823931191
9.839296935768896191 7.071739602221669863 0.000000000756270199 0.307423127255863016 10304.000000000000000000
10.224225948025454258 11.391270662483226062 0.000000000721716359 0.464008270841540671 10931.000000000000000000
12.422026835913156262 8.625630687427964460 0.000000000168203907 0.371611516217561000 10469.000000000000000000
8.697125456363973939 10.739205988581780105 0.000000000414357205 0.456389825314813591 10910.000000000000000000
11.810979290967775768 10.328142110995477410 0.000000000700466123 0.380890487285699186 0.000000000000000000
12.961830950263815154 8.936540401270477219 0.000000000617417145 0.468353281365086527 252.372567015257232015
9.563033045027848900 7.759991003029355738 0.000000000492467545 0.222023836543580516 0.000000000000000000
10.298720012162846160 11.390940976823806352 0.000000000038889391 0.463492582465063196 10692.000000000000000000
12.010904618830089419 7.367567386151218756 0.000000000189007974 0.383266269355860112 10346.000000000000000000
11.157156667984647669 6.197381306844163440 0.000000000351464434 0.469729296686366871 0.000000000000000000
9.397321052779876283 11.183419363733420937 0.000000000605217629 0.459494962446800381 10333.000000000000000000
10.099763909358035363 11.374250125281321289 0.000000000754092787 0.462645104316387668 0.000000000000000000
11.600476917691706191 6.981967162045946473 0.000000000189864836 0.381989040424349890 889.675857165585739494
4.165585165536415779 12.215117320308609195 0.000000000000000000 0.377080410067818450 0.000000000000000000
2.499901714525023966 13.782711547856768775 0.000000000000000000 0.094811577355823906 10011.415433080672301003
3.952967318084986470 14.743681772070349467 0.000000000000000000 0.389042878735179953 11697.000000000000000000
2.888770890339511954 14.657491732385418359 0.000000000000000000 0.264947417082093684 11356.000000000000000000
2.519712854371445321 13.587184525591531781 0.000000000000000000 0.064404538117276186 2958.809454451739838987
4.230456893676419305 13.541899652978848678 0.000000000000000000 0.341205613486756931 11645.000000000000000000
3.641557112296589960 12.633331625239716089 0.000000000000000000 0.259598234007497153 0.000000000000000000
3.102091392509715551 11.007019948857111658 0.000000000000000000 0.426574393380883432 11423.000000000000000000
4.904973987455499618 13.507023131046977937 0.000000000000000000 0.459948172695481772 0.000000000000000000
4.308254676219183565 12.639010530540499389 0.000000000000000000 0.369632226949266618 1835.404538304301013341
3.775463573831181474 13.893100664353116969 0.000000000000000000 0.279287035096482672 0.000000000000000000
1.990035928355108563 14.748415699024473469 0.000000000000000000 0.269193017007049729 3493.074960923162961990
-0.172206014762926851 13.250005483118835414 0.000000000000000000 0.446724956241296323 11472.000000000000000000
3.852767345876996874 12.063760973512987817 0.000000000000000000 0.346156956035820473 11367.000000000000000000
3.246502303014760393 13.914609098247163743 0.000000000000000000 0.198302753296868084 11346.000000000000000000
-7.187028572897979473 12.812229414764113145 0.000000000095477703 0.209762621529653498 0.000000000000000000
-5.375584091242414431 12.732858344876632373 0.000000000613248885 0.301311497917909787 14892.561277902459551115
-7.116687509698221170 10.340523624125808055 0.000000000205797165 0.253270248655272201 21828.000000000000000000
-6.986704659215204671 9.748080244428425800 0.000000000615074553 0.351626136062665906 0.000000000000000000
-7.968983421125253486 12.040280325684207696 0.000000000332270729 0.227618522500797893 16645.007485809244826669
-7.079476775775294328 10.537134080164578975 0.000000000600488607 0.218016755285354830 0.000000000000000000
-7.071387014835406326 9.470541418529350608 0.000000000232926134 0.402322518582836353 0.000000000000000000
-5.562543990123793414 13.231572567576513677 0.000000000620178505 0.339623304256804981 21709.000000000000000000
-4.859217977442679803 11.792722100309353195 0.000000000207910123 0.334107939976142632 21831.000000000000000000
-6.762952224172742000 11.631562357244092709 0.000000000458407235 0.016346395790191294 0.000000000000000000
-8.703331531446172775 13.159116804659284128 0.000000000008317789 0.433708660593519257 0.000000000000000000
-8.777887479644224555 12.312117941992445580 0.000000000528688719 0.379328966964872505 21585.000000000000000000
-5.695675172434732758 13.575774069445659009 0.000000000086422249 0.377366138617213576 21840.000000000000000000
-5.636758898647672211 10.019885431248773955 0.000000000907756370 0.358786591520784681 0.000000000000000000
-4.604417978884848495 10.578429379623315754 0.000000000894030399 0.429783624728825531 21618.000000000000000000
-12.505758485292306048 6.178138839607467681 0.000000000000000000 0.263449691941750552 13497.000000000000000000
-10.898301510538278336 2.695996493984190945 0.000000000000000000 0.473561270477017016 0.000000000000000000
-12.390499475549765052 3.399304386114700982 0.000000000000000000 0.229899839033900211 13867.000000000000000000
-13.324443878679282705 5.095215333007308445 0.000000000000000000 0.130809651193491139 13654.000000000000000000
-12.671122379290137516 1.968643851752268192 0.000000000000000000 0.471278293391382275 0.000000000000000000
-11.980231294083809601 4.911614694849022023 0.000000000000000000 0.136791713940912302 13353.000000000000000000
-13.583674114323804005 6.145511341990387066 0.000000000000000000 0.298182609534420551 4082.019378812944523816
-12.406824308773090948 2.433517693904959422 0.000000000000000000 0.394395270321237223 0.000000000000000000
-12.759505641263443110 3.071999476181449751 0.000000000000000000 0.279459510351620088 0.000000000000000000
-13.265277663410126152 4.891073846833048577 0.000000000000000000 0.105122056522845689 13646.000000000000000000
-13.217556070945331470 3.255982701295967452 0.000000000000000000 0.262976794057450614 0.000000000000000000
-13.165026253940048662 5.538233697843907954 0.000000000000000000 0.169683849679325593 7030.593344715179227933
-12.050651013406492140 4.025623845340883022 0.000000000000000000 0.163919735623952123 13337.000000000000000000
-10.912548614449706363 4.735373034615528276 0.000000000000000000 0.321092528572077152 13308.000000000000000000
-13.746906229906082686 3.996857062233319713 0.000000000000000000 0.218989193828532991 0.000000000000000000
-14.452450640014143701 -3.200485202887013436 0.000000000000000000 0.402129848529003797 0.000000000000000000
-14.303948966644513874 -6.394110605426654992 0.000000000000000000 0.410856861316172883 9742.000000000000000000
-11.724607440926797963 -5.900835380883673764 0.000000000000000000 0.276370799543565249 9349.000000000000000000
-14.122754821121793256 -3.088081919616234572 0.000000000000000000 0.373074495717581001 0.000000000000000000
-12.152779752996707430 -5.252649751402577394 0.000000000000000000 0.141281782709280462 9565.000000000000000000
-11.826405255984267839 -5.135724126957027735 0.000000000000000000 0.176976488086230149 9782.000000000000000000
-12.316624252931061889 -5.672416542223704283 0.000000000000000000 0.186821966558816416 0.000000000000000000
-12.129380522841577417 -4.439105709390660515 0.000000000000000000 0.112094042114400841 0.000000000000000000
-13.706046266503550513 -4.254339800406906846 0.000000000000000000 0.191705509233265486 9162.000000000000000000
-12.860638713964180013 -4.345377779894990411 0.000000000000000000 0.063621815782311103 0.000000000000000000
-14.465479394376547617 -3.235455710992464429 0.000000000000000000 0.400105158202911870 9803.000000000000000000
-10.070978556826899464 -4.825889129181122783 0.000000000000000000 0.471616378277366577 0.000000000000000000
-11.531115491759381442 -6.784573745098840369 0.000000000000000000 0.423159669484355627 8554.005170556196389953
-11.709685883428205599 -2.535741276639749131 0.000000000000000000 0.413933775803866144 0.000000000000000000
-11.956703932573557125 -2.617878783840646761 0.000000000000000000 0.383324450744333523 0.000000000000000000
-8.556055816320530027 -12.589944866178218064 0.000000000442957481 0.359626140135938910 0.000000000000000000
-5.312801362844925990 -9.820018850467283400 0.000000000432797739 0.420998318388110693 0.000000000000000000
-8.253923436132740932 -10.472458886155582292 0.000000000488712558 0.349324893810098625 0.000000000000000000
-5.098454104890083549 -12.888258608783445425 0.000000000621887931 0.357480444346911341 0.000000000000000000
-6.407666311316567942 -12.646529173039150251 0.000000000820530219 0.174193214295014193 0.000000000000000000
-4.242642552559098057 -11.291515999908003920 0.000000000287669655 0.450140090174798557 0.000000000000000000
-4.546335498911122208 -12.811714794045295562 0.000000000009675323 0.435161079668536455 0.000000000000000000
-4.551986352280506409 -10.737013857747180978 0.000000000660473180 0.425805055392163678 0.000000000000000000
-5.538425365040555270 -12.324846535192905961 0.000000000695378894 0.238381063026476742 0.000000000000000000
-6.552059791383287646 -13.111509854505877470 0.000000000142623302 0.248674567317491740 0.000000000000000000
-7.712630717868613317 -13.813308435992752266 0.000000000172123238 0.409491261367278647 0.000000000000000000
-4.905130137459371653 -13.396768514879724421 0.000000000838568534 0.441099423666664270 0.000000000000000000
-7.222625958206109864 -10.123564354806116938 0.000000000252680008 0.295402168675961363 0.000000000000000000
-5.435616952628127940 -11.322981213004498002 0.000000000850130060 0.241529425934925962 0.000000000000000000
-7.629318199941156564 -11.300581745391889754 0.000000000929447105 0.176130212395058799 0.000000000000000000
0.404504766192360643 -14.158845719513401207 0.000000000000000000 0.378137820982947459 15379.999260416538163554
2.670589265996559103 -15.660790648378579704 0.000000000000000000 0.428679862377342624 0.000000000000000000
4.358491292573286380 -11.997564149770809649 0.000000000000000000 0.426515113270735657 20623.000000000000000000
3.596823558160297640 -12.352621282318617446 0.000000000000000000 0.278708120196911546 20362.000000000000000000
1.755575773578919918 -14.584195005450716565 0.000000000000000000 0.254698664905033012 20081.000000000000000000
1.771427622041572780 -12.621615132214053290 0.000000000000000000 0.153885082838647103 11651.503806242142673000
2.284421553726340814 -10.776834832061691571 0.000000000000000000 0.445239027314722535 0.000000000000000000
3.756776729157549344 -14.698815367442946922 0.000000000000000000 0.358211859492622631 0.000000000000000000
0.619389116835238562 -14.576162805332804950 0.000000000000000000 0.383411607911977870 0.000000000000000000
2.288061491211300424 -14.705712589111330502 0.000000000000000000 0.254609439194753540 0.000000000000000000
2.007094730448087727 -14.167733591521132652 0.000000000000000000 0.169069366173695279 13104.630688741914127604
3.420682429877154096 -13.472296545741338392 0.000000000000000000 0.196720163094275896 0.000000000000000000
1.764893123505826056 -10.958201410243566087 0.000000000000000000 0.425215393782072681 11954.619694291266569053
3.170823188549827254 -14.672020413688976248 0.000000000000000000 0.289691257721500395 20744.000000000000000000
1.519513074813731990 -13.431113638914322195 0.000000000000000000 0.147808161064387739 0.000000000000000000
9.660765751438898263 -8.722464560105981590 0.000000000000000000 0.121260956535884354 0.000000000000000000
10.998464740693169261 -9.203256829038998887 0.000000000000000000 0.141811486562369304 22994.000000000000000000
10.804045537249244546 -8.110994394957819154 0.000000000000000000 0.138859699382891555 22626.000000000000000000
11.258901461570863134 -10.417870871560474200 0.000000000000000000 0.335065453105610533 11152.568393337718589464
9.105852675329181523 -10.417750628272518298 0.000000000000000000 0.366708428897870864 22910.000000000000000000
12.233811967281239319 -8.927540550793633400 0.000000000000000000 0.338907783579806332 22523.000000000000000000
8.652854872126066965 -9.775176647835605692 0.000000000000000000 0.350847767429043889 22416.000000000000000000
7.963700888076682638 -8.580341661615340954 0.000000000000000000 0.424658592362003040 22512.000000000000000000
11.024406435442543284 -7.652513653369589441 0.000000000000000000 0.227317608698794582 22110.000000000000000000
10.388120380711102442 -8.489021465827548241 0.000000000000000000 0.046190181070365689 22497.000000000000000000
11.542285210810419471 -7.472597470488242521 0.000000000000000000 0.309342517047350662 3822.312161831909634202
10.566686475104276610 -6.605732812698793310 0.000000000000000000 0.377645906925181130 22304.000000000000000000
8.513779596390964599 -10.633452497502350553 0.000000000000000000 0.464641191131788311 22481.000000000000000000
10.298419491892728317 -6.909036096776268288 0.000000000000000000 0.322559094323876305 3496.638974326011066296
10.597971424448784816 -10.155672475580006520 0.000000000000000000 0.250962777840345819 0.000000000000000000
13.491223860685860103 -0.508205087943850997 0.000000000000000000 0.088531746381159265 7146.000000000000000000
13.592836493454315772 -1.431760847095479461 0.000000000000000000 0.248271322697820790 7703.000000000000000000
11.980972655259657600 -2.039434628869799315 0.000000000000000000 0.450566095050858262 0.000000000000000000
15.556833695241834903 0.440045855234195704 0.000000000000000000 0.367252541117830456 7834.000000000000000000
14.489499176953561488 -0.370820137256569538 0.000000000000000000 0.180822559438928915 7691.000000000000000000
15.761325762288377561 -0.181486706575919809 0.000000000000000000 0.397003646504794916 0.000000000000000000
13.625780346636048534 -0.731601733136733490 0.000000000000000000 0.127664310137600295 7266.000000000000000000
12.194030923310887005 2.094706840341098442 0.000000000000000000 0.436039106414977562 6830.381765925308172882
14.949859534512668802 0.846864773698978390 0.000000000000000000 0.290641649087558851 6190.663172437551111216
15.074429538079174407 -0.481885220011862070 0.000000000000000000 0.285725200667810375 0.000000000000000000
11.361229183094986084 -0.570290052105531853 0.000000000000000000 0.401021901948982018 7153.000000000000000000
12.107896721115652738 -1.275678666793514715 0.000000000000000000 0.338256265399232536 0.000000000000000000
11.479921145521366554 0.807459607478846486 0.000000000000000000 0.393339557687377772 7154.000000000000000000
15.380694912056299017 -1.896997493009171309 0.000000000000000000 0.463376679023346283 0.000000000000000000
12.724163664320572664 -2.351253591007307353 0.000000000000000000 0.433328141909287923 7609.000000000000000000
