-1.393041496932167833 3.304342805657453308 0.000000000000000000 0.186193223746360825 0.000000000000000000
-1.580583957996394062 1.867101249277795860 0.000000000000000000 0.380043480873075379 10520.000000000000000000
-2.821531509880442989 4.749536459696139801 0.000000000000000000 0.183007509500636906 0.000000000000000000
-2.717756052931458388 4.536138980662683728 0.000000000000000000 0.141200252494420059 0.000000000000000000
-2.221723671476565354 2.833075916023171992 0.000000000000000000 0.188374528096152710 0.000000000000000000
-3.142704737245359148 4.252977314033153711 0.000000000000000000 0.170359186175429222 10981.000000000000000000
-4.109326959758303310 5.274416306532690335 0.000000000000000000 0.411701078167285628 10957.000000000000000000
-2.578756980291234235 4.999468405994872633 0.000000000000000000 0.205623491393745167 10008.000000000000000000
-3.954229228751086289 2.985219422173964077 0.000000000000000000 0.342489090120521034 3055.200173262546741171
-1.327160801887465214 5.057331352704072636 0.000000000000000000 0.266010195298047258 10250.000000000000000000
-4.101179280380368830 5.542132169119430074 0.000000000000000000 0.440763342305558081 0.000000000000000000
-4.148986661536525844 5.495874459000368972 0.000000000000000000 0.441776507273206553 0.000000000000000000
-1.676382138007599831 1.886675609044331514 0.000000000000000000 0.371610565836986706 10812.000000000000000000
-3.026476638481840453 2.460464968189020496 0.000000000000000000 0.289027527474538970 0.000000000000000000
-0.456313066198822781 3.179153591733820505 0.000000000000000000 0.345217802147156305 7404.447515084206315805
0.094491954093434236 -4.273944256161466448 0.000000000000000000 0.424824832139432840 8676.000000000000000000
-4.478606049048571514 -5.010787492785493846 0.000000000000000000 0.443084308390572668 8142.000000000000000000
-0.978786290885107713 -3.068751444073938739 0.000000000000000000 0.270943217790562296 0.000000000000000000
-3.659241755819471642 -3.692058551601837824 0.000000000000000000 0.252176683769669896 0.000000000000000000
-1.691044773507799803 -5.283916222070568658 0.000000000000000000 0.268039299775525375 8584.000000000000000000
-1.159778294715271940 -4.246343410336009150 0.000000000000000000 0.205795888905393937 8983.000000000000000000
-4.434902217356587961 -4.492864730866926060 0.000000000000000000 0.402468327194298647 0.000000000000000000
-2.835924469902499467 -6.236560404424678516 0.000000000000000000 0.430243394152863667 8069.000000000000000000
-4.387283226320967344 -4.640806713833475428 0.000000000000000000 0.402251111862982569 4252.785510122884261364
-3.302186678970776779 -2.579565410978298168 0.000000000000000000 0.298411639683028862 8235.000000000000000000
-2.059472961284088299 -4.262220555346078577 0.000000000000000000 0.075134735710888093 8530.000000000000000000
-2.516179177015071655 -3.471801671503286002 0.000000000000000000 0.087548155847566006 0.000000000000000000
-0.356010941827983374 -3.790167759868358743 0.000000000000000000 0.339479437235595760 8309.000000000000000000
-4.084333776623241263 -2.682608619809422557 0.000000000000000000 0.389982968666382657 0.000000000000000000
-0.893215389463430931 -3.236590750575318420 0.000000000000000000 0.269706154300292211 4902.846189058512209158
5.015134093905847301 1.508714428130515373 0.000000000000000000 0.282445900526888338 0.000000000000000000
6.594586263249254898 0.316331179918211691 0.000000000000000000 0.374996729595720779 9739.000000000000000000
3.482360853386576860 2.176185021483371340 0.000000000000000000 0.428361200445234847 9673.000000000000000000
4.185248666517571436 0.132576924613394126 0.000000000000000000 0.063185288143313992 9907.000000000000000000
3.039143520929890929 -1.282935995106220695 0.000000000000000000 0.348078203420564114 0.000000000000000000
6.254772901611263869 0.113035225906469292 0.000000000000000000 0.310866313533883998 9728.000000000000000000
4.310904149411855180 2.069541336849511470 0.000000000000000000 0.369523133843035811 6897.815097172293462791
3.777377632791282025 -2.388135807409527356 0.000000000000000000 0.444331950206781734 0.000000000000000000
1.955963701971396906 -0.724615908708559520 0.000000000000000000 0.473783572114895690 0.000000000000000000
4.011776951605294350 2.441912186850988764 0.000000000000000000 0.443121821646562886 1554.355129883545487246
4.680290486565019670 2.459332361075019957 0.000000000000000000 0.437885220699300692 8465.444820746051846072
6.942603751757670416 0.451095598926852304 0.000000000000000000 0.440118778075048844 550.851739381615175262
5.481522088140748039 1.296816000627146526 0.000000000000000000 0.287640112662336189 8341.296677059131980059
6.077217231109764306 2.026491588108558783 0.000000000000000000 0.454870978988148877 9750.000000000000000000
4.944410747339061274 0.348515059480146050 0.000000000000000000 0.098549890174633600 4316.051917263419454684
9.596055993608983314 9.038861220119041917 0.000000000601346937 0.142197305037718325 5508.202995882043978781
9.902542441938603446 7.676263283517034353 0.000000000527022855 0.203620935011065235 0.000000000000000000
11.923213632230700298 6.707844842452407086 0.000000000422867272 0.454807093157170161 10482.000000000000000000
10.913278609262542673 8.846599400292541659 0.000000000520790398 0.103531262857128215 952.192230072508664307
11.245773310868907302 9.297476460589109593 0.000000000257269233 0.187853613501346162 3799.095726330787329061
9.567387285451095735 10.072185660678176333 0.000000000364952461 0.270253978927749328 10620.000000000000000000
12.331570275822091531 7.491615386660938292 0.000000000547741990 0.417292079941450733 247.554456581302559925
12.883839761376609800 8.977171505374208493 0.000000000061520169 0.455059275521045303 10345.000000000000000000
8.858993434440312953 10.662063664817864606 0.000000000535349909 0.427631689181422525 0.000000000000000000
9.176973644998087210 10.365477731300932973 0.000000000108294307 0.351764242633559321 10636.000000000000000000
11.759679593985801205 10.061725349335452151 0.000000000452717088 0.341750042661300713 8666.515891177108642296
10.931239698803715044 10.696532595242869590 0.000000000473626862 0.357203610003524130 0.000000000000000000
12.709220087031100732 9.341831737508901057 0.000000000412932249 0.434726674237239208 10547.000000000000000000
10.190286431415344737 6.358923117815726833 0.000000000037494823 0.419848580410876471 0.000000000000000000
11.958905961189408629 10.637156623835490876 0.000000000063496851 0.438551474169367073 0.000000000000000000
4.191633490184685229 13.146749004459401533 0.000000000000000000 0.331816326958704610 0.000000000000000000
2.307266851277751663 10.653802653934880240 0.000000000000000000 0.467074753580037527 11261.000000000000000000
4.436076633645958722 14.415160928123485817 0.000000000000000000 0.425807754012383521 11485.166239085243432783
4.610875549317685618 12.833065764607063386 0.000000000000000000 0.413319945419892476 11544.000000000000000000
0.235509890034567682 13.319335005230028557 0.000000000000000000 0.374127635056564378 9515.428836190822039498
3.537126288899050675 12.280218380933542122 0.000000000000000000 0.278227127701963561 11282.000000000000000000
-0.119717478547507167 13.398680765864567022 0.000000000000000000 0.437886699948503932 11412.000000000000000000
-0.178499013904202808 13.087047346421730509 0.000000000000000000 0.449093831699922841 11990.000000000000000000
-0.047354951172226337 12.991365713376163527 0.000000000000000000 0.427486976990949952 0.000000000000000000
3.304999307906122841 11.017064297125740424 0.000000000000000000 0.437831443865334013 11199.000000000000000000
0.463249367966944492 11.955644331251020773 0.000000000000000000 0.408150524343821541 6967.438099120558035793
2.659111145219771988 11.408669879520928703 0.000000000000000000 0.337606951151866619 11544.000000000000000000
2.824357494782280043 14.859634494853358078 0.000000000000000000 0.295046982210540876 0.000000000000000000
1.265175903445110217 14.126180955451093979 0.000000000000000000 0.243327206213677039 0.000000000000000000
1.328024744848238958 14.126687689676325377 0.000000000000000000 0.234715814344066576 0.000000000000000000
-7.365821236136761208 10.769795644190644168 0.000000000449724839 0.202276054614983963 0.000000000000000000
-5.974657508295938335 10.696187213199648269 0.000000000077510973 0.225923853625007970 0.000000000000000000
-7.361542628630780349 12.520542700557173887 0.000000000719144114 0.180818836540467043 21378.000000000000000000
-6.377172291103278212 13.190711360538536212 0.000000000018788114 0.268233200451852616 21452.000000000000000000
-7.729048585336050436 12.491601450493249104 0.000000000291631637 0.224130642073353842 2489.112365927737300808
-8.218544261887535285 10.449173677052749909 0.000000000833276444 0.347103760737255407 21795.000000000000000000
-6.258004965627931959 11.439773635281996533 0.000000000412612463 0.097919448979748608 21281.000000000000000000
-6.369865988883512742 13.460874225692048611 0.000000000051890713 0.315182843897592990 21059.000000000000000000
-6.503074121703161126 13.520848788132578733 0.000000000894572199 0.321672434813273012 0.000000000000000000
-7.943066310048533474 9.871713483254001886 0.000000000644780989 0.391329763343846504 21761.000000000000000000
-5.259403466358637758 13.837618895593616131 0.000000000073812390 0.458215436690846523 21413.000000000000000000
-6.219687664027444995 11.221080485545373406 0.000000000152689252 0.126946421505986784 0.000000000000000000
-7.242828295640167724 13.155614894626795675 0.000000000243894565 0.270001111404021610 0.000000000000000000
-5.137688750411195215 12.317215549877914782 0.000000000283245045 0.303382844173150812 0.000000000000000000
-7.420911102200514975 11.458096737174232160 0.000000000373615972 0.131086623826255272 21875.000000000000000000
-12.982304664706596498 4.023929101772683481 0.000000000000000000 0.123488691625763383 13534.000000000000000000
-11.934944898246822476 6.734299123165270018 0.000000000000000000 0.383896146578041275 0.000000000000000000
-13.608136100255252998 6.510327700861879840 0.000000000000000000 0.355706477650594988 0.000000000000000000
-11.465563118241158591 4.000202649439452252 0.000000000000000000 0.251856026905254493 0.000000000000000000
-12.139873752871054080 5.585800724553074303 0.000000000000000000 0.188093037500710492 1469.146280661995433547
-12.563466081871329294 3.945969617140069996 0.000000000000000000 0.130197474782352912 0.000000000000000000
-11.782866443633674081 6.803201486566864631 0.000000000000000000 0.405510930069978792 0.000000000000000000
-14.497976977929898368 2.798783803319024877 0.000000000000000000 0.455265256351722380 0.000000000000000000
-10.525414684351762418 6.137082588955382612 0.000000000000000000 0.465683994050252403 0.000000000000000000
-12.449786829141380906 6.007446100308917458 0.000000000000000000 0.235895164558718340 0.000000000000000000
-10.998320993442936455 2.723974932145422301 0.000000000000000000 0.457880848903491233 13380.000000000000000000
-12.188137464236840302 3.461377558125946496 0.000000000000000000 0.231617672729353435 595.263727141957247113
-14.238200273404366669 3.783085289220707637 0.000000000000000000 0.313054431633853325 13041.000000000000000000
-11.771526580579735111 6.232750082760687427 0.000000000000000000 0.318519878435439718 13961.000000000000000000
-12.260221267208835982 6.223355062592413667 0.000000000000000000 0.280693754146214280 0.000000000000000000
-12.800714880168563070 -3.424133919394426684 0.000000000000000000 0.218657221809558322 9676.000000000000000000
-10.455788169020234335 -5.764865486607424927 0.000000000000000000 0.444792430542884754 9334.000000000000000000
-12.459714066922790821 -4.682064123047183557 0.000000000000000000 0.045170823439608619 5883.781399081029121589
-11.210229106529743248 -2.739762012803520275 0.000000000000000000 0.431326080285790947 0.000000000000000000
-12.421099632543672442 -6.594641255362095222 0.000000000000000000 0.337381693259179716 9314.000000000000000000
-12.323444708137314407 -2.466612814956371302 0.000000000000000000 0.391119033017107209 9665.000000000000000000
-10.318125463405491971 -5.733105052649799305 0.000000000000000000 0.464892545143972602 9790.000000000000000000
-13.615117389316081287 -2.247250562525287876 0.000000000000000000 0.451571384241523321 0.000000000000000000
-10.753643039445083929 -3.544989509474920641 0.000000000000000000 0.401389056195290139 9760.000000000000000000
-14.007622957167253475 -3.247328943285220593 0.000000000000000000 0.338909141739739572 9864.000000000000000000
-11.751018643997531044 -6.286865482320562748 0.000000000000000000 0.328470959305363741 9098.000000000000000000
-11.392266241924239978 -2.757554189179869386 0.000000000000000000 0.409333602699867238 9688.000000000000000000
-10.339134291135845700 -3.560181900320570580 0.000000000000000000 0.466023424985283152 1407.210036723157827510
-12.740433994156735054 -6.937305106858840276 0.000000000000000000 0.392736901660505455 9792.000000000000000000
-11.663279579385575246 -7.074879170812234719 0.000000000000000000 0.457484964994382404 0.000000000000000000
-7.569528263030935733 -13.580048046405893913 0.000000000033909592 0.361405800236588082 0.000000000000000000
-4.995204215761078537 -12.714260437635113377 0.000000000003019082 0.356391233017256281 0.000000000000000000
-4.956332945000258228 -11.289812813729964702 0.000000000056054755 0.325544483030135556 0.000000000000000000
-8.441589556927249660 -10.268147838636821234 0.000000000615989973 0.398064437745750843 0.000000000000000000
-4.331911689097333706 -11.882423018946282056 0.000000000070149206 0.428798180296295350 0.000000000000000000
-7.036946597560556960 -10.010313536657998057 0.000000000712253611 0.307113454647318873 0.000000000000000000
-6.514565196183906615 -13.275417185895033612 0.000000000573268805 0.278335369510797237 0.000000000000000000
-6.315071013615663809 -10.532604800568268644 0.000000000645853650 0.222803544224691980 0.000000000000000000
-6.193341364377880076 -10.613152075603640156 0.000000000100107838 0.218085269511592239 0.000000000000000000
-6.355030470181470825 -12.646868889342311348 0.000000000066027109 0.177594537168724281 0.000000000000000000
-7.185906599220538205 -13.525816411268499095 0.000000000662338380 0.329776803706849253 0.000000000000000000
-8.245900471232921802 -11.060188274433707889 0.000000000847516470 0.293778688490151818 0.000000000000000000
-4.958652045428007860 -11.938760255118088693 0.000000000661953421 0.318529413455551913 0.000000000000000000
-8.865797823726483173 -11.864539309699180691 0.000000000025917123 0.381104027531051270 0.000000000000000000
-5.800797975845514820 -10.619207830559309613 0.000000000439962665 0.255945916336498602 0.000000000000000000
4.084904004902272234 -15.237223394412110267 0.000000000000000000 0.467979103387563322 20957.000000000000000000
1.854542294087713428 -15.662118211080230168 0.000000000000000000 0.433346620202587518 0.000000000000000000
1.750876978128555361 -13.610565280327749704 0.000000000000000000 0.119792223778991735 20585.000000000000000000
0.120482826919112301 -12.415823235408236513 0.000000000000000000 0.423307293448746180 0.000000000000000000
2.423813773055647935 -12.196345027495150148 0.000000000000000000 0.193045794636696189 20970.000000000000000000
0.501700215143368933 -11.723214215026329654 0.000000000000000000 0.428095515129606974 20442.000000000000000000
2.178504000765872917 -13.459880007288395731 0.000000000000000000 0.042843632170259091 20727.000000000000000000
1.816007936552677782 -13.867405071250237469 0.000000000000000000 0.140012343584167392 0.000000000000000000
0.058432302975498146 -14.364712238741301320 0.000000000000000000 0.449535448238188529 20001.000000000000000000
0.615174105377839453 -11.688216708277414213 0.000000000000000000 0.417077431369761442 0.000000000000000000
3.511071179035490708 -12.743878628946625042 0.000000000000000000 0.230171283035358831 0.000000000000000000
0.636349826504289617 -12.459069709489577704 0.000000000000000000 0.335851949664206562 20608.000000000000000000
2.987354240459131116 -13.336520775843014874 0.000000000000000000 0.116871317622269211 20588.000000000000000000
1.487812787525236491 -13.190059134648796757 0.000000000000000000 0.151664409400295713 20092.000000000000000000
1.293244246100826000 -10.995609243454270043 0.000000000000000000 0.446670781674259332 0.000000000000000000
9.863407121616402762 -10.161250760414793248 0.000000000000000000 0.262177751283638405 22384.000000000000000000
9.866472345482813822 -11.023342706385530931 0.000000000000000000 0.408098823952787404 22180.000000000000000000
11.417308066460966742 -8.684896786555421855 0.000000000000000000 0.192238594415156033 22909.000000000000000000
9.989973277401276164 -7.200291258678666040 0.000000000000000000 0.278631823459256300 22147.000000000000000000
9.890825615994614850 -9.780822896008835698 0.000000000000000000 0.198175550121465760 19737.984354341038851999
8.490439960335928404 -9.744427264177346615 0.000000000000000000 0.373412341815848869 22989.000000000000000000
11.429140975536789426 -9.383735117919227875 0.000000000000000000 0.223674983459477950 22897.000000000000000000
9.236672019009718682 -7.897116149237222160 0.000000000000000000 0.247087483634557681 0.000000000000000000
10.478200288582286248 -10.225233546668750506 0.000000000000000000 0.260134569228038792 0.000000000000000000
12.042271109775175120 -8.055495851171290411 0.000000000000000000 0.326585273624406314 22126.000000000000000000
11.658207724788180570 -7.925031820992937348 0.000000000000000000 0.275482745981937283 0.000000000000000000
8.388830939058379954 -8.064195277103715753 0.000000000000000000 0.368066731716712781 0.000000000000000000
9.944824540043045502 -9.783538921416267797 0.000000000000000000 0.194911481905426842 22871.000000000000000000
8.308316491376077195 -7.469564392133610120 0.000000000000000000 0.426317269253826292 0.000000000000000000
12.051875387303091713 -6.744143383745313969 0.000000000000000000 0.464506474968828798 3943.722935895187220012
11.747821624440909716 -1.924060595853237743 0.000000000000000000 0.462739126845233939 0.000000000000000000
14.466428448728777312 0.769074641336985998 0.000000000000000000 0.211904962530803154 7887.000000000000000000
11.581678455764524927 -0.558908585948245995 0.000000000000000000 0.362539974829148015 7547.000000000000000000
14.420192875070727112 -2.469923113735613018 0.000000000000000000 0.455038025904731580 0.000000000000000000
12.714593569444522458 1.998331376521013114 0.000000000000000000 0.376872370090438946 7212.000000000000000000
13.685005239738442739 -0.351093676631360374 0.000000000000000000 0.066017724315776849 7304.000000000000000000
14.931619834161665494 1.857102184579106918 0.000000000000000000 0.405444193647514883 7944.000000000000000000
14.585403936921615298 -2.070123241756864019 0.000000000000000000 0.403446536589152971 7150.000000000000000000
13.514067295392422352 -1.024650389485005419 0.000000000000000000 0.177651855859804753 280.450984213726599137
11.419956150072826162 -0.104812636126619729 0.000000000000000000 0.378520893924739643 3972.530750274111142062
12.653691164900083166 2.130142978700489298 0.000000000000000000 0.402214704809158441 7092.000000000000000000
16.057143692773522048 0.048638991359236855 0.000000000000000000 0.448569584821622069 7717.000000000000000000
14.360498934711362296 1.653169264773324709 0.000000000000000000 0.321131928004832257 7632.000000000000000000
11.813555138333780903 0.149783852609352619 0.000000000000000000 0.309032444503025361 0.000000000000000000
13.923697652971906535 -2.485474650956621012 0.000000000000000000 0.435731086329059214 7982.000000000000000000
