-1.105094979844073233 3.282339218550417215 0.000000000000000000 0.232298393458685248 10082.000000000000000000
-4.328118506743415139 5.575880653311175550 0.000000000000000000 0.475407557992945429 0.000000000000000000
-0.058667981417906245 5.371607144356030261 0.000000000000000000 0.472558870555782384 0.000000000000000000
-0.305157595011579963 2.284299625411637447 0.000000000000000000 0.450555518135560107 10261.000000000000000000
-0.648724004136327692 3.179125486345540263 0.000000000000000000 0.313574719244519629 10496.000000000000000000
-4.618912681290216149 3.552655259084745332 0.000000000000000000 0.424976948730710957 0.000000000000000000
-1.243309663810965526 2.969173338750305202 0.000000000000000000 0.244206727564054510 0.000000000000000000
-4.563483071275761027 3.380399286199852416 0.000000000000000000 0.420726026226517114 0.000000000000000000
-3.539598185261686236 4.602627820439681550 0.000000000000000000 0.261219924207649834 10695.000000000000000000
-2.694101124296882421 5.554352098438620544 0.000000000000000000 0.306328575513489909 10334.000000000000000000
-0.505838111849673755 2.177508915528435729 0.000000000000000000 0.436610393362498184 10422.000000000000000000
-0.830762472840320787 4.538228349379745730 0.000000000000000000 0.279376938250181561 0.000000000000000000
0.116895437084444859 3.222273360036917111 0.000000000000000000 0.439686415503041605 10805.000000000000000000
-4.155434202782824826 2.055168751619727008 0.000000000000000000 0.470016715070451174 0.000000000000000000
-2.778065421238370192 4.234050545593246895 0.000000000000000000 0.111055485329749515 0.000000000000000000
-1.849979252965274323 -4.166620388046204937 0.000000000000000000 0.087854255568386178 5768.650651546681729087
-1.912346549860560074 -2.595635817638795029 0.000000000000000000 0.238666789457039036 7648.130343754874957085
-0.946075208656180999 -3.851497898125054054 0.000000000000000000 0.233958812449948678 8010.000000000000000000
-4.440968570958820472 -2.833033700245560560 0.000000000000000000 0.432077006467770752 8882.000000000000000000
-1.530215604092054482 -4.205329269143589066 0.000000000000000000 0.141374038067424240 8946.000000000000000000
-0.403160222954769221 -2.014101655327159790 0.000000000000000000 0.470108912173856697 0.000000000000000000
-4.010907478189744246 -3.768809089872000584 0.000000000000000000 0.313115739458834252 8024.000000000000000000
-2.989931823918441811 -5.139756387835413776 0.000000000000000000 0.257875346232315950 0.000000000000000000
-4.046590148399367592 -4.847330992813588146 0.000000000000000000 0.361376862825864342 8425.000000000000000000
-0.810142239050147150 -2.193534701581722146 0.000000000000000000 0.397439615700813653 0.000000000000000000
-0.913688972682730527 -2.369794861416480103 0.000000000000000000 0.361633486455292030 0.000000000000000000
-1.934915271296314687 -6.247035904025614705 0.000000000000000000 0.423679665099302827 8315.000000000000000000
-3.211930262030367800 -6.118174765544162064 0.000000000000000000 0.431488830966878067 8901.000000000000000000
-3.458673169127894909 -6.269174850911718444 0.000000000000000000 0.474403879509094795 8001.000000000000000000
-2.871279756600979116 -4.777293765772258283 0.000000000000000000 0.192058403372668995 0.000000000000000000
2.596837892571650652 -1.601315702792459605 0.000000000000000000 0.444835590033007433 0.000000000000000000
5.615463013093456190 2.265201965702321463 0.000000000000000000 0.447454976323301001 9905.000000000000000000
4.879575791427863685 0.480735982551987573 0.000000000000000000 0.107394003082828218 9778.000000000000000000
3.371532377792290980 1.934214863079470215 0.000000000000000000 0.399664261584189162 9032.000000000000000000
2.144584036725691423 -0.994812306704232818 0.000000000000000000 0.457880236919597228 9822.000000000000000000
3.685100907228318068 -2.289490993503186633 0.000000000000000000 0.432969139907270595 9114.000000000000000000
4.997629900197435582 -1.805638731083936799 0.000000000000000000 0.332072131728241016 5659.552696332022605930
3.870909045677861648 0.657579479608888073 0.000000000000000000 0.163730288148122793 2326.924169822342719272
5.564051273002316833 -2.357121020849994864 0.000000000000000000 0.458371736565156784 0.000000000000000000
3.509816387638677426 -1.438955359698381287 0.000000000000000000 0.312231681865499378 9929.000000000000000000
6.752157639146776802 -1.212030138987364891 0.000000000000000000 0.453078775214500518 727.205774892701128920
5.865275222037936054 -2.288013463124374702 0.000000000000000000 0.472096759186912185 9144.000000000000000000
6.807526817070206349 -0.553793374248772508 0.000000000000000000 0.420352872828202717 0.000000000000000000
4.262107795131022669 -2.596964885135312873 0.000000000000000000 0.463640424221884839 9142.000000000000000000
6.807798104695230279 -0.861177433735877074 0.000000000000000000 0.436362065097261553 9767.000000000000000000
9.647771805225357156 9.366812217946078434 0.000000000289728571 0.164471350003209338 0.000000000000000000
9.862351382254335164 6.080781133388659221 0.000000000075743648 0.475697921537246493 10430.000000000000000000
9.262043121215079111 9.650642583500532723 0.000000000709667355 0.249184192132055421 10663.000000000000000000
10.400965983588582375 6.735362320672866332 0.000000000002070333 0.353029239036475762 0.000000000000000000
11.715172061879219001 9.564899947651433365 0.000000000300345157 0.283646983785834750 0.000000000000000000
9.201137595599679031 8.839336140316477852 0.000000000454180927 0.203734760860250136 10783.000000000000000000
10.528001017926609251 9.497789524594075772 0.000000000889801587 0.135618907877729872 10294.000000000000000000
11.780415490214815932 10.918506462688961633 0.000000000642022574 0.458255523592372926 10930.000000000000000000
8.538146087996723921 6.935512295476769395 0.000000000824200071 0.452475891990838097 0.000000000000000000
10.533590148219639460 6.539363677220513260 0.000000000068802819 0.388666901442114354 0.000000000000000000
11.497254164190602310 10.073917278162340949 0.000000000808033132 0.310408719437090419 10732.000000000000000000
9.168510521930860691 8.056298282973582303 0.000000000197039613 0.241678871310234578 0.000000000000000000
10.960266585885221957 8.672765846560865910 0.000000000779050092 0.111238443039801668 0.000000000000000000
11.464618621872052273 10.231251559867555301 0.000000000294797999 0.327921834578177807 0.000000000000000000
10.266719289977544349 11.205777500594408025 0.000000000028602569 0.431193943370675792 0.000000000000000000
3.371882774301528940 15.714161260943219744 0.000000000000000000 0.471595477899399429 11014.000000000000000000
1.785481493542337539 14.650303151406395941 0.000000000000000000 0.263479596440315211 0.000000000000000000
4.456729370314137739 13.001805253656774752 0.000000000000000000 0.381397734430645674 11887.000000000000000000
1.404764443294218568 15.189702715581210768 0.000000000000000000 0.378882149967786519 11855.000000000000000000
-0.084728014399295545 13.998053162782582604 0.000000000000000000 0.449857444451979505 0.000000000000000000
-0.255921019249251480 13.925227776688576142 0.000000000000000000 0.475852984194791273 11546.000000000000000000
0.915127314941272862 12.324796489743251371 0.000000000000000000 0.304523591082166478 0.000000000000000000
4.123793522837097214 14.619274898303713073 0.000000000000000000 0.398455790102035412 11890.000000000000000000
1.722612304779095105 12.778457340677075393 0.000000000000000000 0.140582973050646182 120.333839983976517374
1.780218107803004601 11.140940637973628213 0.000000000000000000 0.392995028363193166 11450.000000000000000000
4.227477857525632210 12.668326733962533837 0.000000000000000000 0.354334018357460367 5800.428949754692439456
2.087781651294129848 12.106649520352270599 0.000000000000000000 0.212965227699413728 0.000000000000000000
2.217620461132415066 12.599720203193799151 0.000000000000000000 0.122347405767003967 0.000000000000000000
2.773471413448109768 12.559857269895722709 0.000000000000000000 0.149722480591611723 0.000000000000000000
3.564031924160127929 12.803908004781039409 0.000000000000000000 0.234763870928720392 11433.000000000000000000
-8.486770863954877342 10.174734367481297781 0.000000000902065915 0.414903864898428731 21005.000000000000000000
-6.419989381091474989 9.775205368549460871 0.000000000044452781 0.348567989683956636 0.000000000000000000
-7.074233708392640096 13.997119749642189745 0.000000000515702631 0.407712381347533959 13517.990374323037030990
-5.939035017756423507 9.896877789045582574 0.000000000410979179 0.352318264833909822 21330.000000000000000000
-5.528744920462343337 13.535916680910837329 0.000000000005959989 0.386933410756039931 21273.000000000000000000
-6.090919355709004002 11.749083870373381089 0.000000000722731936 0.114461643638030186 21114.000000000000000000
-6.372493136734109775 12.413487127206638050 0.000000000423874512 0.138756391153484870 21025.000000000000000000
-7.908438124047064477 10.577859254814718781 0.000000000676706467 0.290866466489863473 16536.456624977796309395
-8.734454215779237529 11.905471002161469585 0.000000000189176893 0.358347950896040601 20335.085887962904962478
-6.981120972819864434 12.611657669400079484 0.000000000009691988 0.164130293404761568 0.000000000000000000
-7.610206961156809058 10.810201655891141570 0.000000000028921436 0.224245111476412240 21018.000000000000000000
-5.197104058741363275 12.303192105918794752 0.000000000507737056 0.292594996790697226 21483.000000000000000000
-6.313130004350746560 12.496102032527451442 0.000000000546223731 0.156647948247528451 0.000000000000000000
-5.162379264061959461 12.649442508734924928 0.000000000081237435 0.324842831767549856 21791.000000000000000000
-8.246594320139594814 12.516242728857422506 0.000000000812268507 0.304464969241650951 0.000000000000000000
-13.140278628291081731 4.131543088162147548 0.000000000000000000 0.121791851496468151 13030.000000000000000000
-12.102896739034132878 5.940065805683632405 0.000000000000000000 0.245062106940071994 13385.000000000000000000
-14.117745788990664124 6.458664085714847403 0.000000000000000000 0.397411316303254547 7787.672390348679982708
-13.280578314972721898 5.613491342973355280 0.000000000000000000 0.191309233013563451 10822.175969388763405732
-12.859921524150379923 4.153862282641299863 0.000000000000000000 0.094903881383420874 0.000000000000000000
-15.080445715068087509 3.583634368290100181 0.000000000000000000 0.462546819974142986 13336.000000000000000000
-13.070236168754371775 2.321684859954010971 0.000000000000000000 0.414437559401015010 13743.000000000000000000
-11.561277279845029398 5.579133457747778024 0.000000000000000000 0.258415258906637135 6826.404839370526133280
-11.255683576875835428 4.169648928720221193 0.000000000000000000 0.274521821410712241 0.000000000000000000
-10.531463827351190687 4.590770843039222449 0.000000000000000000 0.389158093486811019 0.000000000000000000
-12.463184136359128473 3.710998630504918072 0.000000000000000000 0.174132751443335926 13120.000000000000000000
-14.291357251375082171 5.558963167727706711 0.000000000000000000 0.320044034863871785 0.000000000000000000
-11.951302934182651327 2.105830621612356790 0.000000000000000000 0.468106689788205799 13088.000000000000000000
-13.766963330696039947 4.834486175422665788 0.000000000000000000 0.189797855318101866 13005.000000000000000000
-13.732216739435973096 6.959880190039998027 0.000000000000000000 0.435524877267342903 0.000000000000000000
-10.190161022968439397 -3.978379550725681391 0.000000000000000000 0.466011158068331433 9396.000000000000000000
-14.399614639076364853 -3.000773038255098779 0.000000000000000000 0.418202741660573696 9894.000000000000000000
-10.943858331901477499 -3.058134768051367747 0.000000000000000000 0.423504944182163057 0.000000000000000000
-11.276802614460676111 -6.788291213369826771 0.000000000000000000 0.448122923196386580 0.000000000000000000
-11.980175821203410180 -3.301122319264281568 0.000000000000000000 0.273130179476305524 0.000000000000000000
-15.059351154268972195 -3.634423777677656009 0.000000000000000000 0.455568402375154335 9794.000000000000000000
-13.732104866626864137 -3.723747660897917644 0.000000000000000000 0.245866597506332413 0.000000000000000000
-11.664905971740097357 -4.279854352140259444 0.000000000000000000 0.199342466423144210 0.000000000000000000
-11.261700146531641309 -4.423671343111220899 0.000000000000000000 0.262501686261778666 0.000000000000000000
-13.613531659754357861 -2.307313306713505430 0.000000000000000000 0.441746289242570478 0.000000000000000000
-11.473697917401567636 -6.828660306333511620 0.000000000000000000 0.434978445921644807 9898.000000000000000000
-12.787142646539411572 -6.413358844889242683 0.000000000000000000 0.301881544838860594 9802.000000000000000000
-11.878945000333208881 -5.556929897298292786 0.000000000000000000 0.213325238561165365 9612.000000000000000000
-12.534838682048800251 -7.123979638040321305 0.000000000000000000 0.426512192334394802 0.000000000000000000
-11.913799622298606451 -5.448320838547361156 0.000000000000000000 0.195620777137961194 0.000000000000000000
-7.134098105024589742 -14.068554102078440593 0.000000000366717870 0.421864025857518865 0.000000000000000000
-7.301885510426915360 -12.283310299418950251 0.000000000754208494 0.142412742967505696 0.000000000000000000
-4.710111065113366635 -11.810442583315351683 0.000000000844755574 0.360788252570125922 0.000000000000000000
-6.531017259859263291 -14.262351509525723614 0.000000000118910161 0.451734023943975216 0.000000000000000000
-6.131915557303741160 -11.408866667791025762 0.000000000812767795 0.120270481647736724 0.000000000000000000
-6.816605417725595473 -13.017218518698191687 0.000000000301455559 0.230324234866715410 0.000000000000000000
-7.551594188948624442 -11.678994578581065156 0.000000000291121349 0.146179750131994329 0.000000000000000000
-8.187349117089389949 -13.684747692605236935 0.000000000749420256 0.433529797536077899 0.000000000000000000
-7.381124335854998719 -9.134203816130789022 0.000000000784116448 0.471497901988005563 0.000000000000000000
-4.433776654209345303 -13.002784592816588827 0.000000000289126876 0.468707177983203493 0.000000000000000000
-6.805026734619544548 -13.209914981893090768 0.000000000709967525 0.264258040936418970 0.000000000000000000
-7.442849996455886519 -12.545740803686317832 0.000000000141931217 0.193484026823458083 0.000000000000000000
-4.891286304315562994 -11.493990713792159752 0.000000000581532061 0.330543264199861908 0.000000000000000000
-8.016147158260118033 -10.690801662199563182 0.000000000168608692 0.292160169943335490 0.000000000000000000
-7.970724002611689230 -11.844251056440288750 0.000000000110017550 0.221827942510121862 0.000000000000000000
1.703375136221026764 -11.098184859115574952 0.000000000000000000 0.403972739600761299 0.000000000000000000
0.699959632286391464 -11.891416848353683733 0.000000000000000000 0.381768594303008468 0.000000000000000000
1.921230189230691110 -13.288355425813229260 0.000000000000000000 0.073659331624074897 0.000000000000000000
0.661413998180812590 -13.344493711616474130 0.000000000000000000 0.298398970554212162 20251.000000000000000000
2.778054844802962275 -13.316814094389140877 0.000000000000000000 0.079403788297026393 0.000000000000000000
4.465489702577483122 -14.870342461341955698 0.000000000000000000 0.473929852886187275 3469.721265886875698925
4.543440341696385332 -14.029113055538013910 0.000000000000000000 0.415825551657664660 20585.000000000000000000
3.297861126788688590 -14.782825938615165029 0.000000000000000000 0.318374823672130380 0.000000000000000000
3.559371859016465134 -12.212534832691289921 0.000000000000000000 0.289038120119444186 20451.000000000000000000
2.866893730502056759 -10.836416055871719522 0.000000000000000000 0.444690750759885622 0.000000000000000000
0.027578235693873812 -12.790756380257112923 0.000000000000000000 0.420118651368486473 20287.000000000000000000
4.295077028540304376 -11.545113640825485746 0.000000000000000000 0.465834184357366843 8262.716902545736957109
2.840302890586413387 -13.211356121468384117 0.000000000000000000 0.090924424146056698 0.000000000000000000
1.492213953806537319 -13.856014046354365732 0.000000000000000000 0.182140918043660893 20159.000000000000000000
4.289074836148116354 -12.225958940719891643 0.000000000000000000 0.395357509532045792 20360.000000000000000000
10.134488772641933707 -10.320613878342166814 0.000000000000000000 0.278280755404680280 22072.000000000000000000
10.427123123298915885 -7.094583552955349148 0.000000000000000000 0.290288307562871717 22106.000000000000000000
9.119042331888683961 -10.248552998462878705 0.000000000000000000 0.341893873635731094 21360.123866243975498946
9.427298965066265524 -8.016380870027953520 0.000000000000000000 0.207375023996598767 9771.807882812208845280
9.020332828755792676 -10.136450296261534376 0.000000000000000000 0.338946801959178368 0.000000000000000000
12.224189040538831819 -8.689695321837151099 0.000000000000000000 0.335891203643378156 9669.054289437761326553
8.306873571247894716 -10.195871710051944703 0.000000000000000000 0.442966730197202674 0.000000000000000000
7.988944731444329150 -9.811923242973412229 0.000000000000000000 0.459028166557066075 22405.000000000000000000
9.466428285016432298 -8.836971971280110694 0.000000000000000000 0.156598656331881581 24.552448941901179325
10.881017729866279353 -6.174559100255706312 0.000000000000000000 0.460993621925053165 22682.000000000000000000
10.765094946491151617 -8.636474004693734940 0.000000000000000000 0.078148492069671560 22232.000000000000000000
11.398976217655910403 -11.143528128095944396 0.000000000000000000 0.459774107721494019 22966.000000000000000000
10.679674413595652283 -8.539684168983537660 0.000000000000000000 0.070609560684705683 22982.000000000000000000
12.693817480371210493 -8.432353627370082094 0.000000000000000000 0.423039540445182272 0.000000000000000000
8.390745259585930427 -7.738320924113307520 0.000000000000000000 0.390253789121820627 22265.000000000000000000
15.026898712269824543 1.296294544754013067 0.000000000000000000 0.346826536076042524 0.000000000000000000
13.385697341617982303 1.658897350519570102 0.000000000000000000 0.288910342830315747 0.000000000000000000
12.192960441171280195 1.798450793489680066 0.000000000000000000 0.394212980502415877 7385.000000000000000000
13.099865597935457018 1.819523164646225100 0.000000000000000000 0.325258549839039679 7212.000000000000000000
12.680439593355616879 -0.977868541485677478 0.000000000000000000 0.228815312153021783 7906.000000000000000000
13.538784231045525530 0.188145008803692421 0.000000000000000000 0.032609588321905185 6640.483504808279576537
14.630782538542797866 -1.541858288672084187 0.000000000000000000 0.329838948475070892 0.000000000000000000
15.117172364389189099 0.241386278746081234 0.000000000000000000 0.284029167432176655 0.000000000000000000
13.194688949796498534 1.133070209704590159 0.000000000000000000 0.205978954789570345 7814.000000000000000000
14.578627014981503152 -1.675774342133321326 0.000000000000000000 0.343753657585151529 7085.000000000000000000
14.391139485502600692 -0.666317026029872084 0.000000000000000000 0.190389988495522078 7073.109181071179591527
12.817670781614525666 1.551606345872970971 0.000000000000000000 0.298573337810293049 0.000000000000000000
12.821351290220604824 -0.568115472927099074 0.000000000000000000 0.161811659058563678 1145.867289189005759908
14.622448477121123389 1.985002958536397522 0.000000000000000000 0.393616398172286275 0.000000000000000000
15.861563564510520408 0.989625746693362451 0.000000000000000000 0.447433250286645878 7599.000000000000000000
