-3.103782024099871695 3.827179916774392066 0.000000000000000000 0.151121237773166939 991.701515094849924026
-1.247378717656830505 4.771460387996272701 0.000000000000000000 0.238961249349838006 0.000000000000000000
-1.054642284289267984 3.079759474803758224 0.000000000000000000 0.258567576928938947 10147.000000000000000000
-2.989500202711123489 3.728779844636121776 0.000000000000000000 0.133466677334826200 4216.756821363527706126
-1.349664961509082772 5.336024127953931107 0.000000000000000000 0.304222988635308778 0.000000000000000000
-2.827841027615959124 1.805164406543915634 0.000000000000000000 0.384851259687952418 10052.000000000000000000
-2.636796893567744604 5.704062767341194551 0.000000000000000000 0.329948335021995054 10303.000000000000000000
-4.605284559737970795 3.098027266935090118 0.000000000000000000 0.441379933645576261 0.000000000000000000
-1.645452681473193346 4.878127966351563316 0.000000000000000000 0.207109096773084284 10737.000000000000000000
-2.734656596791261052 2.282871870753414800 0.000000000000000000 0.298518967536087587 0.000000000000000000
-2.494743610280850454 3.807786110574824079 0.000000000000000000 0.044637042859069692 0.000000000000000000
-2.725529321155176099 4.756405708193093496 0.000000000000000000 0.175289679219966049 0.000000000000000000
-4.501336993972225642 5.075380958115058405 0.000000000000000000 0.451947799306344655 10337.000000000000000000
-3.483764628273410047 5.858263863265801064 0.000000000000000000 0.412809578854565928 10894.000000000000000000
-2.078040269070068113 3.823124501901456362 0.000000000000000000 0.034262296830696662 1117.127969543125345808
-1.391812273641733766 -6.294067414877686062 0.000000000000000000 0.455168275959516033 0.000000000000000000
-3.797757994568423001 -5.587018360624353974 0.000000000000000000 0.408004475448248638 0.000000000000000000
-0.708022936794846736 -4.916941952149108452 0.000000000000000000 0.331344714497236570 8926.000000000000000000
-0.073060339683885339 -3.260543176002750787 0.000000000000000000 0.405265455938647434 8722.000000000000000000
-3.314111647916273995 -4.849700659801363223 0.000000000000000000 0.254143750810651825 0.000000000000000000
-0.207456763112218501 -2.519443109555474791 0.000000000000000000 0.439557722235958070 3519.540229824687685323
-0.013862710266687018 -3.881329224275658962 0.000000000000000000 0.399983272529898681 0.000000000000000000
0.154858302029211359 -3.145097231355641121 0.000000000000000000 0.450063570260210100 5535.945279118678627128
-4.416674559829165680 -5.313935979496400286 0.000000000000000000 0.460566292488340079 0.000000000000000000
-3.698330273673890112 -5.230333341595127195 0.000000000000000000 0.350373817107175300 8814.000000000000000000
-0.627199954401008508 -2.305727470706458337 0.000000000000000000 0.405179979965815451 8978.000000000000000000
-1.262538922160173049 -3.399128051942524653 0.000000000000000000 0.197846403346099375 8760.000000000000000000
-2.589657371627795968 -4.186717858884897225 0.000000000000000000 0.079232655823303771 3611.382460099652689678
-2.761674110858282738 -5.676294251292373083 0.000000000000000000 0.330431940338451524 8058.000000000000000000
-4.668560074651027847 -4.363967045309574466 0.000000000000000000 0.437748698905182976 8094.000000000000000000
4.223136362408406619 -0.163942166081682245 0.000000000000000000 0.059496877070408384 9279.000000000000000000
4.085724378595433137 1.035811061926223076 0.000000000000000000 0.199302772639820325 9369.000000000000000000
6.542363758063465262 -0.176968447107666405 0.000000000000000000 0.362829970200083396 0.000000000000000000
6.105190068493238975 1.839268061635425111 0.000000000000000000 0.432340514210790006 0.000000000000000000
6.823857554981699103 0.456688321999626723 0.000000000000000000 0.419521420636432218 9428.000000000000000000
6.224561144720792250 -0.741417456143834586 0.000000000000000000 0.332007809905888684 9299.000000000000000000
3.043942151306282540 0.342759868329838513 0.000000000000000000 0.269032541255423363 0.000000000000000000
5.437791824944530283 1.464728480680494105 0.000000000000000000 0.307783730102807573 0.000000000000000000
6.925349369374384167 0.117015607016337050 0.000000000000000000 0.430216816200995833 6366.047495714256911015
3.198514853357143473 -2.280741634405981433 0.000000000000000000 0.468433422532615218 9425.000000000000000000
3.540412778732876742 2.007386669210408314 0.000000000000000000 0.396826848113803310 9672.000000000000000000
4.370474157368655632 -1.457125257563485210 0.000000000000000000 0.260183354009943302 0.000000000000000000
3.686748303529894688 1.505296713022538535 0.000000000000000000 0.305537060513779879 9061.000000000000000000
5.448538946064600097 0.121509468552779443 0.000000000000000000 0.167922926616921431 9405.000000000000000000
2.376483729456067451 1.120339820072046244 0.000000000000000000 0.429949552479607588 0.000000000000000000
12.080560781831934491 8.426446381325980894 0.000000000927225740 0.315191261440220527 0.000000000000000000
10.268115815205870689 11.140608777476163738 0.000000000523161909 0.419765113691908054 8685.223545749835466268
10.874479492152843818 10.316818469675137493 0.000000000696113162 0.290860054796363454 10033.000000000000000000
8.466821595211898810 7.314827765905819845 0.000000000650759711 0.418365690865670881 10920.000000000000000000
12.147583909212114506 10.152019852771976716 0.000000000056917473 0.404933366201598033 347.401417839751502470
11.566875073021545717 7.540423926027554735 0.000000000357032951 0.304020886495473042 0.000000000000000000
10.056098277674079711 9.306552219689811167 0.000000000518444995 0.110334565017760150 10981.000000000000000000
9.491035994153149247 10.548557047700111156 0.000000000603079832 0.350524595906416547 1377.732428780150030434
8.961698323350725914 7.651644982310592091 0.000000000108228635 0.312272381823831713 10475.000000000000000000
11.797294598666386634 9.737420456800071733 0.000000000237562208 0.312043079586701799 0.000000000000000000
11.970235897885380894 6.895668635526402745 0.000000000807447210 0.435059191501798781 2422.597913912776675716
10.956537998539284118 10.474402062113815859 0.000000000891589308 0.321728223168576966 10425.000000000000000000
10.893298927031118239 10.491818363232503941 0.000000000683411014 0.320990867215565634 10639.000000000000000000
9.777047791712416114 6.254756014679201392 0.000000000311761662 0.448916122638389314 10679.000000000000000000
11.009438632244494372 9.646636924507554056 0.000000000092991671 0.197460319921799438 10036.000000000000000000
2.645052261630587598 15.588159714680932311 0.000000000000000000 0.415254276185294258 4887.017739441104822617
0.394906472540255682 12.071287005039254225 0.000000000000000000 0.406922670829574451 0.000000000000000000
0.326858267578314821 13.641769686107844350 0.000000000000000000 0.363635653439599027 11485.000000000000000000
1.755563355663454672 11.110997671810357801 0.000000000000000000 0.399273346322670641 0.000000000000000000
0.581625628512312143 12.117377385387479549 0.000000000000000000 0.374475268473803025 11288.000000000000000000
1.631295573076773753 11.146278371246710392 0.000000000000000000 0.399600830634428639 0.000000000000000000
1.710888535939179445 13.149174126757655401 0.000000000000000000 0.113417379268475699 11431.000000000000000000
2.346511723991077769 12.707963446902407867 0.000000000000000000 0.101307630553914577 11036.000000000000000000
0.780721216665723583 11.882999806145472022 0.000000000000000000 0.371902068549064935 0.000000000000000000
4.943432812473014693 13.661932583360441029 0.000000000000000000 0.469992256303670974 2712.274302481351242022
1.924192267908712450 11.277202127739398563 0.000000000000000000 0.363529573293266295 8897.353217363275689422
1.265477429194194814 14.878320516257639738 0.000000000000000000 0.343045253424001884 11024.000000000000000000
3.404077729957519782 13.049865357401227328 0.000000000000000000 0.194885140372481780 0.000000000000000000
1.634909918992564881 11.780423584468028508 0.000000000000000000 0.294224132139351446 11013.000000000000000000
1.575207894362784966 11.059009078479586918 0.000000000000000000 0.417522889997286151 11401.000000000000000000
-5.437087908721593976 9.965644471929566706 0.000000000024091189 0.387042026641197301 12458.912241690213704715
-4.299879079171982532 11.135047391163102048 0.000000000455532945 0.445706145084945160 21862.000000000000000000
-5.003420243504080211 10.674294008485942342 0.000000000869186034 0.359489928222318400 21926.000000000000000000
-7.842218883285927866 10.075284233755116503 0.000000000414299612 0.351466238092117134 0.000000000000000000
-7.129307555937359986 13.843682525622567070 0.000000000317585394 0.382565825773872270 21258.000000000000000000
-4.494589468225766105 12.396290388642421831 0.000000000805362982 0.416538293816580973 21970.000000000000000000
-8.404566782465707320 12.380038828753425761 0.000000000424123525 0.320121781846038844 21705.000000000000000000
-7.877213440523989085 12.765572951570693050 0.000000000365824836 0.275479285359174431 3321.198662146810420381
-5.065824715103564024 11.977386264293571116 0.000000000595060630 0.300551438649057368 0.000000000000000000
-9.102565993259094768 12.830194683500007358 0.000000000345624632 0.465758273744975915 21992.000000000000000000
-6.092054276619588649 10.743188348180632730 0.000000000642611455 0.207062658215948270 0.000000000000000000
-4.549630019444466988 12.867221902112332188 0.000000000121609289 0.439113297839939298 7854.809637048125296133
-6.869619324056396970 9.257424588248962749 0.000000000273116156 0.436239407613961738 0.000000000000000000
-8.190568745283208330 11.042862569861688016 0.000000000430092827 0.286018441126467515 21957.000000000000000000
-7.044558211377441204 12.864039834199871848 0.000000000749279186 0.210174523604063329 21174.000000000000000000
-11.172358310292750616 5.860138417890610185 0.000000000000000000 0.343322973097183237 13207.000000000000000000
-10.340054857827778889 4.150390448306379376 0.000000000000000000 0.432906215123868898 6855.249001864403908257
-13.043152122150697636 6.563044225420887834 0.000000000000000000 0.332690489805618606 13562.000000000000000000
-15.112305438773777411 4.040272879840372866 0.000000000000000000 0.441682996466566558 13021.000000000000000000
-11.819875299344019481 6.828135854555672068 0.000000000000000000 0.406827997955536980 13041.000000000000000000
-12.010438735564854085 3.602499163801070381 0.000000000000000000 0.225380466506368976 13843.000000000000000000
-13.889070941315653229 3.876980691627731179 0.000000000000000000 0.251556872495290629 13549.000000000000000000
-11.199461019612609647 5.379942195366546720 0.000000000000000000 0.296223659474900647 13346.000000000000000000
-13.671286430196385453 3.156398007025932095 0.000000000000000000 0.314581312855012674 13095.000000000000000000
-14.777394876396833467 5.426243687087081824 0.000000000000000000 0.390065396197110392 0.000000000000000000
-13.208499013666626709 4.073359645576088539 0.000000000000000000 0.137309920039152517 0.000000000000000000
-13.680288770873252346 5.768422270626961890 0.000000000000000000 0.255918900118438486 13912.000000000000000000
-11.131231748349874167 2.992292094178524930 0.000000000000000000 0.407405279159070821 13230.000000000000000000
-10.717290281444272537 4.204355741391132995 0.000000000000000000 0.365239701078531098 13862.000000000000000000
-13.839587765341711645 2.377260310847907121 0.000000000000000000 0.446880919342814820 13092.000000000000000000
-14.841696478419271088 -4.514950754650107534 0.000000000000000000 0.380482667941083152 7611.884740246600813407
-10.620165241681617019 -4.990335982280178939 0.000000000000000000 0.376994498850492354 0.000000000000000000
-12.372919290355326893 -6.110871511022259561 0.000000000000000000 0.256478472098337573 0.000000000000000000
-11.797860608520931436 -5.680515213087919513 0.000000000000000000 0.238896248234511444 0.000000000000000000
-11.197746746395573325 -4.649058630242703494 0.000000000000000000 0.270158544656013577 9062.000000000000000000
-10.158725034251146369 -5.143055790976695185 0.000000000000000000 0.462448642654685049 9931.000000000000000000
-12.532239864962003040 -5.058502961148784394 0.000000000000000000 0.073524623884480805 9687.000000000000000000
-13.606624011974544075 -6.611751541396701626 0.000000000000000000 0.371407095839480006 1305.518500251896512054
-11.305924838184658654 -6.977215860934927072 0.000000000000000000 0.472731348118225536 1028.572193516666175128
-11.797930355320668028 -5.337377808037640392 0.000000000000000000 0.199446016108803303 0.000000000000000000
-13.696675271385405637 -5.463100062446597960 0.000000000000000000 0.221978679145327651 0.000000000000000000
-13.478805305243144019 -2.365457319648499812 0.000000000000000000 0.424140617728236080 0.000000000000000000
-13.195070699850100837 -3.911292032017698705 0.000000000000000000 0.158590044130935054 9036.000000000000000000
-14.400838895060656952 -6.148832243717429868 0.000000000000000000 0.394210651790515176 9211.000000000000000000
-10.768445614465399274 -5.154964222407481422 0.000000000000000000 0.356448619217998419 9356.000000000000000000
-8.658357684043496150 -11.599506671661833579 0.000000000537624197 0.343908867847575239 0.000000000000000000
-5.057737020912886017 -11.128517209564474655 0.000000000301059916 0.316273577186807764 0.000000000000000000
-5.965079574850762789 -10.836352619572595657 0.000000000127250532 0.207675968665846339 0.000000000000000000
-5.504762744286599840 -10.115901022508179352 0.000000000282411099 0.358519246845911910 0.000000000000000000
-7.048190282719093425 -9.493817476644954567 0.000000000166695032 0.397655516549525911 0.000000000000000000
-8.772845389183586917 -11.777618535359316354 0.000000000096833052 0.363816725476176717 0.000000000000000000
-6.166838052080304777 -12.086599689194629903 0.000000000668578719 0.120034343940895197 0.000000000000000000
-8.410878867000219472 -11.945519081623633184 0.000000000680907819 0.301833194531025972 0.000000000000000000
-8.892312715172250748 -10.570087749220462570 0.000000000144833013 0.435096152476757092 0.000000000000000000
-7.394991038620172041 -10.948945970258035842 0.000000000042243401 0.180229201441116538 0.000000000000000000
-7.755295367787817362 -13.635110382886047375 0.000000000078560414 0.384766210210097159 0.000000000000000000
-6.800173218207323345 -10.537890911306874386 0.000000000727246887 0.209332434609206114 0.000000000000000000
-8.400544487315267261 -10.099355304435848169 0.000000000299537528 0.412587879539091207 0.000000000000000000
-5.242970731977166565 -13.393035918899048653 0.000000000140471936 0.398171860651747089 0.000000000000000000
-7.493735656221968355 -10.389914787955726538 0.000000000305331453 0.271360991981344113 0.000000000000000000
4.603033834961669513 -12.394410237116183282 0.000000000000000000 0.433706816892870384 20744.000000000000000000
0.829592507390326861 -12.535710471029037905 0.000000000000000000 0.298911062430682717 20298.000000000000000000
3.391069195554209159 -15.678808708329430743 0.000000000000000000 0.467178765565094078 20468.000000000000000000
1.723554858550526703 -14.712438091647360494 0.000000000000000000 0.277923987930722260 0.000000000000000000
1.240530630972090931 -12.885189179962509343 0.000000000000000000 0.207048258098814969 20535.000000000000000000
3.976527040341712116 -12.773857814644136610 0.000000000000000000 0.306048505091819023 11669.391849572944920510
1.185303149951234980 -15.647920476893338204 0.000000000000000000 0.469389287304344927 0.000000000000000000
2.877306982136809577 -14.972270619668218927 0.000000000000000000 0.317002332187561631 0.000000000000000000
2.236402932779012698 -10.864743003222299578 0.000000000000000000 0.429861039141871570 0.000000000000000000
0.478082907589083839 -13.707406395658956910 0.000000000000000000 0.339605735044481882 20221.000000000000000000
3.249263190656269895 -10.807139052400422941 0.000000000000000000 0.468845508213940665 20832.387165156764240237
2.292547411901673993 -15.868900708579383618 0.000000000000000000 0.461641472474421333 0.000000000000000000
3.919844463332453177 -12.360603951314351079 0.000000000000000000 0.326225362915552208 0.000000000000000000
1.176038067055927838 -12.855627297605789039 0.000000000000000000 0.219647252714493174 2231.245871498907490604
2.628353560931871780 -14.922601544279981312 0.000000000000000000 0.297706951034888867 20663.000000000000000000
8.921213768738347483 -6.804652149379876391 0.000000000000000000 0.424970143274319589 22956.000000000000000000
10.258583163513751657 -11.346887918266524764 0.000000000000000000 0.455972696623399509 22396.000000000000000000
12.585432512946155725 -8.452371389068581209 0.000000000000000000 0.403435536008623308 22524.000000000000000000
8.825142784503581694 -9.476920741817854932 0.000000000000000000 0.298952500643127450 0.000000000000000000
10.048377072494032447 -8.711202888806683475 0.000000000000000000 0.052486423574359516 22901.000000000000000000
10.251298824579791358 -7.329871045398942186 0.000000000000000000 0.249208100884027089 22663.000000000000000000
9.877864033170432378 -6.733753967065410961 0.000000000000000000 0.362930106975054512 22281.000000000000000000
11.018049012588480906 -9.511741286621759883 0.000000000000000000 0.180217138416819522 0.000000000000000000
8.238442254822782473 -7.437832089222583321 0.000000000000000000 0.439853924741879510 0.000000000000000000
10.970188482641828998 -9.625093729039056356 0.000000000000000000 0.190265029147021869 22114.000000000000000000
8.820646242902833833 -9.452612975682601615 0.000000000000000000 0.297876024773264914 0.000000000000000000
11.043122384287785920 -7.080162280086915949 0.000000000000000000 0.317819376817700949 0.000000000000000000
9.761474248463246184 -8.327704063237087340 0.000000000000000000 0.126873795920163512 1570.098583262011970874
10.441287554552841854 -9.646172727906744626 0.000000000000000000 0.158492983579597707 0.000000000000000000
10.490632908461686057 -10.624647713125201065 0.000000000000000000 0.330068552576829544 22379.000000000000000000
15.277669129836139561 -0.648637954109507087 0.000000000000000000 0.329191563811401244 7201.000000000000000000
15.055261588923237071 1.556300060023755982 0.000000000000000000 0.380933773279520549 7570.000000000000000000
14.909372040780784374 2.198234623273545019 0.000000000000000000 0.451370809335192524 0.000000000000000000
12.037048726480396255 0.925023772222218654 0.000000000000000000 0.312615655107348900 0.000000000000000000
14.959887448972530422 0.073491435890765705 0.000000000000000000 0.253235435758915162 0.000000000000000000
14.909096961007511695 -0.154754959506949147 0.000000000000000000 0.245324917071554488 2921.209274050580006588
12.628696998668001328 -1.892045974020909460 0.000000000000000000 0.366547199334811336 7593.000000000000000000
12.172913161607851862 -2.016415555783317881 0.000000000000000000 0.426901876658430268 0.000000000000000000
14.044058847822984859 0.605894523002278196 0.000000000000000000 0.137992000974658663 674.060472941835996608
11.665117319004119523 1.678326969353053810 0.000000000000000000 0.443875263242251683 7861.000000000000000000
11.541448137096651294 -1.789037501338206049 0.000000000000000000 0.473185648953240945 7944.000000000000000000
12.315776550879634854 1.170344319860419091 0.000000000000000000 0.298403725049553259 7110.000000000000000000
12.064820078094717459 -1.932582078571889461 0.000000000000000000 0.426689671611048482 0.000000000000000000
13.560386776773498241 1.036266165245940840 0.000000000000000000 0.179615224359279568 0.000000000000000000
11.603024288537245212 0.451090690235248504 0.000000000000000000 0.354254880350787227 1834.505023993482154765
