-1.156341911667287281 3.879913557992378248 0.000000000000000000 0.196392524192404466 0.000000000000000000
-0.197361784252878231 3.984109543883131099 0.000000000000000000 0.367663234535507477 10320.000000000000000000
-0.353252839906980198 3.542944439932444567 0.000000000000000000 0.345093146283073082 10121.000000000000000000
-1.425553426537823354 4.095678304062585262 0.000000000000000000 0.152852291487769409 10832.000000000000000000
-2.569005379912368436 3.294683082950221387 0.000000000000000000 0.119637558308191561 10984.000000000000000000
-2.290133543325500565 4.800940100168274327 0.000000000000000000 0.162294270926790024 8892.126288840401684865
-2.744782931717189456 5.767419368054353512 0.000000000000000000 0.345307226926867383 0.000000000000000000
-1.046372772192403655 1.927536902469504598 0.000000000000000000 0.410948282971280054 0.000000000000000000
-3.196808823066821237 4.485343623195338303 0.000000000000000000 0.198014087808427164 10954.000000000000000000
-4.220669729315502217 2.637514438228642621 0.000000000000000000 0.414722086836020742 10470.000000000000000000
-1.401497916206576377 2.242189127597440823 0.000000000000000000 0.330888446893859711 0.000000000000000000
-3.534088606797521237 1.603940501104172300 0.000000000000000000 0.466126161675740391 10227.000000000000000000
-0.617845132677733111 4.775435769255730101 0.000000000000000000 0.332176667841641016 0.000000000000000000
-2.965294318807486285 6.120010291376289047 0.000000000000000000 0.416494591755228127 10951.000000000000000000
-3.691181475203830331 5.619210957165169162 0.000000000000000000 0.399886875521751395 10500.000000000000000000
-1.849928913973560851 -5.946303626263324205 0.000000000000000000 0.373360749579828677 8129.000000000000000000
-1.416442249230075667 -3.686008725121529661 0.000000000000000000 0.154373992396222987 8246.000000000000000000
-1.434979577681501306 -3.720024053321170587 0.000000000000000000 0.149822777299510157 8785.000000000000000000
-4.246740317898441752 -5.374741466243754928 0.000000000000000000 0.441986994076268624 0.000000000000000000
-3.337434505898006165 -3.180461124865102907 0.000000000000000000 0.230126700359763986 8133.000000000000000000
-1.092046573931726217 -5.446714416274320847 0.000000000000000000 0.346525495451058207 0.000000000000000000
-1.004287665751099734 -2.810951114121367223 0.000000000000000000 0.294800846293833685 0.000000000000000000
-4.824002282377648498 -3.637156071227364507 0.000000000000000000 0.459467291009315215 8465.000000000000000000
-0.754717308000657172 -2.511089267135844239 0.000000000000000000 0.363539631340009439 0.000000000000000000
-1.102319655182487868 -1.930584899424778733 0.000000000000000000 0.405326598593921006 8783.000000000000000000
-1.512384589566367232 -1.587721084771061886 0.000000000000000000 0.431108394086686442 3305.308236841315192578
-1.305310164421473074 -4.465688660907505714 0.000000000000000000 0.198377844478803106 8534.000000000000000000
-4.518992569052193709 -5.202818856378052637 0.000000000000000000 0.465673683115196690 0.000000000000000000
-2.926738818717571800 -2.756104475127269193 0.000000000000000000 0.234448138398940159 0.000000000000000000
-0.424164929569741833 -4.288645628667549836 0.000000000000000000 0.334486017553655979 0.000000000000000000
5.304910816406543717 -0.623737754242847053 0.000000000000000000 0.179247569558467573 0.000000000000000000
5.363113159667179275 -0.233689368048471985 0.000000000000000000 0.156892769744882948 9362.000000000000000000
6.404630710443239394 -0.000107138164189696 0.000000000000000000 0.336924867773890857 0.000000000000000000
5.409096279226666582 -0.775465187009037549 0.000000000000000000 0.210711482255060034 9826.000000000000000000
3.456740899559641367 1.286564520731459771 0.000000000000000000 0.296379183473495844 9410.000000000000000000
2.679807478945622545 -0.256509381651396751 0.000000000000000000 0.330096531251644676 0.000000000000000000
3.687786125755455391 1.177409364242197443 0.000000000000000000 0.255935658341909456 9867.000000000000000000
5.248739841511108395 0.458725403009469235 0.000000000000000000 0.154195901613827235 9288.000000000000000000
6.797189571773571970 1.037013281594003633 0.000000000000000000 0.446503337765260411 0.000000000000000000
6.023855035944359670 -0.905610180559911715 0.000000000000000000 0.313407759831232924 0.000000000000000000
6.170077657583671993 -0.884532354036588586 0.000000000000000000 0.334262912272592971 0.000000000000000000
4.308770423377775494 -0.366477921163497311 0.000000000000000000 0.074710913179732788 357.875327501602271241
4.635875260030094758 -1.280401578527815332 0.000000000000000000 0.228509142108129032 0.000000000000000000
5.708277529694737673 2.224883178090991009 0.000000000000000000 0.448613669549377425 9519.000000000000000000
5.302836716380347148 0.079673681891040682 0.000000000000000000 0.141273039536733314 2490.717400423548951949
9.324478846664616682 8.976844089124554671 0.000000000047057375 0.185524083230861420 0.000000000000000000
8.410885519104351005 9.321646929670679427 0.000000000391474920 0.358429585755826730 8018.656959746954271395
10.936332407177644654 6.419966023800120603 0.000000000143367578 0.421394885614327974 6160.925145257514486730
10.783113772750661852 9.126264996409947372 0.000000000630039732 0.103031281140127051 8400.121012044161034282
10.958294694849481488 8.877796296209115923 0.000000000910600310 0.112427440963828340 10221.000000000000000000
9.081111379524948291 6.707036375705244247 0.000000000883448537 0.423015547975795936 10859.000000000000000000
12.048911476144430921 8.993819240168704710 0.000000000650380528 0.307515510902883094 10231.000000000000000000
8.114344445582263532 9.583255656490392127 0.000000000291383351 0.423116400316985664 0.000000000000000000
9.183314673259603822 8.930853746092136447 0.000000000917123746 0.208764605045086343 0.000000000000000000
8.513196581462096901 7.419329448762796986 0.000000000386378776 0.400812056748810985 10100.000000000000000000
9.969555661827854465 10.582775405110821154 0.000000000663750883 0.328629987592859774 7791.155202754725905834
9.892567415676968068 8.198466504777691455 0.000000000001623521 0.125203216766499315 10898.000000000000000000
10.132365436147397375 6.048918335638404642 0.000000000249115803 0.474844975499866429 10956.000000000000000000
9.713510733290675603 6.965778630698985729 0.000000000828406733 0.332172687744833606 10627.000000000000000000
9.839097869886460401 9.254503370162856513 0.000000000066566886 0.126063354698035174 0.000000000000000000
4.676677578033633154 14.468895838103659202 0.000000000000000000 0.468204405150119463 0.000000000000000000
2.859522928927795249 11.271956639179576243 0.000000000000000000 0.368986307833757632 582.859437614730381938
2.030939222506698894 15.031600007606973790 0.000000000000000000 0.317174603046822656 11007.000000000000000000
4.195804831544678315 11.591642893132881653 0.000000000000000000 0.447137648554361611 0.000000000000000000
0.251405506600328899 14.424233701589015411 0.000000000000000000 0.423784235140812648 0.000000000000000000
0.924613462678809950 12.893707523890343580 0.000000000000000000 0.260349426919868954 0.000000000000000000
0.451830746561285024 11.619765597994808459 0.000000000000000000 0.446865796126449444 11671.000000000000000000
0.838211823569465331 12.309988798785919784 0.000000000000000000 0.317425301642969004 11375.000000000000000000
4.525861561512519948 14.505671496371491003 0.000000000000000000 0.447579747210930412 11916.000000000000000000
1.420466264549843594 12.049279313452242235 0.000000000000000000 0.272638028616030925 0.000000000000000000
4.173554239819995182 14.740244980459374702 0.000000000000000000 0.418619085947164515 0.000000000000000000
1.530689541894052264 11.260780302092213034 0.000000000000000000 0.386578754623645549 6359.888340422552573727
2.971349828401028237 14.231608595062047229 0.000000000000000000 0.204428308166671513 0.000000000000000000
2.861648389294472850 12.204833632626597151 0.000000000000000000 0.212726733416200825 0.000000000000000000
0.719570001253646674 14.607125964054599621 0.000000000000000000 0.372817590724305425 11016.000000000000000000
-7.326421277210966920 9.202195734818660711 0.000000000685419562 0.457523850007157951 0.000000000000000000
-6.886649361609771702 12.570622279926890741 0.000000000777947416 0.153269523099164889 21992.000000000000000000
-5.644487817889698000 11.348455663902065282 0.000000000659487826 0.204695531961300664 21759.000000000000000000
-8.941946677372973440 10.994309606829560266 0.000000000615180038 0.414042438509371891 0.000000000000000000
-8.244545589516331319 10.542811723718576999 0.000000000521302369 0.340302050249291943 0.000000000000000000
-7.986384517923074355 13.798197860417806382 0.000000000042742753 0.430176473429779216 21859.000000000000000000
-7.370089906371021904 11.652853616857361985 0.000000000438564168 0.114255192571123779 21740.000000000000000000
-4.228674202695126283 12.237143308811287312 0.000000000037405471 0.455587319283197678 0.000000000000000000
-5.313953290472239743 11.031855504667595014 0.000000000277335585 0.280587493882729411 0.000000000000000000
-6.345883128376128113 13.618627628579279332 0.000000000685898780 0.343406383501417445 21137.000000000000000000
-8.716714793242200443 12.552285661835286490 0.000000000478482536 0.383080460658538791 0.000000000000000000
-6.135156337037306784 10.266005709732931805 0.000000000471908978 0.278423096493942535 0.000000000000000000
-5.293852228220772282 13.804186113535331870 0.000000000074755382 0.449837065615389831 21485.000000000000000000
-7.906509062274237998 13.566623531913213796 0.000000000273935579 0.387945679386540343 21440.000000000000000000
-7.477698386361794292 12.295992960594535504 0.000000000767308575 0.167552876438052889 21108.000000000000000000
-14.252458352550524623 5.643934753607323884 0.000000000000000000 0.321388197917830076 13308.000000000000000000
-14.827371820737280217 3.130348743497847863 0.000000000000000000 0.462448817130947154 12493.802842236649667029
-13.794477186710118133 3.516609612021577735 0.000000000000000000 0.278935466833865775 13364.000000000000000000
-11.980422100265444740 5.137841494451047097 0.000000000000000000 0.153138106973590926 3045.314603251430526143
-12.931192067098013609 2.490067156588556152 0.000000000000000000 0.382354371439337426 13162.000000000000000000
-15.255012383467922987 4.296293400928653305 0.000000000000000000 0.457887933500388422 6545.653222995059877576
-10.809651458037764726 6.356285106443213984 0.000000000000000000 0.448095405575411221 0.000000000000000000
-12.810330505104531085 2.801533763232506580 0.000000000000000000 0.326784289816212048 9802.161882177484585554
-12.444832045362932860 4.631317189128806966 0.000000000000000000 0.048522806757188862 13055.000000000000000000
-12.255052834512527582 3.731442319088432935 0.000000000000000000 0.183958952149895882 13782.000000000000000000
-12.504829249072184183 5.344087197822708468 0.000000000000000000 0.121569810030202757 13456.000000000000000000
-11.672431888411534118 5.815240647786434458 0.000000000000000000 0.271339018335191862 2220.267011791404001997
-11.335652593738975824 5.226243856092088080 0.000000000000000000 0.263436125410289435 674.467117658638926514
-14.082778042034345134 4.693505961580256347 0.000000000000000000 0.244169495606364473 7811.561963695688064035
-13.904358119068700006 3.843384255781454151 0.000000000000000000 0.257068250967680545 0.000000000000000000
-10.772025889161875867 -3.533258447727848139 0.000000000000000000 0.399558516094887684 9806.000000000000000000
-12.080669338654940859 -6.465137058784669932 0.000000000000000000 0.330813885940216323 6331.434624681120112655
-13.736650898144265653 -2.791662908094654227 0.000000000000000000 0.374823517313646659 0.000000000000000000
-14.764710145184734458 -4.035644998190839772 0.000000000000000000 0.382271884249084981 9504.000000000000000000
-14.449525606722767535 -4.791696990148906821 0.000000000000000000 0.310146483661587979 0.000000000000000000
-14.926954629447530820 -3.438345424230438763 0.000000000000000000 0.449219065676015439 9694.000000000000000000
-13.606366277832668388 -6.666786418304515571 0.000000000000000000 0.380038093780321662 0.000000000000000000
-12.764329879745588414 -3.342294206027334180 0.000000000000000000 0.232522093633714649 9797.000000000000000000
-10.872548454568947918 -5.364181585306908140 0.000000000000000000 0.349191332603553617 4249.149130150650307769
-12.276462700769346981 -6.259033755920626163 0.000000000000000000 0.285835921003441185 2937.932339731148204010
-12.074494842396882532 -3.208353355120992401 0.000000000000000000 0.280136471926173414 9983.000000000000000000
-14.159016328555905417 -2.579866047167006737 0.000000000000000000 0.445874202001965536 3641.903216723910645669
-13.627632285585129068 -5.860360628809769601 0.000000000000000000 0.262001461492360976 2928.729253389985842659
-15.197342191484365159 -4.285600642134039795 0.000000000000000000 0.447998389216236803 9800.000000000000000000
-14.961907947894161452 -3.706986515649207892 0.000000000000000000 0.434687020486415387 9289.000000000000000000
-5.305328606152874826 -11.267092528442036681 0.000000000060907166 0.266641322421414362 0.000000000000000000
-7.380690800256924256 -9.545684431896201971 0.000000000116886303 0.401329454380291994 0.000000000000000000
-5.755698267961620651 -13.633876099006192462 0.000000000739925132 0.381357646813493711 0.000000000000000000
-8.779218295050620569 -12.680232132701503289 0.000000000232422471 0.402381908304522751 0.000000000000000000
-7.653757571038831031 -13.309906233237926543 0.000000000786502672 0.325789660312887308 0.000000000000000000
-7.803747754316238350 -10.595744186978970802 0.000000000814778247 0.275452450457901787 0.000000000000000000
-5.031593472610303763 -9.722691994989268949 0.000000000534168220 0.465906565234919467 0.000000000000000000
-6.199462600554102920 -9.249361424406227883 0.000000000890323799 0.447468300841782296 0.000000000000000000
-9.087615356041123249 -12.462281983113738804 0.000000000520017751 0.439802837247770917 0.000000000000000000
-6.917937279499153824 -10.534058029965011727 0.000000000854104905 0.212228606757888072 0.000000000000000000
-7.049871374115531886 -10.268901947358596516 0.000000000731564434 0.262689242026462710 0.000000000000000000
-6.230713083514832107 -9.386273123209734948 0.000000000080483558 0.422586038133115349 0.000000000000000000
-5.033988377389564839 -13.521060037126565234 0.000000000553991099 0.440130421833678676 0.000000000000000000
-5.891584988954822855 -13.780428210121584698 0.000000000122117254 0.394774912970005110 0.000000000000000000
-7.452917236912729670 -11.928565797679345550 0.000000000470067003 0.133683818083319000 0.000000000000000000
3.283656925500559431 -14.519917093724993506 0.000000000000000000 0.278565886755585190 0.000000000000000000
0.943356020117546379 -11.225523190634026705 0.000000000000000000 0.441544492510011266 20847.000000000000000000
3.995091434825550181 -13.431602495023877708 0.000000000000000000 0.297264820613390990 20957.000000000000000000
3.025448294725019860 -13.685914459130174237 0.000000000000000000 0.143105434216305089 20767.000000000000000000
3.842363100359135419 -14.800139532831327216 0.000000000000000000 0.381740057371300789 0.000000000000000000
1.328652906200350481 -14.339779108764890481 0.000000000000000000 0.260740741692801092 0.000000000000000000
2.308880779093457125 -15.534270661478325692 0.000000000000000000 0.402028666966048720 20608.000000000000000000
3.449363182197516586 -10.850290781429867693 0.000000000000000000 0.475381107438879846 0.000000000000000000
0.738916922692767320 -14.822222224706420590 0.000000000000000000 0.395789717626812587 14711.394612356381912832
3.192159005553351747 -12.524533193573500256 0.000000000000000000 0.203233853267993148 0.000000000000000000
3.739783405383916737 -11.239230126671946763 0.000000000000000000 0.440688456260509509 20816.000000000000000000
3.066822450869677308 -14.076290446664316391 0.000000000000000000 0.193145900843551432 0.000000000000000000
2.355326206812429657 -13.897417647817151831 0.000000000000000000 0.110597996069978902 20226.000000000000000000
2.754486086300947711 -13.371842169462606620 0.000000000000000000 0.076773134241963581 20076.000000000000000000
2.523286347883212599 -12.870092562287481996 0.000000000000000000 0.079855257635048110 3745.065060014910159225
9.923949249651652593 -8.400553457504392085 0.000000000000000000 0.096083640801349512 0.000000000000000000
12.706946752464936878 -9.177914586582502920 0.000000000000000000 0.428402591340315275 0.000000000000000000
10.412915704007783546 -10.777927803599197887 0.000000000000000000 0.356127978193512718 22157.000000000000000000
12.993527879832102556 -8.940068778669598260 0.000000000000000000 0.474030963142042627 22331.000000000000000000
10.635899731770010135 -10.082573625139120921 0.000000000000000000 0.239757265771781247 0.000000000000000000
8.495077942162417628 -7.411957779671215718 0.000000000000000000 0.404195282021317936 0.000000000000000000
8.556708417344992768 -9.191102112207820696 0.000000000000000000 0.327359844122143973 22028.000000000000000000
8.284910365468148186 -8.365090250235036606 0.000000000000000000 0.372529771578448743 0.000000000000000000
8.168034009889002078 -7.579437523360721407 0.000000000000000000 0.438386244459201047 18217.814406237259390764
8.308043305337426077 -8.107152570384901225 0.000000000000000000 0.379394743371382015 22048.000000000000000000
8.819382120831633642 -6.796397169011641815 0.000000000000000000 0.437191806497096547 0.000000000000000000
9.462464814734456553 -10.388480250922082604 0.000000000000000000 0.327817873054446984 5985.124017297163845797
10.495453836242058188 -8.994560043440941399 0.000000000000000000 0.051288305968411961 8832.927043977495486615
10.766704983275879215 -10.747135745106424665 0.000000000000000000 0.358435063971044965 0.000000000000000000
9.958104849548767845 -7.413953276236193268 0.000000000000000000 0.243787805304531813 0.000000000000000000
12.867605726246599929 0.626477495133334061 0.000000000000000000 0.161966869512355338 7871.000000000000000000
15.464864514773500659 -1.803439162376967442 0.000000000000000000 0.463068637947318673 0.000000000000000000
11.384422947672833359 1.128172059012070072 0.000000000000000000 0.431643079316794798 0.000000000000000000
12.372908236791493763 1.228656753364683496 0.000000000000000000 0.298181079816977224 0.000000000000000000
11.638099594249283086 -0.186819552600264976 0.000000000000000000 0.340756800629775425 1115.590992196724755559
15.619941793469417135 1.068728613228827173 0.000000000000000000 0.413888477001951305 0.000000000000000000
14.362184598538533464 1.107001693707644785 0.000000000000000000 0.241039523409746326 0.000000000000000000
12.139891555213790042 1.638649534466347424 0.000000000000000000 0.378779049215468788 7457.000000000000000000
15.169566283769157167 -0.256380376974201518 0.000000000000000000 0.293648869430876702 4172.881868452771414013
11.909880849587953122 0.962952557612092752 0.000000000000000000 0.335517448785019712 7387.000000000000000000
11.790488077096501485 0.785679033336675881 0.000000000000000000 0.340643470136389903 3933.963787951493486617
11.858890867135905012 -0.569941311028794639 0.000000000000000000 0.315803748064357570 7080.000000000000000000
15.858543148737078710 -0.556108472733983783 0.000000000000000000 0.424073473334113604 0.000000000000000000
14.720924114311035424 0.554271671032086188 0.000000000000000000 0.231115692996450239 0.000000000000000000
12.565890593738220815 -1.922682546033380957 0.000000000000000000 0.376394897350794289 7503.000000000000000000
