-2.079671440929293791 6.338431749319056507 0.000000000000000000 0.437157798093615990 10895.000000000000000000
-1.015288542185152076 4.715750380880131765 0.000000000000000000 0.265897445109468611 10323.000000000000000000
-2.312621953365014527 4.673721294480713162 0.000000000000000000 0.139874288698098037 0.000000000000000000
-0.150140632330199419 4.267829113776994809 0.000000000000000000 0.381673429037878875 0.000000000000000000
-1.043031353270905459 4.068758339903194354 0.000000000000000000 0.218901924230813949 10536.000000000000000000
-3.975349795691516697 2.450339954199717951 0.000000000000000000 0.399120560007809100 0.000000000000000000
-1.137587247371667276 5.411057264239706122 0.000000000000000000 0.336584592480905054 10650.000000000000000000
-1.973651619664288814 5.199963276225440190 0.000000000000000000 0.238726122061291041 0.000000000000000000
-2.130538281961908531 4.762592318921015533 0.000000000000000000 0.157031331667658397 0.000000000000000000
-0.565716531529600108 2.816457290395152135 0.000000000000000000 0.357179989061954362 10617.000000000000000000
-2.082047391991535878 2.223797769744158881 0.000000000000000000 0.298431538717058298 10249.000000000000000000
-3.885127767462955184 4.824607389763823306 0.000000000000000000 0.334250960164820865 10690.000000000000000000
-0.592221029446841629 5.731619721638840481 0.000000000000000000 0.442459609235884843 10964.000000000000000000
-1.214583691655455544 2.790395687353479648 0.000000000000000000 0.270147011052741692 10462.000000000000000000
-3.292674549193646882 3.403400551514235151 0.000000000000000000 0.203718258354006976 0.000000000000000000
-3.278741193476726323 -3.258232876984008541 0.000000000000000000 0.213864730074576515 8100.000000000000000000
-3.084971779394449332 -2.344193630042416654 0.000000000000000000 0.312188756482210616 8350.000000000000000000
-3.325954550763225548 -3.746349945112680491 0.000000000000000000 0.192015685295398808 0.000000000000000000
-3.102656152705492332 -5.545845773774107812 0.000000000000000000 0.330947431028032202 3211.481030281370294688
-4.129129083548057189 -2.035557880282551135 0.000000000000000000 0.469107185540857174 2949.139226488630356471
-3.088804635491003481 -5.927526050045884176 0.000000000000000000 0.391735297169304053 2199.883950365961936768
-1.159906218399753275 -2.847892872545140452 0.000000000000000000 0.269799674516608912 8331.000000000000000000
-4.250032790470082311 -3.200607754164720653 0.000000000000000000 0.375585231663307983 0.000000000000000000
-1.125180636616151864 -4.684102619989447547 0.000000000000000000 0.246537981314069454 0.000000000000000000
-2.621000982768300958 -1.569477967724474787 0.000000000000000000 0.418237779651973951 0.000000000000000000
-0.166242743058909487 -3.975939730141739847 0.000000000000000000 0.373140456982263835 0.000000000000000000
-3.616110291817027367 -3.869521240386654348 0.000000000000000000 0.242040258415671866 0.000000000000000000
-1.861962284797035849 -4.747355957058545961 0.000000000000000000 0.168216309849874845 8691.000000000000000000
-3.555926045200022756 -1.932621025008101734 0.000000000000000000 0.418184541181444769 8452.000000000000000000
-2.979175049280005982 -6.320394065730392086 0.000000000000000000 0.451314961588865748 0.000000000000000000
5.621135184277706642 0.988320314193130822 0.000000000000000000 0.264022166049050822 9880.000000000000000000
5.842649048861981775 -1.730083992505575097 0.000000000000000000 0.387748434219618909 9332.000000000000000000
2.642206346992602928 1.228939948192088849 0.000000000000000000 0.398850353046042883 5124.476381397117620509
5.335789775423229742 0.757364386742598983 0.000000000000000000 0.198820630243028401 0.000000000000000000
5.362065714366173630 0.852717370305185018 0.000000000000000000 0.213922485705975912 0.000000000000000000
2.368240621972627746 -0.925359821470227439 0.000000000000000000 0.416364107873310241 9369.000000000000000000
2.280546047856541581 0.713526445970765089 0.000000000000000000 0.417819413880347268 0.000000000000000000
5.652908646410751636 -2.378585331167529571 0.000000000000000000 0.468462949572896747 9900.000000000000000000
5.738148144483543156 0.882955310286963058 0.000000000000000000 0.268612783785385612 9575.000000000000000000
5.005030345409776871 -0.184711593030968041 0.000000000000000000 0.093433892350558670 9942.000000000000000000
4.180588149640600548 -0.204441949703568798 0.000000000000000000 0.069680927277068025 9839.000000000000000000
4.110662188246128501 2.261220153035381042 0.000000000000000000 0.408233582121760308 0.000000000000000000
5.773445366385591804 -2.062823026006243676 0.000000000000000000 0.429450171351280385 0.000000000000000000
4.773057876374773301 1.360645669611594499 0.000000000000000000 0.246073587572928187 9808.000000000000000000
1.933230410541636690 0.486091535936682251 0.000000000000000000 0.468019059588569208 0.000000000000000000
9.991252703060492735 10.424435952133023875 0.000000000887707974 0.300638462228977554 10099.000000000000000000
8.009188979781836082 7.455107436596200898 0.000000000648646267 0.473699813525357227 10397.000000000000000000
8.887942739832276118 9.491285778577125853 0.000000000126908844 0.290002781162502610 10603.000000000000000000
9.599353673606238146 11.288049839302546573 0.000000000290705969 0.465031500745838322 10172.378280623732280219
9.583526195386959046 6.752554640836787136 0.000000000196093621 0.375381666583245788 10967.000000000000000000
10.880317762256513703 6.668122046779215495 0.000000000374241792 0.376853843700882540 10446.000000000000000000
12.830938664136965599 8.213748368426148971 0.000000000557954219 0.453562145541360262 10459.000000000000000000
11.469799893217553333 7.697248358458053552 0.000000000075271492 0.272637993926543531 10807.000000000000000000
8.461780420255131219 10.630733403689749395 0.000000000563219952 0.470860786971911915 10072.000000000000000000
12.515487676823612517 8.876037054266195270 0.000000000549217957 0.388297467614197256 10961.000000000000000000
10.418965628556410508 8.118143851352753515 0.000000000107581089 0.111310754928390390 0.000000000000000000
12.004328079953753061 8.403361365210090028 0.000000000527150917 0.302611050414963501 10121.000000000000000000
10.783082196830466870 8.105766082498432112 0.000000000669152892 0.137422043328058491 0.000000000000000000
11.386715118556042015 7.485691233014973633 0.000000000569657051 0.289122995321017262 2615.178210944704915164
11.315877747658516839 9.757328426986417114 0.000000000208276804 0.247880495154986613 10016.000000000000000000
2.372021525612254322 13.866873427715805889 0.000000000000000000 0.105309107380627473 2554.209929980631841318
1.365118185720630040 14.785097602448905363 0.000000000000000000 0.319419126786076923 11253.000000000000000000
2.986785862260171065 14.904350950786479757 0.000000000000000000 0.312226927029774948 11707.000000000000000000
1.769403397783988030 12.571981714669968611 0.000000000000000000 0.160916995684181607 11330.000000000000000000
0.465897926374964744 12.210243335309893808 0.000000000000000000 0.383382452942266971 11201.143130893815396121
1.519827362231325196 14.436874046540872030 0.000000000000000000 0.252543165839063943 11129.000000000000000000
1.203124206726480017 12.424714120296464159 0.000000000000000000 0.252354200969251763 11809.000000000000000000
3.459263558764635871 13.727120726131516903 0.000000000000000000 0.215925529572467606 11850.000000000000000000
3.016470583122076832 14.157555733087889394 0.000000000000000000 0.198423468093923333 11462.000000000000000000
-0.157622775506256113 12.343080743561936075 0.000000000000000000 0.474225168557647736 11602.000000000000000000
0.871619994078539295 14.429925654338148888 0.000000000000000000 0.331909346323293275 11712.000000000000000000
4.430650945318590495 14.392712199520593330 0.000000000000000000 0.423069553205813409 0.000000000000000000
4.553138216902162583 12.728850834115101875 0.000000000000000000 0.407259867396804143 7091.451539802348634112
2.089616020690486575 10.695897869649567014 0.000000000000000000 0.461654165198418398 11959.000000000000000000
1.236808244993151229 13.964957947956593287 0.000000000000000000 0.230855396260343154 0.000000000000000000
-4.882169541766038456 11.191491843747195745 0.000000000263901401 0.342747721792883486 21781.000000000000000000
-9.288078446521174314 11.286997329786780497 0.000000000723383400 0.461806040498707937 21346.000000000000000000
-5.969874226983792553 11.737402852452625268 0.000000000305440054 0.135949347215302552 21194.000000000000000000
-6.386543419332064708 12.438099576663754320 0.000000000442298595 0.141524861408026226 21140.000000000000000000
-9.198117460484931840 10.911682653427750012 0.000000000331319702 0.461949111596309858 21694.000000000000000000
-5.028910676310979433 12.497607790831843033 0.000000000163526997 0.333538058803399429 21035.000000000000000000
-6.840696645283721899 9.627474537079859118 0.000000000713926182 0.370590708125832224 0.000000000000000000
-6.586697856748674695 13.079894337535895588 0.000000000628801681 0.242378584900543731 0.000000000000000000
-5.765304378363936166 14.223114910532965283 0.000000000273200256 0.475982453106803316 21683.000000000000000000
-5.077543201650097870 11.153900597053908683 0.000000000870838013 0.311468924499212596 21975.000000000000000000
-5.076038605884266808 10.497242939931494377 0.000000000660898107 0.366095436025491050 0.000000000000000000
-8.583767314248024860 13.424121059638368436 0.000000000891891127 0.446779226081298386 0.000000000000000000
-6.003720937864008178 13.923263397464593183 0.000000000926032330 0.411514972380335187 21538.000000000000000000
-5.713460686712013015 13.879881752219089819 0.000000000461902005 0.423783635712942253 0.000000000000000000
-7.058902692699490444 9.100932705392168032 0.000000000790022615 0.466790070283795488 0.000000000000000000
-12.764812049274345540 4.297200276229339977 0.000000000000000000 0.066956073837735164 3983.412493161715246970
-11.064012642019743993 2.745302134752236167 0.000000000000000000 0.447311452374396790 0.000000000000000000
-11.704101377181862276 5.291608463751790836 0.000000000000000000 0.209172015436765529 12130.996405964484438300
-13.453264120202742760 4.685537721057770000 0.000000000000000000 0.131947827082021713 13216.000000000000000000
-13.373732341968196380 2.222875281542934012 0.000000000000000000 0.442381757484157201 13982.000000000000000000
-14.041125210704189286 3.757101492283958954 0.000000000000000000 0.285618196130432767 13713.000000000000000000
-12.247702173832061945 4.496294198790138807 0.000000000000000000 0.088821466737124502 13502.000000000000000000
-10.978692411926010308 3.564426874146752411 0.000000000000000000 0.365166869061909927 13753.000000000000000000
-14.174032965621888636 3.002364754404607705 0.000000000000000000 0.390203533829654003 13243.000000000000000000
-10.632930109412241038 3.375809578315764892 0.000000000000000000 0.434940826574837902 13759.000000000000000000
-13.245673708929265544 2.792962555876149722 0.000000000000000000 0.341009178099032251 13171.000000000000000000
-11.753865639599119675 4.381540214751389328 0.000000000000000000 0.178646733541535541 0.000000000000000000
-11.215870192391770743 3.586735667496790292 0.000000000000000000 0.327826880471722648 13225.000000000000000000
-13.316171427422307971 5.887818783457689165 0.000000000000000000 0.235923246156224176 13221.000000000000000000
-13.198549618478999435 5.483848616397088982 0.000000000000000000 0.164486410012949835 13330.000000000000000000
-13.014398640840715515 -5.526009460565053821 0.000000000000000000 0.156750463729378481 0.000000000000000000
-14.096643872224518645 -4.038792052048241210 0.000000000000000000 0.270430679038590693 9344.000000000000000000
-12.014734122482682466 -7.234883978564544904 0.000000000000000000 0.462130587868580023 9072.000000000000000000
-12.350858336099328483 -5.244307717727761720 0.000000000000000000 0.117723114847691893 6426.919722268467921822
-11.365023990464269588 -3.884384004295359016 0.000000000000000000 0.277326862837282639 9065.000000000000000000
-14.920704212062812388 -5.635669030754448805 0.000000000000000000 0.426944759879445357 58.023348011727911455
-10.969784911060729726 -5.411131693937986320 0.000000000000000000 0.335984086563078210 9533.000000000000000000
-13.282770287433409706 -2.586157466438376407 0.000000000000000000 0.377337332482013954 4183.191537615356537572
-13.739574476905403344 -6.871291348913914021 0.000000000000000000 0.422167023866382385 9462.000000000000000000
-12.633399623901048869 -4.432419965451151356 0.000000000000000000 0.045113704287138671 9748.000000000000000000
-13.702013364133575735 -3.997413363746867621 0.000000000000000000 0.212251441570054128 0.000000000000000000
-12.309592603645814535 -6.814128228493046890 0.000000000000000000 0.378498547414082287 0.000000000000000000
-13.279016700624746150 -5.217156758340909306 0.000000000000000000 0.137573422926046907 0.000000000000000000
-12.083933430290660027 -6.219262671790366959 0.000000000000000000 0.290714535662095153 0.000000000000000000
-14.495456940584089622 -4.496706759690845878 0.000000000000000000 0.319273236385490267 0.000000000000000000
-5.842410033802990732 -12.359420219737883073 0.000000000143630900 0.195061876048147703 0.000000000000000000
-4.457098934972143489 -11.829998077657929656 0.000000000341847753 0.405986951046480582 0.000000000000000000
-5.768545262303951482 -9.270670327437452229 0.000000000392705693 0.466452379609694268 0.000000000000000000
-6.274824822622767861 -11.706952630042355423 0.000000000719016455 0.081582574945918543 0.000000000000000000
-5.070533728330357093 -12.460356074747117816 0.000000000016595133 0.324063708289528518 0.000000000000000000
-8.807518056677130502 -10.960308581495487701 0.000000000198361080 0.393338138940429349 0.000000000000000000
-6.769211260619317549 -13.479452540244954761 0.000000000862504737 0.311722404715069901 0.000000000000000000
-7.288857255557541492 -11.192585049693471788 0.000000000274873475 0.136004920191965722 0.000000000000000000
-6.971292123568501253 -13.745313410046247071 0.000000000884188229 0.361146415260297948 0.000000000000000000
-5.384822970759683969 -11.472607019362181191 0.000000000177923320 0.244105991207355710 0.000000000000000000
-5.768642237244134385 -11.975664506545092181 0.000000000211549210 0.177707833847680213 0.000000000000000000
-5.028705682195262483 -10.210510620301521456 0.000000000890418168 0.404565726236972345 0.000000000000000000
-6.196595877599682112 -13.809358417857845680 0.000000000543181521 0.382363307766006244 0.000000000000000000
-8.665765667008088258 -10.642424906157296860 0.000000000833771280 0.393524483435364614 0.000000000000000000
-7.971168636272037311 -13.456890613319050232 0.000000000111019012 0.378348786422044669 0.000000000000000000
0.945953125735071065 -14.366975566629077932 0.000000000000000000 0.314563605656414613 20203.000000000000000000
2.373681627853879039 -10.837379870992441155 0.000000000000000000 0.434413959022883656 0.000000000000000000
2.755591370139012231 -14.926033228274935283 0.000000000000000000 0.303100241522620051 20711.000000000000000000
1.806593986092128512 -14.016448801845863059 0.000000000000000000 0.161884901233104062 20558.000000000000000000
3.115868061384012844 -13.432233686997257394 0.000000000000000000 0.142014792231575898 0.000000000000000000
4.705294689530171937 -12.387523933880538962 0.000000000000000000 0.451165856903336215 20974.000000000000000000
2.679238717888768662 -10.715550885775698475 0.000000000000000000 0.460117144803612932 20458.000000000000000000
1.266520660505102702 -13.694037483582130577 0.000000000000000000 0.204319435766878332 20723.000000000000000000
1.659882254116522571 -10.854061678473614805 0.000000000000000000 0.447912403850897978 20950.000000000000000000
4.613056385867238873 -13.205333429313213855 0.000000000000000000 0.406304516456105658 20928.000000000000000000
2.362281711640014770 -12.005202277141178158 0.000000000000000000 0.226481808954824809 0.000000000000000000
2.624487952120778456 -13.342996348519317706 0.000000000000000000 0.053041518268727224 20544.000000000000000000
2.028217227512447707 -15.826189751317748744 0.000000000000000000 0.457283242876671991 20500.000000000000000000
4.461339955399596491 -14.026488451324048867 0.000000000000000000 0.401849136397520623 20253.000000000000000000
4.217153730365616582 -12.525357913324219439 0.000000000000000000 0.361203303064181247 0.000000000000000000
12.313117393643532083 -10.246570442133835499 0.000000000000000000 0.438392187378992770 22267.000000000000000000
9.418196182709056785 -7.596260612434331705 0.000000000000000000 0.260636339655648253 22483.000000000000000000
8.963566476450059994 -6.797068427483558217 0.000000000000000000 0.421586814902303375 0.000000000000000000
12.071362342035506288 -10.296335805031265664 0.000000000000000000 0.410418458178246737 0.000000000000000000
10.594295455895183622 -10.045583411733918666 0.000000000000000000 0.231892547542550204 23000.000000000000000000
8.428145248137086654 -8.910977285687247118 0.000000000000000000 0.342070370515706268 0.000000000000000000
8.851631919760318823 -8.460524414600772758 0.000000000000000000 0.270159316780504311 0.000000000000000000
10.699871167679871675 -10.185707079601289848 0.000000000000000000 0.259967304931134680 22508.000000000000000000
8.924604925205885664 -9.468805931838389256 0.000000000000000000 0.282387490075094116 0.000000000000000000
8.101050752330323235 -7.301882231259549272 0.000000000000000000 0.473316019695675216 0.000000000000000000
11.935610389225969286 -8.004531880131510846 0.000000000000000000 0.312619263168463501 22129.000000000000000000
8.880885620854668261 -9.429681506879756370 0.000000000000000000 0.286433354351216585 22530.000000000000000000
11.760033252724696240 -7.005647315887731708 0.000000000000000000 0.396106870683071544 0.000000000000000000
9.736862640993342310 -7.697828490875099128 0.000000000000000000 0.213432380915896530 0.000000000000000000
8.754615985127157884 -7.568932568268116334 0.000000000000000000 0.350502400089264865 8730.567456500895787030
13.826738177980876898 -2.697727708194245455 0.000000000000000000 0.469967300435425894 0.000000000000000000
10.909040108985825768 -0.360980740827865687 0.000000000000000000 0.473322558205389265 0.000000000000000000
11.375399628824041542 0.798877676197954800 0.000000000000000000 0.410292393559833768 7437.000000000000000000
14.118152002685905089 0.586274097595232524 0.000000000000000000 0.144500522256426872 7783.000000000000000000
15.748369125614186004 -1.110451689921878815 0.000000000000000000 0.437577773668570313 7770.000000000000000000
13.496347091191999823 2.611201689273749960 0.000000000000000000 0.452604430690607018 0.000000000000000000
12.400852387517351971 2.207887550721326697 0.000000000000000000 0.434017600559615191 7027.000000000000000000
13.509402555468405183 -0.237221246879277953 0.000000000000000000 0.041500904516059027 0.000000000000000000
11.719857976114131048 0.322200368989324470 0.000000000000000000 0.329433254072840853 1786.345367792771412496
13.500162674776646554 -0.931435717933987717 0.000000000000000000 0.161601001594004062 0.000000000000000000
13.985368138329256738 -2.331097467057047901 0.000000000000000000 0.411278010320425713 0.000000000000000000
15.226135092786902803 -0.912090161536890709 0.000000000000000000 0.339152147433034457 0.000000000000000000
14.904623547778070858 1.708226219958678405 0.000000000000000000 0.382350231391860862 7611.000000000000000000
13.451417725310850670 1.106968623297451826 0.000000000000000000 0.192542542111153625 0.000000000000000000
12.540159054329773625 0.706252758869019726 0.000000000000000000 0.216508638550768961 0.000000000000000000
