-2.282265366919989713 6.256711043269021388 0.000000000000000000 0.421441073855230497 0.000000000000000000
-0.777508168401764399 2.787551564119444603 0.000000000000000000 0.328979354984328343 213625.000000000000000000
-1.564651775423337332 6.111214050374734086 0.000000000000000000 0.414458896978109947 220701.000000000000000000
-0.710382688869195311 3.972194031511688816 0.000000000000000000 0.276247363146222613 214087.000000000000000000
-2.993452813601327644 4.561048617403650418 0.000000000000000000 0.177306118407875496 221540.000000000000000000
-4.272963627379722240 5.255722465596583959 0.000000000000000000 0.433530442356092505 223022.000000000000000000
-3.021043424533508936 1.461214083253903784 0.000000000000000000 0.453277908484562952 217333.000000000000000000
-1.951075350858726853 1.434856733346887347 0.000000000000000000 0.440689341852542993 0.000000000000000000
-1.681613034611196156 2.932729970737239622 0.000000000000000000 0.199112730993808051 223283.000000000000000000
-0.866121583821718777 5.908184925933688270 0.000000000000000000 0.436787463470677595 203370.422839433245826513
-4.299474120154378909 5.472870961365315701 0.000000000000000000 0.460023522581013977 213696.000000000000000000
-2.964486202500635770 2.545438413831335289 0.000000000000000000 0.270489888421980185 219811.000000000000000000
-3.389293120708745555 1.650186869316919269 0.000000000000000000 0.446765030124483598 0.000000000000000000
-1.351673597407163863 3.820603685626206225 0.000000000000000000 0.162046449604500875 0.000000000000000000
-2.186669284307455552 1.479044114956820088 0.000000000000000000 0.429566052105117446 0.000000000000000000
-4.560464422287751063 -2.881589658920880925 0.000000000000000000 0.447806838972141796 181508.000000000000000000
-2.189687599655398387 -1.726306385482461403 0.000000000000000000 0.385544244173405604 96211.212339180478011258
-1.533278544114792030 -1.822504178933028740 0.000000000000000000 0.390295590238283974 176190.000000000000000000
-0.201700540157304459 -4.310217384377077465 0.000000000000000000 0.374070348172675038 83200.760047794945421629
-0.214632281995351476 -2.862217850559344967 0.000000000000000000 0.407656323890301431 0.000000000000000000
-0.975656707194678452 -3.829262367995633465 0.000000000000000000 0.228842890543381416 173295.000000000000000000
-3.528287658428415519 -5.934718845386822927 0.000000000000000000 0.428546156586967486 172231.000000000000000000
-4.184801695692129009 -4.782493365934874063 0.000000000000000000 0.378284721344126162 173929.000000000000000000
0.092146149474927497 -3.225582500858370061 0.000000000000000000 0.435282098384840221 173798.000000000000000000
-4.208413481848524818 -2.512408974470536460 0.000000000000000000 0.425309531805656227 110569.105986123729962856
-3.122894323028131858 -6.029449424422264947 0.000000000000000000 0.410823864712927811 175659.000000000000000000
-1.997928901442031169 -3.594762904917462532 0.000000000000000000 0.070147681899925457 68415.283104115631431341
-3.902895143143545464 -5.556090854766977394 0.000000000000000000 0.416888858422592323 179133.000000000000000000
-0.832398941711432361 -4.287274968469612091 0.000000000000000000 0.263778824276418855 11254.045920740289147943
-0.447890045086292377 -4.695313617535622264 0.000000000000000000 0.353085652170220976 0.000000000000000000
3.511739227395349605 -2.209281881956261628 0.000000000000000000 0.431482205992139767 202465.000000000000000000
6.653074390374158931 -1.174115466566441945 0.000000000000000000 0.434363441909970116 199822.000000000000000000
4.095013453378339108 0.762860671927053202 0.000000000000000000 0.154803060479041937 49822.267191790881042834
6.098919507036854704 -1.024232687354198035 0.000000000000000000 0.335867299404945086 0.000000000000000000
4.865252958041660136 -0.994646067728892413 0.000000000000000000 0.187434996067767257 0.000000000000000000
3.881150969367836545 -1.836586571110390587 0.000000000000000000 0.345387573016860405 0.000000000000000000
6.134952136862449557 1.848225443428527459 0.000000000000000000 0.437022111952430292 201004.000000000000000000
6.271348250023753401 -0.530166737046906533 0.000000000000000000 0.326993713764737071 195289.000000000000000000
4.595829581350791671 1.291011925470984867 0.000000000000000000 0.229830023870661232 192873.000000000000000000
3.421977138068497126 0.036206556259434870 0.000000000000000000 0.194770708563225814 0.000000000000000000
3.375720150841587497 -0.715893470045399716 0.000000000000000000 0.239527175146360405 193213.000000000000000000
4.712763348077950276 2.362042401214826448 0.000000000000000000 0.421083854765330612 33617.550625094183487818
6.711674863928830170 -0.445584547431861155 0.000000000000000000 0.399533349288829776 0.000000000000000000
2.713490831489076882 -0.572796318615285904 0.000000000000000000 0.336707170097620856 31652.569661950274166884
3.850077132844507144 -1.632578248659568354 0.000000000000000000 0.313398851674359991 103983.129497940812143497
8.776316635255929199 8.937100749941905065 0.000000000717619451 0.280791473922014867 0.000000000000000000
10.681831733090662695 10.683692045280864136 0.000000000571191604 0.344637321024509558 221904.000000000000000000
10.978665623859042100 9.312608266361669607 0.000000000560601116 0.150724359487714787 0.000000000000000000
10.526739388280130783 10.042582697191063446 0.000000000753922254 0.229351984196230957 219644.000000000000000000
8.404722672528327720 7.896591861483098107 0.000000000724384309 0.376118579905251549 222738.000000000000000000
8.950299384943079417 6.807842875246672421 0.000000000806349925 0.421440353387321665 0.000000000000000000
9.813449490947082410 11.108732142361319006 0.000000000182058862 0.424788341256400692 222783.000000000000000000
11.714169393524279883 10.408742409184512212 0.000000000284705976 0.379935544826694005 0.000000000000000000
10.322152474047037174 6.565560029185921742 0.000000000707481271 0.382693600741669804 223155.000000000000000000
10.090882440542760179 7.679689988569320391 0.000000000678540914 0.192613398559886406 149138.631818098103394732
12.128707816465075453 7.296211597283888572 0.000000000699315671 0.407412803659026046 0.000000000000000000
11.933393640149310144 8.519832177696846642 0.000000000726821212 0.286697701509118830 0.000000000000000000
9.072921467915765703 9.493453032386250712 0.000000000767197601 0.261164609567055117 0.000000000000000000
8.413365558647672771 9.161041637377351776 0.000000000836215188 0.351095934788752118 0.000000000000000000
12.062584708976055836 6.788859127749653943 0.000000000323970536 0.459906732867174373 0.000000000000000000
2.217214472508028500 11.515538803932166445 0.000000000000000000 0.314327121344098570 237903.000000000000000000
1.116327229437523050 15.177217645399469603 0.000000000000000000 0.402155478729499138 238719.000000000000000000
3.129692067154374868 14.856945288034218322 0.000000000000000000 0.315004380206487966 0.000000000000000000
0.185958808319259983 13.386086113558246069 0.000000000000000000 0.383375719255209135 0.000000000000000000
-0.295490158798454139 13.293450665546895806 0.000000000000000000 0.468675177782886365 0.000000000000000000
1.096799494162337796 15.450096239205507231 0.000000000000000000 0.445556501736733668 0.000000000000000000
2.164233568760410176 11.394971228186244971 0.000000000000000000 0.336476244939110269 0.000000000000000000
3.281117390046001336 14.484928017134020450 0.000000000000000000 0.273365052234077921 242568.000000000000000000
3.585054234759345704 11.533747856086687733 0.000000000000000000 0.381986314106914859 0.000000000000000000
1.810609491095086065 10.675260976418108783 0.000000000000000000 0.472610671000773974 236010.000000000000000000
4.454322919831596117 14.804666895169855678 0.000000000000000000 0.465421404161618979 236324.000000000000000000
2.758998876115025478 13.063370094961967993 0.000000000000000000 0.084683963631266415 0.000000000000000000
4.039736380815436512 13.390749884554349336 0.000000000000000000 0.304617150935202197 0.000000000000000000
3.666604225248344395 11.525724335608900972 0.000000000000000000 0.391769265707970105 0.000000000000000000
1.713991495643145901 12.301097441158077572 0.000000000000000000 0.205964247983456444 236139.000000000000000000
-6.519202451582930102 13.879315613345415414 0.000000000473549179 0.384396290082118619 92406.719022999604931101
-9.022133957709932872 11.397109648619967004 0.000000000846604269 0.412019762969008552 408297.577356516616418958
-6.516766087770403004 10.520960046516215414 0.000000000666761679 0.215495759118771391 0.000000000000000000
-7.296396386190238559 13.512288935975936610 0.000000000022060284 0.332829173452550142 443531.000000000000000000
-5.973643873264061099 13.432166213384034492 0.000000000218176611 0.332282638118296170 0.000000000000000000
-5.246650377535761578 9.620335405607896462 0.000000000773512167 0.456534183310926822 0.000000000000000000
-9.209989232498511313 10.942786638534570898 0.000000000340271350 0.462306128677405337 0.000000000000000000
-8.683065667037768165 11.954988760608042497 0.000000000158824676 0.350164596476026380 445274.000000000000000000
-6.274325794246228050 9.356881366771222730 0.000000000473193483 0.426099125787578414 0.000000000000000000
-7.291423188370845132 12.714797560697141066 0.000000000085925001 0.202440215243072624 450873.000000000000000000
-6.545808025331830038 13.248843296511552126 0.000000000270753341 0.272935201065875710 444439.000000000000000000
-7.967151827930890384 12.014551925769557883 0.000000000625136094 0.226207867480891778 0.000000000000000000
-4.497318414929577735 10.990858457892510813 0.000000000206310569 0.418726516719754471 0.000000000000000000
-8.490309043645341447 11.331294611387003002 0.000000000854762153 0.320699994900901397 446720.000000000000000000
-6.287353054872026448 9.847080745704685611 0.000000000910162147 0.340770394058775239 444127.000000000000000000
-12.699345397991242734 2.092470707523477635 0.000000000000000000 0.449674051704180899 211247.065952437696978450
-10.802653546437879228 3.753946113817320018 0.000000000000000000 0.376813526390734455 278671.000000000000000000
-11.423756983768953432 7.020332998335246266 0.000000000000000000 0.468392467122464407 129141.422144184180069715
-14.633010312356766747 4.602973084713655183 0.000000000000000000 0.342482069161109681 281505.000000000000000000
-10.331319051687296806 3.517015963290081260 0.000000000000000000 0.470489000995965967 0.000000000000000000
-13.999525942301524140 4.464239479906834340 0.000000000000000000 0.232310733715064194 0.000000000000000000
-11.953867588493235274 6.521966271277486626 0.000000000000000000 0.348344597102312581 281272.000000000000000000
-11.544507184840712810 4.248627392385623480 0.000000000000000000 0.221371639681525428 63634.945695713948225603
-13.123626628153033380 6.178875008388104106 0.000000000000000000 0.270732737445449012 279809.000000000000000000
-12.976427206515200652 2.058595373608061330 0.000000000000000000 0.457720073175145681 282933.000000000000000000
-12.445293158015989121 6.077911866486592096 0.000000000000000000 0.248075356689091975 0.000000000000000000
-13.958440576224841578 5.217387135257202324 0.000000000000000000 0.240857869919309409 79417.461120808933628723
-13.928802655433340618 5.513878730426582386 0.000000000000000000 0.260676439843917584 132224.594600526877911761
-12.262599070253942912 5.839725434881401611 0.000000000000000000 0.217444497283954902 278293.000000000000000000
-12.161339865787104131 4.777163363707626509 0.000000000000000000 0.099838359090341056 281237.000000000000000000
-11.951659908393320819 -2.806542058515305360 0.000000000000000000 0.353112833095277134 0.000000000000000000
-11.831781489355119419 -5.811814006639314911 0.000000000000000000 0.252260704754392384 197247.000000000000000000
-13.110265269076007755 -3.945225634903820833 0.000000000000000000 0.145775304487331808 195230.000000000000000000
-13.829537498466608625 -3.969148212748672577 0.000000000000000000 0.234002873181979293 0.000000000000000000
-12.148177086005617298 -2.691494894145553207 0.000000000000000000 0.360250674454429265 0.000000000000000000
-14.651206708711393745 -3.080772592026882251 0.000000000000000000 0.442621017934565375 194799.000000000000000000
-14.880473213355102757 -4.777074407817773150 0.000000000000000000 0.386713298468692512 0.000000000000000000
-12.818947869695435315 -3.807630929634283845 0.000000000000000000 0.152593672474075848 196407.000000000000000000
-12.857844155885402415 -3.697646737209157042 0.000000000000000000 0.172470745803869452 0.000000000000000000
-14.078333656621330405 -4.408545122000585792 0.000000000000000000 0.247828618829120884 195719.000000000000000000
-13.764201337755913812 -6.848729631445426236 0.000000000000000000 0.420562608350923350 0.000000000000000000
-12.952321331948740024 -4.133615081402226110 0.000000000000000000 0.103882157798189545 77330.431738671686616726
-10.852290260980993253 -5.377908549674093486 0.000000000000000000 0.353406574126350015 194065.000000000000000000
-13.198684822862482235 -3.888692957233633507 0.000000000000000000 0.162245818848769929 198032.000000000000000000
-12.919838066531667664 -3.194232541829777894 0.000000000000000000 0.260623395039172978 0.000000000000000000
-7.540331425136010957 -11.080346768753903675 0.000000000011994877 0.182974705884906386 0.000000000000000000
-7.653173360299355465 -9.465524793638794065 0.000000000283793134 0.430865644023734506 0.000000000000000000
-4.400061660801117824 -11.682350253768007065 0.000000000684093219 0.415719577518567529 0.000000000000000000
-4.883984083058027004 -11.016685668089987615 0.000000000254299410 0.352159409040221361 0.000000000000000000
-8.518123051366053744 -13.265266588673160442 0.000000000908470772 0.419437210456326204 0.000000000000000000
-5.984203872999764862 -9.498875491437818397 0.000000000215434537 0.415169886948087874 0.000000000000000000
-7.725474178413657356 -12.217134139508553758 0.000000000414993127 0.197734440882565005 0.000000000000000000
-8.911956094023409491 -11.595574658249944378 0.000000000214061235 0.389065109988870061 0.000000000000000000
-6.701156032689517872 -13.397307210532654054 0.000000000108167074 0.297188330744487250 0.000000000000000000
-4.492526950588412227 -11.255716310037906069 0.000000000463932667 0.407547436209970138 0.000000000000000000
-8.064729828238888842 -12.546282591065347489 0.000000000014846690 0.278905831152024497 0.000000000000000000
-7.073306099726508478 -13.250900140260263527 0.000000000073336950 0.277843033351049873 0.000000000000000000
-4.379207401840580438 -12.970641885674472960 0.000000000414080926 0.474539292936467072 0.000000000000000000
-4.424503064041151568 -10.771064766557801207 0.000000000090043533 0.444319762345665392 0.000000000000000000
-5.830481998192872162 -14.061252814887009066 0.000000000681008711 0.445030799198096849 0.000000000000000000
2.870925287618729005 -10.982991897073004495 0.000000000000000000 0.419401321626784396 0.000000000000000000
-0.202414045597544195 -13.641642958372919736 0.000000000000000000 0.456732431034749697 323675.982618239242583513
0.471589971314574363 -13.971227646060926375 0.000000000000000000 0.354288051800779380 57541.709297741217596922
1.966458060056176516 -13.995510591923485677 0.000000000000000000 0.143834011023615399 427149.000000000000000000
0.906210196791451872 -11.292689554132403273 0.000000000000000000 0.435534094877647548 0.000000000000000000
1.083571511697073220 -13.703421729170079502 0.000000000000000000 0.235524287054280440 0.000000000000000000
2.802889570190893131 -12.269981913789402839 0.000000000000000000 0.197744772359183557 0.000000000000000000
0.203295558959694284 -12.641055340283839925 0.000000000000000000 0.396314427475163489 427509.000000000000000000
1.842222816105262506 -12.735227307498806937 0.000000000000000000 0.130364307141569130 425018.000000000000000000
2.097801333874452112 -12.026620847220929278 0.000000000000000000 0.226589753088439982 0.000000000000000000
0.911586700851130916 -15.182656467619889185 0.000000000000000000 0.423751664954321594 0.000000000000000000
0.125374887977091093 -14.634674709023087757 0.000000000000000000 0.462063728423039888 425087.000000000000000000
3.775201949171328231 -12.233453648560207228 0.000000000000000000 0.316881404975546399 421568.000000000000000000
1.574951178247886219 -15.080419278191826038 0.000000000000000000 0.348609656387540823 171229.279809526458848268
3.050418530593314692 -13.431164522356985103 0.000000000000000000 0.130553574065940092 421963.000000000000000000
12.220177976880838955 -9.835985653136303242 0.000000000000000000 0.385226834262827056 0.000000000000000000
10.913534605726361804 -9.824957237857015357 0.000000000000000000 0.214538014970622193 472228.000000000000000000
12.030496902602878961 -10.621975528624941987 0.000000000000000000 0.445057593802695328 0.000000000000000000
9.203958757573202476 -6.788544124093896848 0.000000000000000000 0.399361592275116806 76484.134937023976817727
9.550890063490426130 -9.903163069935130736 0.000000000000000000 0.246867048820667456 466228.000000000000000000
10.669758171691999138 -10.419621264719705067 0.000000000000000000 0.298777480833623266 0.000000000000000000
9.974930743835560776 -6.134969949377397036 0.000000000000000000 0.463024007457508380 17042.405043644121178659
9.350376135584291148 -6.752294506495207571 0.000000000000000000 0.392387877609331914 0.000000000000000000
9.709083413806546048 -11.022558035719102421 0.000000000000000000 0.414774869969187443 470275.000000000000000000
10.984561055541478325 -9.660289960589842906 0.000000000000000000 0.196757794001876651 463091.000000000000000000
8.602872166007156096 -10.501637707776909636 0.000000000000000000 0.436987339566788424 469072.000000000000000000
12.067342739802722207 -8.544420190899463918 0.000000000000000000 0.309832927433422445 465378.000000000000000000
11.111496146776545402 -7.427978674209322563 0.000000000000000000 0.268925270296165309 463968.000000000000000000
11.271258072658277172 -10.268217456319595371 0.000000000000000000 0.313622062364072141 465722.000000000000000000
12.040326275136864709 -6.829055503691784601 0.000000000000000000 0.452040074673757064 469329.000000000000000000
11.701498552213958959 -0.949856737689824926 0.000000000000000000 0.367168178765982955 0.000000000000000000
12.722670183712455838 0.950009161755527187 0.000000000000000000 0.220182236850013063 0.000000000000000000
15.238853962788759588 0.030470950113382730 0.000000000000000000 0.302688519020900937 155496.000000000000000000
14.314505227296420387 1.153438980922940837 0.000000000000000000 0.242557109688534028 0.000000000000000000
13.047470490784336405 -1.139609135337855683 0.000000000000000000 0.216395820994187249 85178.759082137679797597
11.911080005891335531 1.984489247759714248 0.000000000000000000 0.451047726284061090 160957.000000000000000000
11.520254442592845479 -1.097368385640181021 0.000000000000000000 0.407673116878642106 137342.568599667167291045
11.897885739457965570 1.875665307443650676 0.000000000000000000 0.438322496650454918 110133.877209438709542155
14.549799344669493095 2.371080127649161096 0.000000000000000000 0.447687774966430085 151167.000000000000000000
14.604558307169561715 1.326872432820873193 0.000000000000000000 0.297610616462408106 63311.972537684116105083
12.795070462033082848 -1.118511480497955901 0.000000000000000000 0.235315307176158089 157841.000000000000000000
11.460384109978324574 0.897445604709547040 0.000000000000000000 0.402408206892660159 158584.000000000000000000
14.641630188590598394 -1.774306905510040000 0.000000000000000000 0.364118963925326888 152276.000000000000000000
11.697140284398150456 0.140943056492034480 0.000000000000000000 0.329594090957129715 52732.414764132379787043
14.125205721969178896 1.013564681419933278 0.000000000000000000 0.204010626395005779 0.000000000000000000
