-1.163006017864892661 4.654382989127958226 0.000000000000000000 0.237979198055074032 218696.000000000000000000
-1.741949312280195894 5.501884482292274114 0.000000000000000000 0.301450443585788375 151439.578114763484336436
-3.156220731859031403 4.302597237787896489 0.000000000000000000 0.176086807764850195 216537.000000000000000000
-2.657850998209633886 3.785655306073604009 0.000000000000000000 0.073618818444438433 220441.000000000000000000
-1.690175433598277266 2.719203328602421976 0.000000000000000000 0.231846632740927067 213590.000000000000000000
-3.951290554265483479 5.092027685278440075 0.000000000000000000 0.369846652665231479 0.000000000000000000
-1.833322328781152200 1.675152926408769005 0.000000000000000000 0.401704024678031568 0.000000000000000000
-0.920457019220600414 4.567940430916776151 0.000000000000000000 0.267251741241344876 173566.957895413652295247
-2.042499863646685565 2.374174922162095580 0.000000000000000000 0.272722805451510508 0.000000000000000000
-4.043239706226962937 3.098695836866802278 0.000000000000000000 0.347911024572125693 0.000000000000000000
-3.981014865267108682 5.407569004577721827 0.000000000000000000 0.408870633254004856 179108.301367286127060652
0.110711907505538359 4.022498062677661856 0.000000000000000000 0.422835118025203127 0.000000000000000000
-3.760440656899485035 3.030036422067423629 0.000000000000000000 0.308406005418591922 0.000000000000000000
-2.299984818952114818 2.230446523128382097 0.000000000000000000 0.295663485505535062 0.000000000000000000
-1.435012814008242543 4.714886138050171205 0.000000000000000000 0.207622994796751115 214171.000000000000000000
-1.239346350910512040 -2.116530926468328744 0.000000000000000000 0.364409703264922669 0.000000000000000000
-3.938465740014045480 -2.713097226836605369 0.000000000000000000 0.365443076018620139 178432.000000000000000000
-4.167073525648791410 -5.439910349299489134 0.000000000000000000 0.437901597226258044 173859.000000000000000000
-1.958887521987486613 -2.296299175242765056 0.000000000000000000 0.288844240918752326 0.000000000000000000
0.278851996742572383 -4.126515453187161064 0.000000000000000000 0.454092651045000850 171928.000000000000000000
-4.028162477277317244 -4.476074857992186296 0.000000000000000000 0.332225773520373246 39530.420085566256602760
-1.665608008493162595 -2.564424943935731616 0.000000000000000000 0.258686973478799431 0.000000000000000000
-4.447908594268644933 -5.352142780091091900 0.000000000000000000 0.468956236510044033 0.000000000000000000
-3.662012575128731573 -5.649680874695683030 0.000000000000000000 0.400812662010446519 0.000000000000000000
-1.659267157392780412 -3.244052165730990644 0.000000000000000000 0.156976494577943798 0.000000000000000000
-3.013474510410310891 -4.285690323096470244 0.000000000000000000 0.151914106259620291 0.000000000000000000
-3.445760362987472014 -3.308775988588878558 0.000000000000000000 0.235599504119677366 173125.000000000000000000
-3.014024579519233971 -1.949042498831584647 0.000000000000000000 0.370903408392976364 131102.902308745251502842
-2.349852172082852686 -3.331342584310580168 0.000000000000000000 0.100853218641030279 17713.988851749792956980
-3.418385405148991030 -2.747874189617375507 0.000000000000000000 0.289997310541105169 0.000000000000000000
2.092817515182233912 -0.916891082457569340 0.000000000000000000 0.461321338839178030 201105.000000000000000000
4.584507192148827848 -2.175030040018879340 0.000000000000000000 0.386616299698100130 63130.671902174377464689
5.941750908841036960 -1.087835485671554858 0.000000000000000000 0.319389205495287654 0.000000000000000000
4.701022230658232104 -1.266747058863834763 0.000000000000000000 0.227491779039752345 199646.000000000000000000
6.625296405864338212 1.319273643407983920 0.000000000000000000 0.443067319598441089 0.000000000000000000
3.757454746615267904 0.976171764538359521 0.000000000000000000 0.219777577967738585 2286.630582658490311587
3.978038005649934483 0.753238815106374582 0.000000000000000000 0.164486000995811926 193419.000000000000000000
6.373447300456085429 1.344148814855582241 0.000000000000000000 0.408244087509580467 0.000000000000000000
3.102716279420627554 -1.266490222773587027 0.000000000000000000 0.337640811161182941 196612.000000000000000000
3.629173994886078169 2.392540827817501548 0.000000000000000000 0.453608705174401439 0.000000000000000000
5.679185515673720097 -0.051979561445328420 0.000000000000000000 0.207843409622335801 198213.000000000000000000
5.756713400873100461 -2.239634679213724500 0.000000000000000000 0.455043146173894852 192692.000000000000000000
2.519631964981702499 0.848645010334790895 0.000000000000000000 0.386191764408077676 0.000000000000000000
2.674091692429390044 -0.964278474048964718 0.000000000000000000 0.370082956165581178 0.000000000000000000
3.329826228006202538 -0.224087016237648484 0.000000000000000000 0.214814886283006101 0.000000000000000000
8.110968212249648701 9.444536602964694438 0.000000000912938116 0.415849684129471098 28974.921235617475758772
8.160983737279613237 8.774134220662173078 0.000000000334615337 0.388505021055517707 216211.000000000000000000
10.688966969135011098 7.037645783003233291 0.000000000412679133 0.306097540895271192 219122.000000000000000000
11.080314961410191898 9.685108144596297208 0.000000000326009108 0.210529707422589807 217140.000000000000000000
8.889232870253287899 8.921296212170172879 0.000000000510139400 0.260479325235254855 214352.000000000000000000
9.421540645706592443 7.042478429955725261 0.000000000071668142 0.341346008396558598 93683.163583435481996275
12.189693871927023139 7.074125205438828168 0.000000000716267032 0.440705896886796789 0.000000000000000000
9.573660373572234761 8.442778485346957851 0.000000000359549171 0.146829834165504713 217411.000000000000000000
9.315654740280624679 8.367708275059696277 0.000000000727316754 0.194515310996208612 0.000000000000000000
12.650303777316089793 7.573262530953404514 0.000000000624713646 0.459960369329714625 217497.000000000000000000
9.204647086420903790 9.609514565296448652 0.000000000248553873 0.252777078422960710 219468.000000000000000000
11.364588950425025260 7.931176989560126067 0.000000000794452664 0.231861459855490781 0.000000000000000000
7.957247075099330935 7.939726390002452838 0.000000000915034659 0.447951869483269205 0.000000000000000000
12.671512700092645076 8.925780372268869556 0.000000000844704022 0.416617341725987966 217173.000000000000000000
10.608206796151499418 8.678712365155540454 0.000000000855748668 0.049221901240886143 221923.000000000000000000
4.392650133332290707 14.154218592840196678 0.000000000000000000 0.398662235022815947 239367.000000000000000000
1.759358149221566414 14.065422544413562989 0.000000000000000000 0.173886131684507617 235935.000000000000000000
3.858932452096643928 12.055150889180367813 0.000000000000000000 0.347971090757672352 237688.000000000000000000
4.069087237834624560 14.380016041629266610 0.000000000000000000 0.366227859799997668 0.000000000000000000
1.823118573665174269 11.143817020643945526 0.000000000000000000 0.390641226774126937 69190.627810538280755281
4.756597159040819811 13.951835063818315064 0.000000000000000000 0.448069321458932968 235988.000000000000000000
1.142703328161098764 13.320273866676362928 0.000000000000000000 0.212524342310927372 243520.000000000000000000
1.190677149451146555 11.195163580229678502 0.000000000000000000 0.423108738855895172 242267.000000000000000000
-0.253247409724757178 12.737330774060946936 0.000000000000000000 0.471044191919152477 0.000000000000000000
4.629016531291609837 12.693982989702544018 0.000000000000000000 0.421879666365582440 234345.000000000000000000
1.817585866308895515 13.382635439362770668 0.000000000000000000 0.094014778579298269 243895.000000000000000000
3.060493231578945039 15.226830727503354979 0.000000000000000000 0.370496596259124955 0.000000000000000000
4.910402391844291614 13.598302940274502149 0.000000000000000000 0.462636397729687621 35072.233117440744535998
3.246728781970736222 11.339501317526615054 0.000000000000000000 0.381248681605763695 0.000000000000000000
0.822701427474707758 15.285350602048726643 0.000000000000000000 0.447891482939439312 234961.000000000000000000
-7.725236939933979308 11.780148913771443020 0.000000000314974698 0.177294445932574651 55460.777046571522078011
-7.270444009190565104 13.205694874033653718 0.000000000547376742 0.279997748933182689 444132.000000000000000000
-7.249266118785460122 11.589104906439285259 0.000000000713704548 0.094933132759531594 446173.000000000000000000
-4.474397197398016779 11.111812919401190314 0.000000000730312670 0.416564672982004447 447267.000000000000000000
-9.214805863465993951 11.565156570165612493 0.000000000625058943 0.443253815660471229 0.000000000000000000
-6.184941042120138732 10.828892174839932494 0.000000000710062267 0.185340731571446510 447742.000000000000000000
-7.659313702127946044 11.004473761306590163 0.000000000776591392 0.207947394204936353 0.000000000000000000
-4.977336342700600547 9.934986373439503637 0.000000000392118992 0.444771836344703186 447864.000000000000000000
-8.584030902878080127 9.898240460648390027 0.000000000200211726 0.460738191159008548 0.000000000000000000
-4.792557102533580249 11.745293651566070636 0.000000000401404912 0.345761181954760632 448696.000000000000000000
-5.794810613483284634 13.303326423982396065 0.000000000668988820 0.326713864653392749 0.000000000000000000
-5.027927500699192365 11.129285358214380253 0.000000000175559560 0.321248158231949965 0.000000000000000000
-4.641977786958113583 10.120889179451616258 0.000000000082334162 0.468044369805959037 0.000000000000000000
-7.005285721016996092 12.214362299545230783 0.000000000396675674 0.100304629698952943 442239.000000000000000000
-7.619638058019753579 13.955051528103755487 0.000000000353004057 0.425896839126857718 0.000000000000000000
-10.544055757359528158 4.165693227606957372 0.000000000000000000 0.396844150442828891 284332.000000000000000000
-13.355487884977881308 6.059667737977501467 0.000000000000000000 0.265766766869579008 0.000000000000000000
-10.383819032026226026 4.538077845941645982 0.000000000000000000 0.415891726623335067 285515.000000000000000000
-10.607296807293018048 4.566508528261685740 0.000000000000000000 0.375851175358400569 281801.000000000000000000
-11.756386444647208833 3.707127650668372354 0.000000000000000000 0.240255289674594086 279545.000000000000000000
-13.813998900685641402 6.612383879910457729 0.000000000000000000 0.388664016451574945 282020.000000000000000000
-13.148346944541282610 3.944820387217925273 0.000000000000000000 0.149242048816056211 279915.000000000000000000
-10.930175771007009544 5.437941559858487928 0.000000000000000000 0.344298733789442257 0.000000000000000000
-11.359538403360724956 3.070593922526478448 0.000000000000000000 0.369841429780651876 42393.347150058587430976
-11.265544864888124010 5.063697336828520967 0.000000000000000000 0.266616981526872465 277024.000000000000000000
-13.944368804622758518 3.264587423916406994 0.000000000000000000 0.329124132123128021 283761.000000000000000000
-13.102477096651396593 2.345666553294890377 0.000000000000000000 0.411226293508438367 281602.000000000000000000
-14.254054982253938633 6.355320380588470819 0.000000000000000000 0.399881997396145161 0.000000000000000000
-12.969098730482228277 2.175506539776168591 0.000000000000000000 0.437387617169130105 0.000000000000000000
-14.497242480589909164 4.911252751750367906 0.000000000000000000 0.320575460599071771 0.000000000000000000
-12.144324567993376007 -5.964074813214955029 0.000000000000000000 0.245660032315137278 199913.000000000000000000
-13.002451980828890754 -7.224592615208523583 0.000000000000000000 0.445413182035828692 199833.000000000000000000
-13.908478204215935392 -2.291149477021891645 0.000000000000000000 0.465706128432485322 0.000000000000000000
-14.240973589071018068 -3.907232962782610564 0.000000000000000000 0.303404672024657873 0.000000000000000000
-14.195827681722292368 -4.483889129994925504 0.000000000000000000 0.266453957206149061 0.000000000000000000
-13.480977769058068105 -5.542215010696069477 0.000000000000000000 0.203019809648201460 199821.000000000000000000
-12.452726932748868549 -3.054638793679939290 0.000000000000000000 0.286309898716107181 0.000000000000000000
-13.333296377725305959 -2.418768757133792136 0.000000000000000000 0.407717655517140010 0.000000000000000000
-12.234289029831478146 -2.006176232982614938 0.000000000000000000 0.472849052365097444 0.000000000000000000
-14.419751372968624636 -6.461823188600131829 0.000000000000000000 0.433590816376085042 0.000000000000000000
-10.201006375200087462 -4.736759348961533611 0.000000000000000000 0.447859362660112448 0.000000000000000000
-12.428193828133599297 -3.172015431710474509 0.000000000000000000 0.266991459883801519 0.000000000000000000
-14.931968204479895590 -4.202316192981280452 0.000000000000000000 0.404014011545420548 2145.200221700112251710
-10.907307902576823366 -2.906089137245541743 0.000000000000000000 0.446335376731212263 199126.000000000000000000
-15.040238289580727837 -3.419699824063637816 0.000000000000000000 0.468519648149635148 196894.000000000000000000
-8.977464869080124643 -11.628270590765751535 0.000000000063932409 0.400449784913576468 0.000000000000000000
-6.360312538545749739 -11.817467216217915293 0.000000000298274100 0.068589448803672057 0.000000000000000000
-8.553856840917967830 -12.166189462725567338 0.000000000538378032 0.334127214250393545 0.000000000000000000
-4.932210053208035738 -13.631568372789482524 0.000000000317573444 0.466842389917563105 0.000000000000000000
-6.704034580787012310 -13.591702100673963116 0.000000000191472100 0.331579349768340692 0.000000000000000000
-9.224963670985447450 -10.769169383317244382 0.000000000261720953 0.474781261710847502 0.000000000000000000
-5.187593068707263555 -9.742437830587604708 0.000000000374171052 0.445526529658450243 0.000000000000000000
-8.244377589395300632 -12.845738040293996463 0.000000000454576921 0.335091190196194710 0.000000000000000000
-5.120175161282454646 -12.400491505384193758 0.000000000491353904 0.311730431509963102 0.000000000000000000
-5.380036879670844208 -11.162464410720494001 0.000000000838289479 0.260408803944750633 0.000000000000000000
-7.086900487853359465 -10.457429457041587995 0.000000000876673889 0.231929243049453809 0.000000000000000000
-5.481684826844527514 -12.658274686732950087 0.000000000916761871 0.278242506061504746 0.000000000000000000
-5.107415340240907931 -11.272383516815009941 0.000000000262958497 0.300227614723143577 0.000000000000000000
-5.186982272635567881 -13.082904990309726756 0.000000000912526666 0.366525672732718799 0.000000000000000000
-7.602066702050612967 -13.184312283248576847 0.000000000588529033 0.301997723895735315 0.000000000000000000
3.495819996798882556 -14.890287854018842140 0.000000000000000000 0.354017832567917412 0.000000000000000000
1.760215568549942988 -11.198431335169040324 0.000000000000000000 0.384030959656347592 0.000000000000000000
4.108522302954173533 -12.630547227709470803 0.000000000000000000 0.336451494886495950 46177.710330676505691372
4.684845593449499468 -14.212353035266936274 0.000000000000000000 0.450739481681080467 423171.000000000000000000
-0.012372389228262561 -13.979104204469159356 0.000000000000000000 0.436538187893387220 426777.000000000000000000
3.469539186382169849 -15.545263069623846519 0.000000000000000000 0.451608143293147524 425041.000000000000000000
3.725405193906916157 -11.297691137241608672 0.000000000000000000 0.430692815874426094 0.000000000000000000
3.131732657219684413 -14.984894590246847557 0.000000000000000000 0.335653171804367434 425298.000000000000000000
3.801397064986464791 -12.997859491710970659 0.000000000000000000 0.266133498575792049 426917.000000000000000000
0.280797382156974862 -12.496786715671527546 0.000000000000000000 0.391467994005452513 429236.000000000000000000
1.747243991613552039 -12.141816591756318999 0.000000000000000000 0.227616795677298867 421828.000000000000000000
1.320237617856649504 -12.638160848626977639 0.000000000000000000 0.213555871511873191 0.000000000000000000
1.980623622020135866 -15.759015033671500916 0.000000000000000000 0.446535476004118914 271668.519633812655229121
3.577191885681212380 -13.726192226292535992 0.000000000000000000 0.235511740860616353 422196.000000000000000000
3.701973614137671564 -11.378603806242953311 0.000000000000000000 0.416548585132575755 0.000000000000000000
11.487247682994013331 -8.340840123062024603 0.000000000000000000 0.216452805064412501 395451.459969816147349775
8.263827820939042113 -7.840769861167997234 0.000000000000000000 0.403071703405053605 465321.000000000000000000
10.008225902118836004 -8.075799181596012843 0.000000000000000000 0.131975799677398836 0.000000000000000000
12.441043476792881251 -9.025440545825636818 0.000000000000000000 0.377510192429270863 0.000000000000000000
11.100145239060394076 -6.969908715556668355 0.000000000000000000 0.339547262493169855 0.000000000000000000
10.115217688983001665 -10.427851854698728218 0.000000000000000000 0.297388090450997900 0.000000000000000000
10.865056844162884531 -8.079717772689905431 0.000000000000000000 0.149825392405455560 469889.000000000000000000
11.912975095647285073 -8.794043725466854866 0.000000000000000000 0.280384426977256795 469185.000000000000000000
10.959212946655195964 -10.934501437128684387 0.000000000000000000 0.398555379415224731 464791.000000000000000000
9.684465759754735004 -9.508946594050637913 0.000000000000000000 0.177536401374828873 0.000000000000000000
12.271655210693309002 -8.074135510098225055 0.000000000000000000 0.363784819009363658 0.000000000000000000
11.231988497375692049 -6.490087341885857342 0.000000000000000000 0.426051343503238034 0.000000000000000000
11.157492373720526047 -9.546122003048672866 0.000000000000000000 0.201834095053461865 467527.000000000000000000
9.688648754501164362 -8.358283376159377553 0.000000000000000000 0.134845963321863216 385308.829596975527238101
11.387045269877944520 -6.342920183613268925 0.000000000000000000 0.460436776673864567 470084.000000000000000000
13.003228478489791797 -1.083579394629798243 0.000000000000000000 0.211032888736334689 0.000000000000000000
14.524437211910711909 -1.875755808221153398 0.000000000000000000 0.368706445762167434 132910.661747309437487274
14.360130380417578166 -1.102394325616438575 0.000000000000000000 0.240184646932162460 160131.000000000000000000
13.145738144650149337 -1.335645760092695644 0.000000000000000000 0.242141545569085737 39353.765296136560209561
12.752191481339586687 -1.742017213223824745 0.000000000000000000 0.333473531038657012 153424.000000000000000000
12.084347335739213491 -1.247227835338649893 0.000000000000000000 0.338254039352086422 154543.000000000000000000
12.093168292092215665 -0.441591304064314849 0.000000000000000000 0.269265710811469439 153703.000000000000000000
13.747122764315808041 -0.928197963768603196 0.000000000000000000 0.164933189412961784 46971.854948218438948970
11.737548689284526660 1.354237721131370087 0.000000000000000000 0.398515974966574371 151455.000000000000000000
11.230622282339963292 0.775376516191838561 0.000000000000000000 0.433374609838306446 69180.680362307190080173
15.783886865518226728 0.528250356599457294 0.000000000000000000 0.410033425100489457 153149.000000000000000000
14.273698159563913634 -1.315750784986312150 0.000000000000000000 0.262462780618028246 0.000000000000000000
11.113565085717704406 -0.418460360573919665 0.000000000000000000 0.438773575718572839 154017.000000000000000000
13.252324005130706297 1.256833018685701742 0.000000000000000000 0.223939157182265286 0.000000000000000000
12.013698781401499716 2.074259623328839730 0.000000000000000000 0.451787582212174799 158626.000000000000000000
