-0.433199649867065217 3.690884958215173040 0.000000000000000000 0.327188667349948059 0.000000000000000000
-4.867609722658444049 4.013453921753985298 0.000000000000000000 0.465544683494866329 222186.000000000000000000
-3.111336076957279762 1.859457798476844559 0.000000000000000000 0.392181505158509580 0.000000000000000000
-1.539300733680033284 5.279165366143891092 0.000000000000000000 0.278620217297238404 214579.000000000000000000
-3.860645019979559667 4.371245220150557387 0.000000000000000000 0.298146603732270976 223023.000000000000000000
-1.787191604520965926 4.979606560265828819 0.000000000000000000 0.211423620627764902 219489.000000000000000000
-4.233157293758891271 2.149839792239418568 0.000000000000000000 0.468775957040226454 0.000000000000000000
-4.632166390385028976 4.251121502818757669 0.000000000000000000 0.427919582122699815 3165.167499564244280919
-1.207714918427916118 6.007204837630315986 0.000000000000000000 0.421020736458495193 0.000000000000000000
-1.525639823005358053 3.469030559476673936 0.000000000000000000 0.150584264918257188 0.000000000000000000
-4.503908278680756716 3.638025319977901351 0.000000000000000000 0.402728206250189680 222891.000000000000000000
-0.515074056975487915 3.666824482681201758 0.000000000000000000 0.313204257365278793 0.000000000000000000
-2.956493898296065126 5.459887898663541961 0.000000000000000000 0.305922252532101591 0.000000000000000000
-3.310686377789950008 6.103888724866081361 0.000000000000000000 0.436405867600550668 0.000000000000000000
-0.874172888455562624 2.971639224267036195 0.000000000000000000 0.296012526372833373 213520.000000000000000000
-4.416359412262290896 -3.407825003334033376 0.000000000000000000 0.394077500842491046 0.000000000000000000
-2.498115298381465177 -1.982777278228132545 0.000000000000000000 0.342326637816171730 179680.000000000000000000
-1.342340125736823264 -4.441395045624879856 0.000000000000000000 0.190491271052693451 180442.000000000000000000
-1.117649603383257917 -2.909624486642893526 0.000000000000000000 0.268020200474132775 0.000000000000000000
-0.630375261369313211 -4.485971074069869502 0.000000000000000000 0.308925013377433000 177210.000000000000000000
-4.598261882090679542 -3.953822843637021300 0.000000000000000000 0.417188833244048152 172145.000000000000000000
-2.184309955430798755 -1.920065205471253478 0.000000000000000000 0.351097774327006562 180196.000000000000000000
-4.591444697978886325 -3.567511389834452373 0.000000000000000000 0.419762844186813089 176288.000000000000000000
-3.328282009130409058 -3.222839848239039462 0.000000000000000000 0.224687455366297723 178394.000000000000000000
-4.049922535254630418 -5.077613504564014946 0.000000000000000000 0.382893076732209403 0.000000000000000000
-1.644319939272375963 -4.490064204004442061 0.000000000000000000 0.152934676431581873 174672.000000000000000000
-1.022547196248231982 -5.285281746251179413 0.000000000000000000 0.332060261836680026 0.000000000000000000
-4.001182284836070302 -2.229154831693501038 0.000000000000000000 0.428774364326174273 0.000000000000000000
-1.631466478528544872 -6.355980938273845027 0.000000000000000000 0.453160571924321742 0.000000000000000000
-2.111249414552259562 -2.179560197081018558 0.000000000000000000 0.305774057508131247 175674.000000000000000000
4.119377988604949969 2.123005453837324641 0.000000000000000000 0.383793354016132016 194256.000000000000000000
4.961601477758734724 1.015739638826589131 0.000000000000000000 0.197253914562156324 197946.000000000000000000
3.283297594866165792 -0.034893829084839928 0.000000000000000000 0.219467571129339900 195573.000000000000000000
2.468933968152300373 -1.139821161932383031 0.000000000000000000 0.417092118904183295 193202.000000000000000000
4.434144540698429893 -0.615793159338723695 0.000000000000000000 0.110345959698396417 18222.202826190430641873
4.782138086486749096 -0.220272401288521325 0.000000000000000000 0.061741426679190504 0.000000000000000000
2.767288380177469254 0.392420691719603199 0.000000000000000000 0.319065814919953505 198609.000000000000000000
5.191519175613540149 -0.690067831401734000 0.000000000000000000 0.172024108342678311 195161.000000000000000000
2.636742665593682755 0.075995965623736589 0.000000000000000000 0.334875929649577297 199663.000000000000000000
5.045429230562769263 0.381231788248989345 0.000000000000000000 0.116404520635875502 74922.224988980829948559
4.959162903367907660 0.043411007496399111 0.000000000000000000 0.079683256972700567 0.000000000000000000
6.266502944719708701 0.652539828174240943 0.000000000000000000 0.333077705905308830 202477.000000000000000000
5.682228676020038449 1.957768914700204421 0.000000000000000000 0.405103764078236006 201549.000000000000000000
3.510864003631465113 1.481008311279015999 0.000000000000000000 0.318280542430162627 0.000000000000000000
4.359977038532342419 -1.916195052951213507 0.000000000000000000 0.341593901234769015 0.000000000000000000
12.491797015136818061 9.874148871102663705 0.000000000444439276 0.430952100085633005 0.000000000000000000
9.243830875011548542 9.978796047307676886 0.000000000434066276 0.291460182506177223 215041.000000000000000000
10.543147288750002843 9.104900012675475551 0.000000000432822123 0.072235769942323433 0.000000000000000000
9.018248088889654568 7.043066714183224164 0.000000000521547058 0.381147729245084332 73812.828661293693585321
12.011072573030375565 6.710849395034907516 0.000000000122226755 0.464234356237211820 0.000000000000000000
10.956882301471473795 7.675533715306476878 0.000000000664479137 0.217626123698372614 0.000000000000000000
11.864436892524345524 7.358521570959780433 0.000000000281067415 0.364455790858272843 153706.778867230721516535
9.725031954190246353 9.028867816762712550 0.000000000358773942 0.120290036447946627 0.000000000000000000
11.956858129086809228 6.734189818988224552 0.000000000202719195 0.454959095805800906 219903.000000000000000000
10.510876979935945386 8.434441656034426416 0.000000000810142747 0.062789409159752924 221812.000000000000000000
11.625789694376265970 8.554570444628653902 0.000000000409657531 0.231567729504188358 217670.000000000000000000
12.471120525989675798 7.923946257195164655 0.000000000184688817 0.406115606684793629 215088.000000000000000000
10.507873026544769957 9.498853778391257663 0.000000000370350210 0.134966200371702649 219815.000000000000000000
10.619512128868890954 8.277874444471624571 0.000000000905472431 0.096235232673687249 220184.000000000000000000
8.313475651987555892 9.678066423259467754 0.000000000708115162 0.396599524051192254 217778.000000000000000000
1.557125105107393326 14.497757408563632708 0.000000000000000000 0.257858135573658331 241596.000000000000000000
0.033275153743991405 13.848708824961613928 0.000000000000000000 0.422557371053995323 187913.002620291197672486
2.631252170241614952 13.771090397908304581 0.000000000000000000 0.102710372610274658 242484.000000000000000000
3.357454544840878796 12.217573192914624514 0.000000000000000000 0.262284302376235512 240573.000000000000000000
3.761383955680881908 12.514357736740230109 0.000000000000000000 0.288258152270594481 0.000000000000000000
1.624834630405842306 15.820676965427553640 0.000000000000000000 0.470400409817416265 242401.000000000000000000
-0.028894138865530564 12.596518378811778049 0.000000000000000000 0.438250050415013248 243903.000000000000000000
3.962384125842153715 12.220829849637651066 0.000000000000000000 0.345673885751116627 236361.000000000000000000
3.631150633778150727 14.734267549396880881 0.000000000000000000 0.347430451009792640 0.000000000000000000
0.229390469768598670 14.714973212759369758 0.000000000000000000 0.454288923486540763 242122.000000000000000000
1.452156244060262225 15.055544591847814573 0.000000000000000000 0.353709396452077718 158251.630007115454645827
1.644471434955294464 13.355496127944910256 0.000000000000000000 0.123754318850210362 61433.425200006618979387
2.191283614443053196 15.843603604885874603 0.000000000000000000 0.457804052542710671 0.000000000000000000
0.291237013241080200 14.411288689766992732 0.000000000000000000 0.416456929771368944 0.000000000000000000
3.358032337383353827 11.600442461411322626 0.000000000000000000 0.349731278126834133 240924.000000000000000000
-7.883552852615985707 12.909778464177360746 0.000000000497362907 0.294000213238582109 0.000000000000000000
-8.454634348570918334 11.048200078911021293 0.000000000869554065 0.329013568821012181 442697.000000000000000000
-4.247812902096051779 11.901439019246705442 0.000000000922094954 0.443983634398947002 444930.000000000000000000
-7.896561282949235760 10.089012657960790165 0.000000000092676291 0.355019742634864355 0.000000000000000000
-6.332092066462398527 10.134246366332362754 0.000000000449157423 0.289482018011140319 449427.000000000000000000
-4.176846603093468779 12.274080666086573999 0.000000000140265194 0.465977321870583217 0.000000000000000000
-6.177783238846366487 12.863125222697862071 0.000000000064018947 0.225511084526478778 445188.000000000000000000
-8.535228711150043779 11.424249262888661605 0.000000000123389455 0.325501702587590702 448637.000000000000000000
-6.180723585856979341 12.292333619795899224 0.000000000822566111 0.141392395753445810 89301.244799324267660268
-7.037393538678846205 11.369042930999670560 0.000000000609029794 0.082353314400174418 0.000000000000000000
-9.135632012246073685 11.397711721388546380 0.000000000258441819 0.432045963502546704 286278.301560458843596280
-8.340154649173165069 12.247864904249512463 0.000000000204981251 0.301425055943106202 351050.535574674024246633
-7.011311210615310152 11.908139439416823180 0.000000000034209824 0.059966051733744058 0.000000000000000000
-6.057215441465810812 9.134045105012981836 0.000000000345123855 0.473301236707344086 443119.000000000000000000
-8.427908774220997046 12.205831424213766212 0.000000000130566447 0.314212542102221382 451404.000000000000000000
-11.285613955500728878 4.879358563645119773 0.000000000000000000 0.256843923697545606 279689.000000000000000000
-10.615266206213856748 5.481160503811804752 0.000000000000000000 0.399295823696388275 0.000000000000000000
-12.611871765348633190 6.617816394840770222 0.000000000000000000 0.337732546504861120 0.000000000000000000
-12.645944444212513957 4.670860315356763159 0.000000000000000000 0.012045737084846417 0.000000000000000000
-11.120380712801047451 3.211227327596922532 0.000000000000000000 0.382205295688981261 283680.000000000000000000
-11.045993743043869273 5.586321629302226199 0.000000000000000000 0.336697728538662977 0.000000000000000000
-12.211019534310851853 6.602634288470017765 0.000000000000000000 0.346619345083753028 282829.000000000000000000
-12.113529925033823531 4.352146205273776047 0.000000000000000000 0.121048572286960407 149119.783307639212580398
-12.620871855160542552 5.307808727261197568 0.000000000000000000 0.110655180031276862 278751.000000000000000000
-15.010185855637324437 4.133917253525476454 0.000000000000000000 0.420163458422531055 276586.000000000000000000
-12.467271372913550920 4.811304960114549445 0.000000000000000000 0.049527578257370496 0.000000000000000000
-13.878342380122877131 5.153087186760997973 0.000000000000000000 0.223427393912205202 285574.000000000000000000
-13.409875080216334453 3.481143283679113409 0.000000000000000000 0.242204463818572968 281208.000000000000000000
-14.021240825411229736 5.683953797592963930 0.000000000000000000 0.291153956625624932 276735.000000000000000000
-14.262275476765321258 6.380729279821278688 0.000000000000000000 0.404089581990471403 0.000000000000000000
-14.965416747298110778 -3.792280867471358619 0.000000000000000000 0.429777429004143841 193047.000000000000000000
-12.652357021071930276 -5.613121134977522964 0.000000000000000000 0.162875861278564016 0.000000000000000000
-11.260110896745922915 -5.907734704579720386 0.000000000000000000 0.336153794679439788 194645.000000000000000000
-14.501498377064505618 -5.381102441989648710 0.000000000000000000 0.341227972143373359 198437.000000000000000000
-12.963927965535852138 -5.362411660008546299 0.000000000000000000 0.126976513650927159 200490.000000000000000000
-14.842881119588163585 -3.912028113519481654 0.000000000000000000 0.402159936408991781 0.000000000000000000
-13.991331464780095928 -2.758351517003682307 0.000000000000000000 0.403504693512532930 0.000000000000000000
-12.027777632481628345 -6.941816324697104967 0.000000000000000000 0.412526688949386544 202224.000000000000000000
-13.056561255691351064 -6.045579247169974302 0.000000000000000000 0.245293248601024333 0.000000000000000000
-13.649781926222683381 -2.442880537276485686 0.000000000000000000 0.422401543403678748 192845.000000000000000000
-14.183551022313210410 -5.498297244149156882 0.000000000000000000 0.298155962609787772 194772.000000000000000000
-11.934104055856733950 -3.947599455457589723 0.000000000000000000 0.188382260051671302 0.000000000000000000
-10.595009429459437911 -5.306802840580565395 0.000000000000000000 0.393130539908349341 0.000000000000000000
-12.613829564464147381 -6.807066619992010459 0.000000000000000000 0.370580018835712954 0.000000000000000000
-14.047346667676988474 -6.469824496011882253 0.000000000000000000 0.391199185230048374 197520.000000000000000000
-7.992927124013765372 -11.371732322618424149 0.000000000884300613 0.232888305522857414 0.000000000000000000
-5.274795836978482200 -9.510761161246099604 0.000000000703392871 0.469685633547787862 0.000000000000000000
-7.306800810591174589 -13.542469599362666699 0.000000000204607152 0.338474625190550549 0.000000000000000000
-4.288473806848255521 -10.653405562017766783 0.000000000407652536 0.474764447042689663 0.000000000000000000
-8.138883897888250729 -13.687132502938766265 0.000000000534862760 0.428777983864224332 0.000000000000000000
-6.912554096959849126 -10.551965907285152824 0.000000000361975445 0.208950342333572514 0.000000000000000000
-8.834275578559919850 -10.300053545299707736 0.000000000102862743 0.450630367556705713 0.000000000000000000
-8.452314704277680946 -13.350016250416341990 0.000000000504714058 0.420732937831874376 0.000000000000000000
-5.423587380208033437 -13.732736640697227770 0.000000000179595969 0.426387312578790145 0.000000000000000000
-5.046017127772332245 -13.341175424605994593 0.000000000552066890 0.416007363095775573 0.000000000000000000
-7.194622818100257611 -14.287928415165872309 0.000000000408743802 0.461923675406510303 0.000000000000000000
-6.131358677781819644 -13.292979299270413662 0.000000000604871156 0.298696494358470621 0.000000000000000000
-8.887322346085465341 -10.555189750298824336 0.000000000788091861 0.435544291034739850 0.000000000000000000
-5.845592677345510246 -11.727614134703339133 0.000000000465804652 0.158067506226802656 0.000000000000000000
-8.229197401243157017 -10.627059331848895951 0.000000000582739349 0.329205112966532043 0.000000000000000000
2.819020386414861523 -13.765209556285437742 0.000000000000000000 0.122583900891198264 427762.000000000000000000
3.026835878183438133 -14.624490963590973891 0.000000000000000000 0.269823011706320059 373355.269382235419470817
2.729527074028115230 -13.938602809588401144 0.000000000000000000 0.137294832812690226 426363.000000000000000000
3.979116049778383513 -15.109972105487935679 0.000000000000000000 0.438555294427170284 422649.000000000000000000
1.024550583613907717 -14.762867650590093760 0.000000000000000000 0.352956322456998484 0.000000000000000000
4.085873616490659721 -14.740952780371943120 0.000000000000000000 0.406590639216310334 0.000000000000000000
-0.227199272134364028 -13.866689133250533317 0.000000000000000000 0.468440859643994179 0.000000000000000000
1.583602242562363260 -11.339707862036608077 0.000000000000000000 0.370041983142787134 0.000000000000000000
3.408679984594084722 -11.159609808197108904 0.000000000000000000 0.422673407271463075 427917.000000000000000000
1.594086607829900082 -12.094764664579967572 0.000000000000000000 0.248452382744378752 0.000000000000000000
0.089488668569665350 -14.721463901743355507 0.000000000000000000 0.475707362871616912 0.000000000000000000
2.135982296690549731 -11.455060171408888436 0.000000000000000000 0.326331611028932655 0.000000000000000000
3.890189663942980047 -13.996911608740912669 0.000000000000000000 0.305473380013638218 0.000000000000000000
2.459920598124277991 -11.250642084880057681 0.000000000000000000 0.361463108707069325 430419.000000000000000000
0.987459614389640805 -14.592406821945086648 0.000000000000000000 0.335490906437396208 0.000000000000000000
8.143967055520981546 -8.498891015779809877 0.000000000000000000 0.393954128179734020 465605.000000000000000000
12.056604970057728465 -8.206480809218259509 0.000000000000000000 0.320185058669842537 0.000000000000000000
9.926926591713943537 -10.438242748524290349 0.000000000000000000 0.305598983733296026 0.000000000000000000
10.327823306028133032 -10.357286350129886188 0.000000000000000000 0.282200773478123890 0.000000000000000000
11.194241994701799925 -9.095702453104374641 0.000000000000000000 0.163890790624544896 463996.000000000000000000
9.411666647017014498 -11.110650152811182068 0.000000000000000000 0.446668389693741008 471545.000000000000000000
8.482230443329758174 -8.927228156836617856 0.000000000000000000 0.332724752760052644 463379.000000000000000000
9.412177770996423831 -8.625327776710367544 0.000000000000000000 0.166882540551380798 465154.000000000000000000
8.937401962616634776 -9.988623646534454892 0.000000000000000000 0.331775254596298419 463992.000000000000000000
12.400590762247242438 -9.100478673913441341 0.000000000000000000 0.372305064832657184 0.000000000000000000
9.866642572609190864 -11.101548460339174085 0.000000000000000000 0.421525080205586100 470645.000000000000000000
9.149450601114796910 -10.861698117294871224 0.000000000000000000 0.427695562078448444 464754.000000000000000000
12.296625244300134483 -9.385246281874431773 0.000000000000000000 0.366000565004470146 466537.000000000000000000
9.433331759419131046 -8.003224798926556360 0.000000000000000000 0.207976029318769379 0.000000000000000000
10.480267828589797219 -6.360326882946699456 0.000000000000000000 0.419294471144009084 142157.894218498084228486
13.659055025130863115 2.734981628303344792 0.000000000000000000 0.474285783521343818 0.000000000000000000
11.305995961627507640 0.524620782748707493 0.000000000000000000 0.408719707206670668 0.000000000000000000
16.090156526761948186 -0.400621210066896605 0.000000000000000000 0.459587478431626728 157328.000000000000000000
11.596804957414079240 -0.118459647145169780 0.000000000000000000 0.347175576392564855 154206.000000000000000000
12.455712678837125296 -1.737459874598616727 0.000000000000000000 0.358451399517299540 160071.000000000000000000
12.383694017828515754 1.497124539028976686 0.000000000000000000 0.331950906108040178 0.000000000000000000
11.869995124161860645 2.089085328658950136 0.000000000000000000 0.469731994509620776 0.000000000000000000
14.347515000830954435 0.392491011625595021 0.000000000000000000 0.158987060288195814 159922.000000000000000000
11.685881238633651691 0.013232903353073580 0.000000000000000000 0.330695936605610308 0.000000000000000000
13.501476847706106454 0.579267220653199244 0.000000000000000000 0.100647035321548242 151166.000000000000000000
12.795198270768587179 -1.417399295827939554 0.000000000000000000 0.279641082450314216 0.000000000000000000
15.272646033961841283 -2.091740981017784495 0.000000000000000000 0.475034990826858960 0.000000000000000000
13.510690119661566300 2.097612296604637550 0.000000000000000000 0.363569919674751441 0.000000000000000000
13.935111854845784407 -2.397556931427368809 0.000000000000000000 0.421029906172124102 0.000000000000000000
11.464874934875881607 1.002256064630874244 0.000000000000000000 0.409104588740474284 151816.000000000000000000
