-2.035235981605192812 1.616004449737855619 0.000000000000000000 0.406955641912016386 219945.000000000000000000
-1.211229616113412622 2.615613834189428832 0.000000000000000000 0.293888424545130755 0.000000000000000000
-3.276696584569203541 4.181066055177399043 0.000000000000000000 0.188763077833035087 2740.551006043256165867
-1.934921450789689912 4.731136648003866796 0.000000000000000000 0.160481842204054037 0.000000000000000000
-2.343269878885549495 6.350919744955579205 0.000000000000000000 0.438445151896682261 221461.000000000000000000
-3.902785068761278620 2.194239114573841132 0.000000000000000000 0.420692946058604300 149791.108486348472069949
-2.250577997307024791 4.375190282776689976 0.000000000000000000 0.086386317416012992 0.000000000000000000
-1.369049903609100616 3.429330216289420807 0.000000000000000000 0.178476137050481903 217760.000000000000000000
-2.158463420207513916 5.125709349633324585 0.000000000000000000 0.220756536412050480 221232.000000000000000000
-1.402255970906931770 5.562961360982579428 0.000000000000000000 0.334748381935326689 223335.000000000000000000
-4.001572357398528901 5.246377818589971653 0.000000000000000000 0.393410813940996251 215307.000000000000000000
-2.480864871017061990 3.364986731720583713 0.000000000000000000 0.101596390845990328 0.000000000000000000
-2.138587772445860402 1.880724894892397137 0.000000000000000000 0.358495618620012391 220806.000000000000000000
-1.461501821918501864 4.378149541976212866 0.000000000000000000 0.166489294817730421 222818.000000000000000000
-3.270392947708652631 4.665638765329516602 0.000000000000000000 0.227154367317893013 0.000000000000000000
-3.681483764064903408 -5.330787179102332018 0.000000000000000000 0.360663030725805633 0.000000000000000000
-2.397685682936149032 -3.754645223308141766 0.000000000000000000 0.034648560222232783 0.000000000000000000
-0.438727103562981391 -1.935656139425848465 0.000000000000000000 0.475801010973038285 0.000000000000000000
-4.376568502165684826 -2.995897067140460113 0.000000000000000000 0.409682295467755753 177428.000000000000000000
-4.505872238437711452 -5.093688840646303895 0.000000000000000000 0.454188189337841497 180368.000000000000000000
-3.840338158949842207 -3.201416760813833751 0.000000000000000000 0.307461657095048302 0.000000000000000000
-3.617450019899336233 -5.856628388352884684 0.000000000000000000 0.425635400571173994 13779.779655523667315720
-0.485030729558932783 -4.270114952202227698 0.000000000000000000 0.323187336168075878 176882.000000000000000000
-1.223601821948745005 -5.352692224079735439 0.000000000000000000 0.319176739132277565 0.000000000000000000
-2.660725097429891495 -5.615551890904968424 0.000000000000000000 0.315478720239731114 0.000000000000000000
-1.059834320107392758 -4.969382091980481420 0.000000000000000000 0.287363347132531588 179139.000000000000000000
-0.012020337257834789 -4.935491763847016600 0.000000000000000000 0.441504383477217155 0.000000000000000000
-2.861420354613465111 -3.465665370224406683 0.000000000000000000 0.131420621186304765 172935.000000000000000000
-2.575951359823159148 -4.768401310234177792 0.000000000000000000 0.166321146597460334 181522.000000000000000000
-4.183883877888080249 -2.404783828949919933 0.000000000000000000 0.433155961868627148 0.000000000000000000
3.575794991334324990 -2.198209667419471991 0.000000000000000000 0.425059361659186230 0.000000000000000000
5.095187529877183152 -1.329791184662373560 0.000000000000000000 0.257876120371799855 187796.614103164174593985
5.529583639260834182 1.456144923664185242 0.000000000000000000 0.315569185008216568 194201.000000000000000000
5.460732877885304148 2.495932531794545550 0.000000000000000000 0.474143775659510713 0.000000000000000000
3.088547042568508427 2.088072691761636346 0.000000000000000000 0.449902996092667151 202585.000000000000000000
3.001122028791464391 -1.718348055718341483 0.000000000000000000 0.407539811582818046 111144.490451462901546620
3.721405053095908855 0.491546536672113954 0.000000000000000000 0.166134870770603210 0.000000000000000000
2.608504059289550536 -0.927397249724185246 0.000000000000000000 0.377569253989710252 198095.000000000000000000
4.200382322191362761 -2.599629240950764419 0.000000000000000000 0.465323460483705986 201032.000000000000000000
3.474567498864419512 1.592780881951670446 0.000000000000000000 0.338406445399394074 197240.000000000000000000
3.633665405201965015 -1.525053836333851498 0.000000000000000000 0.313255351985348096 0.000000000000000000
6.050018382852648813 1.653090554910272347 0.000000000000000000 0.401220496236154633 201977.000000000000000000
6.378700876491237182 -1.246761666166180227 0.000000000000000000 0.399178970741586925 200276.000000000000000000
3.142570513513680552 0.305949291571341930 0.000000000000000000 0.250440417044177355 0.000000000000000000
4.645325217139826712 -2.523806233643106189 0.000000000000000000 0.448954347011976340 192614.000000000000000000
9.704650223231851669 9.990227329281987423 0.000000000182940138 0.245744704145305415 0.000000000000000000
9.630525438620679779 10.144685366423891182 0.000000000618946484 0.275916638415493187 0.000000000000000000
10.480502801704977500 6.127375072903157083 0.000000000667826434 0.460058750783718051 125234.390104119825991802
8.502343569086839636 10.099694421127896504 0.000000000406788141 0.404753367324146573 220971.000000000000000000
7.705808877112608535 8.948523881779694378 0.000000000648652928 0.470910724003342718 222584.000000000000000000
9.398256467302193329 6.665362925121197435 0.000000000737974777 0.402419507130564236 223360.000000000000000000
9.502576965304761814 7.645873206577486592 0.000000000498197165 0.244448860702415116 0.000000000000000000
10.123405326399270265 6.281015542497987880 0.000000000797490588 0.434426962270560435 0.000000000000000000
9.227026774401855036 8.720294132427198974 0.000000000003114476 0.198547069234251500 216713.000000000000000000
8.977200817587913662 6.893681106463398045 0.000000000543532893 0.406444435318193964 203995.177352035971125588
12.942563421304452476 8.305861565580038075 0.000000000699439842 0.470138056599233023 0.000000000000000000
10.558195356732271719 8.759698080377537721 0.000000000866451775 0.038840667153250401 222186.000000000000000000
11.876080246008283936 9.391925455359476871 0.000000000780832316 0.295957793787977930 0.000000000000000000
10.451446205459419048 8.555690165827503080 0.000000000246217986 0.039076949530897201 217666.000000000000000000
11.027404730450610870 7.870944616658374748 0.000000000465563392 0.196432305173782740 0.000000000000000000
3.634163103443409426 13.128492625634235580 0.000000000000000000 0.233159177767088027 239250.000000000000000000
3.385135582713041824 11.729330688038253072 0.000000000000000000 0.333066059220475774 0.000000000000000000
0.674252587804826775 14.382336325492484974 0.000000000000000000 0.355429259375793505 0.000000000000000000
1.036688404236992822 13.938529921526599864 0.000000000000000000 0.259591813024299900 240868.000000000000000000
1.005431392217026820 12.682133539430202163 0.000000000000000000 0.259451841451621756 0.000000000000000000
4.486269076581291593 12.861195964111091783 0.000000000000000000 0.390571059069608928 0.000000000000000000
3.856737588023924523 11.509575304713710153 0.000000000000000000 0.415330960259100601 0.000000000000000000
1.867811859696017152 14.801480856203314218 0.000000000000000000 0.284009327590259597 0.000000000000000000
4.264476901752942695 14.371917246459675610 0.000000000000000000 0.395338044343487072 240098.000000000000000000
4.800096395739003263 13.158494740999437056 0.000000000000000000 0.439936713738236673 0.000000000000000000
2.513710299531378034 13.218126813199349456 0.000000000000000000 0.033627337079098728 0.000000000000000000
2.277405309351957730 12.178151329219671695 0.000000000000000000 0.195899104505588173 241761.000000000000000000
3.713613919418712328 15.237289299342458904 0.000000000000000000 0.426800207821207089 0.000000000000000000
1.651705435725880466 15.170085528128069541 0.000000000000000000 0.358502763035225880 0.000000000000000000
1.420197867595645258 13.102642179683936519 0.000000000000000000 0.165851752607046987 0.000000000000000000
-7.330623303616319753 11.234639925663380211 0.000000000367869774 0.136745841077973412 160633.588292211497901008
-7.045414209745699097 10.718097981983538247 0.000000000236157108 0.185626285649640455 442542.000000000000000000
-5.603248407933902442 12.475520825789983448 0.000000000269929471 0.241845177374973047 445316.000000000000000000
-7.279042193396216831 11.670764712712129452 0.000000000461633543 0.097800370890321064 445618.000000000000000000
-6.198288134267451177 12.816399153110650033 0.000000000402267639 0.216468504550306529 244031.004858489613980055
-5.953200889757003011 12.461902503096231598 0.000000000279834649 0.191370483383517531 445307.000000000000000000
-7.579885519498363422 12.289246566595011245 0.000000000394778194 0.181658908636201460 319374.633786949445493519
-5.037802781147055597 13.294150454119682436 0.000000000053888848 0.411363455539678680 451794.000000000000000000
-5.191541316263917238 12.514276256996138770 0.000000000541767677 0.308721004782809616 451720.000000000000000000
-4.783786782222192002 13.423669025407518163 0.000000000496225741 0.460430836835173440 443848.000000000000000000
-7.383477934399429898 9.376886722000982388 0.000000000151695331 0.430134467602728887 0.000000000000000000
-4.280586522488351697 11.086071950082770243 0.000000000113229995 0.451132169758225399 36806.160909606696804985
-4.823103993917429833 13.340268963141147296 0.000000000822483214 0.445481611599987948 0.000000000000000000
-5.228808717053548882 11.896431730717205610 0.000000000791194448 0.269831326629338120 0.000000000000000000
-7.143683927092920882 13.335881035304481657 0.000000000390903976 0.295372121994649628 451308.000000000000000000
-12.178165581650974403 4.372352956191729589 0.000000000000000000 0.109245498483271197 0.000000000000000000
-10.657451649939423177 4.160754491065481453 0.000000000000000000 0.377385793508242307 0.000000000000000000
-13.322058996265129238 2.926655949266021572 0.000000000000000000 0.323045259362816750 206208.587691444845404476
-13.957850525700219890 2.264075553732426194 0.000000000000000000 0.473902063228129444 0.000000000000000000
-13.031620175148853846 6.902267491862425608 0.000000000000000000 0.390541906568771857 0.000000000000000000
-13.221509332620254185 7.309922953546330149 0.000000000000000000 0.465937684002344421 282336.000000000000000000
-10.224938309827329874 4.384150898865200929 0.000000000000000000 0.446451622338450260 0.000000000000000000
-12.758364311567161664 3.652229129326759249 0.000000000000000000 0.178641957560980835 284968.000000000000000000
-12.035904686724492763 6.651252920081176079 0.000000000000000000 0.364034782732762963 0.000000000000000000
-13.131022450913770072 6.628800209946331456 0.000000000000000000 0.346905239526773379 66843.092588006067671813
-11.459156349392683794 6.131358671459217646 0.000000000000000000 0.337736432644888285 0.000000000000000000
-11.707254684742796513 4.914254499081226690 0.000000000000000000 0.183934062687244743 0.000000000000000000
-15.009118614822073212 3.951565353659029167 0.000000000000000000 0.428164310053352593 0.000000000000000000
-10.896367998532834775 6.581063838978836955 0.000000000000000000 0.463685994200300766 0.000000000000000000
-12.070076424196120257 7.095089723916519375 0.000000000000000000 0.436007597348473108 284159.000000000000000000
-13.335264759478457464 -6.025779366193778408 0.000000000000000000 0.258912961817531262 0.000000000000000000
-11.585311063732175896 -2.848519662779785744 0.000000000000000000 0.376963167055448523 199525.000000000000000000
-11.079389440647156917 -5.373168237617544030 0.000000000000000000 0.315393077209146999 198250.000000000000000000
-12.934258438438069660 -5.281483297904584262 0.000000000000000000 0.111955544643998262 0.000000000000000000
-11.838206121677799842 -6.089398546891723107 0.000000000000000000 0.291027087171714938 0.000000000000000000
-14.050865454964787560 -6.226204544395216089 0.000000000000000000 0.358997940715415742 83035.783249805244849995
-10.882675551797756697 -6.170542787133584284 0.000000000000000000 0.417362070077918035 198567.000000000000000000
-10.443712177773596395 -3.449182139086278465 0.000000000000000000 0.457913210115734604 0.000000000000000000
-14.291623765117192235 -6.490043569282893721 0.000000000000000000 0.421578393282339037 0.000000000000000000
-13.704930679565363150 -5.165433019167797291 0.000000000000000000 0.195949594392849313 200000.000000000000000000
-12.724704163464981121 -5.904605774323108847 0.000000000000000000 0.213184625281128165 76905.006165026192320511
-14.974594970065098209 -5.629474455045523129 0.000000000000000000 0.435399130103601761 202422.000000000000000000
-15.057846902353794860 -3.881471131945414044 0.000000000000000000 0.440116926346914128 46565.800760878672008403
-10.309917239193987726 -4.030602766362745726 0.000000000000000000 0.443031402432638610 192641.000000000000000000
-11.614483043730665202 -3.396244815660595773 0.000000000000000000 0.297112693762755342 195703.000000000000000000
-6.733221829907058087 -12.918078987564461713 0.000000000390476709 0.212307199017111620 0.000000000000000000
-6.403284046529269524 -10.661556331650379192 0.000000000752322778 0.196147746130764744 0.000000000000000000
-5.667036369661548001 -10.211654090004874007 0.000000000710173102 0.327639721064374057 0.000000000000000000
-5.788668634538335134 -13.333882469238464097 0.000000000401506141 0.331931417138662921 0.000000000000000000
-6.565567095969660372 -9.908052601396175163 0.000000000629635670 0.321903461778463795 0.000000000000000000
-7.642375207280245775 -11.383280865244177704 0.000000000095108198 0.172693012002426483 0.000000000000000000
-6.870221367268516843 -13.711150849214687852 0.000000000615371076 0.353475317027380220 0.000000000000000000
-5.725477259170767219 -14.100309210444924801 0.000000000784166132 0.458520366776173915 0.000000000000000000
-7.405875431765415406 -12.571109274927682264 0.000000000351475894 0.192731096539050850 0.000000000000000000
-4.511697403953343510 -10.493914028824574913 0.000000000203150222 0.451452772837725447 0.000000000000000000
-6.423547329473899836 -11.507872593284833584 0.000000000857749595 0.066505821848914029 0.000000000000000000
-4.506658500322568095 -11.811250288353910776 0.000000000505807053 0.397015094766492493 0.000000000000000000
-6.485678529755340094 -9.338230316982372159 0.000000000453329427 0.423708137064972346 0.000000000000000000
-5.030450929614567634 -13.086631740482005171 0.000000000739256928 0.388355769667116824 0.000000000000000000
-5.660665330121616989 -13.988856680179862835 0.000000000048215108 0.445273523850296171 0.000000000000000000
1.308203779961321978 -15.327769066077197024 0.000000000000000000 0.408554275217089646 424233.000000000000000000
4.796599583699957314 -12.640982402579414412 0.000000000000000000 0.453141446550898219 93707.395140110587817617
3.421681044011409156 -11.063867279999884730 0.000000000000000000 0.438946617692166308 201250.692561831005150452
3.097784260610403351 -13.778407008106929865 0.000000000000000000 0.162761087826918144 429455.000000000000000000
1.259917250096542762 -13.911234297191867881 0.000000000000000000 0.222362101000892071 422624.000000000000000000
0.511423765738288072 -11.507008262746127869 0.000000000000000000 0.452698397609103409 114087.780038290249649435
1.030902665708899990 -12.365934087052282919 0.000000000000000000 0.283355243906696252 426583.000000000000000000
3.479231555994113378 -12.711796697816192037 0.000000000000000000 0.227479364676593854 0.000000000000000000
0.981612911785066711 -14.466024073871418310 0.000000000000000000 0.320951521792099348 0.000000000000000000
3.022225209791729483 -13.472364153055856661 0.000000000000000000 0.127452231735346505 427078.000000000000000000
2.144393858495515559 -14.588277312166724187 0.000000000000000000 0.236016096466594799 299367.280933870759326965
2.155722246020378652 -11.162294154800720847 0.000000000000000000 0.377882288558602342 241061.326610455871559680
0.589252830788301263 -12.844416980768253111 0.000000000000000000 0.320407187192793930 131039.447058090285281651
3.065199029991077406 -14.016266013088703346 0.000000000000000000 0.185207769942893896 268098.292030091688502580
4.075978623881029606 -14.087584759276921886 0.000000000000000000 0.342291010536371454 422731.000000000000000000
9.885694398490667112 -9.688814843903079677 0.000000000000000000 0.183930020129570382 153618.946750358794815838
8.292743933476046436 -9.845025104303640973 0.000000000000000000 0.412846556585592550 5354.058911680642268038
10.245147594444079076 -9.716144962364527515 0.000000000000000000 0.170644006550893013 0.000000000000000000
12.615587673606441399 -9.477781266481350997 0.000000000000000000 0.425051614970074210 0.000000000000000000
10.753844987109058451 -6.863846711190789485 0.000000000000000000 0.338269646811660829 471988.000000000000000000
7.858066935339595105 -9.013663511556995189 0.000000000000000000 0.444918855415265158 472921.000000000000000000
11.255093530728387918 -6.668687736000854294 0.000000000000000000 0.398864877398264206 469330.000000000000000000
11.074084087356192541 -9.501913616006262941 0.000000000000000000 0.185820677937266282 0.000000000000000000
12.464730890498190163 -7.906208503804146304 0.000000000000000000 0.406163198407657910 237262.385042381240054965
9.376428634230796533 -9.055954536246714426 0.000000000000000000 0.180167271847039262 0.000000000000000000
9.861477442854100772 -10.012102194796268506 0.000000000000000000 0.237698242792884706 469409.000000000000000000
11.576665791449357812 -7.241760354862525340 0.000000000000000000 0.343524083050285978 95519.314187713840510696
9.901027196354608151 -10.266209676137680873 0.000000000000000000 0.277681596725275204 0.000000000000000000
11.155336343914211028 -8.890019765235864568 0.000000000000000000 0.147340575363016785 0.000000000000000000
11.437665890409112635 -10.159369971780819242 0.000000000000000000 0.315061068127304444 0.000000000000000000
12.653297142024545252 -0.593936115687190624 0.000000000000000000 0.188886035706642169 160985.000000000000000000
14.287169641128928177 0.974424314911056189 0.000000000000000000 0.214744765077866301 0.000000000000000000
14.359964843015868396 0.418978426156747741 0.000000000000000000 0.162981319947504782 151346.000000000000000000
11.617103003853067378 -0.264350662000159553 0.000000000000000000 0.346015019258942458 152715.000000000000000000
13.448583082885141593 -0.779931777906920587 0.000000000000000000 0.136194557165585622 0.000000000000000000
12.060896954300563522 0.428232512366366280 0.000000000000000000 0.274145722627600230 158174.000000000000000000
13.787716846067414878 -2.257593780448150511 0.000000000000000000 0.393486709937079460 0.000000000000000000
15.134512924532158351 0.680195099368814948 0.000000000000000000 0.307374390191165969 0.000000000000000000
11.543186131444924669 -0.713219778842178354 0.000000000000000000 0.377116400393300910 160555.000000000000000000
13.438516987540195302 -2.074551896400311790 0.000000000000000000 0.360052027356665361 157219.000000000000000000
12.723464808676547833 1.157571644609262096 0.000000000000000000 0.248234635774362333 159517.000000000000000000
15.363152129960651493 0.741243633400617496 0.000000000000000000 0.349087187364677365 160396.000000000000000000
11.632406457596095706 0.940479120973598981 0.000000000000000000 0.377505013777123588 154574.000000000000000000
11.413112074888076108 -0.501642469279735548 0.000000000000000000 0.389215899766200246 0.000000000000000000
14.063807472685558864 -1.052967953106446419 0.000000000000000000 0.204717257101749900 152390.000000000000000000
