-0.619736142346769325 2.509235709143142756 0.000000000000000000 0.381831040406737821 217051.000000000000000000
-1.128066214268714118 1.842028108252380392 0.000000000000000000 0.416748585871071942 0.000000000000000000
-2.397030852631382380 2.878774954341957404 0.000000000000000000 0.181804171209605486 218330.000000000000000000
-4.097534723262945988 5.252392864115597249 0.000000000000000000 0.407678599597357860 219735.000000000000000000
-0.803466325174541418 5.389082903211932951 0.000000000000000000 0.372184483299668856 214044.000000000000000000
-4.406896003319479505 3.738857255959456616 0.000000000000000000 0.383880665665775833 221372.000000000000000000
-1.118453078392328104 3.045407860012318224 0.000000000000000000 0.252807311377870658 0.000000000000000000
-4.580792766524221626 3.248479726179790639 0.000000000000000000 0.429371564489315571 220813.000000000000000000
-1.966513082589075756 5.045998065676318589 0.000000000000000000 0.212320039400976657 0.000000000000000000
-3.890716080275593569 5.578138928574705169 0.000000000000000000 0.418176160654608775 0.000000000000000000
-3.140626565504700540 5.025514121814240731 0.000000000000000000 0.256095233699293989 93488.301042553022853099
-0.614002843923428410 5.568016859579250522 0.000000000000000000 0.418580915973082224 219049.000000000000000000
-3.907498103936301259 3.584479401555331624 0.000000000000000000 0.298933307727687447 0.000000000000000000
-2.403236692089695925 3.135799229385370701 0.000000000000000000 0.136806235009871935 0.000000000000000000
-3.011659641548674049 4.957492617004196411 0.000000000000000000 0.232678986371987778 218681.000000000000000000
-3.016545649154778630 -5.000906213593609095 0.000000000000000000 0.239522377880076714 0.000000000000000000
-4.585014192853182458 -4.433477274201930385 0.000000000000000000 0.425785777152539069 177582.000000000000000000
-1.307592129409588466 -4.231680475846446576 0.000000000000000000 0.180018005674290854 168263.729264856287045404
-3.588261343060058728 -5.768340467161926277 0.000000000000000000 0.409787630888695686 0.000000000000000000
-4.186602524761569910 -3.913984763054330962 0.000000000000000000 0.343705697085915307 179077.000000000000000000
-2.252489718096607252 -1.927954238113741114 0.000000000000000000 0.349439340735617554 0.000000000000000000
-2.949568716258199608 -4.528004482331645875 0.000000000000000000 0.167566739011387106 126940.291622088989242911
-2.809671101587163822 -3.587077527454245018 0.000000000000000000 0.112128526443350945 173073.000000000000000000
-4.086896333130883185 -3.747842821946494318 0.000000000000000000 0.326894291897735834 0.000000000000000000
-2.805411016667391344 -4.981076005061705558 0.000000000000000000 0.217344103816552503 172681.000000000000000000
-1.911869847800256927 -4.619075016597533612 0.000000000000000000 0.143751441148625120 181508.000000000000000000
-1.317767040930543088 -3.545195765291804246 0.000000000000000000 0.178525684922712785 174593.000000000000000000
-2.659622111017585500 -3.442763869081922667 0.000000000000000000 0.107077928348503132 179076.000000000000000000
-2.856010947238347697 -4.657560702758506643 0.000000000000000000 0.173261900982279338 172662.000000000000000000
-4.113334916323406532 -5.263165787803704809 0.000000000000000000 0.411080640821815557 32425.492796161968726665
3.478057044944277809 0.086788267934505614 0.000000000000000000 0.185313084390151428 0.000000000000000000
6.815247748442700093 -1.265405324821041511 0.000000000000000000 0.467467790796338822 7150.740555687167216092
5.175741823537393316 1.962013021100472487 0.000000000000000000 0.367830881089042383 199176.000000000000000000
3.353314480886866900 -1.175597183198059836 0.000000000000000000 0.294104105866808074 0.000000000000000000
5.276769979277621481 -2.454348573574834713 0.000000000000000000 0.456503292992696375 199625.000000000000000000
6.556627307792959769 -0.147823713411200569 0.000000000000000000 0.364954493647025924 197369.000000000000000000
3.125226582754142335 -0.274822628846857486 0.000000000000000000 0.252328361963538306 163582.928141419397434220
6.461372299610682823 0.679640054933596360 0.000000000000000000 0.367381229670841802 198331.000000000000000000
3.282191364415815382 -2.052902991770981345 0.000000000000000000 0.425955638540754300 0.000000000000000000
3.967284920909271762 -2.248425925618919852 0.000000000000000000 0.411326393164615500 0.000000000000000000
3.920171366738898211 0.982445577101560996 0.000000000000000000 0.204212933372630162 194887.000000000000000000
6.961634650908728794 -0.996730197438923771 0.000000000000000000 0.470618929991818757 196102.000000000000000000
3.015610232461409357 -0.926497690807394414 0.000000000000000000 0.313814918428245271 194108.000000000000000000
3.337300822842513615 0.890853762891947176 0.000000000000000000 0.262842809725547688 0.000000000000000000
1.972009155099304634 -0.042818513375774581 0.000000000000000000 0.453115522495428469 0.000000000000000000
10.855152468876164917 8.265520830753533943 0.000000000151353000 0.124730992247056846 213495.000000000000000000
11.451543494326450912 6.974381448592161803 0.000000000557888129 0.368199052150661454 220167.000000000000000000
8.663402474842435197 7.496572799066923309 0.000000000572929378 0.371147742253985224 223367.000000000000000000
10.825601780710870869 7.788859446588159763 0.000000000767047598 0.188984859147353162 0.000000000000000000
9.086813900304381519 6.692527424929277657 0.000000000332787772 0.424639473842503279 0.000000000000000000
10.746233438712318176 7.942781902041660125 0.000000000701205140 0.158548317912161757 215272.000000000000000000
9.303335928912936481 9.739233904129440234 0.000000000028897912 0.253947008560418297 0.000000000000000000
10.919514479928050577 8.331399955952246472 0.000000000577703628 0.126390803794281914 0.000000000000000000
10.142985638251568403 6.519316041718276722 0.000000000877512953 0.392480255307922132 222381.000000000000000000
9.563236415627709874 9.900228177444054367 0.000000000859973527 0.245190728589055218 217675.000000000000000000
10.477831226886946681 10.165248225464956988 0.000000000120940267 0.249661831003234469 215965.000000000000000000
11.360594219755840939 9.547363697315610409 0.000000000852410740 0.229428360393893832 54973.895180790874292143
8.761770486211084119 10.710717856299341477 0.000000000893298146 0.445168706000343806 0.000000000000000000
11.140126826807849270 11.113243079668929880 0.000000000277879746 0.438007675846335265 0.000000000000000000
8.715816730196223716 8.275715584342037801 0.000000000354315105 0.301261474224398362 0.000000000000000000
4.352090557155603001 12.053653061930669210 0.000000000000000000 0.420300885675503888 238018.000000000000000000
3.454287210210861492 13.290557524495735464 0.000000000000000000 0.199619703360815887 74393.637688993403571658
4.602319326433049973 14.181989136250740202 0.000000000000000000 0.435083173268743240 242267.000000000000000000
0.303641409465134848 11.826998671456033563 0.000000000000000000 0.444608548309542273 239994.000000000000000000
1.789740280070287737 11.640624050812933277 0.000000000000000000 0.307138212816200795 222645.989371744130039588
-0.132577319865796434 14.100427337778528525 0.000000000000000000 0.463481704615132661 241993.000000000000000000
2.545544825249390186 13.394004984306537409 0.000000000000000000 0.043047671641073308 0.000000000000000000
4.085373724860782652 14.123044774489571296 0.000000000000000000 0.346504445602337952 239678.000000000000000000
2.660480391030671132 13.659973395506543881 0.000000000000000000 0.089642770648438744 241742.000000000000000000
1.756853134959583951 13.931294816953919025 0.000000000000000000 0.155521457779362465 238960.000000000000000000
3.205679576252014495 13.111937025899839782 0.000000000000000000 0.158042889839437567 243725.000000000000000000
1.186057051526703932 14.348219729100513575 0.000000000000000000 0.279848897147392695 243312.000000000000000000
3.696463302034172838 11.158377566753729937 0.000000000000000000 0.448379833402645589 0.000000000000000000
2.398574580128402634 15.561731321315773968 0.000000000000000000 0.407040057591797677 0.000000000000000000
4.489439371322444750 12.010924765051784746 0.000000000000000000 0.445207779987484453 241730.000000000000000000
-4.658711377656152841 11.754387393831374098 0.000000000573386154 0.369634614889362834 446424.000000000000000000
-5.691543863514174184 9.635978420431785096 0.000000000708489335 0.412995148310420779 368973.579873873444739729
-4.916878882624478031 10.391617571491238436 0.000000000689291654 0.400059574839500609 0.000000000000000000
-6.154854841392158882 10.620940092136050836 0.000000000128487331 0.219979453130354302 0.000000000000000000
-6.415250333043811537 14.113152022462463364 0.000000000110544418 0.427698495192387118 449325.000000000000000000
-8.759278271140534144 10.757400465535578604 0.000000000083416653 0.399138034961924126 449713.000000000000000000
-8.312733506885024326 13.775417968435260008 0.000000000843839121 0.459763763144117876 450834.000000000000000000
-5.341708397403253983 13.904389220192554077 0.000000000265083030 0.459872134994615267 0.000000000000000000
-9.295490172939693707 11.562120130714538035 0.000000000747214718 0.457636985298740917 0.000000000000000000
-7.436704178369328844 12.438916992810316486 0.000000000854339795 0.178854845084870484 450704.000000000000000000
-6.387305103118927185 12.100160752353744442 0.000000000679356893 0.091362611392791157 0.000000000000000000
-6.851082126729047594 11.824696053013422414 0.000000000145043590 0.028281785423914824 446449.000000000000000000
-6.568329306368267950 12.184584296396815617 0.000000000802147424 0.087520332589395164 0.000000000000000000
-7.100669796753866336 12.691075190203740419 0.000000000409676134 0.184156637539062251 0.000000000000000000
-4.521626340330394456 10.678983697180143508 0.000000000718089481 0.435009787864417019 0.000000000000000000
-10.938248488413668369 4.592976007305500374 0.000000000000000000 0.316712197850883226 280661.000000000000000000
-11.116245485975580820 6.101540706741173103 0.000000000000000000 0.377612811043156082 0.000000000000000000
-12.080630188088996135 7.210960502046659393 0.000000000000000000 0.455018380473161843 278925.000000000000000000
-11.034110374215808648 3.512982018447019517 0.000000000000000000 0.361798553200325834 281858.000000000000000000
-14.946876812332313023 3.721304977552150284 0.000000000000000000 0.431262229922393436 280973.000000000000000000
-11.791089597831593494 2.704460180996187457 0.000000000000000000 0.381116544082975517 112266.597559191970503889
-12.482190938311001460 5.893546155927213981 0.000000000000000000 0.215321592007781393 0.000000000000000000
-11.364486689971053934 3.656287471136277833 0.000000000000000000 0.299243910832432236 283181.000000000000000000
-11.344902405081553454 3.766998878788085037 0.000000000000000000 0.291089372449882255 278496.000000000000000000
-11.790644364927672427 4.341944091695288499 0.000000000000000000 0.174576145925265380 277713.000000000000000000
-13.407751103393239944 6.840770192355315693 0.000000000000000000 0.395313988752187206 282585.000000000000000000
-12.528001732032555182 5.574454575300400450 0.000000000000000000 0.159283584527385086 284504.000000000000000000
-14.694860405072223131 5.617989295088294810 0.000000000000000000 0.388903899721663393 277812.000000000000000000
-11.683861621135973152 2.770725976776585497 0.000000000000000000 0.379653009141595277 0.000000000000000000
-13.904751304343838214 6.570359108578031737 0.000000000000000000 0.390884262490649170 281726.000000000000000000
-10.762142398131627985 -6.327545128113311712 0.000000000000000000 0.451341603876659114 70817.980774729832774028
-15.134331264986574439 -4.473689864753759515 0.000000000000000000 0.433035079785419774 0.000000000000000000
-12.986188564201285089 -3.110013387759108294 0.000000000000000000 0.276918244263232471 198585.000000000000000000
-14.745735429480424372 -4.830400701955417375 0.000000000000000000 0.363274782959003006 197434.000000000000000000
-12.518594020395534372 -4.655801916963924647 0.000000000000000000 0.034897649898219904 0.000000000000000000
-11.967946986407829613 -3.366316584096341824 0.000000000000000000 0.264310818925910351 193912.000000000000000000
-12.514113114157277451 -5.174431186005620908 0.000000000000000000 0.093257104688908812 7658.291371174501364294
-10.813052595631830854 -5.650517461046375978 0.000000000000000000 0.378754333984836655 197086.000000000000000000
-12.220189528919727096 -2.535976754033538061 0.000000000000000000 0.383118013904216126 0.000000000000000000
-13.849910464764020546 -4.575543796436951638 0.000000000000000000 0.203434358950069422 200241.000000000000000000
-12.879745093653921728 -5.897344595042582682 0.000000000000000000 0.213920059461899043 0.000000000000000000
-14.233920307587691667 -3.588046492111181429 0.000000000000000000 0.330495729985584352 0.000000000000000000
-13.081639424957375084 -6.820705924665745101 0.000000000000000000 0.377938133556709466 193656.000000000000000000
-14.994399347744160167 -5.725309814563121158 0.000000000000000000 0.445151270297172441 193349.000000000000000000
-10.334915869881129424 -5.229253831195135760 0.000000000000000000 0.434649446855913890 196491.000000000000000000
-4.699962141388644099 -12.809182175307249452 0.000000000341125150 0.410611102601915745 0.000000000000000000
-5.548164759953056802 -10.550191659065477623 0.000000000681904568 0.295666834382338650 0.000000000000000000
-7.616131644123766975 -9.842425248617212574 0.000000000903509488 0.367259574426402891 0.000000000000000000
-6.703012004626623721 -14.231681000622144140 0.000000000725013767 0.444831358022619194 0.000000000000000000
-5.763421883340311247 -11.042636923056415199 0.000000000120810471 0.210168808549976271 0.000000000000000000
-7.346571840193246494 -11.893560447711580608 0.000000000185798776 0.113758401142168952 0.000000000000000000
-7.797163905143830398 -11.845690033124757434 0.000000000745083394 0.191104977394964765 0.000000000000000000
-8.971125645837304319 -11.220986233757541228 0.000000000678395393 0.408558929832230411 0.000000000000000000
-6.009516598637766549 -14.279137657228156755 0.000000000003610849 0.471448049441976436 0.000000000000000000
-9.036682324362013574 -10.954212435374337531 0.000000000669438790 0.432282354634846711 0.000000000000000000
-7.870110831729184575 -9.933033764960306655 0.000000000793482111 0.375173884906000121 0.000000000000000000
-9.306044334551899055 -11.570915784282096439 0.000000000410209836 0.459423485770864282 0.000000000000000000
-8.377915884538266411 -10.720843673564575127 0.000000000635960958 0.342184928398016119 0.000000000000000000
-8.381726709403514164 -11.295853843510270664 0.000000000152075508 0.303305461605888504 0.000000000000000000
-8.139142635148656879 -10.422530573315084368 0.000000000066189489 0.339601465887230114 0.000000000000000000
1.195978840627669237 -12.211432826341388491 0.000000000000000000 0.277800355521601428 0.000000000000000000
1.844212094452148731 -12.912352871878916005 0.000000000000000000 0.108824854703454488 423381.000000000000000000
4.819617473170524136 -13.161407042593957328 0.000000000000000000 0.443386823647522632 431042.000000000000000000
-0.039884750514786377 -13.035434029520232002 0.000000000000000000 0.425300412143658324 0.000000000000000000
3.307736972714953705 -14.661521332205014190 0.000000000000000000 0.301428192286394558 0.000000000000000000
0.053545745414084876 -12.728329918234713602 0.000000000000000000 0.418050261454484595 428742.000000000000000000
2.254283711454846628 -14.298404645251238776 0.000000000000000000 0.182505965301689443 0.000000000000000000
0.229513370384150789 -11.824010886849260160 0.000000000000000000 0.455727618550230640 0.000000000000000000
2.853520584752737843 -12.880674535129600145 0.000000000000000000 0.116337551767216621 428048.000000000000000000
3.145124173233681208 -12.396532541381262149 0.000000000000000000 0.213151167362625404 0.000000000000000000
1.309798356489056292 -11.477516519912970949 0.000000000000000000 0.368850397915300332 0.000000000000000000
2.631919160018340254 -10.629486723102745671 0.000000000000000000 0.474295905712761645 341811.672269576869439334
1.075714162854062073 -15.488539051329432539 0.000000000000000000 0.453366608724077746 0.000000000000000000
1.333561420732278791 -13.553516319772130672 0.000000000000000000 0.185057506660225385 425640.000000000000000000
-0.221265603056286786 -13.415136596567974081 0.000000000000000000 0.456107928176310018 421795.000000000000000000
9.600997843611319027 -9.979512098134359022 0.000000000000000000 0.253215384487614714 0.000000000000000000
9.288884473242374540 -6.792443164115197440 0.000000000000000000 0.391262801662420445 307501.746961365337483585
11.073242491203602711 -7.577553280112500289 0.000000000000000000 0.243053122207747968 0.000000000000000000
9.678061429133265392 -8.636921127922079222 0.000000000000000000 0.119693746081617605 0.000000000000000000
9.379717644605065630 -6.875421561017764915 0.000000000000000000 0.370749297885279050 469126.000000000000000000
11.406491260234711049 -9.711460493673540029 0.000000000000000000 0.254044947217986095 468992.000000000000000000
10.352834628213795298 -9.088567629996942898 0.000000000000000000 0.059761026122682713 0.000000000000000000
10.812044678939358278 -8.052783964474182099 0.000000000000000000 0.147986721234620366 213738.421908802178222686
9.772613521570674422 -10.562692785893673886 0.000000000000000000 0.334181979229761006 472430.000000000000000000
8.571847748556631785 -9.865296009107716202 0.000000000000000000 0.371439899309326138 0.000000000000000000
11.416744665221189692 -7.064069233971395079 0.000000000000000000 0.351660568201203338 470549.000000000000000000
8.633751580229656497 -9.072723652223420032 0.000000000000000000 0.309534695278969707 0.000000000000000000
9.136487644239288386 -8.165388775221982698 0.000000000000000000 0.237776649886802083 466285.000000000000000000
12.913490029348302812 -8.935788415169920285 0.000000000000000000 0.459751303537284661 466588.000000000000000000
10.268489053784808362 -10.487157500150560807 0.000000000000000000 0.305261673389187416 0.000000000000000000
15.463517207133371301 1.281660937163545455 0.000000000000000000 0.407853133190114348 157097.000000000000000000
15.669704755875299540 0.591153512670436143 0.000000000000000000 0.392897533645468366 154452.000000000000000000
14.559469403756450490 -0.208788644838524301 0.000000000000000000 0.185095286004271581 112289.208116519905161113
14.265540231061605070 -1.712812888921272592 0.000000000000000000 0.323282597238524483 154511.000000000000000000
14.046155193884553469 1.017518993858306686 0.000000000000000000 0.197827139624612847 158257.000000000000000000
12.433090272064024617 -2.459428805849146027 0.000000000000000000 0.470591751286937698 152211.000000000000000000
11.833089782251413169 -1.089719208702195408 0.000000000000000000 0.358599014334857968 0.000000000000000000
14.393646169920886635 -1.332672746793915453 0.000000000000000000 0.276119836423513620 151905.000000000000000000
12.025372744847949491 -0.468423018913633304 0.000000000000000000 0.282182124605613371 155999.000000000000000000
15.337094091029083387 0.284176089657741548 0.000000000000000000 0.323889503745250662 154636.000000000000000000
11.895172722795821940 -1.874032142584605820 0.000000000000000000 0.438435991888612264 0.000000000000000000
12.054408875281939828 -1.571777887816888208 0.000000000000000000 0.380601497051806292 0.000000000000000000
14.503391488359213213 -1.939931101306435757 0.000000000000000000 0.376796690751988683 159271.000000000000000000
14.528892770201736084 -2.107641724439592856 0.000000000000000000 0.404770413033979704 159242.000000000000000000
14.523718644163817970 -1.290236915403893958 0.000000000000000000 0.283668967104462544 154463.000000000000000000
