0.175723700465026139 3.697060176515799768 0.000000000000000000 0.435123824409000548 0.000000000000000000
-1.273247797619185606 6.164401995230721631 0.000000000000000000 0.441493551489815617 0.000000000000000000
-1.420225532987514416 4.906938237728382113 0.000000000000000000 0.234753189219038205 0.000000000000000000
-2.537906466198168509 2.147396737323076010 0.000000000000000000 0.314309108935664716 0.000000000000000000
-2.111457816452792624 2.574434327762570085 0.000000000000000000 0.235785686904750158 0.000000000000000000
-1.968518660058878655 4.402603136660900418 0.000000000000000000 0.104858959691492823 0.000000000000000000
-3.632499280642241590 1.859394837633864039 0.000000000000000000 0.436595622538204164 120367.834319576577399857
-2.823950260076726781 2.303131523458960661 0.000000000000000000 0.300020136907207802 213974.000000000000000000
-0.752124249689892332 5.612764086616606640 0.000000000000000000 0.407696176773351571 0.000000000000000000
-0.008299435846618160 5.210821847791592631 0.000000000000000000 0.464898954892084104 0.000000000000000000
-1.775882846153149508 2.656858945171009623 0.000000000000000000 0.235894883022850443 213476.000000000000000000
-3.910508352263392773 4.523565837775725740 0.000000000000000000 0.315310954384651287 175222.048218380921753123
-3.390770160471057171 4.860440506312033726 0.000000000000000000 0.265654415207693617 219206.000000000000000000
-4.068316360169858648 3.937357915097180694 0.000000000000000000 0.322709829430741391 0.000000000000000000
-1.612460835937635562 6.479964797187848013 0.000000000000000000 0.475399053410089256 217251.000000000000000000
-1.599711336661784777 -3.012550738299031750 0.000000000000000000 0.195481439134380125 21843.082101329415309010
-0.121882431892875273 -3.609262484189588172 0.000000000000000000 0.384007588495640928 0.000000000000000000
-2.942967149704414531 -5.115967894151218331 0.000000000000000000 0.250044434709132013 172648.000000000000000000
-0.676435909443547700 -3.009205461234463197 0.000000000000000000 0.322654126062454472 180689.000000000000000000
-4.373906537281124329 -5.099076978705719299 0.000000000000000000 0.434074239368970438 0.000000000000000000
-2.015556210900805834 -4.931088276526992331 0.000000000000000000 0.190366279656271314 538.067126857415701124
-4.513815631088681890 -2.671006878479034619 0.000000000000000000 0.456753624225956001 49385.832690753741189837
-3.165819480957380083 -5.022413995524571462 0.000000000000000000 0.258444325169457700 180314.000000000000000000
-3.302672265581679589 -3.435875990032008609 0.000000000000000000 0.202960027071719451 39378.031782601312443148
-2.248728716677457218 -4.263278969891251435 0.000000000000000000 0.066466696961262894 0.000000000000000000
0.055487848822386464 -4.753131468292435713 0.000000000000000000 0.440064820938413426 180780.000000000000000000
-1.007247062180837149 -3.683296638634756537 0.000000000000000000 0.225981303434351827 179338.000000000000000000
-4.035578335197577360 -2.947038704657459984 0.000000000000000000 0.358474997611012536 181060.000000000000000000
-2.192545289348216464 -5.718437896434256373 0.000000000000000000 0.325798140853998774 180670.000000000000000000
-1.975407172671300282 -2.655032976316220594 0.000000000000000000 0.225686694152907152 56245.213366858159133699
5.526341237867159251 2.072080293993238786 0.000000000000000000 0.409710241130012809 0.000000000000000000
3.837557932673747896 1.793353325216308747 0.000000000000000000 0.340813559709366276 0.000000000000000000
6.951509655459973125 0.966973897214815525 0.000000000000000000 0.466985548021535468 194529.000000000000000000
6.592320558182414914 0.640741591727533866 0.000000000000000000 0.387415082533484723 0.000000000000000000
5.119236620555192019 0.925300454558848462 0.000000000000000000 0.196556941381722472 0.000000000000000000
3.774541813929281897 2.186379083734731665 0.000000000000000000 0.410377528025447802 150125.205252934421878308
3.977170001371716612 0.061980717440405439 0.000000000000000000 0.096346080126562275 141279.923698784696171060
5.038508097274100983 -0.316087619747036197 0.000000000000000000 0.109018107554084892 202307.000000000000000000
6.382936829595993622 -0.146771114508557760 0.000000000000000000 0.334075020507206111 0.000000000000000000
6.388918171638674259 0.431366548259266402 0.000000000000000000 0.342776024003761892 193178.000000000000000000
4.034611246211246893 2.429877739399651571 0.000000000000000000 0.440213697989869313 194641.000000000000000000
3.370670074217592127 -2.098557340983359776 0.000000000000000000 0.425135881306794750 198244.000000000000000000
4.184550074333849068 1.724109118094945270 0.000000000000000000 0.311975025180158405 201334.000000000000000000
2.792086441349035830 0.878438942327393946 0.000000000000000000 0.344392802305335533 195519.000000000000000000
3.596631320636879181 0.833396322234216780 0.000000000000000000 0.220670696762590740 0.000000000000000000
12.627069797363139614 8.186207912715904200 0.000000000149052002 0.419181599376641734 218919.000000000000000000
9.023011509001115371 8.580882263427211498 0.000000000594867536 0.236677653588653530 222207.000000000000000000
12.951280677325872404 8.611908009200796243 0.000000000616861106 0.465921379640571287 219553.000000000000000000
9.169798567675963241 9.868735499754489382 0.000000000826179928 0.286891265914784088 0.000000000000000000
10.290580303680933127 6.319595652450456846 0.000000000889569196 0.425915280959277887 219712.000000000000000000
9.249865876829241884 10.909078333649430803 0.000000000281628342 0.426441137918777746 214230.000000000000000000
10.182568140330936046 10.909599211195235569 0.000000000041569002 0.380158839134853765 40024.024176574203011114
9.467459882244117608 9.387928239150090448 0.000000000078990456 0.191956635991081814 140551.704261429025791585
12.868841152884662904 9.499844598648763849 0.000000000578961634 0.469347562253050077 0.000000000000000000
9.140291519056733094 8.285814917834265714 0.000000000231934757 0.228833031747229521 0.000000000000000000
10.348662102836765797 9.481090064295694120 0.000000000875697102 0.128558231076787377 216582.000000000000000000
8.898531280376390740 8.499241157602808627 0.000000000272738166 0.260725736336995917 216197.000000000000000000
8.944800632200905710 6.593484428881181358 0.000000000351578136 0.452982080490201500 213821.000000000000000000
12.204649940174828515 9.830246603835465891 0.000000000822149233 0.382327910874016297 190983.519523107708664611
10.606679670951747241 7.964483502542033300 0.000000000241010664 0.145289669633652641 217913.000000000000000000
-0.216511820999921195 12.784680066729238845 0.000000000000000000 0.462967605363805879 239603.000000000000000000
1.793980781031859095 12.467362815427160072 0.000000000000000000 0.173367059716439814 0.000000000000000000
3.220140464346120890 13.053090219541065409 0.000000000000000000 0.162815825448076296 236311.000000000000000000
3.485195027812334700 14.617880137962293574 0.000000000000000000 0.314726869748692240 0.000000000000000000
0.938855963651621384 15.507336238697629227 0.000000000000000000 0.468757520991896548 234267.000000000000000000
0.772281361049623416 13.416676850176990854 0.000000000000000000 0.279511388385615567 0.000000000000000000
3.474852267787963189 14.511320581443714062 0.000000000000000000 0.299342992701424671 0.000000000000000000
3.294222276969138274 13.365049461587448221 0.000000000000000000 0.171798305356079595 240601.000000000000000000
2.688458895943517835 14.217750246849051976 0.000000000000000000 0.179049299123013622 234454.000000000000000000
1.959590921619922099 12.537430247127698379 0.000000000000000000 0.147641816628766742 0.000000000000000000
2.011462459004379699 14.996116614535054623 0.000000000000000000 0.311574472483904630 239886.000000000000000000
0.970189420638578826 11.581821378506271358 0.000000000000000000 0.387640622938134394 0.000000000000000000
0.103860139405737087 13.596282136788522266 0.000000000000000000 0.401565379228827291 153088.294610452721826732
1.177130439445259080 14.430815885543152532 0.000000000000000000 0.291207877688453964 240491.000000000000000000
3.230005049821711438 11.315714525143157232 0.000000000000000000 0.383835590525353376 239726.000000000000000000
-6.930963066068653866 10.338514065878761983 0.000000000391644557 0.246787505779054339 280717.904017447144724429
-7.989889164316331893 13.179958600339970687 0.000000000285731708 0.341977771901804894 448622.000000000000000000
-5.329485637673384346 9.443294478785883683 0.000000000321265447 0.474468555066344999 443213.000000000000000000
-5.481997350833857752 11.623488207221614132 0.000000000389155780 0.223498575631243396 447018.000000000000000000
-9.153569445165365082 12.280590498663746857 0.000000000551838462 0.442763825731833371 0.000000000000000000
-7.151152468824120589 12.891918084478062312 0.000000000812526045 0.220595471517551461 0.000000000000000000
-5.935011854832665357 11.044762627196446303 0.000000000729604445 0.185602939368496783 451760.000000000000000000
-8.410480456765402124 10.367043821334963383 0.000000000251550149 0.382708511335653145 0.000000000000000000
-8.564773704947828747 11.436908533102595698 0.000000000098889589 0.330355967340388745 0.000000000000000000
-7.846935698920427527 11.211351280113325046 0.000000000542489372 0.217956768561141906 0.000000000000000000
-7.354186685536189927 11.216229756978686183 0.000000000597940451 0.142058244987017912 451414.000000000000000000
-7.663095221885527941 11.646590621513798425 0.000000000711655157 0.166373385542261082 443876.000000000000000000
-5.873875290532592608 11.190755421427985183 0.000000000610253175 0.179331871680999622 0.000000000000000000
-7.110819575286270400 9.545661885452435769 0.000000000759769053 0.390325936708619592 450887.000000000000000000
-6.973186359748873464 12.116217897981366391 0.000000000871371621 0.082414505663432627 450400.000000000000000000
-14.563721082973446030 4.170374795487756359 0.000000000000000000 0.341425743451420460 284343.000000000000000000
-13.756308729395692936 2.981586822079098642 0.000000000000000000 0.348259080145313038 283888.000000000000000000
-10.722408796393132491 5.082092534738323231 0.000000000000000000 0.361744922153688198 283955.000000000000000000
-14.295447670246876015 5.386055414785658968 0.000000000000000000 0.307558777059722566 82335.970119672143482603
-13.948184662570691117 3.706857646417229368 0.000000000000000000 0.277273117580809858 0.000000000000000000
-11.968163611390085777 4.734610851386022112 0.000000000000000000 0.133145343236133862 0.000000000000000000
-14.672336942433227946 6.450259908605002757 0.000000000000000000 0.464842260495339887 0.000000000000000000
-13.843698690559921971 6.576945480389110976 0.000000000000000000 0.386089292940643369 282577.000000000000000000
-11.379821781122711144 6.013560493998708623 0.000000000000000000 0.332607465465478092 281389.000000000000000000
-13.169458953598038420 5.549747031228578820 0.000000000000000000 0.171818374385007105 281698.000000000000000000
-12.946420541011532279 4.638343965472746966 0.000000000000000000 0.042177980628832976 0.000000000000000000
-13.781972302351015003 4.998796690341804627 0.000000000000000000 0.198469873201480546 282279.000000000000000000
-12.334803579621553382 6.526785303763804613 0.000000000000000000 0.328584965725582157 0.000000000000000000
-14.070372223273482248 4.331008502046124420 0.000000000000000000 0.249339898263465282 0.000000000000000000
-13.184662332490223235 2.401581177114806565 0.000000000000000000 0.404380747866835533 280492.000000000000000000
-13.813605912090897831 -7.047308909849921754 0.000000000000000000 0.455348497602386382 193797.000000000000000000
-11.665612749648625268 -3.140346813792075142 0.000000000000000000 0.326632166432513416 0.000000000000000000
-12.041774325078757002 -5.145497508845533474 0.000000000000000000 0.144664363189687395 0.000000000000000000
-12.936704584597784162 -6.520231867116764057 0.000000000000000000 0.322548935966928352 0.000000000000000000
-12.915704432458877449 -3.132946892811072637 0.000000000000000000 0.271075028106033733 195383.000000000000000000
-10.702753418270647856 -5.785810427968836045 0.000000000000000000 0.407102403962317005 0.000000000000000000
-13.156733144478273800 -5.624575999786658009 0.000000000000000000 0.182380463053877506 202092.000000000000000000
-12.406195756499272420 -6.189633954925041870 0.000000000000000000 0.268525699400929907 195904.000000000000000000
-13.130169033001998002 -5.225875704060167770 0.000000000000000000 0.120698310954355861 0.000000000000000000
-13.653240513584345095 -6.949539481067252389 0.000000000000000000 0.428252639962057535 3392.555156021582661197
-11.844542988196474553 -6.530326386387310222 0.000000000000000000 0.357737548682481588 0.000000000000000000
-10.308043604934992388 -5.573907089417946992 0.000000000000000000 0.456288089110717221 196105.000000000000000000
-10.268672173598933028 -4.058382623021525859 0.000000000000000000 0.448948183425941671 194879.000000000000000000
-10.639546516079166238 -3.903815171123322436 0.000000000000000000 0.393555748758944557 0.000000000000000000
-12.707198208404054895 -4.612560535212124613 0.000000000000000000 0.011535656561299292 12265.563186030112774461
-6.794159201874403919 -10.713537240049252119 0.000000000203290961 0.178237845627273572 0.000000000000000000
-6.718621600135464611 -12.220003914949993273 0.000000000590591474 0.088781395135546129 0.000000000000000000
-7.340667775607927936 -9.233755757247502416 0.000000000800797724 0.452690615221737702 0.000000000000000000
-4.741914193791529009 -12.048308759396075374 0.000000000374892724 0.359537227423683547 0.000000000000000000
-5.828691532555779986 -10.407311912958968847 0.000000000660222263 0.282686413231635625 0.000000000000000000
-5.918357014016355500 -12.881779272068612840 0.000000000270300870 0.252001722319091348 0.000000000000000000
-8.152618268374659749 -10.057413857104755550 0.000000000354131970 0.387627165166959886 0.000000000000000000
-7.557569026461119499 -11.673196717819076085 0.000000000152233615 0.147295838372390492 0.000000000000000000
-6.496424374846019312 -10.315579631957898954 0.000000000612539528 0.251940409115156805 0.000000000000000000
-9.186935874421964243 -11.590504131759500339 0.000000000081693017 0.438043404929579272 0.000000000000000000
-8.872129713056674305 -11.375085653758146620 0.000000000570074422 0.386154300261324357 0.000000000000000000
-4.643067332866904096 -11.312796189962265103 0.000000000881858604 0.379258272694702414 0.000000000000000000
-7.271382546559934212 -12.023808250143233067 0.000000000692710389 0.110198074265794602 0.000000000000000000
-6.231871112741100838 -13.710090551439238382 0.000000000276354697 0.363765669875198205 0.000000000000000000
-6.555346737675026070 -12.210185881068843727 0.000000000278834567 0.092568876275928108 0.000000000000000000
2.484935638029133642 -13.452801167360549428 0.000000000000000000 0.041273999332185965 67009.880420006273197941
2.584402428412190922 -10.732166998801231372 0.000000000000000000 0.455238919285396171 422994.000000000000000000
4.027636393951173233 -13.625397905155969269 0.000000000000000000 0.308095735088395939 0.000000000000000000
3.839268750059554147 -15.294736535449088066 0.000000000000000000 0.448204999357295297 424333.000000000000000000
3.370588156107407585 -15.653888941202700025 0.000000000000000000 0.461655808989536620 127742.024416234897216782
1.353471568315994800 -13.116004251227003863 0.000000000000000000 0.177148047449490781 171390.420432310289470479
2.154564219904690159 -12.641729468941747427 0.000000000000000000 0.117538737889246001 430178.000000000000000000
3.316432068363510677 -12.384467246652246075 0.000000000000000000 0.236353061277452647 208309.615276572760194540
0.335187647071470030 -11.941809613614392305 0.000000000000000000 0.428361989275470867 421860.000000000000000000
2.989599196657434010 -12.916238695066754261 0.000000000000000000 0.133257827609761015 428702.000000000000000000
3.979222988078728207 -12.878208919712518465 0.000000000000000000 0.301610789005948066 427106.000000000000000000
4.018959036820365149 -14.103083292299544382 0.000000000000000000 0.334309866835839797 423928.000000000000000000
0.258168295007303150 -13.351797764569660387 0.000000000000000000 0.370254784717399754 0.000000000000000000
4.976242840926097699 -13.262478553742452547 0.000000000000000000 0.470826517122733768 429771.000000000000000000
0.243736144946747890 -13.617033704366017233 0.000000000000000000 0.377485273327106685 0.000000000000000000
11.443744936954869829 -9.309113561657280655 0.000000000000000000 0.219796919982409855 183553.580668546841479838
9.976471403231418122 -10.696290136086469502 0.000000000000000000 0.347923358781816017 0.000000000000000000
12.398427957684098999 -9.553513192310941093 0.000000000000000000 0.392865477837377519 0.000000000000000000
12.295532944821314203 -8.134524804966854816 0.000000000000000000 0.364570601904547986 471524.000000000000000000
11.599112615042022512 -9.676314656788362001 0.000000000000000000 0.276963261961487739 0.000000000000000000
11.543816325491164321 -10.526588739498251357 0.000000000000000000 0.377977360479645474 0.000000000000000000
10.947470541169467495 -9.056883577336895641 0.000000000000000000 0.120954010895683667 471916.000000000000000000
12.666876034489103375 -8.931373863882209108 0.000000000000000000 0.415867366159417051 467104.000000000000000000
8.824972199267326900 -7.973175236157558743 0.000000000000000000 0.302521942679233047 375913.490119086927734315
11.823044440771148800 -7.506381619966721708 0.000000000000000000 0.342027866094868571 467104.000000000000000000
8.514341564453497213 -8.285888883267752192 0.000000000000000000 0.335491534072364428 0.000000000000000000
9.229962268777887502 -9.873286135696808685 0.000000000000000000 0.279740655659643012 0.000000000000000000
10.759495182153012038 -10.684018457436076588 0.000000000000000000 0.347361355088615043 0.000000000000000000
10.846692810802961660 -8.727182981089653069 0.000000000000000000 0.090284412597564520 464901.000000000000000000
9.052577568445222767 -10.281076538140595744 0.000000000000000000 0.353904005836310265 0.000000000000000000
14.327860791191110224 -0.215890963881795128 0.000000000000000000 0.145141807532357781 159037.000000000000000000
11.698883958250892334 -1.464798427794500091 0.000000000000000000 0.415605256550585334 154705.000000000000000000
12.957361630609678826 -1.653805633014879373 0.000000000000000000 0.305229518270724254 154868.000000000000000000
12.802728231143186477 -0.908915384651967084 0.000000000000000000 0.205451377622146741 151119.000000000000000000
13.008979913705442044 2.126593566066825147 0.000000000000000000 0.380927349151176542 97269.001859492767835036
15.165748815482972489 -1.854302640641940725 0.000000000000000000 0.431733098746548805 0.000000000000000000
12.022067956597028981 -0.626356118626445246 0.000000000000000000 0.291838156206431609 0.000000000000000000
11.154966515059724586 -0.284797424610924332 0.000000000000000000 0.428185194461313812 0.000000000000000000
13.645153280373635951 -2.454257393740898685 0.000000000000000000 0.425612301986550090 46631.515937115422275383
11.576387428258032131 0.170103888326384844 0.000000000000000000 0.351450262211795872 153270.000000000000000000
11.785902668667313620 -1.619198060849919241 0.000000000000000000 0.420903827808221942 0.000000000000000000
14.220636690227770771 -2.252546439615962903 0.000000000000000000 0.408172998664360576 155487.000000000000000000
11.868333443627786750 1.716515348859269929 0.000000000000000000 0.421866765726062909 0.000000000000000000
14.647118223575416707 -0.547489593453177825 0.000000000000000000 0.218707911078630496 154618.000000000000000000
12.478921697105873179 1.408983968000525833 0.000000000000000000 0.309396314299857256 155037.000000000000000000
