-0.230155440454422627 5.313294396870774428 0.000000000000000000 0.441490430887534924 0.000000000000000000
-0.893415961492590616 2.732758451716034376 0.000000000000000000 0.318874138757583969 221114.000000000000000000
-3.369896408866129178 4.072037411092764181 0.000000000000000000 0.200759195442431870 0.000000000000000000
-1.227282138491249341 2.292375534071195542 0.000000000000000000 0.338777751120339476 215601.000000000000000000
-1.000179162671422928 1.775098353161338904 0.000000000000000000 0.438435799528036241 0.000000000000000000
-4.061416373846591377 2.321968844048627911 0.000000000000000000 0.425601958111541112 219613.000000000000000000
-0.037971329380870146 2.690372225878357781 0.000000000000000000 0.449727168248153342 222234.000000000000000000
-3.461727238777567273 1.541405322511953058 0.000000000000000000 0.469859895531147154 216792.000000000000000000
-0.961491823845581517 4.167125378961449300 0.000000000000000000 0.236317091980846744 161341.016930611745920032
-1.580333156168251429 5.837910157470813211 0.000000000000000000 0.367357683238561772 220382.000000000000000000
-3.775020138723744534 5.702191655162137884 0.000000000000000000 0.420784670240897329 0.000000000000000000
-1.400616048451472473 2.189521602870245331 0.000000000000000000 0.339309022804347105 215951.000000000000000000
-2.934409026071240767 4.333502473256538146 0.000000000000000000 0.144064022133129216 88869.846415496649569832
-4.558843240905082084 5.136027567316110876 0.000000000000000000 0.466063557665520323 218890.000000000000000000
-3.759061034839830118 2.145462310365089831 0.000000000000000000 0.409822068846934340 214484.000000000000000000
-2.240261487831769927 -2.399634724031986632 0.000000000000000000 0.265467379131669956 179270.000000000000000000
-3.329534810443187443 -5.200404991504099961 0.000000000000000000 0.301417009322267837 180721.000000000000000000
-1.013387234451329277 -3.277683867189272959 0.000000000000000000 0.247241187014178937 136684.668569576489971951
-4.239899395562298778 -5.066894708846493067 0.000000000000000000 0.410561918277357385 0.000000000000000000
-1.945725810493919461 -3.900897586609615608 0.000000000000000000 0.055728123229850567 0.000000000000000000
-3.267948149091589816 -5.750061618111398154 0.000000000000000000 0.376820536928474337 0.000000000000000000
-0.666384062948498279 -4.900022032636112357 0.000000000000000000 0.335933500533301732 0.000000000000000000
-1.641034091564683051 -5.014909089430243938 0.000000000000000000 0.228549492710032720 158711.285393104364629835
-0.055993129962384459 -3.180404359821120686 0.000000000000000000 0.412340623574785070 177367.000000000000000000
-2.359060677805782991 -5.000669690546850177 0.000000000000000000 0.198573027127323054 175529.000000000000000000
-1.218869095584094397 -5.485946213095623136 0.000000000000000000 0.339287659612630965 0.000000000000000000
-4.000242826546427821 -2.489878157968572037 0.000000000000000000 0.398089022202026743 181792.000000000000000000
-3.275733834930474764 -5.274060149653968743 0.000000000000000000 0.305897099096086644 178407.000000000000000000
-1.880341743847952385 -6.493494200582296649 0.000000000000000000 0.468500211813337675 0.000000000000000000
-3.224373403829560392 -2.887318567687748416 0.000000000000000000 0.248039912927782574 174911.935185172187630087
4.736166385277868152 1.203153197441414024 0.000000000000000000 0.217369772685928220 0.000000000000000000
3.200150442773693982 -0.534820712136861331 0.000000000000000000 0.252769863473706891 0.000000000000000000
6.185968484413707280 1.794175213442382066 0.000000000000000000 0.436023034224519102 195460.000000000000000000
4.311349654434502909 -1.830126055567653065 0.000000000000000000 0.327208198391603422 0.000000000000000000
6.492697549603570373 0.243591362054774330 0.000000000000000000 0.355256292590290956 193720.000000000000000000
6.576254643597942540 1.542642323385995606 0.000000000000000000 0.458172895433338390 201471.000000000000000000
4.457055077375304819 1.929502560334272809 0.000000000000000000 0.342979699699365648 0.000000000000000000
4.965341131201110869 -1.192217019901568031 0.000000000000000000 0.226513310800050577 0.000000000000000000
6.481151953012502354 0.873005018127057442 0.000000000000000000 0.383241037824612440 0.000000000000000000
5.000419921477103458 1.803972364710803244 0.000000000000000000 0.331915076754866534 87324.634270889815525152
2.829748318149358788 -1.409676044038457920 0.000000000000000000 0.391117521204711160 44881.572449109364242759
6.004248974426086072 -0.236745431180031746 0.000000000000000000 0.268874546652277058 195660.000000000000000000
5.283304613329625532 -2.075223753093697443 0.000000000000000000 0.393161932695492433 0.000000000000000000
3.672571717230797006 2.005825068338237926 0.000000000000000000 0.386826009806428561 0.000000000000000000
3.428683761929106844 -1.042295824684498662 0.000000000000000000 0.267900944154943921 193226.000000000000000000
8.455268028979709527 7.315565702753821675 0.000000000765758895 0.419935579337612719 0.000000000000000000
8.783149092394813451 9.614444499526193511 0.000000000294600769 0.316623453675464961 214818.000000000000000000
9.637396934436740281 9.442531663117321727 0.000000000855605038 0.174859191692551902 222268.000000000000000000
10.697774901515026968 8.426811908228318160 0.000000000285822591 0.084979880960904045 0.000000000000000000
11.509570895890190556 6.592376792940230601 0.000000000417883443 0.430946823282730984 0.000000000000000000
10.799677277785521667 7.978563605735558006 0.000000000409004967 0.157710313373686434 219548.000000000000000000
8.210274419904532550 7.349993118245981449 0.000000000414429964 0.452348641826510911 100720.614750106862629764
9.759258353246133666 7.261471289885490954 0.000000000344115594 0.280715172152385561 178670.174827587266918272
11.543861654369599989 9.206404595818689529 0.000000000375278071 0.228990536758505836 0.000000000000000000
10.762405799758484548 11.102869240747578417 0.000000000499422595 0.419414863983247621 0.000000000000000000
12.374590989297113097 7.120341659573742099 0.000000000246847272 0.460772761250802909 222769.000000000000000000
9.761753544747220346 9.430010239061337174 0.000000000367543105 0.158031644220304496 221800.000000000000000000
9.469151587026866324 9.417018880451443863 0.000000000692911509 0.194749708436373237 14303.129334276618465083
9.622058033194036852 6.490201267072634117 0.000000000928750586 0.416494361486163200 0.000000000000000000
10.444278731970634055 7.223725638547050742 0.000000000900212917 0.267869524791384317 0.000000000000000000
1.429137151695646590 13.993964927397952280 0.000000000000000000 0.205795040053388084 0.000000000000000000
0.347605766592695209 14.600856532719419079 0.000000000000000000 0.425456656984416093 244102.000000000000000000
1.357389733253562936 11.113986873641470865 0.000000000000000000 0.422743792309048794 0.000000000000000000
1.257733286922207316 13.706003518030504651 0.000000000000000000 0.206558594717653116 236435.000000000000000000
1.090171606975354424 14.523578278921092988 0.000000000000000000 0.313851929639055116 0.000000000000000000
3.025769779109671376 15.057139892922009494 0.000000000000000000 0.340070539193468191 0.000000000000000000
4.400670300433529469 14.827425077225296235 0.000000000000000000 0.460115609714338070 238980.000000000000000000
2.102879618859129440 14.337478356144186975 0.000000000000000000 0.193366974409722336 0.000000000000000000
0.795152989828100898 12.513297769682901972 0.000000000000000000 0.306182305940232602 0.000000000000000000
1.959519267126081932 12.365783341190271116 0.000000000000000000 0.175455391436172864 0.000000000000000000
0.838627870409620613 12.688420770712442120 0.000000000000000000 0.286434406596682734 0.000000000000000000
4.713623851882143612 14.434003795644803958 0.000000000000000000 0.471338326521216433 242076.000000000000000000
3.541599106643288142 11.567150641333245886 0.000000000000000000 0.372656527451818875 0.000000000000000000
1.047760279380648418 12.673799546031494501 0.000000000000000000 0.253210094369573147 0.000000000000000000
2.897056416825268155 14.902236169629627938 0.000000000000000000 0.306285604559580149 241072.000000000000000000
-8.927257611050283259 11.142034045342592563 0.000000000610399610 0.404212259718559674 445866.000000000000000000
-8.105773549801822853 10.609583083552045935 0.000000000295546955 0.313585381176079425 11614.661123273155681090
-4.636540730996211224 10.684164262902932307 0.000000000405934737 0.416141129175374047 448206.000000000000000000
-7.476561017685391164 11.984908677582374992 0.000000000747936096 0.140750602444476652 3706.935479662555735558
-7.162624479081507012 10.161041951302907549 0.000000000278260096 0.286042518412915614 0.000000000000000000
-6.585388385569435954 12.723015148416740416 0.000000000880710470 0.179728026881176534 0.000000000000000000
-8.926994687512165072 10.225998064615184902 0.000000000619142147 0.471617046142394913 442853.000000000000000000
-6.874219355215453575 11.176520021250608394 0.000000000857979099 0.099219143185646896 447021.000000000000000000
-4.470729988928776599 12.134503235452632097 0.000000000213144493 0.409769004882577559 442206.000000000000000000
-6.858028527884749259 11.410864355260278202 0.000000000176393790 0.058894343702765195 444463.000000000000000000
-6.715590840959050567 14.112859589106163227 0.000000000828643338 0.423778583194190372 0.000000000000000000
-4.848596001668304289 12.565324999150668361 0.000000000466740754 0.367773790991390959 0.000000000000000000
-7.203631143435048401 9.263206607086651445 0.000000000204318515 0.442420285002097735 442740.000000000000000000
-4.880303334844997565 10.717571801024247335 0.000000000575189448 0.374780102400912307 444858.000000000000000000
-5.540746847802018316 9.854204965566406571 0.000000000205966817 0.392749591515956620 451762.000000000000000000
-12.383656616507506598 4.470716738332995099 0.000000000000000000 0.068972827417840596 0.000000000000000000
-11.820750619400072878 4.717946296455049371 0.000000000000000000 0.159211747556010974 281683.000000000000000000
-12.679808690179900310 2.612355690284543286 0.000000000000000000 0.359348763475195898 281302.000000000000000000
-12.738220205591103351 3.820766977129891107 0.000000000000000000 0.149229730303605646 284714.000000000000000000
-12.721184588985410713 2.320173529521009748 0.000000000000000000 0.410067897520111746 285130.000000000000000000
-10.523669648276658961 5.137225609844837670 0.000000000000000000 0.398371377371070534 276928.094795000157319009
-14.003490119152733229 6.079907030084970465 0.000000000000000000 0.334611272187693931 276965.000000000000000000
-14.498850155882331947 4.935678556088238800 0.000000000000000000 0.321418505446702696 137254.801519668195396662
-13.172372226497913061 6.814793231095372938 0.000000000000000000 0.380012861071039876 0.000000000000000000
-10.805176778406446303 5.457544112434108641 0.000000000000000000 0.366227645120158152 270997.327214862161781639
-11.762670370822153387 2.819032688830263478 0.000000000000000000 0.365549963498360664 181691.331358021590858698
-11.122978928508175045 5.263354022850011305 0.000000000000000000 0.301220771895129691 0.000000000000000000
-13.262317727455741334 7.342574223909315911 0.000000000000000000 0.472915010148597048 184403.617171715595759451
-10.728080408951644387 2.952095970939191183 0.000000000000000000 0.464707302576186754 0.000000000000000000
-12.051192130421522819 4.026335598376348024 0.000000000000000000 0.163764273167751329 283623.000000000000000000
-11.451329886699124216 -4.660736995546876926 0.000000000000000000 0.224933080221674353 0.000000000000000000
-10.221271932781752056 -3.964718592996639757 0.000000000000000000 0.461301447914042650 75333.035263049037894234
-10.770755981852481398 -3.094682659987848972 0.000000000000000000 0.442996868808632149 188230.644359550351509824
-15.190228562886000319 -5.552629232200503751 0.000000000000000000 0.466702340266436755 198638.000000000000000000
-13.201304204626305605 -7.001028155915119733 0.000000000000000000 0.412692461185348691 194267.000000000000000000
-11.453645457707798627 -4.249429567450197176 0.000000000000000000 0.236633895516994014 161428.565593615203397349
-12.373969694767712468 -1.975314185754498908 0.000000000000000000 0.474197057143893985 0.000000000000000000
-14.680620293282979461 -5.884269229396852374 0.000000000000000000 0.408150430777994400 199256.000000000000000000
-11.768961532075351784 -5.978299124694655298 0.000000000000000000 0.282094564579181528 195901.000000000000000000
-14.650407291122041542 -3.677048124666399520 0.000000000000000000 0.386442008866782427 47405.014959411782911047
-12.041011987412924000 -5.853733485083450816 0.000000000000000000 0.237090130776024643 0.000000000000000000
-13.956277987422302189 -5.238167491491343419 0.000000000000000000 0.241926036981967102 0.000000000000000000
-12.968903861926930787 -6.940216450949241001 0.000000000000000000 0.395671368164692339 197075.000000000000000000
-10.393175041780867929 -5.662808178467780174 0.000000000000000000 0.447782783167920917 200586.000000000000000000
-13.604336361677757949 -5.992366417254167743 0.000000000000000000 0.277913401659594883 198313.000000000000000000
-7.016686092276921194 -14.142748750422036608 0.000000000712875569 0.431904899366877093 0.000000000000000000
-7.534089977147893968 -12.714909316719113619 0.000000000837597838 0.226852060284877088 0.000000000000000000
-7.232818892838607461 -13.925193075987593261 0.000000000076282816 0.400403193331138774 0.000000000000000000
-7.121775579692768865 -13.700605952223043005 0.000000000054372414 0.357462593645431037 0.000000000000000000
-5.843541476903138410 -12.307811221952283276 0.000000000591533289 0.189718208766090357 0.000000000000000000
-6.049302287554170654 -13.100755350938976918 0.000000000593122097 0.273407114685346564 0.000000000000000000
-8.116289370916621948 -12.166034871768328429 0.000000000670707875 0.259020874725682748 0.000000000000000000
-5.906407753755920531 -13.687228924692714571 0.000000000740655465 0.378515633992384692 0.000000000000000000
-8.675885247728205130 -10.727557936290759599 0.000000000048437976 0.388095446996644167 0.000000000000000000
-8.146360463453971690 -10.252948737051458039 0.000000000147730065 0.361386651777326651 0.000000000000000000
-5.471150044261279710 -9.924668591094228276 0.000000000217657604 0.389350112606601628 0.000000000000000000
-7.343148435661497331 -12.085626838485669765 0.000000000769635513 0.126746349956424947 0.000000000000000000
-8.810259952602189415 -11.275652179700916378 0.000000000220825795 0.378505092080058669 0.000000000000000000
-5.150454381639175239 -13.826649370810430995 0.000000000574647455 0.468081583583516925 0.000000000000000000
-7.670871335491572296 -10.491629888233752865 0.000000000841405734 0.273956104750842866 0.000000000000000000
2.253990220258682786 -10.732621154317996570 0.000000000000000000 0.453252628143841874 0.000000000000000000
3.862020469389875643 -11.778825843072121771 0.000000000000000000 0.381020582721056766 430829.000000000000000000
0.793662973989715081 -13.597918532450165685 0.000000000000000000 0.280485317003353218 0.000000000000000000
1.266616545560185658 -15.701014359882787375 0.000000000000000000 0.471881419058512219 61563.793239130049187224
4.432037905992726401 -13.839381829790012191 0.000000000000000000 0.387016368234232133 428545.000000000000000000
0.279312270098235282 -11.650298324319395604 0.000000000000000000 0.466992672842332313 0.000000000000000000
0.213568594071568280 -13.883378408352971434 0.000000000000000000 0.393108898492710968 431397.000000000000000000
0.638353618153824298 -13.197757873082867519 0.000000000000000000 0.302591164511195110 429106.000000000000000000
1.483990926880985661 -10.810218785736399383 0.000000000000000000 0.464713395143689478 423165.000000000000000000
2.378266848197470473 -11.641997678676066386 0.000000000000000000 0.291204097323194522 0.000000000000000000
4.677913396239851807 -14.510167309908943878 0.000000000000000000 0.471768552157221577 426501.000000000000000000
1.972167020576736318 -14.058998106056513677 0.000000000000000000 0.153553385112167873 247735.213918889261549339
1.492036308226284635 -12.556822427729377623 0.000000000000000000 0.197434365744043411 0.000000000000000000
4.622545430375156528 -12.402550056843379522 0.000000000000000000 0.436431272350943089 0.000000000000000000
2.276722017438763235 -10.795518295328395908 0.000000000000000000 0.441944393677701719 430102.000000000000000000
9.385949955810641399 -7.994991697633173189 0.000000000000000000 0.215497994028032075 466094.000000000000000000
9.542976134044804937 -7.478515882692081007 0.000000000000000000 0.264356420293894112 466503.000000000000000000
12.351291537484531347 -10.493518679465427823 0.000000000000000000 0.470600452757902687 472487.000000000000000000
10.930221664177684815 -11.267184958371938563 0.000000000000000000 0.453625835458892845 468818.000000000000000000
12.922323632466907739 -8.340810058287603468 0.000000000000000000 0.465611078737295736 0.000000000000000000
8.117346601239820103 -9.600912250144634896 0.000000000000000000 0.423704183186775940 0.000000000000000000
10.707957258642755605 -10.972261699863844697 0.000000000000000000 0.395236485143638017 468091.000000000000000000
8.314819886030651475 -9.336221612585696050 0.000000000000000000 0.375589479752351463 211894.490582547412486747
11.210186777552305415 -6.824521300599450946 0.000000000000000000 0.370740086045143080 468891.000000000000000000
10.435974638539171622 -6.484581798819826659 0.000000000000000000 0.397168676001706356 0.000000000000000000
11.110930760761441149 -7.406620001936210507 0.000000000000000000 0.272096463007980627 467190.000000000000000000
10.360500716839275981 -9.354967756807562651 0.000000000000000000 0.106491975309144171 472829.000000000000000000
11.416355839058546451 -8.088076209339964961 0.000000000000000000 0.223854735571423824 0.000000000000000000
9.461754244814963855 -7.156117075838036357 0.000000000000000000 0.320404869677500703 472470.000000000000000000
10.396735355528029743 -6.183697464157637214 0.000000000000000000 0.449682900537790253 82273.407154629603610374
13.033226894144556596 -0.830227974532268043 0.000000000000000000 0.170121254788515086 0.000000000000000000
12.246641996303790023 -1.912829567891368043 0.000000000000000000 0.404585802251201165 0.000000000000000000
15.624666028574793586 0.525677290137467668 0.000000000000000000 0.382318772712234245 0.000000000000000000
15.403437633198155510 1.827577228754945882 0.000000000000000000 0.457910189596257122 152782.000000000000000000
11.552895799260168630 -1.755323270978682793 0.000000000000000000 0.467797771574576027 158986.000000000000000000
13.693075360414894703 -0.177967311816744217 0.000000000000000000 0.041046305347527928 0.000000000000000000
13.337530971530032531 -1.011608300959024875 0.000000000000000000 0.179104394063358402 157422.000000000000000000
13.330948650830601210 1.366888810584003577 0.000000000000000000 0.239930219646397186 156829.000000000000000000
12.156047650886991462 2.141867421276039796 0.000000000000000000 0.446629608926744859 155729.000000000000000000
14.350522149653386350 1.573782703607890410 0.000000000000000000 0.308134294279227006 157505.000000000000000000
14.866779970530329180 1.361784875834914699 0.000000000000000000 0.333495120841856951 0.000000000000000000
13.898470174048288328 1.001783763998221000 0.000000000000000000 0.184810563538117145 0.000000000000000000
10.983150558951546572 0.133509806918717083 0.000000000000000000 0.456515136689797818 153854.000000000000000000
12.047840814311655322 0.271505904240266716 0.000000000000000000 0.270326399495687431 77171.022094126587035134
15.807751651343828314 0.427394014286141988 0.000000000000000000 0.410707279949943382 0.000000000000000000
