-2.964410213193904742 4.616546191162835377 0.000000000000000000 0.180460627672418578 0.000000000000000000
-1.629843685982395263 5.123600935148084901 0.000000000000000000 0.246595766920440329 0.000000000000000000
-0.536683020922131826 5.336327060332965111 0.000000000000000000 0.400633773861565456 214013.000000000000000000
-2.438934149706027732 3.331286941779538324 0.000000000000000000 0.104610744900522731 0.000000000000000000
-1.083736565512082306 3.538944079026015821 0.000000000000000000 0.218475554403301409 216796.000000000000000000
-1.030346893402684039 3.105269452916898931 0.000000000000000000 0.259696256036509698 218596.000000000000000000
-2.671869798300304577 5.283619410918099391 0.000000000000000000 0.258835736443494835 0.000000000000000000
-2.879898131157145880 2.392841952679315209 0.000000000000000000 0.288700325267525926 0.000000000000000000
-4.500527267037003121 4.999611847001531828 0.000000000000000000 0.445691204006512132 214421.000000000000000000
-4.140150026117320969 4.913175106983006302 0.000000000000000000 0.381606121384294561 0.000000000000000000
-0.295243483974716114 3.733499451354122201 0.000000000000000000 0.350952077111616356 216209.000000000000000000
-3.515956626066646162 3.318535374808852190 0.000000000000000000 0.246174685455014391 0.000000000000000000
-0.807912804731281908 1.837208931412121382 0.000000000000000000 0.447836988807368108 52421.995376743936503772
0.266568559524200277 3.927873836659694362 0.000000000000000000 0.449998042304310897 0.000000000000000000
-0.396905816559533386 2.320265495555115631 0.000000000000000000 0.433890237969507431 219109.000000000000000000
-1.533168010746271515 -6.105192904306429469 0.000000000000000000 0.415150432362025590 0.000000000000000000
-4.839327397388574425 -3.850649492459775391 0.000000000000000000 0.460042790522255662 79171.825914227272733115
-3.775703896012810201 -2.056200432453339833 0.000000000000000000 0.423866860098765730 0.000000000000000000
-3.635316410655665020 -3.214012494427564093 0.000000000000000000 0.273352120622904315 172515.000000000000000000
-4.625642150459844615 -2.772779968472602441 0.000000000000000000 0.466380837946172855 0.000000000000000000
-2.045413198095553664 -2.033425126605624911 0.000000000000000000 0.332847718762657674 0.000000000000000000
-2.692009848130780370 -5.430834232267366168 0.000000000000000000 0.285009655841906906 0.000000000000000000
-0.338708135904563667 -2.171872711052058147 0.000000000000000000 0.459057326792990439 0.000000000000000000
-0.704115016816611816 -2.805804826924394479 0.000000000000000000 0.337691290612230688 0.000000000000000000
-1.570809152442503853 -5.426338202890957696 0.000000000000000000 0.299797381143321384 94968.179961948058917187
-2.105443643027695266 -4.767246759656150523 0.000000000000000000 0.158559357631423037 0.000000000000000000
-1.082139217003873499 -2.092308971421494856 0.000000000000000000 0.382759484892497337 174647.000000000000000000
-2.734850562719320699 -5.539027867878934863 0.000000000000000000 0.305624003957143398 0.000000000000000000
-0.815631712879051451 -3.416190955176732658 0.000000000000000000 0.270615953385154540 128297.989392002011300065
-0.828587125487148857 -1.653115564533204962 0.000000000000000000 0.472994693098355179 0.000000000000000000
6.842038706506243351 -0.800331412162307854 0.000000000000000000 0.438471268666837943 0.000000000000000000
5.202896476994928854 -2.495199489822830241 0.000000000000000000 0.459767862980504816 0.000000000000000000
6.393548555783326037 0.841353992297449227 0.000000000000000000 0.366699473198492776 193629.000000000000000000
2.985826078284710583 1.573821880345557256 0.000000000000000000 0.390542106697596869 0.000000000000000000
3.493153223506488381 -2.428047236996875302 0.000000000000000000 0.468434103597415386 198141.000000000000000000
4.895461491885457761 -1.068698329806636815 0.000000000000000000 0.201628560437715765 0.000000000000000000
2.918602229422071037 0.412189992209977818 0.000000000000000000 0.293669582540471374 200811.000000000000000000
4.217129311401525804 2.140323278175276123 0.000000000000000000 0.384008620011514756 194309.000000000000000000
4.285799802527589186 0.466032348772861538 0.000000000000000000 0.092280645671800582 199239.000000000000000000
4.518910463213616779 1.239173089975090569 0.000000000000000000 0.220172702675566406 0.000000000000000000
4.616064242719659205 2.390137515792415179 0.000000000000000000 0.425000914626099457 199476.000000000000000000
3.771388589099830657 0.888873504288515970 0.000000000000000000 0.206139232583310156 0.000000000000000000
3.924387606718131583 -2.189893364518440855 0.000000000000000000 0.403164034304673125 196079.000000000000000000
3.524971253720812214 1.318071060691341723 0.000000000000000000 0.293248637606516205 0.000000000000000000
6.185230043755137075 -0.724952965132765970 0.000000000000000000 0.324416686080354510 103994.109316668589599431
12.616025766762941629 8.549603275140869485 0.000000000230190937 0.407047396363088954 221822.000000000000000000
12.423696855484068990 8.366759520543116224 0.000000000076742163 0.377220438035713757 0.000000000000000000
12.392229778109891569 9.652545143239725789 0.000000000478602421 0.398377221200142129 52947.813329490825708490
10.415133101428368789 9.802998572410805522 0.000000000039393076 0.185452171864167625 220141.000000000000000000
7.953820432250092054 8.281036435591591527 0.000000000528391886 0.433253702146083608 0.000000000000000000
9.160445962846528900 9.166622364790846689 0.000000000121996668 0.222838210994621339 0.000000000000000000
8.704151561556713546 9.932836079656992112 0.000000000230142731 0.358394616601571070 207455.518688263109652326
10.532383483137442326 8.690320272171589977 0.000000000317953173 0.035648611664942084 158983.978788620675913990
11.322433724622367635 10.211533855102210566 0.000000000868953261 0.310278577914225251 159515.158606664335820824
8.571595554574818365 8.548901909542378164 0.000000000452397039 0.317239184309073941 217393.000000000000000000
12.077148001663541521 8.358506008605989024 0.000000000368175046 0.316930773860190973 0.000000000000000000
11.395614470913736582 9.964139023978523468 0.000000000543589631 0.284043996780244334 0.000000000000000000
11.581869915247830605 8.898757317554604640 0.000000000491922011 0.222820633764195836 0.000000000000000000
11.341430481103921935 6.433588773550863671 0.000000000541735784 0.442666948808939198 214604.269758711248869076
8.304160884776992546 7.572389567829931778 0.000000000369885513 0.417709206704399483 0.000000000000000000
1.239853541199657183 11.971973030998373844 0.000000000000000000 0.303426746405039305 0.000000000000000000
1.140196961477132787 13.208722509022575053 0.000000000000000000 0.213173724121843572 242617.000000000000000000
3.974236117878395369 12.678499310071863704 0.000000000000000000 0.311048857562728209 0.000000000000000000
3.442913266800830208 11.325558929398688690 0.000000000000000000 0.399546496872441148 0.000000000000000000
3.144125691542730028 15.745737122182521972 0.000000000000000000 0.462589388502035681 123610.389410335104912519
4.637602720957255897 11.974748497426874749 0.000000000000000000 0.471290815561796417 235652.000000000000000000
4.668105130444129003 12.948672922401666341 0.000000000000000000 0.419987509403849435 0.000000000000000000
1.977237890987473046 13.847311333766295860 0.000000000000000000 0.119910707962123178 0.000000000000000000
3.841301625318419788 14.903530737559183450 0.000000000000000000 0.394888322292522964 0.000000000000000000
3.430385610009699437 14.934304620866496904 0.000000000000000000 0.353840902346942654 242900.000000000000000000
3.742103580226843196 11.999824905162222777 0.000000000000000000 0.338506680143255356 158114.057233510102378204
4.406863681346910866 12.490327652138113024 0.000000000000000000 0.394966653581966420 240941.000000000000000000
2.987725602992342022 12.784338838199083455 0.000000000000000000 0.145757835576605987 238661.000000000000000000
3.377814336188259770 15.266312343973845955 0.000000000000000000 0.399992342794012579 0.000000000000000000
3.551303448076871483 11.665493040704591365 0.000000000000000000 0.359549089927856669 148404.429249621694907546
-4.948048701358237267 10.340387050141769620 0.000000000649404168 0.401044708163568075 448253.000000000000000000
-8.522568424553723432 10.015929988898351510 0.000000000872398864 0.438465859981535810 0.000000000000000000
-5.683894451909186962 11.937760262436611924 0.000000000146892949 0.190869136816503082 446835.000000000000000000
-5.482359402718676833 12.614385689608566210 0.000000000098439717 0.273561165365002357 0.000000000000000000
-5.735870471624352263 12.887990940445861909 0.000000000508961984 0.272890121567037847 213548.721207685157423839
-8.029286773178785808 9.406462997195751186 0.000000000091300997 0.469487411541087196 0.000000000000000000
-5.572399944151208651 9.421185782804316844 0.000000000832183522 0.456567719663697136 450805.000000000000000000
-5.812861201263285871 9.736388223462220992 0.000000000877775428 0.387523183815476124 443625.000000000000000000
-6.082437367362192759 14.062717628067277431 0.000000000901553832 0.431009315247181224 0.000000000000000000
-6.815671913295693329 10.599751688859900156 0.000000000083144864 0.198587370788933293 447094.000000000000000000
-5.428206473323029080 10.785870065335259937 0.000000000725159930 0.285232089908284858 450171.000000000000000000
-6.955809136068693554 14.342250817759929049 0.000000000468411877 0.465949436740438261 448970.000000000000000000
-7.980179976378871665 13.951270860421042030 0.000000000490752138 0.452966221367144761 0.000000000000000000
-8.156067325683324043 9.517080591771412301 0.000000000287999211 0.464471583421506296 447606.000000000000000000
-6.440497683068684864 13.644553203945607223 0.000000000770508164 0.344930449593229826 0.000000000000000000
-11.239207042756360622 2.570236869943405278 0.000000000000000000 0.451822190840994897 0.000000000000000000
-13.224757157889072801 2.833608243742894661 0.000000000000000000 0.333208284055298010 280544.000000000000000000
-14.124196610874928837 6.615674925391655137 0.000000000000000000 0.419583589735629314 269398.043664216937031597
-12.649091306270767276 3.324163558626814563 0.000000000000000000 0.235823994490881178 0.000000000000000000
-11.511659186788458342 4.342378856963480693 0.000000000000000000 0.222030772886210703 281047.000000000000000000
-12.531161429519428907 4.189910628830833872 0.000000000000000000 0.090987257759098286 276020.000000000000000000
-11.134433526304109208 6.620155277022467644 0.000000000000000000 0.440235038323253169 0.000000000000000000
-11.535140593085644767 5.380314126650350914 0.000000000000000000 0.242984673803345236 275927.000000000000000000
-14.481469909767955784 3.905621142629649434 0.000000000000000000 0.342487089741697726 0.000000000000000000
-12.830586008917920893 5.585601253190680460 0.000000000000000000 0.159059641734979801 0.000000000000000000
-12.922138394241212467 6.636893681386151655 0.000000000000000000 0.342393931634683957 0.000000000000000000
-12.186120340140487173 6.312258410357289407 0.000000000000000000 0.299459716770779649 278686.000000000000000000
-10.925435599752033156 5.089394160356007113 0.000000000000000000 0.326601282084083622 0.000000000000000000
-12.293335663620828413 6.768813048294514800 0.000000000000000000 0.371344949079141284 0.000000000000000000
-12.846078250030023682 6.137378979587099437 0.000000000000000000 0.254691885804812113 47632.911257779902371112
-13.249856951814571460 -6.620640688643927518 0.000000000000000000 0.350620473264348920 196118.000000000000000000
-13.433993100218312833 -2.507916699808349303 0.000000000000000000 0.398190970831163726 0.000000000000000000
-14.114966163723174475 -5.877420853234038844 0.000000000000000000 0.325033687588851983 198570.000000000000000000
-13.346617569119654689 -3.292867187266451001 0.000000000000000000 0.265833790588413610 192695.000000000000000000
-13.724130099442948705 -5.196398659890173022 0.000000000000000000 0.201380897586723090 199610.000000000000000000
-11.273869264773091814 -5.083623757590343573 0.000000000000000000 0.266081872496484295 200623.000000000000000000
-13.636956869135238080 -6.505369547065904534 0.000000000000000000 0.357259244374610596 197419.000000000000000000
-14.213631709546636017 -3.714837391722473292 0.000000000000000000 0.315367372821669212 0.000000000000000000
-10.350583470008876574 -4.437053631411158605 0.000000000000000000 0.423197067868663623 193540.000000000000000000
-10.919574536430905809 -3.619581464826922002 0.000000000000000000 0.369231932779024052 196152.000000000000000000
-12.785624006208397674 -5.313804327465321720 0.000000000000000000 0.111188645165070585 181785.191145297168986872
-13.362984112939225056 -3.286544309790197183 0.000000000000000000 0.268068560172137482 199703.000000000000000000
-12.606934522345577321 -6.999899294753101131 0.000000000000000000 0.404136104989650302 194099.000000000000000000
-11.075068401698480614 -4.154649880848227284 0.000000000000000000 0.305941425721074911 199511.000000000000000000
-13.317730297578059151 -4.388630963718148870 0.000000000000000000 0.118969242442162823 201398.000000000000000000
-5.095629295579675144 -9.988246639449560149 0.000000000517021646 0.423297313509296336 0.000000000000000000
-8.431546920949193336 -9.914561318602332918 0.000000000374141223 0.439633239864086423 0.000000000000000000
-7.439725375902252580 -12.196967307507469158 0.000000000241942647 0.151829171399575219 0.000000000000000000
-7.662665377263082611 -13.253150180882549591 0.000000000752684581 0.317985640164605565 0.000000000000000000
-4.461190803571224883 -11.682820289356392607 0.000000000575076240 0.404826994992959155 0.000000000000000000
-7.081050878635741341 -9.078970305895781578 0.000000000897740405 0.471138285963649206 0.000000000000000000
-7.399037257086892083 -11.431243203614169346 0.000000000397566181 0.129238009414275878 0.000000000000000000
-7.782544553359975303 -10.298074267799858461 0.000000000385843093 0.313227252357715646 0.000000000000000000
-5.286461032334416998 -12.030575238803304927 0.000000000782821018 0.263574079182611443 0.000000000000000000
-6.433418392415659604 -12.176723979013113208 0.000000000823553263 0.097048997390449004 0.000000000000000000
-5.692049998427571644 -10.701604754832040101 0.000000000904600774 0.258559942460481085 0.000000000000000000
-6.044700826029046681 -10.361128389025434871 0.000000000339222190 0.269883838530839471 0.000000000000000000
-5.930854067971256249 -13.315724695890123641 0.000000000216011409 0.316930436074344291 0.000000000000000000
-5.487309701328464406 -11.049477230857664978 0.000000000469163041 0.251610702933115660 0.000000000000000000
-7.174955198342775731 -11.980943515467862071 0.000000000043664171 0.091520302977995710 0.000000000000000000
3.140198684271526819 -11.411422893424393976 0.000000000000000000 0.361778148090381391 355537.760128550347872078
4.828769866368147312 -14.036967670424104426 0.000000000000000000 0.464647353274003305 429576.000000000000000000
1.814007203460499706 -13.321701969774499830 0.000000000000000000 0.093085834287960606 0.000000000000000000
2.407751293767936840 -15.876139997591153019 0.000000000000000000 0.463036054542915632 430303.000000000000000000
4.695769660500413778 -13.015348196672928083 0.000000000000000000 0.423404173210126578 17953.978128585004014894
2.543216907703456542 -14.188488923481113346 0.000000000000000000 0.166569578491481074 0.000000000000000000
-0.001921541114128412 -14.527515332791871572 0.000000000000000000 0.472233881920494536 289952.153298104763962328
3.118795797304767081 -11.478645054092385891 0.000000000000000000 0.349287157165542594 86577.650572389975422993
0.126448323863116857 -14.295275307612971716 0.000000000000000000 0.433307567460912590 431392.000000000000000000
2.796103395112241152 -10.716128281927232990 0.000000000000000000 0.463236753464511875 14258.398563964521599701
4.290439296156993265 -12.210330357510413180 0.000000000000000000 0.396893076487154384 0.000000000000000000
0.622418453813126105 -12.723207588287838377 0.000000000000000000 0.320642319875054871 0.000000000000000000
0.097388424737915161 -12.323587998252195419 0.000000000000000000 0.433316581478720597 0.000000000000000000
4.344785218485021083 -11.983138834429931663 0.000000000000000000 0.425833598685921244 422203.000000000000000000
0.335166925405313565 -12.614526868977582907 0.000000000000000000 0.375314226525788885 0.000000000000000000
7.726792703844713728 -8.927891326590730259 0.000000000000000000 0.466922105350528749 0.000000000000000000
9.518268489891008599 -6.259297304511666660 0.000000000000000000 0.460834178965817853 470808.000000000000000000
8.678343057968399776 -7.397967840975976372 0.000000000000000000 0.379589836150722615 469428.000000000000000000
8.308973204544098934 -9.027813675537997185 0.000000000000000000 0.365433760970929389 0.000000000000000000
11.180131457791850025 -6.748079508361225720 0.000000000000000000 0.380817599173434163 470435.000000000000000000
9.823156380816685740 -10.205330398002173453 0.000000000000000000 0.271869582728708092 383315.688546568213496357
10.919651622894924969 -7.577577047803536026 0.000000000000000000 0.229551512572772815 467333.000000000000000000
10.290258532723957074 -9.393411603626752537 0.000000000000000000 0.113541533679606191 4597.353552340015994560
10.065901294096581964 -11.197312537438822488 0.000000000000000000 0.432423768837823186 464958.000000000000000000
9.454324167310071303 -8.627094268229278384 0.000000000000000000 0.159394449702221552 467101.000000000000000000
10.159049945818626526 -9.701321463427355241 0.000000000000000000 0.170319130516135425 464963.000000000000000000
11.344946077645046145 -8.792306298623687510 0.000000000000000000 0.179191186117285572 466757.000000000000000000
11.172123912960339354 -9.683929503850881915 0.000000000000000000 0.220974877556415455 471856.000000000000000000
11.032556667731057587 -11.290626965733411069 0.000000000000000000 0.462076762196829138 463208.000000000000000000
12.170319471169802839 -8.138919342789503020 0.000000000000000000 0.343072417289374598 0.000000000000000000
15.152623531163099457 1.563804990558492980 0.000000000000000000 0.394265669068569136 156106.000000000000000000
15.528451867649883056 -0.026072420791139229 0.000000000000000000 0.354290254270611615 0.000000000000000000
12.344633450659102891 1.654389739961518835 0.000000000000000000 0.357879180080798331 157333.000000000000000000
15.791037383664564331 1.457623896059130786 0.000000000000000000 0.473297736129172586 153341.000000000000000000
11.754999389826199518 1.635462672671311291 0.000000000000000000 0.426903042331665261 154433.000000000000000000
12.551417578098543970 1.421502679757870924 0.000000000000000000 0.303399794422279656 151057.000000000000000000
15.336420193861231454 -0.258118621738824661 0.000000000000000000 0.323120028271275450 156584.000000000000000000
14.213469358248165264 0.274244251430668884 0.000000000000000000 0.128915650227734158 154601.000000000000000000
13.548987320083412556 2.029444049277129292 0.000000000000000000 0.351691867923742019 151172.000000000000000000
11.265882244758568476 -0.093778651910178659 0.000000000000000000 0.405867467286153194 0.000000000000000000
12.270704549216134183 0.533968557896035367 0.000000000000000000 0.244718909510368648 157991.000000000000000000
11.629083612708642548 -1.660310039249475844 0.000000000000000000 0.446713068513599154 0.000000000000000000
14.309796848345266440 -0.488628616566685714 0.000000000000000000 0.161014042772616550 153571.000000000000000000
12.320853595737819575 0.609792180574923459 0.000000000000000000 0.241939281489748914 153423.000000000000000000
11.202834701378435511 0.928493366570324108 0.000000000000000000 0.447016221042049577 156832.000000000000000000
