-1.854184770180863362 4.237550039978947858 0.000000000000000000 0.094939612019450142 0.000000000000000000
-2.944216749370099251 4.575449625470842108 0.000000000000000000 0.172726335410137655 46218.920685813987802248
-2.827169794278098003 3.417095613971009360 0.000000000000000000 0.131827146239413051 215771.000000000000000000
-2.490104235600980154 5.337052282286708582 0.000000000000000000 0.260939759856875397 27773.073385198582400335
-1.093946083021737570 1.632241170834213051 0.000000000000000000 0.452578395944273404 0.000000000000000000
-2.379780228144310783 2.138873180933684726 0.000000000000000000 0.312618729671635454 0.000000000000000000
-2.257567090784643238 3.633242699544550369 0.000000000000000000 0.045759728554568911 0.000000000000000000
-0.734622001251106105 4.227593002547440193 0.000000000000000000 0.278114572028080653 216372.000000000000000000
-4.291876045549829044 4.524406914236798194 0.000000000000000000 0.379596502228926158 221807.000000000000000000
-3.374646875484744069 5.307243464213271089 0.000000000000000000 0.321272771613926700 218538.000000000000000000
-4.250406334029557698 5.620016987650361173 0.000000000000000000 0.469858642565163853 0.000000000000000000
-0.223991368633805865 3.709588040917398022 0.000000000000000000 0.363961939149543112 0.000000000000000000
-2.991864380077433161 1.833248885295618136 0.000000000000000000 0.388837115243925502 129122.144261567547800951
0.341612422682631922 4.214905136101388727 0.000000000000000000 0.466916410982377905 0.000000000000000000
-3.376094135716702915 5.760327812531341962 0.000000000000000000 0.387947466629324944 221609.000000000000000000
-3.330800898222781914 -4.978725947768999127 0.000000000000000000 0.272194473364379630 173422.000000000000000000
-1.566302773979704410 -4.992608438986220420 0.000000000000000000 0.231879480305566182 0.000000000000000000
-3.636276289669571060 -5.129305417081758911 0.000000000000000000 0.330087464581068080 0.000000000000000000
-1.652725592433221369 -5.949022900893591093 0.000000000000000000 0.382253089417962932 172761.000000000000000000
-3.003552191238606728 -5.204257933733511088 0.000000000000000000 0.269033695310977816 181517.000000000000000000
-2.368977698366226292 -3.738676827603696129 0.000000000000000000 0.033432178152868586 172957.000000000000000000
-1.159763840343996710 -5.363585173021421681 0.000000000000000000 0.327437530551450529 52607.324416949653823394
-2.250875696214663879 -5.248764867544092994 0.000000000000000000 0.241949738137343218 173600.000000000000000000
-2.821189998126494736 -4.489309706996277960 0.000000000000000000 0.146449840429450417 179158.000000000000000000
-1.798646281800487357 -2.557822770367841780 0.000000000000000000 0.251048385099776228 174495.000000000000000000
-4.566442706007791230 -4.928239976349931162 0.000000000000000000 0.450902869658034999 173279.000000000000000000
-1.751463469055384081 -2.439673998326655546 0.000000000000000000 0.273688187193327437 179827.000000000000000000
-1.989917161740550666 -4.090438514865924802 0.000000000000000000 0.059655620867535876 0.000000000000000000
-0.716123424454682245 -4.469441674041299883 0.000000000000000000 0.293572705361798303 3532.567733758085068985
-2.063526192701824247 -4.314525546100560938 0.000000000000000000 0.083161631617128584 0.000000000000000000
2.342341176155995797 0.017705413965826238 0.000000000000000000 0.387077145349589979 194456.000000000000000000
5.615801637748045749 -1.603661398000681748 0.000000000000000000 0.345825880121262141 197110.000000000000000000
2.008031069795475965 0.238400679505391705 0.000000000000000000 0.448642266083739971 0.000000000000000000
4.218514097610481350 -2.452476921486999917 0.000000000000000000 0.438975998357151787 0.000000000000000000
2.612583976759047744 0.673961886087520612 0.000000000000000000 0.359482052690925313 0.000000000000000000
4.280481858789619842 1.915527898080979563 0.000000000000000000 0.342924746394517865 196642.000000000000000000
4.624003727160856059 -0.812067533554336807 0.000000000000000000 0.145597899900662658 174751.295129054167773575
5.155659983126358092 -1.907598684507084918 0.000000000000000000 0.357536647217013781 0.000000000000000000
5.183784071404064164 -1.870601017796768462 0.000000000000000000 0.352974541432847677 0.000000000000000000
3.543407269647168789 0.221322261655202857 0.000000000000000000 0.177440296534622954 125603.521555929663009010
3.767247261314337070 1.220222640238835199 0.000000000000000000 0.254502127167406667 198337.000000000000000000
4.806031419693617579 -2.366161744883660933 0.000000000000000000 0.423503601244719696 33633.063470821965893265
3.981231205195289835 -1.872139019776182689 0.000000000000000000 0.346031522602454955 0.000000000000000000
4.355631900542001667 -2.070589521626676088 0.000000000000000000 0.369001665695660785 201620.000000000000000000
3.440524529662032371 0.384198408969025740 0.000000000000000000 0.203185103876361850 0.000000000000000000
9.903460241894695315 9.396386640852766092 0.000000000625369640 0.137899738811050776 217515.000000000000000000
12.637666269701425037 9.762602275200757518 0.000000000178014569 0.446123833036682849 0.000000000000000000
9.818282953507443622 9.772306554641408738 0.000000000593993994 0.202439298201317952 219989.000000000000000000
9.744919572666340457 6.163419427536261708 0.000000000099277612 0.465841750925361342 222335.000000000000000000
12.480712971262256872 7.970500465364719567 0.000000000355828225 0.404913762677230227 0.000000000000000000
11.299765395246790689 10.521371007925758079 0.000000000807723100 0.354422968860726939 214877.000000000000000000
10.659089922934384731 9.196112008227659729 0.000000000527745108 0.096909713607013892 0.000000000000000000
8.372212158209421773 8.488227970454728322 0.000000000007791575 0.353796427787930079 0.000000000000000000
11.921569041888529839 9.788254441353135604 0.000000000051646714 0.335418624357370521 0.000000000000000000
12.385147799017769188 8.051242269653984707 0.000000000196626880 0.384219473078840579 218390.000000000000000000
9.752089230573757206 7.319738229588826250 0.000000000297755826 0.271731341612442390 0.000000000000000000
12.028416508838212451 8.486991101387182823 0.000000000714509500 0.304285467921954211 214742.000000000000000000
8.141152452359992964 10.223680293515343465 0.000000000837512930 0.470151673435875939 0.000000000000000000
12.862633428470351404 9.299402938675289221 0.000000000085159815 0.459708495825639329 0.000000000000000000
12.036040200862620608 9.206548612860995462 0.000000000757958308 0.312657560332596118 218060.000000000000000000
0.258563019875945543 12.608984558298327983 0.000000000000000000 0.388597738843396157 243277.000000000000000000
3.399757004864187415 11.472029419445293641 0.000000000000000000 0.373144552741684121 235525.000000000000000000
2.217926399986542396 13.986987523094922992 0.000000000000000000 0.128181793931302801 240143.000000000000000000
2.178704934252885028 11.361370592599655538 0.000000000000000000 0.342215020086035215 0.000000000000000000
1.894180345003840138 13.832206762233496988 0.000000000000000000 0.126265812376666009 240997.000000000000000000
1.665583483375827623 13.047179049330775769 0.000000000000000000 0.126010667594318809 242781.000000000000000000
3.279540062519049393 14.896743732432861762 0.000000000000000000 0.333970155085365650 0.000000000000000000
0.968649191331780179 14.646727144069066284 0.000000000000000000 0.344679984300564068 8656.337185303693331662
0.546133022902087983 11.307979633278334219 0.000000000000000000 0.473881463204708420 0.000000000000000000
4.007852895272066895 12.517202355693916260 0.000000000000000000 0.327448092430951632 0.000000000000000000
3.798995664619333468 13.747856510675747543 0.000000000000000000 0.274172304900136610 237075.000000000000000000
3.947914405150820372 14.078275673341364538 0.000000000000000000 0.321004690655123992 235230.000000000000000000
0.595897559250197939 11.947223837000407798 0.000000000000000000 0.389984456814353342 0.000000000000000000
1.886055676476087628 10.997476948483463133 0.000000000000000000 0.413706810565676542 235080.000000000000000000
3.038603217786358002 13.189063115901548784 0.000000000000000000 0.126485672391167675 242103.000000000000000000
-4.912113800333084868 11.573403207005506843 0.000000000598255376 0.325443489747137660 0.000000000000000000
-7.873971250399825372 9.447087480075552435 0.000000000911751440 0.450148296658133995 447747.000000000000000000
-7.537923444553127794 10.931758126392011832 0.000000000643445551 0.199948916359459966 0.000000000000000000
-7.124262821587207917 13.856140586089486177 0.000000000655174813 0.384569583859338926 0.000000000000000000
-7.615377599424680177 11.946813971555593881 0.000000000054880354 0.162470329997838836 445211.000000000000000000
-6.517100870837680304 9.210170724127918263 0.000000000902344620 0.445728035969881919 0.000000000000000000
-6.920194050590930068 9.475770273917449416 0.000000000111416458 0.398307568056074590 449932.000000000000000000
-6.279679625569531964 12.174654874578326513 0.000000000178390578 0.114159614578081978 113291.242922788747819141
-5.554198132606773086 13.439216893271060727 0.000000000003245919 0.370198552912345713 450605.000000000000000000
-6.270900069034389901 13.547120288146928146 0.000000000689105206 0.334073114938684523 338878.889296712004579604
-7.422060537441189432 12.876619365526476457 0.000000000127728703 0.238872611980742583 208216.710009414586238563
-7.512465798509731840 12.401636790979109648 0.000000000044056410 0.184180785956116144 0.000000000000000000
-6.074367575665791108 11.781367892080524484 0.000000000590179701 0.117809800555869246 26699.861621996911708266
-8.135161473261984355 10.282835669708457971 0.000000000631907031 0.356219254123692097 0.000000000000000000
-8.754575621131881036 11.121211964810123973 0.000000000496462571 0.375533926379615968 346627.017951365211047232
-11.810931520690475693 7.014343537940881390 0.000000000000000000 0.437441577101077006 1497.975251855157239333
-11.885141058524345326 2.477657355408032558 0.000000000000000000 0.410724154003841713 276254.000000000000000000
-11.297405063184088547 5.959273711546868135 0.000000000000000000 0.336935768553445758 0.000000000000000000
-15.029909379102907252 5.239800574209845685 0.000000000000000000 0.424232074899629663 249108.589977670169901103
-14.387095499278121480 2.795003903471776852 0.000000000000000000 0.442222812641708263 276206.000000000000000000
-13.269828379775601590 5.966765172404221218 0.000000000000000000 0.244760642363965553 278467.000000000000000000
-13.710930796409652288 5.620293441026658954 0.000000000000000000 0.241540340234753542 0.000000000000000000
-14.341679583003411835 4.298936973612019763 0.000000000000000000 0.297667612396713466 0.000000000000000000
-11.523246967302092969 3.237328595283136323 0.000000000000000000 0.328739820851598918 0.000000000000000000
-14.102091357956195949 3.544264220962277001 0.000000000000000000 0.316208985286385746 0.000000000000000000
-12.387996776281633871 3.007877276672711986 0.000000000000000000 0.296413421470283267 282890.000000000000000000
-10.251364664656311021 4.542315279075334722 0.000000000000000000 0.439415845975729358 0.000000000000000000
-13.372982376716917585 5.853207246919716056 0.000000000000000000 0.235460024250484207 284805.000000000000000000
-10.717661797221250453 6.089482062649214100 0.000000000000000000 0.432570942899380362 0.000000000000000000
-14.261647435693577179 3.181811565960435573 0.000000000000000000 0.378814815526455406 275817.000000000000000000
-13.667260326849973495 -4.202515951313851694 0.000000000000000000 0.189096809038058672 0.000000000000000000
-14.039078833171831917 -5.323386749726079614 0.000000000000000000 0.261477301940309326 0.000000000000000000
-13.359604580899111070 -5.386493828974868947 0.000000000000000000 0.168503817085911028 194097.000000000000000000
-14.442541549593958194 -5.839438909297736124 0.000000000000000000 0.368083053130687232 200430.000000000000000000
-10.961757838583659819 -5.954548274835858024 0.000000000000000000 0.383386886132872973 118328.040338808641536161
-11.426064929057730524 -4.566988357977339597 0.000000000000000000 0.230238495887833267 193307.000000000000000000
-10.558260554613031701 -3.301056066658632382 0.000000000000000000 0.453139170320931317 0.000000000000000000
-11.327812972054562835 -5.252474065951146187 0.000000000000000000 0.266422449893251867 0.000000000000000000
-12.489662823402742475 -1.983627525731922248 0.000000000000000000 0.470467418794548065 0.000000000000000000
-13.497365449637500845 -3.585599136546839816 0.000000000000000000 0.235698470722562836 201526.000000000000000000
-11.376699231026449866 -4.875275321521580274 0.000000000000000000 0.240667448441782506 194369.000000000000000000
-11.624294212236463864 -5.780725439008409516 0.000000000000000000 0.273025185241766721 70737.717041779993451200
-11.268901775872089743 -5.483120252497809766 0.000000000000000000 0.293159009921727498 198901.000000000000000000
-12.874266828919408212 -5.522248506717118310 0.000000000000000000 0.149436535343751203 0.000000000000000000
-13.168722696940195149 -3.952138034251124754 0.000000000000000000 0.150087192625186799 0.000000000000000000
-4.242303227259900389 -11.306845045411666462 0.000000000221065845 0.449750229874454899 0.000000000000000000
-8.536879387937837294 -11.739153726473441353 0.000000000546594571 0.321635949984819092 0.000000000000000000
-7.975561208099893662 -13.312041820706916440 0.000000000925877555 0.358353971188136222 0.000000000000000000
-7.148820486188091294 -13.044940153034932706 0.000000000617791475 0.246116489090388080 0.000000000000000000
-7.649038211228561757 -10.646601868198345642 0.000000000405082889 0.250255578502146137 0.000000000000000000
-8.711691813744881330 -10.696629578148197481 0.000000000146542873 0.396255029477224907 0.000000000000000000
-6.556265344152825136 -14.314577356746822190 0.000000000034647601 0.460608709840574171 0.000000000000000000
-8.443800596844427631 -13.433508878348948912 0.000000000561990474 0.429892368744682951 0.000000000000000000
-6.763542738701209700 -11.016181312931298208 0.000000000385709854 0.124459915200417756 0.000000000000000000
-4.259044495369106897 -11.524923196117022428 0.000000000616803715 0.442133899444359324 0.000000000000000000
-7.317780344296172856 -13.303475144173672717 0.000000000853960484 0.299130204168187752 0.000000000000000000
-6.411731828031578040 -10.383527686730896988 0.000000000146050630 0.243206432037962744 0.000000000000000000
-8.587171449182610772 -10.758656756536451482 0.000000000553952616 0.371523747775236446 0.000000000000000000
-7.187191236095476832 -13.005847694483122723 0.000000000493724947 0.241729082078864482 0.000000000000000000
-6.158929173758113329 -10.107887501798048291 0.000000000555200841 0.303024148038148144 0.000000000000000000
0.566423568225103646 -15.019421762344926208 0.000000000000000000 0.442327046663508749 0.000000000000000000
4.518358570615464309 -14.474556446558100475 0.000000000000000000 0.443730386467381888 425603.000000000000000000
3.652310691035644208 -13.063709341465351343 0.000000000000000000 0.237935697924829326 430251.000000000000000000
0.708830354970292120 -14.882206703062822228 0.000000000000000000 0.407093703640375115 3633.880824623054195399
2.894255765914633738 -12.555790634662333360 0.000000000000000000 0.162584028089732047 0.000000000000000000
0.568188089419892628 -12.236719275034333876 0.000000000000000000 0.365245328051521101 0.000000000000000000
4.175656924543952542 -11.527119357480669848 0.000000000000000000 0.452304111285335875 290111.020752020238433033
0.895046163489629731 -11.615212320303028193 0.000000000000000000 0.391665689589960786 0.000000000000000000
0.030943805571449951 -13.855376187376938546 0.000000000000000000 0.423248244144687313 0.000000000000000000
2.756135762938797029 -11.452989555031662050 0.000000000000000000 0.333293332908320028 428112.000000000000000000
1.675133200642838549 -14.324631743749167256 0.000000000000000000 0.220549828115151669 422696.000000000000000000
4.070666102087466598 -12.254792444746266611 0.000000000000000000 0.358918078433849541 155742.452704851952148601
3.242323771523184295 -11.118794465034556040 0.000000000000000000 0.416809268785318154 428308.000000000000000000
0.688601393428863395 -14.788703837444270306 0.000000000000000000 0.398218370330404525 422832.000000000000000000
2.583860821688166443 -14.060987645622594400 0.000000000000000000 0.146560646073073314 0.000000000000000000
8.683583564405054744 -8.273082963618788810 0.000000000000000000 0.306914306779815904 465048.000000000000000000
12.854794024463728874 -8.129043887319472361 0.000000000000000000 0.460962302729911066 464380.000000000000000000
11.774943787643115556 -7.383122612201418633 0.000000000000000000 0.349805021004462258 0.000000000000000000
9.350143337123245857 -7.028861632047014751 0.000000000000000000 0.349720714166826263 0.000000000000000000
11.037845870457582365 -8.709740708892322658 0.000000000000000000 0.124464029537642754 468685.000000000000000000
10.363797703178320830 -11.315840241978513347 0.000000000000000000 0.450239310994060393 439295.102174706640653312
10.432192687257142438 -10.547211239191135235 0.000000000000000000 0.315861759188052926 472377.000000000000000000
10.743658640098141532 -9.964950054067511331 0.000000000000000000 0.225032681057650424 0.000000000000000000
8.599677404569115780 -9.473500925704389175 0.000000000000000000 0.335486486268141759 0.000000000000000000
10.933743559845167326 -9.415484193824081416 0.000000000000000000 0.157645189811197933 0.000000000000000000
11.887070962277658026 -9.681702724521777270 0.000000000000000000 0.320389233975033771 356283.284307551220990717
10.856673588854810930 -7.539643860222878580 0.000000000000000000 0.230827143776841437 463690.000000000000000000
9.271306999829629802 -6.767004757062633047 0.000000000000000000 0.396692658879450488 0.000000000000000000
10.664784475147614629 -6.459587362341167704 0.000000000000000000 0.405179221502902920 470510.000000000000000000
10.684898970252589834 -9.929580871073305559 0.000000000000000000 0.215980973845610214 0.000000000000000000
13.950974174925383053 -2.626795724799811271 0.000000000000000000 0.460629814317757957 151068.000000000000000000
14.463338978188758688 -1.689524622436665346 0.000000000000000000 0.335282928389443180 157730.000000000000000000
12.468399370362972078 -2.167623613310508457 0.000000000000000000 0.422222162063852713 48073.252097396354656667
14.511211050628256558 1.694231331418984521 0.000000000000000000 0.340222366569822465 13068.074805592501434148
11.740877322196793031 1.942267673935956340 0.000000000000000000 0.465887971088030317 0.000000000000000000
12.138285354868944665 0.087986184651897628 0.000000000000000000 0.250521590339975397 156237.000000000000000000
11.430256908000215432 0.611214769322615870 0.000000000000000000 0.390988467429495890 0.000000000000000000
14.589143811821953634 1.280347475816818292 0.000000000000000000 0.289681104340751561 0.000000000000000000
14.052545987107272651 -2.154550465451110952 0.000000000000000000 0.383947795448886575 22883.409121996861358639
12.526118082022048128 -2.175663394775561699 0.000000000000000000 0.418884706664588602 0.000000000000000000
13.414944106490755971 0.412253796994442701 0.000000000000000000 0.074919180223298520 153887.000000000000000000
11.982753566272604573 0.868037107769047855 0.000000000000000000 0.316115014229463642 0.000000000000000000
11.960871606671142686 0.486744494444750042 0.000000000000000000 0.294111403457550158 151959.000000000000000000
13.043381206597295829 -0.993603678488285791 0.000000000000000000 0.193864230643767788 154453.000000000000000000
14.848861903870554713 -1.824267690924804564 0.000000000000000000 0.392071347326567621 157654.000000000000000000
