-3.148984171786910924 5.430880538761709175 0.000000000000000000 0.316909057858153154 0.000000000000000000
-0.815356543699807368 5.382544091426697541 0.000000000000000000 0.369873077644697457 221365.000000000000000000
-1.568764188969244744 3.879354527572808742 0.000000000000000000 0.122895830942642365 222226.000000000000000000
-0.033604939634926181 4.511800017840739585 0.000000000000000000 0.411638750734570846 0.000000000000000000
-0.890675786306580952 3.663063758644264922 0.000000000000000000 0.247065959854090383 0.000000000000000000
-2.233762851688067208 5.022713345850103650 0.000000000000000000 0.201739337202886893 218661.000000000000000000
-2.148750181285029814 6.180304038852415971 0.000000000000000000 0.408300025231543684 120108.538807533012004569
-0.238217022053217792 3.913568368183397705 0.000000000000000000 0.360026163801596633 214512.000000000000000000
-2.743699811455669657 1.478511261552712286 0.000000000000000000 0.438013403183133643 221090.000000000000000000
-3.979248484599898550 5.013952868172247612 0.000000000000000000 0.366152701371339651 167340.165625512046972290
-0.973591446178024844 5.691080917974881359 0.000000000000000000 0.394127661708038035 62532.036639043639297597
-3.280942072009854549 4.673598076064588547 0.000000000000000000 0.229508078929552578 140545.389768317836569622
-1.338711280741067045 5.791191456274754401 0.000000000000000000 0.376190918125150986 0.000000000000000000
-2.435607221263962785 1.418944957162355802 0.000000000000000000 0.441173115833311091 0.000000000000000000
-2.432938557228062848 1.713653426942312707 0.000000000000000000 0.388819670621498026 0.000000000000000000
-3.967802011443661403 -4.402010960696240538 0.000000000000000000 0.318009348404795111 7463.348131385892884282
-0.746582760637034104 -3.495977579907255883 0.000000000000000000 0.278412539666415104 0.000000000000000000
-4.151334218743143900 -2.869624052345930654 0.000000000000000000 0.383153459663252649 173034.000000000000000000
-3.466090399951262224 -4.888752682048011167 0.000000000000000000 0.279168727632024272 177858.000000000000000000
-1.748609543597399174 -5.446640029434184349 0.000000000000000000 0.291724175750054215 173452.357069660967681557
-1.930076633631488958 -5.404440145360046799 0.000000000000000000 0.275963863043412638 0.000000000000000000
-1.010129429617159680 -1.991016702118800330 0.000000000000000000 0.404887029555793532 0.000000000000000000
-0.386025768319253115 -5.612347420264690356 0.000000000000000000 0.453272138550454673 175366.000000000000000000
-4.359448223048162596 -5.540868167980113057 0.000000000000000000 0.475880539790073553 179293.000000000000000000
-1.397930724540111802 -4.883200681218878181 0.000000000000000000 0.234090433452848468 0.000000000000000000
-1.915009187311312644 -4.103729054742884408 0.000000000000000000 0.072030603484809788 179837.000000000000000000
0.273931320481080431 -4.270604777499515059 0.000000000000000000 0.456320744144063706 172013.000000000000000000
0.022985274771673937 -3.125781297067638853 0.000000000000000000 0.428748157524465989 179467.000000000000000000
-3.150234613335948897 -2.574768596448401947 0.000000000000000000 0.283041603575846512 0.000000000000000000
-1.042703422661250823 -3.462476157134362076 0.000000000000000000 0.229645220313955484 180895.000000000000000000
3.661281411628773075 0.305027464049596631 0.000000000000000000 0.161396564591050673 96742.779103234803187661
4.975738142072819059 1.869279934240823726 0.000000000000000000 0.342045636302815703 119619.256922271451912820
6.237525477566340015 0.392556154004510882 0.000000000000000000 0.314943151330411231 0.000000000000000000
6.270877563012124511 -1.071260560482911739 0.000000000000000000 0.366262247042985822 201842.000000000000000000
5.802834367878031863 2.166968922464329594 0.000000000000000000 0.447966507475580589 192622.000000000000000000
2.640692960140878398 -1.120376626337217019 0.000000000000000000 0.388837138561420270 0.000000000000000000
5.965205691276729283 0.489803255917273084 0.000000000000000000 0.272831827067492816 194399.000000000000000000
4.051830493142468903 -2.008892458905096934 0.000000000000000000 0.366412296997008780 196600.000000000000000000
5.893409446649554795 -0.794334864014731079 0.000000000000000000 0.283376338405277151 202236.000000000000000000
3.046426193688372308 1.861935133432176537 0.000000000000000000 0.421958636861795577 194178.000000000000000000
6.258510206856946922 -0.030275615440181747 0.000000000000000000 0.310931192789551225 195883.000000000000000000
6.044820458007596820 -0.986805653988232723 0.000000000000000000 0.324170803574704292 0.000000000000000000
5.583487697593582766 -1.152922448042554393 0.000000000000000000 0.279669629755734506 202397.000000000000000000
3.135524719622869938 2.068274786698735213 0.000000000000000000 0.442290865184652326 199944.000000000000000000
6.256003546446330610 1.657107722146848650 0.000000000000000000 0.427559371463796523 197761.000000000000000000
11.278361191962178012 8.825496117661147721 0.000000000629005796 0.167704589894710820 0.000000000000000000
11.463978156671554842 9.177491706114494718 0.000000000244846578 0.213885674428322126 220196.000000000000000000
8.353394968667016585 7.123625668102437025 0.000000000108727701 0.455008848898630747 221215.000000000000000000
11.222381263370829529 8.958701009133651638 0.000000000388096016 0.161448898481031333 218453.000000000000000000
11.774605050152235464 8.877989540713571159 0.000000000603362709 0.256615789648486747 213954.000000000000000000
11.363813658438989052 8.941195199419411210 0.000000000168599356 0.185495680773503813 0.000000000000000000
11.863753805298772548 7.974631937882780797 0.000000000450735533 0.303321962714739102 215605.000000000000000000
8.864524128823029869 8.762417672032849936 0.000000000034102917 0.263108774545604662 218348.000000000000000000
9.980778267617445465 6.302419913396589912 0.000000000624399606 0.433806272601100440 220012.000000000000000000
11.194583241576459898 11.068524766034489204 0.000000000342767850 0.433885652200894922 0.000000000000000000
12.876217391218716557 8.418442909676128849 0.000000000689734001 0.455585206596742676 0.000000000000000000
8.381009877284638421 10.081695019790615220 0.000000000569181204 0.420696050003098954 0.000000000000000000
11.821935976230930621 10.612351018343975539 0.000000000553841123 0.419579119876544060 0.000000000000000000
8.200452734436733948 10.025984450567976936 0.000000000555828058 0.442742722795713362 215151.000000000000000000
9.352301853470532222 8.262340522158575951 0.000000000733702773 0.195718255116524353 222591.000000000000000000
1.892601708426415064 15.069556601175699839 0.000000000000000000 0.328866322918679954 238939.000000000000000000
4.213749851256746837 12.991419807409370080 0.000000000000000000 0.338774875822989818 0.000000000000000000
4.167938336627618590 13.754751120759742378 0.000000000000000000 0.337673514314882628 236977.000000000000000000
4.353439904653952475 14.422949581709817224 0.000000000000000000 0.413600447973903329 0.000000000000000000
2.414595998194800863 15.159866519973144605 0.000000000000000000 0.335633225889875597 0.000000000000000000
-0.322263394399819936 13.370660391944017675 0.000000000000000000 0.473731595095861768 238079.000000000000000000
0.204140953765270139 12.604501418808077062 0.000000000000000000 0.398080362276878263 240058.000000000000000000
3.307243594088574046 13.206981097267462388 0.000000000000000000 0.173841794983100262 0.000000000000000000
4.534771210006545594 14.739544058894844980 0.000000000000000000 0.470622152851265851 0.000000000000000000
2.135900860020627512 10.830654273922791120 0.000000000000000000 0.437023505452181438 0.000000000000000000
2.783564866843897700 15.837839775719523061 0.000000000000000000 0.462940920694695279 0.000000000000000000
2.537110620904767799 15.089429254225885657 0.000000000000000000 0.324789026431751504 238776.000000000000000000
-0.130584894442892202 12.286259093342762228 0.000000000000000000 0.473395648187634133 238877.000000000000000000
4.914415036080743704 13.323461745389092670 0.000000000000000000 0.459878549623439492 6421.413223690504310071
0.800600587175610889 12.821504834121455474 0.000000000000000000 0.285125558054665051 127617.473570088302949443
-6.885606461487614460 12.819915373123958346 0.000000000476988462 0.196805432466453906 443808.000000000000000000
-8.705769973129404704 11.965177413170060561 0.000000000508052361 0.354398576950197663 0.000000000000000000
-7.587302076698412279 11.413484221281596120 0.000000000297478461 0.161649544123910860 451366.000000000000000000
-5.041138784982388543 13.297612669138509034 0.000000000420068056 0.411344008965250862 0.000000000000000000
-4.839108320881322811 10.075927822951658896 0.000000000692585106 0.445737116049990556 0.000000000000000000
-7.220726715672564744 10.711524319082627699 0.000000000775212434 0.198295949742352290 0.000000000000000000
-7.411354620233391977 11.551071799377147897 0.000000000351434852 0.124592562670531870 0.000000000000000000
-6.117379923465835923 11.366064619624019372 0.000000000642786832 0.126157237643834852 449715.000000000000000000
-8.792478409899988634 12.811011263825232476 0.000000000238862673 0.414746017346264151 0.000000000000000000
-5.594461273148918501 10.595603217654518957 0.000000000110267726 0.284136365735495777 0.000000000000000000
-7.010406456077462600 11.728790893874736057 0.000000000078484423 0.049584577564162041 448720.000000000000000000
-5.993338540730545283 13.898013419261367574 0.000000000722439902 0.407871648012500143 446499.000000000000000000
-6.195052213946056874 13.318986604384724259 0.000000000443564927 0.299159228513654507 0.000000000000000000
-8.169224052776256073 9.998136028933535258 0.000000000425015733 0.397514063216451274 444944.000000000000000000
-6.033415458434358669 11.154128428130428929 0.000000000022162637 0.159747007715691447 447045.000000000000000000
-11.973796269124054703 3.063013080140146727 0.000000000000000000 0.310655659705243725 176158.885652701050275937
-10.231519371317533640 4.144306933736823240 0.000000000000000000 0.452043127570919356 284712.000000000000000000
-13.390302804583365415 2.717294808363235781 0.000000000000000000 0.361329704680358799 276083.000000000000000000
-11.481837425715188061 4.596563221648250597 0.000000000000000000 0.219939288041962000 0.000000000000000000
-11.652306109579560811 3.072061486211252745 0.000000000000000000 0.337788929170333818 281437.408630956022534519
-12.523406498733740122 7.151240897226367466 0.000000000000000000 0.431404263434527369 276135.000000000000000000
-11.064506263286792986 4.822374114175356219 0.000000000000000000 0.294924544078365325 285005.000000000000000000
-14.759980470594294744 6.035961711964414889 0.000000000000000000 0.433987221867666695 0.000000000000000000
-11.124225631887297183 5.605999083295370333 0.000000000000000000 0.326136038483105573 0.000000000000000000
-13.226514408193272843 3.194405978129222223 0.000000000000000000 0.273577676260839453 278551.000000000000000000
-12.749372140803435727 5.953882032362471932 0.000000000000000000 0.221825960303286523 285673.000000000000000000
-13.109550243274572523 2.509716068120534604 0.000000000000000000 0.383392954097532712 279550.000000000000000000
-10.135062336335881383 4.815538723360407225 0.000000000000000000 0.460117039908683134 280020.000000000000000000
-11.320832238776592504 2.679287060987919133 0.000000000000000000 0.427857777918349946 0.000000000000000000
-14.495567862526042902 4.944564613991821567 0.000000000000000000 0.321056470130129223 0.000000000000000000
-14.412062117592165933 -3.098435235488766093 0.000000000000000000 0.408260609163946575 0.000000000000000000
-12.104652500582062657 -2.077150139230154569 0.000000000000000000 0.465649917407932712 0.000000000000000000
-13.744608303113846404 -5.313861037191423442 0.000000000000000000 0.214384072754497751 194851.000000000000000000
-11.280723032103948000 -5.026995398952323058 0.000000000000000000 0.262445009259143547 0.000000000000000000
-13.168750185351894899 -2.913248521604226760 0.000000000000000000 0.317258678979060516 195128.000000000000000000
-10.747621845084600167 -3.416519646584159631 0.000000000000000000 0.413806569537120694 201353.000000000000000000
-13.641206252006160327 -4.726881814469841459 0.000000000000000000 0.165656271105940639 0.000000000000000000
-11.535984009127107086 -2.855660727861574433 0.000000000000000000 0.380708718057153339 193455.000000000000000000
-14.307065400365015506 -3.152952316053426518 0.000000000000000000 0.388125704965070095 0.000000000000000000
-14.276820505033409603 -4.339625962731096465 0.000000000000000000 0.284868662921137383 194243.000000000000000000
-15.216950845938647774 -4.670973647623352321 0.000000000000000000 0.446308159920130287 0.000000000000000000
-14.058955476199621160 -2.859453703703786598 0.000000000000000000 0.396303086216547085 104889.945579216611804441
-13.765603972729895332 -5.112875908922414503 0.000000000000000000 0.202183824573464677 202121.000000000000000000
-13.180643770172995488 -5.094635047637217973 0.000000000000000000 0.110316380785558568 198977.092253079259535298
-13.111063814571977559 -5.379577033813064624 0.000000000000000000 0.140945746231314645 197919.000000000000000000
-8.542673188891505731 -10.343510554051038142 0.000000000764243471 0.403850535075994999 0.000000000000000000
-5.823626380214379950 -12.413358760846978868 0.000000000738397956 0.203429967442945947 0.000000000000000000
-5.361228346842371373 -12.863862056019497615 0.000000000302058271 0.317676726709178181 0.000000000000000000
-8.058986121321012774 -10.250035347998631252 0.000000000057893433 0.351106047232188467 0.000000000000000000
-7.398995589691537589 -11.835175556368135119 0.000000000153323454 0.120587988979437497 0.000000000000000000
-6.898080833345594520 -12.326272893288839683 0.000000000728817840 0.111519148772157642 0.000000000000000000
-8.733061062796389606 -11.408501052647171292 0.000000000055838857 0.360758901348539718 0.000000000000000000
-4.405150104509059084 -10.982850727479856801 0.000000000807579269 0.434806245316593010 0.000000000000000000
-8.180181322165902102 -12.672967375519013089 0.000000000325869052 0.308265472544281549 0.000000000000000000
-5.066234262228253016 -12.259160440295699956 0.000000000075363713 0.312033713837837179 0.000000000000000000
-5.755008352506031599 -10.653501810982460185 0.000000000697378687 0.256823246136100858 0.000000000000000000
-4.323856709211024274 -11.909162389046045405 0.000000000197905915 0.430576380217048027 0.000000000000000000
-9.160818754235531713 -11.511564242499972011 0.000000000048143558 0.434345490916438093 0.000000000000000000
-5.907802693188690668 -9.428283048421123524 0.000000000630662154 0.431500214124749093 0.000000000000000000
-7.806713984905196746 -14.174589615038710733 0.000000000742284112 0.474515291060857547 0.000000000000000000
3.649176754624451124 -12.291827508654275647 0.000000000000000000 0.292640212112018516 427683.000000000000000000
3.057168269941048067 -11.880190827884506533 0.000000000000000000 0.280011523760564762 0.000000000000000000
2.631401491718477370 -11.547572276065880104 0.000000000000000000 0.312401193894326412 424473.000000000000000000
1.308669605494997779 -12.445660285074525930 0.000000000000000000 0.235227792117556678 427521.000000000000000000
3.279468149699767743 -13.990193463955868935 0.000000000000000000 0.210961989009145090 428263.000000000000000000
4.845458961863993608 -13.540524855404621363 0.000000000000000000 0.449969158452141971 421799.000000000000000000
3.690396914299150399 -14.047617905375917147 0.000000000000000000 0.277910019048283441 0.000000000000000000
3.792719180613730590 -11.227713236348606074 0.000000000000000000 0.447775964430147000 0.000000000000000000
1.055143386851624232 -14.382385868176589483 0.000000000000000000 0.301282824608165911 0.000000000000000000
1.493431872325105436 -12.558135459175657545 0.000000000000000000 0.197093320630068763 0.000000000000000000
3.817347937751684572 -15.057574679162833320 0.000000000000000000 0.412656270638813882 341711.899099913192912936
3.846350774529240013 -13.540991177485441455 0.000000000000000000 0.273550026911302202 423920.000000000000000000
0.837858284608515969 -12.024113667752507340 0.000000000000000000 0.347743312711031816 0.000000000000000000
3.888686801477847066 -13.982143710098783984 0.000000000000000000 0.304136224874830940 0.000000000000000000
4.329147071439249927 -13.591077157773602480 0.000000000000000000 0.359886495978894272 0.000000000000000000
12.006834572814010897 -9.109203884987037370 0.000000000000000000 0.303639065970407573 469908.000000000000000000
10.641298452866591262 -9.698747211348232256 0.000000000000000000 0.175045128957565688 465786.000000000000000000
8.146090894015264539 -8.510921970045005835 0.000000000000000000 0.393348055920815398 0.000000000000000000
10.472023693035056979 -6.332037507910626140 0.000000000000000000 0.424165859026131686 467202.000000000000000000
9.957017438948462029 -7.554825574204960148 0.000000000000000000 0.220227647349084565 0.000000000000000000
9.859560877358562792 -7.907727209211878439 0.000000000000000000 0.170568632667910891 0.000000000000000000
10.608009718959339196 -10.482688428026474270 0.000000000000000000 0.307755966127021330 465189.000000000000000000
10.641501759500330948 -10.337319234931666045 0.000000000000000000 0.283667139029840143 465373.000000000000000000
10.280109268522142685 -7.326373259241767855 0.000000000000000000 0.249534308236769808 470324.000000000000000000
8.830947408132029608 -10.699560712555770792 0.000000000000000000 0.435910496689599247 466648.000000000000000000
12.816490051807328143 -8.967926912032776698 0.000000000000000000 0.442962581707060710 462356.080406404391396791
11.164990735901175967 -10.423155372088642068 0.000000000000000000 0.328083598917270514 471507.000000000000000000
10.297873555900846299 -6.499229552297041579 0.000000000000000000 0.394397128099233552 0.000000000000000000
8.505991926515440227 -8.913274221501396255 0.000000000000000000 0.328283129257262052 0.000000000000000000
11.524498494824674921 -9.479684774346479159 0.000000000000000000 0.246838599586380686 471871.000000000000000000
14.820368136934769510 2.167118844712583758 0.000000000000000000 0.438465212336536347 156448.000000000000000000
13.972348089151752859 -1.048449842208447169 0.000000000000000000 0.197142242733291867 0.000000000000000000
12.796697478146016991 1.417531651039507956 0.000000000000000000 0.279533736179706227 154347.000000000000000000
12.080277727911303387 0.680027838799963869 0.000000000000000000 0.285961700077334291 0.000000000000000000
11.737925073610972149 0.834114906274992407 0.000000000000000000 0.352631123891418097 157432.000000000000000000
13.920193111061319513 -1.717641464114348260 0.000000000000000000 0.305008164157525574 0.000000000000000000
13.784225194800786340 -0.989592577761358227 0.000000000000000000 0.176807998067607219 57655.030922273595933802
12.295962770318730861 -0.444409667729197100 0.000000000000000000 0.234995804035985495 0.000000000000000000
13.543751110728075915 0.368864304300792700 0.000000000000000000 0.063928223631198502 35568.250049631882575341
14.902878461022858403 -1.268052519863791749 0.000000000000000000 0.327007381338822567 0.000000000000000000
14.602880452424066959 0.708710657743765071 0.000000000000000000 0.225482277933436226 155738.000000000000000000
11.376518244702939597 1.395115017217753328 0.000000000000000000 0.455848758511226249 152851.000000000000000000
13.604467806718941958 -2.005524937348089232 0.000000000000000000 0.347687738103815369 0.000000000000000000
14.809541760414713707 -1.278048646327121451 0.000000000000000000 0.316091364699120525 0.000000000000000000
13.415879875504094443 -0.666405469287857488 0.000000000000000000 0.117658510884503964 160965.000000000000000000
