-0.995861517409663999 5.737211685562347618 0.000000000000000000 0.398589806900989774 214565.000000000000000000
-1.095456578905236400 5.300504845669271603 0.000000000000000000 0.325673800746783371 221812.000000000000000000
-2.111282593692317189 1.836457262019496994 0.000000000000000000 0.366683060297012364 0.000000000000000000
-2.984834318714022494 5.171527702037931995 0.000000000000000000 0.262321242634213192 217831.000000000000000000
-3.502088072287674159 4.388541148533077418 0.000000000000000000 0.238779295563555621 221193.000000000000000000
-1.430502421172054062 6.284842860804289444 0.000000000000000000 0.451319362182075023 0.000000000000000000
-0.694664120362610826 4.051608073661486564 0.000000000000000000 0.280141863414138326 0.000000000000000000
-2.142175882293081646 6.305148840607689209 0.000000000000000000 0.430560423016090266 22707.424407089416490635
-2.881511968738222240 2.078736409672507168 0.000000000000000000 0.341106111519351773 208666.070769194600870833
-2.463216060203918367 3.359290130556519038 0.000000000000000000 0.101355707010294810 217451.000000000000000000
-2.665756401749165949 4.406461554173485951 0.000000000000000000 0.117163096628637595 219684.000000000000000000
-1.362156352423305794 6.046574895552126350 0.000000000000000000 0.415978840438410491 215239.000000000000000000
-1.684121236800362853 2.898452749454084820 0.000000000000000000 0.204141758199974821 213628.000000000000000000
-0.282562851045662700 2.465634719825923415 0.000000000000000000 0.434028115643104229 213449.000000000000000000
-4.035297896683543328 2.913695734278494598 0.000000000000000000 0.361246673071478619 170340.106923810526495799
-3.870577166090356513 -2.416141613883067585 0.000000000000000000 0.389077676145499596 0.000000000000000000
-2.799189036866421620 -2.845883591080198727 0.000000000000000000 0.209451915339016748 0.000000000000000000
-0.810518805577238544 -3.431622187270738422 0.000000000000000000 0.270639335495362399 178261.000000000000000000
-1.603917141671146851 -3.504139716174660801 0.000000000000000000 0.135380069651546975 173483.000000000000000000
-0.878799814676891389 -3.880426241203868365 0.000000000000000000 0.245852896275610383 173268.000000000000000000
-1.678861663697589046 -4.612045124032141175 0.000000000000000000 0.164908256793242836 178803.000000000000000000
-4.180457470733225378 -4.865463299950502751 0.000000000000000000 0.384022669364534164 63288.042606519695254974
-0.629626812374534106 -3.122606766078694474 0.000000000000000000 0.320851265481859771 135027.949518607347272336
0.015848595488616720 -5.163437054760910527 0.000000000000000000 0.464434543616926487 176353.000000000000000000
-0.250177212790077541 -4.232832726807465917 0.000000000000000000 0.363039867041001607 180531.000000000000000000
-1.890072791766179927 -5.693153976499140789 0.000000000000000000 0.327750310719703175 27438.754982042672054376
-4.076106063482448860 -5.619411441988166445 0.000000000000000000 0.446800951955819869 180971.000000000000000000
-3.744198675388904718 -3.147747229573236272 0.000000000000000000 0.295970406653568552 180798.000000000000000000
-2.472093065518605304 -3.911635934664941860 0.000000000000000000 0.038310216604282014 173943.000000000000000000
0.216227318656525086 -4.238329130139455891 0.000000000000000000 0.445318646486833947 173734.000000000000000000
4.094266500776341466 -0.584458986672978020 0.000000000000000000 0.128029724172189135 198284.000000000000000000
5.605412047906029649 -2.069489929456170607 0.000000000000000000 0.415679208076968731 22124.347494289326277794
5.870056343501307339 0.953862690742234731 0.000000000000000000 0.295058130927372098 0.000000000000000000
3.562764194864864731 -1.773343559609859676 0.000000000000000000 0.357967328565355569 0.000000000000000000
6.591567056341344433 1.337772581237316905 0.000000000000000000 0.439740501477684287 196984.000000000000000000
6.685835225365461376 -0.591071827784142134 0.000000000000000000 0.400980401768418426 0.000000000000000000
6.128270739560846003 -0.182600414559548563 0.000000000000000000 0.289493433957986657 202373.000000000000000000
6.383073035552921048 -1.862719931986624999 0.000000000000000000 0.469180201901636229 59218.984280367825704161
4.966783245273381553 1.402132175902266908 0.000000000000000000 0.261781441564818862 188435.393702344677876681
4.555179205944274834 1.642030122324763752 0.000000000000000000 0.291827892684788093 202405.000000000000000000
2.697143117832471848 0.950588189938807226 0.000000000000000000 0.365313963734737901 193423.000000000000000000
4.553115479123971632 0.732475096918788759 0.000000000000000000 0.130326958118100938 0.000000000000000000
3.397770316025372050 2.429636002828673647 0.000000000000000000 0.475571754913304778 198452.000000000000000000
5.663415396668777468 2.243411869072108100 0.000000000000000000 0.447811826956411752 0.000000000000000000
2.590811580674119430 1.677792102485389236 0.000000000000000000 0.454473208433512577 196564.000000000000000000
12.229238304806317572 7.182276295817898060 0.000000000197100625 0.433824191858775632 223170.000000000000000000
9.808186075056024578 8.164020230887743423 0.000000000221872220 0.139675496331858051 221777.000000000000000000
10.702346446730668816 6.904219392491143914 0.000000000028922948 0.329477304537444504 216053.000000000000000000
9.885062634760883427 9.622685076302584406 0.000000000518753859 0.173642799474912596 215163.000000000000000000
10.946947634984313780 9.862835143370654478 0.000000000217241417 0.223208673224157828 0.000000000000000000
8.590614383922943631 9.364491560709280904 0.000000000288750466 0.330205454834891443 0.000000000000000000
7.791287934905652968 9.265074307890648342 0.000000000444665523 0.463376729312060254 217263.000000000000000000
7.832065272591046678 8.093120965387104349 0.000000000820017062 0.461699542794038575 0.000000000000000000
10.986312051446285309 11.255473483856208716 0.000000000615536484 0.454021492669047566 217743.000000000000000000
8.780919502692507095 9.477728042834394628 0.000000000037644866 0.306155008426414355 0.000000000000000000
9.654895446571433837 8.036656882905798938 0.000000000236345262 0.174727791033881752 223095.000000000000000000
11.159381698214314582 9.250071923054548506 0.000000000640636357 0.170385193037695032 216900.000000000000000000
10.616659003822997320 10.280978510048202068 0.000000000699968926 0.273156201526205455 215146.000000000000000000
9.703663407175575628 9.578919541413258187 0.000000000557359343 0.184827344714125236 0.000000000000000000
11.108744115208059711 6.788765918105426955 0.000000000567125952 0.369413442220960397 222964.000000000000000000
2.125258360804206159 15.497815973495312036 0.000000000000000000 0.397288451606026938 0.000000000000000000
3.046860623295302162 12.090808232369960606 0.000000000000000000 0.246373378310573821 0.000000000000000000
2.587290118920864579 11.472888935019661005 0.000000000000000000 0.324332577146198453 241654.000000000000000000
-0.052039545731388866 12.467354186521243165 0.000000000000000000 0.449065605471918705 240174.000000000000000000
0.165206221561403993 12.418268823332226702 0.000000000000000000 0.415729062128693427 0.000000000000000000
1.035516945199579597 12.307703376434533382 0.000000000000000000 0.288759787806402435 0.000000000000000000
2.522303989530730206 15.638724355827033463 0.000000000000000000 0.421899059399785614 163113.279450070520397276
0.783834366947609551 11.644379532655602105 0.000000000000000000 0.401143960974941260 137651.156787692510988563
1.227107531044088873 13.042162287127933240 0.000000000000000000 0.201715050161138498 235595.000000000000000000
1.140632559878379082 15.296835789193275801 0.000000000000000000 0.418024682088874111 0.000000000000000000
4.516242232479072527 13.272436903534272190 0.000000000000000000 0.388855294225862902 116888.568038078636163846
1.836247684366736799 14.647617487557186067 0.000000000000000000 0.259803249042230011 190440.760159147845115513
3.249659483906310431 15.247370049576687734 0.000000000000000000 0.386859226857983074 239645.000000000000000000
1.652187949739500450 13.461369963551009121 0.000000000000000000 0.125951125819029230 0.000000000000000000
4.388685484497733214 12.246234736284147715 0.000000000000000000 0.409451152695305409 0.000000000000000000
-6.083655966506973378 13.069426391407770183 0.000000000929623509 0.265722638026165858 367653.232024594966787845
-5.716732275596725366 10.362930350638967170 0.000000000693797823 0.300771934416481035 367374.043657674745190889
-8.711980159068351881 12.106944943562263362 0.000000000240769879 0.359422797091293211 0.000000000000000000
-5.782773968174904411 14.109187860455220331 0.000000000361526155 0.456061170052752318 446785.000000000000000000
-6.605748299780523247 11.756250584282751603 0.000000000338935522 0.023535268784181884 450373.000000000000000000
-6.022775522318178254 12.571075301888908982 0.000000000521623630 0.196965641572075967 450403.000000000000000000
-5.461214559655449996 12.658950273032203881 0.000000000256300670 0.281246452325511598 0.000000000000000000
-5.392022287525045421 12.561172853489098955 0.000000000734458386 0.281722429799411145 0.000000000000000000
-5.511893918576424412 12.131573702773570389 0.000000000103235685 0.229511328484143434 449740.000000000000000000
-4.761793537012867894 12.974562395294279682 0.000000000802402232 0.415856121665774181 55355.587930122754187323
-7.013732250640683397 12.465944732266475370 0.000000000204126882 0.141428316447123059 451108.000000000000000000
-8.436928562909709939 11.305103900458910005 0.000000000342829059 0.312462527059705897 0.000000000000000000
-6.869048786799764272 11.924563919213364116 0.000000000664408196 0.043835430944482945 451683.000000000000000000
-4.968843083638445179 11.404191342816881516 0.000000000611954395 0.319218909306035636 442538.000000000000000000
-6.075619190084445620 10.671528014803639550 0.000000000547342852 0.219316621020241576 447715.000000000000000000
-12.224963542671989813 6.968653700995210976 0.000000000000000000 0.407937603583402253 283448.000000000000000000
-11.773684478667531650 6.022587896630970050 0.000000000000000000 0.287830234307779820 0.000000000000000000
-14.824071157362842754 5.686668413069938310 0.000000000000000000 0.414775907968084834 284250.000000000000000000
-12.986963421697995003 2.482123064324257555 0.000000000000000000 0.384819829657200685 0.000000000000000000
-10.712657393129632055 5.671031602975039831 0.000000000000000000 0.396397172875995907 285476.000000000000000000
-12.362174544768370410 5.416803148614234509 0.000000000000000000 0.142869120304129515 283908.000000000000000000
-12.047128699384881401 2.571662059003758660 0.000000000000000000 0.385545926071009237 0.000000000000000000
-11.978354718982579641 4.358372108297723813 0.000000000000000000 0.142349232991801383 278668.000000000000000000
-10.258028211646088579 4.643730637865017385 0.000000000000000000 0.437625548669300368 263472.915207112615462393
-11.921583625864704103 2.851843292029720978 0.000000000000000000 0.347999448407500300 283256.000000000000000000
-11.052494315351934162 6.499720316111385010 0.000000000000000000 0.434152969044479475 276678.000000000000000000
-13.370871706999322370 6.331842983708320993 0.000000000000000000 0.310106015193405748 285034.000000000000000000
-12.169786189657752828 5.005298127300063626 0.000000000000000000 0.112308031766893163 0.000000000000000000
-12.304199623267855657 2.213646973600891243 0.000000000000000000 0.435076199076491088 0.000000000000000000
-10.473604458431795550 3.759638795824164603 0.000000000000000000 0.430200474615277828 0.000000000000000000
-12.186625394504380537 -2.374153984824450170 0.000000000000000000 0.411923674209228763 0.000000000000000000
-11.685555218830108615 -2.915401253782358815 0.000000000000000000 0.357640989240012641 199962.000000000000000000
-13.537027825031803019 -6.061830529921551580 0.000000000000000000 0.281473571619618612 0.000000000000000000
-12.635635773035781781 -6.940906137049916325 0.000000000000000000 0.393655300862624902 0.000000000000000000
-10.255208366353507188 -5.631947555520895321 0.000000000000000000 0.468652866525109402 197070.000000000000000000
-14.172745195433964938 -4.959503253219437191 0.000000000000000000 0.264709619087756587 0.000000000000000000
-11.456862683772850886 -4.943771035631400856 0.000000000000000000 0.228644383398850570 0.000000000000000000
-11.997309649523511865 -4.096817440873919303 0.000000000000000000 0.162919696767796884 196164.000000000000000000
-14.333999991466239265 -4.014935417839435416 0.000000000000000000 0.310986026379171054 0.000000000000000000
-14.823498164064124794 -5.361473694738083218 0.000000000000000000 0.394316986905321187 0.000000000000000000
-12.431132292269435169 -4.489236931470822256 0.000000000000000000 0.060099533923248800 0.000000000000000000
-12.160388695943133541 -4.387262524931639263 0.000000000000000000 0.110811236525107493 195425.000000000000000000
-13.981652353505813480 -4.636893356773302166 0.000000000000000000 0.226245937498570610 0.000000000000000000
-13.045141932501959303 -3.277551832753971883 0.000000000000000000 0.250554429456690708 0.000000000000000000
-14.166357891368525301 -3.574417498512690194 0.000000000000000000 0.322106438239994353 0.000000000000000000
-7.837487215957347431 -11.380442216345576512 0.000000000143152718 0.205841834741476021 0.000000000000000000
-5.260895012648444613 -9.733499127350780711 0.000000000354035513 0.438827056949538497 0.000000000000000000
-8.167585158582591376 -11.970064253267711507 0.000000000131895589 0.259630025567952061 0.000000000000000000
-9.002932577519626278 -11.066955499337062463 0.000000000465159518 0.420703305456417709 0.000000000000000000
-5.255254327293229721 -12.507864655376813801 0.000000000259825426 0.298127204334835083 0.000000000000000000
-8.009091859309885209 -10.449554588891505347 0.000000000809436730 0.319522712995161218 0.000000000000000000
-7.464143228186759238 -12.028520060780788725 0.000000000704861970 0.141472934906076014 0.000000000000000000
-8.330606817206987813 -13.043079822012924041 0.000000000835890479 0.368642586272875050 0.000000000000000000
-6.049110778149946910 -13.655894065686991823 0.000000000449581958 0.364090722315402793 0.000000000000000000
-7.224319308138494655 -9.921841849202335695 0.000000000626768786 0.329737219476284371 0.000000000000000000
-5.790151919057896279 -13.589867060825692846 0.000000000216147592 0.371614451962495984 0.000000000000000000
-7.231812677353870455 -11.658433055227412467 0.000000000737392629 0.089649908923773877 0.000000000000000000
-5.366119031904517556 -14.001051485160949994 0.000000000736579490 0.472123748232916751 0.000000000000000000
-8.409706445791670149 -12.041622806663344392 0.000000000925390055 0.304347889347241440 0.000000000000000000
-8.115082233436883286 -10.544568867059741279 0.000000000339030327 0.322157861018123992 0.000000000000000000
1.092538121806247986 -12.446539675051299767 0.000000000000000000 0.266183883070127691 259874.425962394976522774
4.631854306987995606 -12.733158146907481267 0.000000000000000000 0.420714290951110348 430062.000000000000000000
2.400639730134656702 -11.866477842039483193 0.000000000000000000 0.251403520769380662 428174.000000000000000000
4.841328588813013312 -13.383270002403630627 0.000000000000000000 0.447182535764322542 0.000000000000000000
0.199121089771445436 -12.664348068388903812 0.000000000000000000 0.395863722564091025 0.000000000000000000
0.203282938202892643 -14.656373458718768177 0.000000000000000000 0.452383019598196989 145473.010872056445805356
4.253145637968382076 -13.379771407664593497 0.000000000000000000 0.342462408283459419 0.000000000000000000
0.654099451272941779 -12.831625759831071676 0.000000000000000000 0.309777838940116901 423872.000000000000000000
3.887239874093429304 -15.288605958507588412 0.000000000000000000 0.452501023311638828 428247.000000000000000000
1.792365360918376949 -12.222989920673262176 0.000000000000000000 0.211079320979183166 424142.000000000000000000
3.482520016901129001 -12.323115577413847888 0.000000000000000000 0.265865455054599298 0.000000000000000000
4.003664448019036648 -12.380432062187447073 0.000000000000000000 0.337561159035691560 0.000000000000000000
1.627816423152544045 -12.328501981325231895 0.000000000000000000 0.210670655633615866 428282.000000000000000000
1.113825458141612934 -14.942884745460338181 0.000000000000000000 0.367975687916658245 422403.000000000000000000
0.968939279415215959 -11.768626429819754264 0.000000000000000000 0.362476228358532382 427894.000000000000000000
9.645945403023093334 -8.468951978912524936 0.000000000000000000 0.133155985557237760 464126.000000000000000000
11.082555050423726684 -6.147846136503325454 0.000000000000000000 0.474157769710506494 464677.000000000000000000
8.170626720722683700 -7.710105204404456458 0.000000000000000000 0.427675292456816736 465689.000000000000000000
9.712608140314682004 -6.321488749490241865 0.000000000000000000 0.440330675335989852 144978.222029200114775449
11.781986553926758532 -7.695036958336796573 0.000000000000000000 0.316120298976154013 463863.000000000000000000
11.051348990391689497 -7.568503301957814955 0.000000000000000000 0.242335004322725284 465850.000000000000000000
9.352436464451102438 -9.564637664073678991 0.000000000000000000 0.227136697349759109 470392.000000000000000000
8.657315146892845092 -7.803895378520381954 0.000000000000000000 0.342862580164789210 0.000000000000000000
11.518134514636855670 -6.990784818463753325 0.000000000000000000 0.372311627735428974 468238.000000000000000000
10.981362376460294783 -7.765612251241419628 0.000000000000000000 0.206535006458705150 0.000000000000000000
10.408963816013679704 -10.225938447091881045 0.000000000000000000 0.259414405158945871 0.000000000000000000
11.207952256566303006 -9.839154724663240259 0.000000000000000000 0.245779504941071675 465537.000000000000000000
10.926717871962468465 -9.187507841588535840 0.000000000000000000 0.129783649453034888 463458.000000000000000000
12.938000586848858120 -8.509290098456681051 0.000000000000000000 0.464819879436352723 0.000000000000000000
11.266936730974045133 -8.277525614584344993 0.000000000000000000 0.184523385405169271 464641.000000000000000000
14.740929217729636491 2.160243398463076225 0.000000000000000000 0.430297982000916679 153370.000000000000000000
14.864449458913941982 0.419299106354330042 0.000000000000000000 0.246781048772868133 85496.807182287695468403
15.871267964668778205 -0.260473169287613215 0.000000000000000000 0.417783273987504644 0.000000000000000000
15.454645844139946576 1.861211852897735275 0.000000000000000000 0.468502387964636113 146628.985120212717447430
14.720790734026516944 1.517434131255659180 0.000000000000000000 0.336188890133193530 0.000000000000000000
14.069813195395187932 2.595784929608069724 0.000000000000000000 0.459093052018209991 0.000000000000000000
13.044781806969773186 -2.511969696537784014 0.000000000000000000 0.444632420836803821 159984.000000000000000000
15.701645069341013894 -1.019802239139993238 0.000000000000000000 0.423386382487995705 0.000000000000000000
10.933269241679251849 -0.212827772747578609 0.000000000000000000 0.466286793068109606 0.000000000000000000
13.715487947807782021 1.790619291872619367 0.000000000000000000 0.311752195882173178 156281.000000000000000000
15.087694205063151287 1.678024437955961234 0.000000000000000000 0.399994568682746465 151004.000000000000000000
13.079542893380082802 -1.753104446444569753 0.000000000000000000 0.315031859031532302 151115.000000000000000000
15.801937696020749158 0.777526812804335776 0.000000000000000000 0.424717837824817146 153444.000000000000000000
13.984761750424986815 1.374946456883685109 0.000000000000000000 0.250851350119517869 152572.000000000000000000
11.171869341338306114 0.836769734731347525 0.000000000000000000 0.446710005299346513 0.000000000000000000
