-2.105269223627901809 4.081690748600554919 0.000000000000000000 0.043662551791896778 0.000000000000000000
-2.066713962031729857 6.149026173065211154 0.000000000000000000 0.403720371489388885 0.000000000000000000
-3.356263757699412320 4.575872121199600961 0.000000000000000000 0.230645599730003759 216145.000000000000000000
-4.405682921643303551 3.443257127747880286 0.000000000000000000 0.390890363381978634 222890.000000000000000000
-3.529205851989687392 2.733803841302469895 0.000000000000000000 0.306065204234927057 219649.000000000000000000
-2.510101370205358062 2.747402029553571268 0.000000000000000000 0.208391433664436659 31143.025919658968632575
-1.326622814678967144 2.683591326740007776 0.000000000000000000 0.271596133963718567 221438.000000000000000000
-0.506413541166774839 3.015435396913819677 0.000000000000000000 0.348941843197133061 214148.000000000000000000
-2.414751473094575829 5.567169973109599823 0.000000000000000000 0.299928745521649498 0.000000000000000000
-1.573950801381290621 4.440947373324094727 0.000000000000000000 0.156518312548339200 217275.000000000000000000
-0.371658520661000358 3.027635038367268994 0.000000000000000000 0.369674548175617401 45731.325385074946098030
0.001974328401197374 5.193304598899005420 0.000000000000000000 0.464912684379476471 217046.000000000000000000
-2.420556901568997166 1.687895619057519170 0.000000000000000000 0.393224309318227272 220127.000000000000000000
0.101995968978428136 4.192995600151256497 0.000000000000000000 0.424069835643835158 0.000000000000000000
0.228249541972573522 4.461526466316595219 0.000000000000000000 0.454660390677658177 218565.000000000000000000
0.043879800031911449 -4.756144182750475125 0.000000000000000000 0.438316034170928848 0.000000000000000000
-4.414016249545563930 -4.328797243240546599 0.000000000000000000 0.392047263510441224 175571.000000000000000000
-3.069927367008641106 -6.422142133905873074 0.000000000000000000 0.473375483520674822 176606.000000000000000000
-1.430273097047503494 -1.989275024332943120 0.000000000000000000 0.369352970581591056 0.000000000000000000
-0.850697370155469201 -4.530141854104891230 0.000000000000000000 0.275546360988676797 172447.000000000000000000
-3.527082714828043031 -3.834582780642838529 0.000000000000000000 0.226362553909811748 0.000000000000000000
-2.228904897149427633 -3.498061592613860515 0.000000000000000000 0.070029958731897365 0.000000000000000000
-2.417166835192768648 -3.936180327677507140 0.000000000000000000 0.029490017983046929 0.000000000000000000
-0.465946025422342369 -5.531550390421894114 0.000000000000000000 0.433047233879926829 0.000000000000000000
-4.065111888600299039 -4.493855930988347680 0.000000000000000000 0.339471091337478936 0.000000000000000000
-3.233929493341263228 -4.216320633622142822 0.000000000000000000 0.183335506420670341 172890.000000000000000000
-3.321672328142158737 -6.176593466881322492 0.000000000000000000 0.448944252213233863 0.000000000000000000
-2.344880637390245326 -4.037860366977360727 0.000000000000000000 0.030499412384525262 177276.000000000000000000
-4.779664015793301246 -4.409844887644652545 0.000000000000000000 0.458763700653812667 180128.000000000000000000
-3.291026878077461415 -6.028645258935086737 0.000000000000000000 0.422820163233016855 88455.708647278181160800
3.108137070211051789 -2.084711229279590849 0.000000000000000000 0.447442573533078314 201106.000000000000000000
2.777797176268181012 -0.750582199302243236 0.000000000000000000 0.337029081815464260 0.000000000000000000
4.711424775739833315 -2.078160836785709176 0.000000000000000000 0.370842750787825581 197144.000000000000000000
2.726240038784514041 -0.243641462827689392 0.000000000000000000 0.321587001077423107 193445.000000000000000000
3.570484072441369339 -0.484447237359097560 0.000000000000000000 0.188965213288932815 197265.000000000000000000
3.860543836278748309 -1.376931331535608649 0.000000000000000000 0.271060381436584896 195850.000000000000000000
5.103195782904878186 1.738912374730143151 0.000000000000000000 0.326178810727352830 196079.000000000000000000
6.089992086577569630 -2.122101523569499548 0.000000000000000000 0.469749815900267098 201185.000000000000000000
5.476303443666119541 -1.658676961892269874 0.000000000000000000 0.340774037677655794 0.000000000000000000
2.585711536897441043 0.298582296806699232 0.000000000000000000 0.347775440849098949 199933.000000000000000000
6.598361018786392584 -0.226659832479592760 0.000000000000000000 0.373617479820250342 196204.000000000000000000
3.998870253025636146 1.192996056326451448 0.000000000000000000 0.231075254136998559 0.000000000000000000
3.106194801652404802 1.035617619568605319 0.000000000000000000 0.311263108075589212 0.000000000000000000
6.594200088652296898 1.399227953370902222 0.000000000000000000 0.446105202641539411 0.000000000000000000
4.157544872822996673 -0.258834157515782648 0.000000000000000000 0.078464249253127880 108299.321530279921717010
10.583253350102152623 6.595479165966102286 0.000000000801863807 0.379747651320685442 0.000000000000000000
8.459642348338668683 10.570446194888315716 0.000000000320325564 0.463747532429049758 0.000000000000000000
10.996601266695344989 6.162359765238448972 0.000000000510276728 0.467717859711176021 0.000000000000000000
12.110543383568954212 8.031428744140029607 0.000000000871141594 0.339440934787528847 0.000000000000000000
10.464929390844675439 6.759047982899104134 0.000000000918436242 0.349381032190995922 215657.000000000000000000
10.283353271155753816 7.060405623093886085 0.000000000180765612 0.296113214041524464 217507.000000000000000000
9.535123376590989963 9.448762694284917885 0.000000000030149200 0.189077669705357831 219659.000000000000000000
10.757814612923500164 9.137590142496643253 0.000000000062143605 0.100954364889696752 214916.000000000000000000
9.584833461771523844 8.806036704042856655 0.000000000329291900 0.135097564425152111 222112.000000000000000000
9.347636771214997253 9.554291005705771056 0.000000000852921525 0.226661842883319448 213960.000000000000000000
12.347508210089182867 10.475464151443640404 0.000000000190101377 0.468048273404613635 140141.853562845266424119
9.136769018240173068 6.980735156755740967 0.000000000248037297 0.377372717223047494 222961.000000000000000000
9.757258659781980370 10.942539546556719898 0.000000000717082654 0.398927990693831058 0.000000000000000000
10.944535039344893690 8.067031982870275897 0.000000000107697372 0.160682062531294467 30891.911914551896188641
9.651491955017350577 11.037640156030425587 0.000000000468344833 0.420240497634421284 0.000000000000000000
1.863574239717938230 13.811370035356535624 0.000000000000000000 0.126918404550798364 236249.000000000000000000
1.423922894364409331 11.343740617053873265 0.000000000000000000 0.380617860321629420 188649.401171405042987317
0.877819953728169344 13.562813821526431113 0.000000000000000000 0.264544926299081662 0.000000000000000000
1.484291863863463901 11.560532614556402464 0.000000000000000000 0.341167733430857933 57503.503256837357184850
-0.142553864917137285 13.147583774817141133 0.000000000000000000 0.442015250540392979 80972.550255679525434971
1.854439884756496015 15.730267039085530811 0.000000000000000000 0.445252471099705449 237150.000000000000000000
1.000340513221735561 15.387198517694365307 0.000000000000000000 0.444809311728673440 0.000000000000000000
1.950905798240962996 15.826782167828191916 0.000000000000000000 0.459245869331166567 240319.000000000000000000
2.800726740987886210 13.263917261046202611 0.000000000000000000 0.083154140804942336 0.000000000000000000
3.681246140508536602 11.412747956573014108 0.000000000000000000 0.409463760703397739 241307.000000000000000000
1.258189958070248249 12.748638098827532517 0.000000000000000000 0.213626674885822293 98012.574170493739075027
3.095433633467360668 13.802232909759458934 0.000000000000000000 0.164781740638649005 196225.298213918838882819
4.795705970129945150 13.510439725030519043 0.000000000000000000 0.440616684822542681 0.000000000000000000
1.354073422368542889 11.991213988474230590 0.000000000000000000 0.288022324209825986 28038.913392085618397687
2.071547143359222520 12.892348378022138178 0.000000000000000000 0.082946076230812057 239019.000000000000000000
-8.651590395378555343 12.663923211135724500 0.000000000790103596 0.380623104831337100 445225.000000000000000000
-7.007167707886147845 12.064662993121228141 0.000000000718569245 0.078408491864863247 448203.000000000000000000
-5.212751592979228299 13.309350904031523655 0.000000000795138349 0.390960321746622930 0.000000000000000000
-7.820406956089058781 12.532902368590317366 0.000000000851114642 0.241515077031137643 0.000000000000000000
-5.393083603812777405 10.427143627640020895 0.000000000853457209 0.330707228203786674 448715.000000000000000000
-7.669674465961569432 11.311742987166370611 0.000000000077169747 0.181892626059289853 0.000000000000000000
-7.906120944203764545 10.026840489265021361 0.000000000768013644 0.364964412729679277 138049.677614611544413492
-4.338882385429919886 12.241768542796267027 0.000000000758586738 0.436544701770558319 451023.000000000000000000
-7.800855834653193988 9.593147108640282639 0.000000000280542859 0.421260222969154552 447647.000000000000000000
-6.954929865887113927 10.416466780255843716 0.000000000597165946 0.233825018144710794 442702.000000000000000000
-6.485657301600694424 12.543971387471826162 0.000000000254523259 0.152600741107547400 0.000000000000000000
-6.535751294200538908 12.198888774743085861 0.000000000128122998 0.091966368159213954 0.000000000000000000
-6.641195546159286422 14.168098568364799306 0.000000000882782398 0.433880513021846104 0.000000000000000000
-8.998767162392002916 10.919149713831531656 0.000000000056976444 0.427872172924994021 451164.000000000000000000
-6.811919337190885493 14.054463175073715675 0.000000000739660456 0.413635830388482673 0.000000000000000000
-11.157076399300271063 4.722831852412694431 0.000000000000000000 0.277465232018800856 0.000000000000000000
-14.634466533513283082 5.151604448112421686 0.000000000000000000 0.352149806329375370 284459.000000000000000000
-13.325516834201097893 2.974069529654802757 0.000000000000000000 0.315513537209881734 278749.000000000000000000
-14.697282609272983578 4.085164434720139681 0.000000000000000000 0.368312675574121340 201218.222260048903990537
-15.030095937439764242 5.745420173103209294 0.000000000000000000 0.452372712866387916 22779.575991825899109244
-13.152230477352592430 2.326937338525463250 0.000000000000000000 0.415970188702726285 275809.000000000000000000
-12.440076480608118104 7.241753063714989835 0.000000000000000000 0.448536490724612880 280042.000000000000000000
-13.387415116794516123 6.885034111507614796 0.000000000000000000 0.401534276988977701 284117.000000000000000000
-15.088150384252809744 4.169366358982917298 0.000000000000000000 0.432421016610743170 0.000000000000000000
-10.970566179576985988 3.348798021652077850 0.000000000000000000 0.387659193786691836 280885.000000000000000000
-14.629670283221731353 4.983494741491084845 0.000000000000000000 0.345691976143230828 106547.387334784623817541
-12.634016824925481615 6.626295739028542187 0.000000000000000000 0.339003383492222754 282651.000000000000000000
-12.927174971412247473 3.320306260920977248 0.000000000000000000 0.239153703147100938 284157.000000000000000000
-11.261009532872941818 4.819557026672034006 0.000000000000000000 0.259997478900725332 0.000000000000000000
-10.638162204582746639 3.298691785139025168 0.000000000000000000 0.441342836023028373 0.000000000000000000
-12.572118043218825534 -3.956490222319948735 0.000000000000000000 0.128093429224694272 0.000000000000000000
-13.840871394823922813 -3.283354117114853921 0.000000000000000000 0.314650567610266774 200794.000000000000000000
-14.676783438124793690 -3.414557956592062293 0.000000000000000000 0.412836843400086362 0.000000000000000000
-11.758700715826286398 -3.756677625327235148 0.000000000000000000 0.233955145750598142 0.000000000000000000
-11.235726471194833920 -6.144428553810764804 0.000000000000000000 0.366964721936320404 0.000000000000000000
-12.429775601786918315 -2.183333161372599474 0.000000000000000000 0.437025688994781447 200828.000000000000000000
-13.772376876122869760 -2.177199632721301015 0.000000000000000000 0.473283881607534984 0.000000000000000000
-12.543603351410755664 -5.787614979547424099 0.000000000000000000 0.195252588672101379 196960.000000000000000000
-12.087149689400746411 -5.850227171208381094 0.000000000000000000 0.232491525945418720 99041.236624790282803588
-11.784479747079195988 -5.176232621833674052 0.000000000000000000 0.186850964809186365 198308.000000000000000000
-12.016815684327308844 -3.771303032384396126 0.000000000000000000 0.200903288823456677 193316.000000000000000000
-13.553383905819419653 -6.413068050599576964 0.000000000000000000 0.336275892072158633 192664.000000000000000000
-13.454849099119751799 -4.284512768035897423 0.000000000000000000 0.148882113779856606 0.000000000000000000
-12.422699104577404228 -5.325827682149447462 0.000000000000000000 0.123932459386935034 195578.000000000000000000
-13.078886975774473456 -3.345938133245812018 0.000000000000000000 0.240569586693569232 193613.000000000000000000
-8.751140421131097469 -10.363363040189074837 0.000000000637114775 0.432118208879342269 0.000000000000000000
-8.508529019419661665 -11.211104092774419883 0.000000000117034830 0.329012860687374786 0.000000000000000000
-7.547846133725494511 -13.711741643894962195 0.000000000839449930 0.381253211828930016 0.000000000000000000
-5.995289597427878370 -13.444917807198768500 0.000000000868337322 0.332799564642120127 0.000000000000000000
-7.210934270633778453 -14.036070343194069210 0.000000000738077213 0.418742063752332805 0.000000000000000000
-4.987114271730010095 -10.271930102980148192 0.000000000301274804 0.403151306736490522 0.000000000000000000
-6.449723906863707334 -9.266330306328361743 0.000000000165700160 0.437075421729407498 0.000000000000000000
-7.594278431264923412 -12.269120248544650664 0.000000000869594928 0.181866980110896553 0.000000000000000000
-5.867240090239784323 -10.205066178089047924 0.000000000787809718 0.309305554931543158 0.000000000000000000
-7.868055537808961830 -11.060976705292830502 0.000000000415377928 0.233429075824771320 0.000000000000000000
-8.488810067134989978 -11.491649344931150978 0.000000000156800507 0.315606214643086025 0.000000000000000000
-6.560901010881223350 -11.725791524609597616 0.000000000141312907 0.030593328349563510 0.000000000000000000
-8.176815634425995682 -9.810408101388910396 0.000000000104618714 0.424239952514102514 0.000000000000000000
-7.762377011509512315 -9.592516650683661439 0.000000000517712831 0.418320394982289956 0.000000000000000000
-7.731996444556089365 -9.688866499477192917 0.000000000422707281 0.400660161840765028 0.000000000000000000
1.297506556414647738 -15.562708857767839632 0.000000000000000000 0.447147381062876492 0.000000000000000000
2.078972211710882423 -14.835484680208464781 0.000000000000000000 0.281309588122306720 0.000000000000000000
0.016582333826475049 -13.865067681260821786 0.000000000000000000 0.426151930516478372 424713.000000000000000000
4.151779594991652722 -14.268296955530800574 0.000000000000000000 0.368835809666757997 424924.000000000000000000
1.272874642102437948 -12.133535882455836585 0.000000000000000000 0.277952235287159288 198685.170766233961330727
3.627435832568009388 -12.634408977341225366 0.000000000000000000 0.257257181228626175 427035.000000000000000000
1.952155292759133021 -12.675291707921706674 0.000000000000000000 0.126940863008305538 0.000000000000000000
1.209916869710317311 -11.062683776543146053 0.000000000000000000 0.442365111027832381 426951.000000000000000000
1.150687623474481169 -14.718722293640984944 0.000000000000000000 0.332391591558275579 424655.000000000000000000
0.189260802554343216 -13.765534692928158123 0.000000000000000000 0.392084818898409571 151705.192832218046532944
4.686198280153156759 -14.186361170743833071 0.000000000000000000 0.449278311835044575 430157.000000000000000000
1.705899573436396865 -14.992861850815536684 0.000000000000000000 0.325536130742968166 423153.000000000000000000
3.321027584795860577 -11.906069316684419590 0.000000000000000000 0.300748621576472142 0.000000000000000000
1.771474897024615913 -11.294571189635215447 0.000000000000000000 0.367003084769797150 260360.113170199358137324
0.491323524952758717 -12.931608688834945298 0.000000000000000000 0.334169676699161922 0.000000000000000000
11.767230958689555820 -8.462599278239355982 0.000000000000000000 0.259145753302760073 467353.000000000000000000
12.705725794913508508 -9.600768015737369154 0.000000000000000000 0.447082769125867474 470980.000000000000000000
9.871766250279623733 -9.434570478372451774 0.000000000000000000 0.146627159710068067 467349.000000000000000000
11.274277983409616510 -11.181846430736742448 0.000000000000000000 0.457435563055089200 0.000000000000000000
11.032553012290131633 -6.502211659222964180 0.000000000000000000 0.412212616511164198 0.000000000000000000
8.823778266289327377 -8.337922585814586895 0.000000000000000000 0.279798273615374071 0.000000000000000000
11.477401522353627428 -6.956318083354180892 0.000000000000000000 0.373337117517367756 468198.000000000000000000
9.762284467631825891 -10.935347220612856134 0.000000000000000000 0.397473677355508537 463137.000000000000000000
11.540350584489548424 -9.458933578432061395 0.000000000000000000 0.247410758101319989 463695.000000000000000000
10.354020646943014938 -6.415077722970507601 0.000000000000000000 0.409047963691871352 402700.836498272255994380
10.475818820389401154 -11.419636415575984856 0.000000000000000000 0.468950939908142572 0.000000000000000000
9.734986473893787462 -8.239569948921470655 0.000000000000000000 0.140056532645242288 466168.000000000000000000
11.462928671654708523 -7.934367822133666870 0.000000000000000000 0.245559091124883472 0.000000000000000000
11.614210819904064564 -10.417828781562326057 0.000000000000000000 0.370001439105210050 184052.198702166992006823
11.715829569532816734 -7.594971576793680512 0.000000000000000000 0.317451564902624161 0.000000000000000000
12.971551572084061732 -1.570091349334057584 0.000000000000000000 0.290717683856409059 0.000000000000000000
13.197969988006173381 -0.004712068695065208 0.000000000000000000 0.061169457054795699 0.000000000000000000
12.186147086973104336 -1.943259405045044241 0.000000000000000000 0.415149681631109324 0.000000000000000000
12.577210667609850958 -0.376443913234977390 0.000000000000000000 0.183832075223219621 160784.000000000000000000
12.884728921707040428 -1.978040079918510497 0.000000000000000000 0.362638579078276291 154008.000000000000000000
12.186074917590755007 1.806316454927676007 0.000000000000000000 0.396047712429337784 153712.000000000000000000
13.511231094277622589 1.432232462062688283 0.000000000000000000 0.248280874489655634 17712.181188816801295616
13.441826810862005814 -1.209193620344879427 0.000000000000000000 0.210346151704847967 159744.000000000000000000
13.827444962511048487 0.302418918471158815 0.000000000000000000 0.073140203623454192 0.000000000000000000
15.389419678708998518 -1.133887705237464738 0.000000000000000000 0.383213592111744050 153666.000000000000000000
11.282573568758410332 0.279700223726487285 0.000000000000000000 0.405497416131886057 0.000000000000000000
13.425493695730844834 2.255759667494888099 0.000000000000000000 0.391544950446176876 0.000000000000000000
13.509862697047845259 1.248932191971552141 0.000000000000000000 0.216529425280457460 155393.000000000000000000
14.487352473588336110 0.286939552682299703 0.000000000000000000 0.175832985067063741 152996.000000000000000000
12.263521226362213312 1.038484994734527156 0.000000000000000000 0.290545651338381394 160396.000000000000000000
