-3.423558377042456247 5.072920559876419766 0.000000000000000000 0.295732947429280246 0.000000000000000000
-1.899339721959832472 2.003394852998630515 0.000000000000000000 0.342075122212150140 0.000000000000000000
-0.562349762157590916 2.317239371594201902 0.000000000000000000 0.412153277127593587 0.000000000000000000
-2.988947426434732879 1.533949386968413320 0.000000000000000000 0.439220870463952029 0.000000000000000000
-1.314863139434160555 5.639337428795944795 0.000000000000000000 0.354042827956817352 0.000000000000000000
-4.171863182483257049 3.719943074591211651 0.000000000000000000 0.342395526603997857 0.000000000000000000
-0.775704346517083976 5.154206010608636035 0.000000000000000000 0.347157322624947362 34037.427297796370112337
-2.424810969150712037 6.222100452201346776 0.000000000000000000 0.416296204179521789 0.000000000000000000
-4.482504423500862423 3.134320597517759044 0.000000000000000000 0.418590419415872883 0.000000000000000000
-0.813588932675515575 2.807002120782065901 0.000000000000000000 0.321753915528612544 221505.000000000000000000
-2.161007473055322148 3.543510927992074233 0.000000000000000000 0.064126934204934427 217485.000000000000000000
-2.607232697985864878 5.306122192389111980 0.000000000000000000 0.259687384292385415 215286.000000000000000000
-3.789074495509045182 2.817115658608296158 0.000000000000000000 0.333028286144281094 221333.000000000000000000
-4.018207603700739483 5.768543661955462198 0.000000000000000000 0.458355692136084403 0.000000000000000000
-2.489709316226891733 4.830827095053438214 0.000000000000000000 0.172511380302360268 0.000000000000000000
-4.502074361900850974 -5.014991219583838422 0.000000000000000000 0.447155612804401636 0.000000000000000000
-1.902876668158328011 -4.584043537779224131 0.000000000000000000 0.138866548506426990 173460.000000000000000000
-3.370734748085534083 -4.021254829173985357 0.000000000000000000 0.199649678300352962 0.000000000000000000
-0.108306691431421589 -2.596224944485416408 0.000000000000000000 0.447151525695003327 174501.000000000000000000
-1.816979772308359609 -4.043766730957768729 0.000000000000000000 0.083263792585275054 178364.000000000000000000
-2.560188083760156275 -6.033294854785607342 0.000000000000000000 0.385378156928836091 0.000000000000000000
-1.897185328267634308 -2.683763689171499767 0.000000000000000000 0.224301775827817879 0.000000000000000000
-2.386833753800357893 -4.527939849510434378 0.000000000000000000 0.115863671749079106 0.000000000000000000
-2.071343782931188482 -6.086847240534849490 0.000000000000000000 0.392617995762363725 174752.000000000000000000
-0.404282687191503787 -4.207462356815377724 0.000000000000000000 0.335209557899661947 173691.000000000000000000
-4.206817344256307933 -4.698992337693515431 0.000000000000000000 0.375914782749681264 1171.640335222337398591
-2.476658230489791723 -1.924987571348420801 0.000000000000000000 0.352097042127039184 173870.000000000000000000
-2.477477401887117292 -5.648140372214137450 0.000000000000000000 0.315468183547822356 176593.000000000000000000
-1.772659710587894510 -5.428904729946904872 0.000000000000000000 0.287403035417568120 175989.000000000000000000
-2.779539573450898082 -4.196560973231592051 0.000000000000000000 0.107746137009637005 0.000000000000000000
4.941953712332636250 -1.966463729161469498 0.000000000000000000 0.357498174863595308 0.000000000000000000
6.331100458381721197 -1.178339958589755376 0.000000000000000000 0.385435484252720451 196412.000000000000000000
4.237883847795243852 2.413223067285440226 0.000000000000000000 0.431640434770606429 197404.000000000000000000
5.174130475367697102 0.481840421605541858 0.000000000000000000 0.145457183533726470 198195.000000000000000000
4.452419403457073876 -2.371569055856524333 0.000000000000000000 0.421505919114996852 199929.000000000000000000
4.730492093212662397 -0.409886923966621075 0.000000000000000000 0.082393793709771748 0.000000000000000000
3.114253790221180651 0.006133857762582977 0.000000000000000000 0.249508758501067740 88779.463401161061483435
3.600443120759117654 1.700059438527199651 0.000000000000000000 0.343308496833517440 0.000000000000000000
4.125191720073271284 1.150248095220899103 0.000000000000000000 0.215861788799081966 199928.000000000000000000
5.619379477399531808 -2.144277762289080069 0.000000000000000000 0.428590377396867062 194761.000000000000000000
4.821785535664711908 -2.452210224662695559 0.000000000000000000 0.439010510281932220 0.000000000000000000
2.795718859009492796 -1.644603839136888457 0.000000000000000000 0.423490680681942289 194028.000000000000000000
5.766630753005083321 0.809788264398532909 0.000000000000000000 0.265499340263653905 0.000000000000000000
3.356269951670605156 -2.279876797783945364 0.000000000000000000 0.454846519213885359 0.000000000000000000
4.238220238405816964 -1.538180870293461622 0.000000000000000000 0.277734923718404192 0.000000000000000000
10.289988895450479234 8.617062632100518371 0.000000000741164223 0.024668423516509132 220694.000000000000000000
12.049053391579569450 10.327232231965734144 0.000000000685623879 0.411053906672811942 216592.000000000000000000
11.539206359875915808 9.443894698987165270 0.000000000448135051 0.245920679266249304 221144.000000000000000000
8.184113680798834167 7.570233261176914752 0.000000000757541267 0.436621067094352444 31461.398550665886432398
8.470725306562062684 7.053600428676058520 0.000000000397418866 0.447009162364818746 214827.000000000000000000
10.395906307055065909 8.227761746053634084 0.000000000402296311 0.091746172392694905 0.000000000000000000
8.638312556120698815 6.897477209443315438 0.000000000183510695 0.444815752732885039 0.000000000000000000
9.406782499144041410 7.050088255037327833 0.000000000299162274 0.341454496154975695 0.000000000000000000
10.906976711632859534 7.016240871548284019 0.000000000789572379 0.319730912930815014 55750.589248107418825384
9.018185685288759856 9.008901824444032869 0.000000000828742937 0.240126204592139958 0.000000000000000000
8.686185505469392609 8.344736159031901579 0.000000000283077250 0.303279719657780167 0.000000000000000000
11.825944273720883970 7.486198107975940097 0.000000000062943832 0.344676115619724222 222955.000000000000000000
11.000676222709143914 8.748330737668164048 0.000000000015063656 0.117658197216544108 217243.000000000000000000
9.990762415456515555 8.507063067656172706 0.000000000355267135 0.075334118753217147 136931.724632519151782617
10.756296815265637079 6.773300848082906889 0.000000000764378165 0.353859833342143326 218361.000000000000000000
1.539286495429327717 13.541119109598012571 0.000000000000000000 0.149324351003312150 0.000000000000000000
1.188640983442057264 11.270723586697178220 0.000000000000000000 0.411547172393209315 241489.000000000000000000
2.588690863757823646 14.838854882288375236 0.000000000000000000 0.281822762064627197 0.000000000000000000
1.413232607463333457 15.559913821673806211 0.000000000000000000 0.438555569599238970 0.000000000000000000
0.493787868149750564 14.765479644179784202 0.000000000000000000 0.421828126271434733 235064.000000000000000000
3.818759051789090808 13.184468635328800090 0.000000000000000000 0.265068733637023768 241711.000000000000000000
2.243337608132027761 11.615623886029757372 0.000000000000000000 0.296253229017089503 0.000000000000000000
1.274799527126766918 10.913648095812538585 0.000000000000000000 0.461324991346615754 224728.578067639755317941
1.892891407698602313 12.204459950191186124 0.000000000000000000 0.206547218145528372 243049.000000000000000000
2.531228391861835902 12.013133178269162826 0.000000000000000000 0.227720540913572383 241957.000000000000000000
0.155268326081752450 13.974142309752792812 0.000000000000000000 0.407740094346369875 240314.000000000000000000
2.645142282213217122 15.885539833684543254 0.000000000000000000 0.467773471320284406 234753.000000000000000000
2.556830577048331943 12.910735661369406202 0.000000000000000000 0.076285320121877748 0.000000000000000000
0.804740563642501905 11.527919390974048497 0.000000000000000000 0.413962680158080798 242939.000000000000000000
2.098613147004878332 11.330249748669544374 0.000000000000000000 0.349176148677902642 80181.176742457828368060
-7.315557299880172337 14.008588469173394842 0.000000000818192845 0.418178897353006118 255808.860262842557858676
-6.464641337507575969 9.086637245418440756 0.000000000842038442 0.468399129076136955 447156.000000000000000000
-8.295012720340899648 13.268049873787058246 0.000000000718226660 0.390525684721703625 91351.484600217867409810
-6.002203557097492315 9.393443953848599648 0.000000000639505431 0.431909315579402986 0.000000000000000000
-6.060887043939759522 11.827313941447950896 0.000000000510732795 0.121225352963149027 443023.000000000000000000
-9.098476812442365613 11.203667116014248251 0.000000000051926100 0.431380298561347464 0.000000000000000000
-5.062485188661391078 10.006201773181441439 0.000000000552545672 0.425116619112492655 446886.000000000000000000
-7.038016385764276350 11.152959508761181695 0.000000000541722534 0.113959743658973614 0.000000000000000000
-8.690250839247218195 12.396505973388252997 0.000000000462117160 0.368911203141497002 443088.000000000000000000
-6.902953363991886526 13.445918675312839241 0.000000000508259031 0.307183941367827007 380171.248202906514052302
-9.186581252866158565 11.547675615384980219 0.000000000310007027 0.438435425855740524 0.000000000000000000
-7.009361393736315726 14.043900940758328844 0.000000000302120976 0.414389282077587295 450245.000000000000000000
-7.248798750115621026 9.976014455510213708 0.000000000089601076 0.321722773532771456 0.000000000000000000
-7.153751949053428483 10.430050107252204938 0.000000000021625155 0.240035153821469283 446295.000000000000000000
-8.458631430003441309 11.492845591140683936 0.000000000202224936 0.310245135361538971 0.000000000000000000
-15.080317455894443057 5.668211637087620325 0.000000000000000000 0.455362227439627620 0.000000000000000000
-12.787726702037684134 4.229640599378315713 0.000000000000000000 0.079186961961084296 281676.000000000000000000
-12.955584237896163202 5.071878932510292870 0.000000000000000000 0.080871619524460564 285637.000000000000000000
-12.753355744133253680 7.234322100385521814 0.000000000000000000 0.444384340488811369 0.000000000000000000
-10.299546682347312299 4.069583039205551422 0.000000000000000000 0.443136161411899820 0.000000000000000000
-11.009784029909809533 5.032374175421143292 0.000000000000000000 0.309816595463170530 213188.558676907472545281
-12.312090272774561583 5.076466444769248021 0.000000000000000000 0.099513482415900648 282301.000000000000000000
-12.870923045368796167 3.482857313502734531 0.000000000000000000 0.209756280111151522 211660.862470698164543137
-12.691827335406081545 4.388921087343831573 0.000000000000000000 0.050520382794926315 284251.000000000000000000
-14.506720631063609872 5.675621460854242351 0.000000000000000000 0.363387184640794558 276386.000000000000000000
-12.919323125303241895 2.516220298311354853 0.000000000000000000 0.377630462579931492 281128.000000000000000000
-11.433929470665518124 3.588840471368690110 0.000000000000000000 0.296764554092118493 0.000000000000000000
-11.461668351285645429 3.451281521520391138 0.000000000000000000 0.309058616634227290 0.000000000000000000
-12.250385639715508646 5.562057505742198593 0.000000000000000000 0.174479997016707022 0.000000000000000000
-14.276259790312741060 3.816724482183845524 0.000000000000000000 0.316160879524003235 281280.000000000000000000
-14.337823736655751716 -6.594465367065238226 0.000000000000000000 0.440563549037290836 0.000000000000000000
-12.716404775615410827 -6.931815536940168165 0.000000000000000000 0.391771269147869194 0.000000000000000000
-12.209977173052356747 -5.178721605544251538 0.000000000000000000 0.124980140149894975 199360.000000000000000000
-11.593563690132270949 -5.014883427473660227 0.000000000000000000 0.207983694041436101 0.000000000000000000
-15.146666695937597069 -4.047524215198995634 0.000000000000000000 0.447305063088926036 199786.000000000000000000
-14.152479612017749844 -4.494750275066807355 0.000000000000000000 0.258552794376702422 199205.000000000000000000
-13.121782602120228844 -6.838597960803950215 0.000000000000000000 0.382268421992408791 168779.808789465983863920
-12.930658468395618499 -4.083247874367717856 0.000000000000000000 0.110512775324385290 0.000000000000000000
-11.166234323030325370 -5.454122092487576623 0.000000000000000000 0.307102533876305761 0.000000000000000000
-14.188605042437282933 -2.841880013630594171 0.000000000000000000 0.412979906954254739 0.000000000000000000
-11.573433051380115799 -5.899691643171351529 0.000000000000000000 0.294180615895651199 196547.000000000000000000
-13.210094947467050375 -5.513443843529338473 0.000000000000000000 0.169941107286935039 1529.654387969358140253
-10.683838112124607989 -3.309131981868956629 0.000000000000000000 0.433527374748715777 105993.027672063966747373
-10.251189068203515831 -4.556066350951708088 0.000000000000000000 0.439323489668651201 199887.000000000000000000
-11.295189823707842081 -4.690428292569881918 0.000000000000000000 0.252750002056100320 0.000000000000000000
-5.498020510035629194 -9.783096008719882164 0.000000000433076692 0.407475416273303248 0.000000000000000000
-8.828998755935026921 -12.275147844712879674 0.000000000678333916 0.386377710570491362 0.000000000000000000
-7.564019262362008611 -10.489707782213228526 0.000000000068443582 0.263064344753499546 0.000000000000000000
-7.304869863843769018 -9.265964231518491800 0.000000000016108644 0.445675627380117512 0.000000000000000000
-8.291046892374909660 -10.056281471135791961 0.000000000549360162 0.404278126973918739 0.000000000000000000
-7.616144920937763629 -9.629459645168189752 0.000000000377487783 0.401599611370808074 0.000000000000000000
-5.284492183599184045 -11.600248841539897882 0.000000000322966648 0.258912643712783663 0.000000000000000000
-7.956132294908879743 -11.024768527182024158 0.000000000042930425 0.250233158053700333 0.000000000000000000
-8.007691037929516753 -11.250589712659051500 0.000000000676172036 0.241889388508057690 0.000000000000000000
-5.438140224715363402 -13.652855644115813760 0.000000000732260560 0.413154681744723806 0.000000000000000000
-8.878917964445669497 -10.422419111197871899 0.000000000767337603 0.445791581938229653 0.000000000000000000
-6.712129434072343415 -13.333072627842701863 0.000000000204190011 0.285786812542592972 0.000000000000000000
-5.939070621471613798 -11.928204465686164326 0.000000000196263517 0.146191040010714535 0.000000000000000000
-7.945114882937375000 -12.392322300602835128 0.000000000881936530 0.246783157208657483 0.000000000000000000
-8.515729545104168352 -13.701910522347416688 0.000000000775037985 0.473009794551016383 0.000000000000000000
4.527462985695381192 -13.726479372348098451 0.000000000000000000 0.398957402988203813 0.000000000000000000
1.162865595948120889 -11.588634589899822203 0.000000000000000000 0.366075131935679587 422986.000000000000000000
0.593327006227640341 -14.841313303083333963 0.000000000000000000 0.417088810448799974 422572.000000000000000000
4.361557962420638646 -12.956882546568390779 0.000000000000000000 0.365743163730045340 215176.330387107474962249
2.041116544075625594 -12.161534113489883779 0.000000000000000000 0.205371631066004923 0.000000000000000000
2.412791535340915505 -10.994141928309433709 0.000000000000000000 0.406683132506084621 428475.000000000000000000
2.558195029628470341 -14.146564536708375215 0.000000000000000000 0.159946111427430343 429721.000000000000000000
3.634699586316812780 -11.141250002295103982 0.000000000000000000 0.445127399192134177 427563.000000000000000000
0.927705360081205743 -12.509742616431193341 0.000000000000000000 0.285512671743256174 429202.000000000000000000
3.819930776879658652 -12.405195772856080438 0.000000000000000000 0.306848375587006061 424104.000000000000000000
1.295468110913643445 -12.275427680393494967 0.000000000000000000 0.257089836445461739 421649.000000000000000000
3.079283271596169325 -10.752593029616324571 0.000000000000000000 0.468524861512843560 0.000000000000000000
0.568110404122776580 -11.327234888767408805 0.000000000000000000 0.468709336005198207 101450.913323506640153937
4.036455229847779158 -14.056524449632322060 0.000000000000000000 0.333582175504223810 422577.000000000000000000
4.396412518034300554 -14.243753538351747068 0.000000000000000000 0.405770584233817067 0.000000000000000000
8.854909634377030159 -9.886348336327689168 0.000000000000000000 0.331877024331713844 407142.023055920901242644
11.018879054778022208 -7.311481516603296704 0.000000000000000000 0.279149434704724753 0.000000000000000000
11.770272097478946094 -8.609509434942509642 0.000000000000000000 0.255982506630474893 326352.118097348895389587
9.149871285432769952 -6.383546030824382100 0.000000000000000000 0.466398238214169869 465098.000000000000000000
11.146846929082785849 -6.292696019197951962 0.000000000000000000 0.453315024325136762 467269.000000000000000000
8.312310730276749382 -9.972944367826649170 0.000000000000000000 0.420823221002421533 469827.000000000000000000
12.217683409956062945 -9.941157600671820305 0.000000000000000000 0.394247135962131789 469052.000000000000000000
8.214734985349561924 -7.846519109073499365 0.000000000000000000 0.410732619462176873 468947.000000000000000000
8.746842285448501286 -8.496373233280657189 0.000000000000000000 0.287491958979573303 16657.390403883724502521
11.495459715598457251 -10.944989775294578394 0.000000000000000000 0.436116702219764230 0.000000000000000000
11.190280938737336314 -7.711292907022428089 0.000000000000000000 0.236414085119425049 0.000000000000000000
9.474582388175026182 -9.225919288711383004 0.000000000000000000 0.175699314459562911 0.000000000000000000
10.873387901120066701 -7.603994093542490340 0.000000000000000000 0.221787221790140959 472905.000000000000000000
12.575373412419905250 -7.521689587644250885 0.000000000000000000 0.452257257455501216 466444.000000000000000000
8.480382453046649616 -8.329444182052814227 0.000000000000000000 0.339626354910924133 45152.245191761714522727
13.290084694078151628 -2.305660435217693482 0.000000000000000000 0.402258030856812776 153297.000000000000000000
13.096045003203219181 1.922220746738977137 0.000000000000000000 0.342727881659618594 39803.539808189678296912
13.344283496564894875 -1.611868661072056730 0.000000000000000000 0.281644613098042951 65549.070309250993886963
15.459759862836442323 1.282272425826578077 0.000000000000000000 0.407348961552015665 156900.000000000000000000
13.884434122791095234 -1.506561201879358380 0.000000000000000000 0.267982372707808725 89048.810214733151951805
11.417831740445489430 1.433132229529478385 0.000000000000000000 0.453230521547063614 156127.000000000000000000
14.547973778326623417 2.178795143608244000 0.000000000000000000 0.417318853716244997 0.000000000000000000
14.808096769018440853 -0.420380263484769257 0.000000000000000000 0.237257064711205196 158303.000000000000000000
13.390150072871383813 0.248753091879972327 0.000000000000000000 0.050829376261282380 0.000000000000000000
15.022295923574153775 0.465944341336965162 0.000000000000000000 0.276036194385151146 156042.000000000000000000
13.496861608903946816 -2.389335665251560492 0.000000000000000000 0.414165437782595292 152540.000000000000000000
11.778732720967699521 -2.000904211086683038 0.000000000000000000 0.468766712997601365 157664.000000000000000000
11.587579131522439013 1.098637241301195555 0.000000000000000000 0.397206627496082432 157620.000000000000000000
14.588554507180605313 0.726604038053553447 0.000000000000000000 0.225057524429799122 157383.000000000000000000
14.836059076323914852 0.845510851216207393 0.000000000000000000 0.273200326896980594 50756.264078821106522810
