-0.051878036762498130 2.691455675638914968 0.000000000000000000 0.447456321307686811 16263.434205092784395674
-1.082266246075493488 1.561334711885695503 0.000000000000000000 0.464772978406843784 0.000000000000000000
-2.735278527430760054 4.872636039052069989 0.000000000000000000 0.194501823624048997 0.000000000000000000
-0.671250494361684935 3.081569367177074525 0.000000000000000000 0.317407043427308744 0.000000000000000000
-3.547803847205816208 5.407621118013595130 0.000000000000000000 0.354637781887770120 0.000000000000000000
-3.610932122226815366 3.680581420284020133 0.000000000000000000 0.243958787268295230 216613.000000000000000000
-1.703724743116246776 4.611223641927796102 0.000000000000000000 0.162053785618897439 0.000000000000000000
-3.330996645619627827 3.887420318645860906 0.000000000000000000 0.191200182131627011 0.000000000000000000
-2.881904910467726122 6.025458962422101550 0.000000000000000000 0.396073884136745269 0.000000000000000000
-3.544391563667053546 4.501560788935726087 0.000000000000000000 0.253748207722812591 0.000000000000000000
-2.603995436678648634 4.135507802877193662 0.000000000000000000 0.075540579508413558 215162.000000000000000000
-2.656025457106443000 5.939381066116796504 0.000000000000000000 0.371692491056685004 0.000000000000000000
-0.836181416962381352 1.783885197553374713 0.000000000000000000 0.452786048160447763 216532.000000000000000000
-1.976365049704754684 2.020400762447458476 0.000000000000000000 0.336773694349228658 0.000000000000000000
-2.864942276791306419 6.280640467406449545 0.000000000000000000 0.439105609124854745 0.000000000000000000
-3.498703221536289654 -1.985000666969123806 0.000000000000000000 0.404801042536724553 173686.000000000000000000
-2.855226511168461379 -4.968170931214243247 0.000000000000000000 0.219454290453295925 114380.091795785046997480
-0.910984677367728701 -4.237462367398928009 0.000000000000000000 0.247953118618483626 46512.040586271810752805
-0.047528509810948652 -3.697047714319469325 0.000000000000000000 0.395480963644318728 0.000000000000000000
-2.381499567861061539 -5.896471770323751471 0.000000000000000000 0.357941137862515302 172199.000000000000000000
-1.119337668920473927 -2.052870101039595774 0.000000000000000000 0.385119674469120932 0.000000000000000000
-3.590842636375507713 -4.612616432044901238 0.000000000000000000 0.270080936523744208 176747.000000000000000000
-3.291719356157964960 -4.765744913967267848 0.000000000000000000 0.241291707444097336 0.000000000000000000
-0.389210564351280264 -5.690865393841963105 0.000000000000000000 0.462444277986579222 0.000000000000000000
-0.875583094181726085 -3.078018468082996062 0.000000000000000000 0.285756182803474923 87188.106284758483525366
-1.377925932695314826 -3.496195913163239410 0.000000000000000000 0.171875099196950265 0.000000000000000000
-2.183238491583763707 -2.512047817171153774 0.000000000000000000 0.245798299191250569 180615.000000000000000000
-0.029834628059264776 -4.728486851675442360 0.000000000000000000 0.424287464399528524 178935.000000000000000000
-1.426246972584922723 -4.845346231693708816 0.000000000000000000 0.225689846232059788 0.000000000000000000
-0.082353804608360698 -4.148461854173939756 0.000000000000000000 0.390496228472493045 179449.000000000000000000
5.811394858568733390 2.000525716753289718 0.000000000000000000 0.423706146467588196 195228.000000000000000000
6.981435100263799320 0.408965204142403949 0.000000000000000000 0.445648003098186030 119055.659148761507822201
4.332805736567569177 2.106932247562583349 0.000000000000000000 0.375773506352136077 201881.000000000000000000
4.486990354900326494 -1.661257132150448346 0.000000000000000000 0.295205720764759871 195096.000000000000000000
4.657796936353487460 -0.487372317267158461 0.000000000000000000 0.090291654551926587 197162.000000000000000000
6.483653312462831053 0.428429269736185614 0.000000000000000000 0.359139924339240357 0.000000000000000000
2.433885269773805149 -0.383688869838994917 0.000000000000000000 0.376980820273190076 196750.000000000000000000
2.447972244451701584 1.650906410500668775 0.000000000000000000 0.470980229766356007 196106.000000000000000000
4.063168247087061147 -1.333925029903139325 0.000000000000000000 0.250333166302228849 200643.000000000000000000
3.253142796076741394 -1.739833952832150921 0.000000000000000000 0.382373597079188887 196423.000000000000000000
6.505095916720645022 0.910278429761472219 0.000000000000000000 0.389837973472851707 193003.000000000000000000
3.747460341205856249 0.175369053698518435 0.000000000000000000 0.140165855871242861 0.000000000000000000
5.053684955519136324 -1.980831295762196520 0.000000000000000000 0.364699759433135873 194848.000000000000000000
5.766601569630823931 1.719956909193611327 0.000000000000000000 0.378188799245189111 0.000000000000000000
5.117918307038517689 1.097621761488411174 0.000000000000000000 0.222663034630679574 197663.000000000000000000
9.079639490277159553 8.984503527687460078 0.000000000685232513 0.228565424051302341 219188.000000000000000000
10.837901123265412551 6.676619679785860129 0.000000000190907531 0.373573859492088933 223393.000000000000000000
10.827024901377457766 8.132066081526405199 0.000000000313895703 0.138434434814423746 218733.000000000000000000
8.423532691203989842 10.273213278228968903 0.000000000214362788 0.434360756652707070 0.000000000000000000
11.242562920496681045 9.153530340797015441 0.000000000701928812 0.175756323283659754 0.000000000000000000
11.791483435958786785 8.280852780906986510 0.000000000338071331 0.271216000851113803 69929.315061254077591002
11.001444857037647296 7.292627581065143971 0.000000000473330299 0.280818539769036202 213869.000000000000000000
10.704824918819543456 6.420795495572956924 0.000000000363151305 0.412943139300265272 0.000000000000000000
12.288254888093870676 9.108270767059739370 0.000000000089605346 0.352818289835900134 223258.000000000000000000
8.831760629362113590 10.086989165820776648 0.000000000779889849 0.357346964702303482 221496.000000000000000000
7.959121061656272644 8.403095260798417954 0.000000000705891388 0.428764388460955659 223188.000000000000000000
11.763733370247031473 7.395934794653463484 0.000000000427024592 0.346818663003573002 221892.000000000000000000
11.344355729456765403 7.272145049004461903 0.000000000520115746 0.314257673205365740 220943.000000000000000000
10.011088439498655234 8.020594009378315903 0.000000000816922946 0.140482955494327988 216924.000000000000000000
11.520805914177675078 10.385242375865406217 0.000000000456364375 0.355454308369175576 221409.000000000000000000
3.241848448151457784 12.224011311080246855 0.000000000000000000 0.247541679648480478 243055.000000000000000000
2.839800808364510765 15.713235272589441749 0.000000000000000000 0.443030998553974653 243904.000000000000000000
1.470102966841672965 11.822388537470310155 0.000000000000000000 0.301381636162183109 0.000000000000000000
3.626639028603463100 12.238102127004170327 0.000000000000000000 0.295323692833682983 0.000000000000000000
2.888504139940194282 13.269058921463749101 0.000000000000000000 0.098776846889731207 0.000000000000000000
1.910110866190903200 12.676285982158139731 0.000000000000000000 0.130971028263267231 0.000000000000000000
1.958304097501276209 15.406079052759988457 0.000000000000000000 0.385099036763383973 242280.000000000000000000
3.329373653935956856 14.738191799936263493 0.000000000000000000 0.314840034334688768 240457.000000000000000000
1.486862167223921061 15.243445679375538404 0.000000000000000000 0.381480782329119139 0.000000000000000000
1.454541640135063041 15.669272810872660884 0.000000000000000000 0.454074504154698355 0.000000000000000000
0.894805463033376491 14.336901927719594596 0.000000000000000000 0.318579230398744973 0.000000000000000000
3.036807021649498672 13.722171551229651598 0.000000000000000000 0.148202805781008667 0.000000000000000000
0.938713020288807098 12.566946932099428480 0.000000000000000000 0.279028592969243705 0.000000000000000000
2.156117382768534263 13.707999986695293515 0.000000000000000000 0.083118335722871875 240339.000000000000000000
0.795625521625927590 12.395428243867943507 0.000000000000000000 0.315996012573703744 235240.000000000000000000
-7.097099314644506940 14.314121918893727425 0.000000000255477831 0.463777018726222068 446970.000000000000000000
-6.562476970602943105 12.573499478824574638 0.000000000615834957 0.154343296007689729 0.000000000000000000
-8.325174087361512321 10.779028491772731257 0.000000000853548002 0.328862794522104762 0.000000000000000000
-5.431990155722466795 12.740833908712803080 0.000000000490919097 0.294168018510782669 0.000000000000000000
-6.144421889917347279 10.497049601492182802 0.000000000273245771 0.240396395381071715 444884.000000000000000000
-5.208198757819650027 13.110731548189352935 0.000000000828388353 0.366987698524323280 444127.000000000000000000
-8.391761169330665737 10.835564652789285489 0.000000000775608858 0.334377872801344456 448797.000000000000000000
-8.193858509904016429 12.839945456660370127 0.000000000670516417 0.327281071846814431 450024.000000000000000000
-7.757122917195265366 11.452638858388310084 0.000000000105868322 0.188601613982854438 0.000000000000000000
-8.305542241527083647 11.964145813284693176 0.000000000182898784 0.283722584914899267 317881.036358567536808550
-5.090569461266087004 9.807744739445928062 0.000000000701114244 0.447612898124235548 446137.000000000000000000
-6.193918240089855587 12.968324759509057387 0.000000000836914002 0.241231946271984382 211765.598969566723098978
-7.182967061050493207 13.928758327498714564 0.000000000316524931 0.399156748108866477 0.000000000000000000
-8.738270077480480680 12.789730997401923318 0.000000000029365390 0.404454737353520777 450093.000000000000000000
-6.462378609453093503 10.884592780877389018 0.000000000892320792 0.155316391762853001 445437.000000000000000000
-14.327449422162560566 5.696196141773071986 0.000000000000000000 0.337501939744222546 279951.000000000000000000
-10.210454889691257918 3.970727144383924934 0.000000000000000000 0.462876737495557355 123339.939897755903075449
-13.028628606911121679 6.306972198294482190 0.000000000000000000 0.288498771785036301 281957.000000000000000000
-13.602555381835363946 2.137382929676255650 0.000000000000000000 0.468683784616588328 0.000000000000000000
-12.240717976261407784 2.146410329354668800 0.000000000000000000 0.448650001754170524 0.000000000000000000
-12.944874132986234017 4.192157958763171877 0.000000000000000000 0.094106899113848494 284057.000000000000000000
-10.608411085342106972 6.109997250243488942 0.000000000000000000 0.450715136018383200 278573.000000000000000000
-10.561620574241642245 4.448630659483145955 0.000000000000000000 0.385577134059951199 36389.266186276101507246
-11.954396683013348124 6.086284256556516503 0.000000000000000000 0.279953966853871250 276213.000000000000000000
-12.961674046270575289 2.661099683053289588 0.000000000000000000 0.353418604299690353 17077.586992727985489182
-14.050002929658390372 2.873022139935374142 0.000000000000000000 0.393469552600187233 283982.000000000000000000
-14.424898091248403276 5.737963589398400011 0.000000000000000000 0.356084982029912289 16811.915516790522815427
-11.432404750458125875 5.785353998358493399 0.000000000000000000 0.298871618959976770 276100.000000000000000000
-10.685623463004798595 5.561991413032868259 0.000000000000000000 0.392890914589295481 273853.963148247799836099
-10.876175249637137554 4.529785117524647298 0.000000000000000000 0.328450563459284028 0.000000000000000000
-12.253217753677628110 -5.440776428904132267 0.000000000000000000 0.155932324314522947 200725.000000000000000000
-11.416221028357401934 -6.652526414663427090 0.000000000000000000 0.414491433858081515 200002.000000000000000000
-13.578439543813356494 -7.059921013398916756 0.000000000000000000 0.441163948780231352 0.000000000000000000
-10.400637348358554135 -4.358679741940941099 0.000000000000000000 0.415938165336300514 195354.000000000000000000
-10.193341985055425880 -4.399931012218333493 0.000000000000000000 0.451740002293753662 0.000000000000000000
-11.443929294078047931 -2.401092266500250982 0.000000000000000000 0.456877408600377233 0.000000000000000000
-14.406465467862791030 -4.168801910352486928 0.000000000000000000 0.314512345911083624 195490.000000000000000000
-12.790444131243853931 -4.598194616943279911 0.000000000000000000 0.019638359594226711 0.000000000000000000
-11.615868714589325350 -6.007592689076527215 0.000000000000000000 0.303104843914102418 0.000000000000000000
-10.347569984579852331 -5.046738592993253114 0.000000000000000000 0.426498119919578533 0.000000000000000000
-10.755916460920184718 -4.722901698549760496 0.000000000000000000 0.348940674199938350 193853.000000000000000000
-11.965300848470905137 -5.566734151195589675 0.000000000000000000 0.204168530701488965 0.000000000000000000
-10.682274416151411600 -3.714216684665234247 0.000000000000000000 0.399193774354411612 0.000000000000000000
-10.981660844109393693 -5.615392883865022000 0.000000000000000000 0.349210564548593283 197116.000000000000000000
-14.218653416258087319 -2.608561291230396151 0.000000000000000000 0.448071618998783117 200162.000000000000000000
-6.944943771170616564 -14.121226535502039212 0.000000000350178329 0.426831772605588855 0.000000000000000000
-5.952976336215278330 -11.438475478105797123 0.000000000750479181 0.147518972914315816 0.000000000000000000
-4.875637031322590964 -9.962622438018481574 0.000000000217925826 0.454344577225098190 0.000000000000000000
-5.884899794358501524 -12.089691620102511749 0.000000000387703808 0.164736445539273468 0.000000000000000000
-5.007024030979459361 -9.845208042353254640 0.000000000919633549 0.452605991807229158 0.000000000000000000
-6.732356650139125875 -13.153315994513455678 0.000000000749344216 0.253943010339363839 0.000000000000000000
-8.469670567713881937 -11.504576793275207436 0.000000000497701537 0.311938246972035871 0.000000000000000000
-7.382641679979416338 -11.766049889277983453 0.000000000232129282 0.116201306168016799 0.000000000000000000
-8.327312533062785960 -11.362653941197390139 0.000000000466695158 0.291141852848089577 0.000000000000000000
-8.081636151794651113 -9.711571731946175845 0.000000000600985053 0.428538170018026354 0.000000000000000000
-5.004627489927027995 -13.105859982559341148 0.000000000129805021 0.394081545730702809 0.000000000000000000
-6.745035058330869582 -10.188574176438459418 0.000000000045035072 0.270830758933424454 0.000000000000000000
-5.213622090071733162 -13.051545765945219202 0.000000000132343594 0.359289317991577262 0.000000000000000000
-6.294181671624009766 -11.118211481873791158 0.000000000547838154 0.131931049324625183 0.000000000000000000
-6.121467722091440855 -10.276088979677536983 0.000000000488870045 0.277724376871817558 0.000000000000000000
1.225257066718364651 -12.459907822428787583 0.000000000000000000 0.245446287516900952 0.000000000000000000
0.566802099123255410 -12.003899576635534530 0.000000000000000000 0.388133447734717252 0.000000000000000000
2.854223608603187579 -11.575879922928269394 0.000000000000000000 0.316672837557175235 0.000000000000000000
1.817377269019939012 -12.419931822279735911 0.000000000000000000 0.178260966131437881 0.000000000000000000
1.319618848077825479 -11.104840607361358806 0.000000000000000000 0.427038207655922986 431104.000000000000000000
2.928554445739965484 -15.593880188285242028 0.000000000000000000 0.425891339583621464 0.000000000000000000
2.327255839625489653 -15.332629571461710682 0.000000000000000000 0.366101668058457286 428227.000000000000000000
4.311109048041966041 -13.787923011785656158 0.000000000000000000 0.363849453065257455 422927.000000000000000000
4.072575560173700815 -14.850343645192545239 0.000000000000000000 0.417567161915361307 426496.000000000000000000
3.917099164079852258 -12.339850830016736438 0.000000000000000000 0.327665087914715047 298524.095173912704922259
1.039109979329943423 -13.310861525223005586 0.000000000000000000 0.230924981712662680 430068.000000000000000000
3.254889267022450294 -13.322904416699421049 0.000000000000000000 0.164273053953126746 430185.000000000000000000
0.793858400273147025 -11.440250705095323269 0.000000000000000000 0.427082463410033364 429796.000000000000000000
3.312976521968118426 -15.033502685838838531 0.000000000000000000 0.358060098422772699 0.000000000000000000
0.818117297980714753 -13.669696659088810264 0.000000000000000000 0.279149656996433071 425018.000000000000000000
11.989039584174872033 -7.660524306263514660 0.000000000000000000 0.349984858117785402 0.000000000000000000
10.095712877653561179 -8.480519380706313726 0.000000000000000000 0.064084297713448021 187700.709426296089077368
10.379427262681641508 -9.096165922230753154 0.000000000000000000 0.061442061520999951 470724.000000000000000000
8.652241145965211544 -7.637056649403315411 0.000000000000000000 0.358736340091582728 470977.000000000000000000
9.136446272856504791 -7.919247223575429651 0.000000000000000000 0.259346346054028454 471616.000000000000000000
11.414210292342984232 -10.200638839728233265 0.000000000000000000 0.318232315092152551 466559.000000000000000000
9.573710363207766250 -8.170999939318866367 0.000000000000000000 0.170135328637904065 463845.000000000000000000
8.968443717103873780 -7.594237189113715480 0.000000000000000000 0.317665705119961617 0.000000000000000000
12.948077267884062991 -9.024430447453193338 0.000000000000000000 0.467242588222575472 0.000000000000000000
9.483095951397936929 -9.707693095239235959 0.000000000000000000 0.227498650216206494 469183.000000000000000000
12.147723851394337302 -7.918731946911447217 0.000000000000000000 0.353222389166051642 427077.583601101650856435
8.326338675459318495 -10.215485337483656281 0.000000000000000000 0.442133143100676085 466103.000000000000000000
11.184912714528165267 -9.361676388123639114 0.000000000000000000 0.184926443399509283 471892.000000000000000000
8.285113205685588511 -7.844616171706443097 0.000000000000000000 0.399319902045273956 463414.000000000000000000
12.270410039280985615 -7.855183036942222863 0.000000000000000000 0.377707749858415098 465210.000000000000000000
12.921039710151935864 2.386371392677011816 0.000000000000000000 0.428559253469706414 151909.000000000000000000
11.058170044302247703 -0.544343513136363200 0.000000000000000000 0.452589652939083098 156115.000000000000000000
13.123081776331705584 -1.880601532046063840 0.000000000000000000 0.334586335110516553 153777.000000000000000000
14.096657092597741467 1.332801309227709119 0.000000000000000000 0.251063446981097060 156644.000000000000000000
11.498473085204217625 -1.626999093910659999 0.000000000000000000 0.461177523442144910 159367.000000000000000000
15.960735234276308248 -1.043199783995979235 0.000000000000000000 0.467280556321241547 0.000000000000000000
14.522332149829335179 -0.300013250156282940 0.000000000000000000 0.182452356363658336 0.000000000000000000
13.554102539435829655 -0.685708956990316087 0.000000000000000000 0.118856916481980490 156260.000000000000000000
13.260133304301218615 0.496583248294852064 0.000000000000000000 0.099616375591376524 160226.000000000000000000
15.228285290023986676 -2.114904437866455655 0.000000000000000000 0.473044263677327992 152784.000000000000000000
13.982150144030624617 -0.287325590910802731 0.000000000000000000 0.093042984226951592 153439.000000000000000000
13.411661207156297948 0.108710215668893009 0.000000000000000000 0.029789643859451237 0.000000000000000000
15.718708826810155799 -1.053385539454386510 0.000000000000000000 0.428574029045648230 0.000000000000000000
14.426647991766277102 1.778568667200927544 0.000000000000000000 0.345773110063983147 0.000000000000000000
13.090240516003515125 1.415457372811444792 0.000000000000000000 0.258346891055886041 159933.000000000000000000
