0.009561498334445797 3.044704009105737796 0.000000000000000000 0.431310190293038076 0.000000000000000000
-2.527403960958934270 5.768315922460314660 0.000000000000000000 0.337853250121186055 142649.378500317281577736
-3.010556745531175693 3.671349016776113139 0.000000000000000000 0.139634904382344383 221697.000000000000000000
0.365444318838007987 3.595550973738884437 0.000000000000000000 0.470502167483664635 184237.104585213062819093
-0.492905898477808857 5.511810473384243458 0.000000000000000000 0.427129438810046280 0.000000000000000000
-2.158763614029201250 5.258600134108047719 0.000000000000000000 0.244348956944096446 200670.230093280260916799
-3.099000838406695379 4.561962585286308602 0.000000000000000000 0.191726298298243891 214709.000000000000000000
-0.966012675272958865 2.195216964511680136 0.000000000000000000 0.379746380667671191 0.000000000000000000
0.195894480074411265 4.531163853104447803 0.000000000000000000 0.452017190595614071 0.000000000000000000
0.054630880363199109 4.117923625442976743 0.000000000000000000 0.414176841487310654 221824.000000000000000000
-0.885537294821153842 5.805016009938853472 0.000000000000000000 0.419766293996811979 0.000000000000000000
-4.259924861142955876 3.648622058757556186 0.000000000000000000 0.359325074705891312 0.000000000000000000
-2.757104868236625705 2.785511198271894084 0.000000000000000000 0.215857040272962153 91498.977487516298424453
-4.730045853093003849 3.254589153883011843 0.000000000000000000 0.454789900540139735 167880.915255637344671413
-3.071181533056468016 4.688315956602112422 0.000000000000000000 0.202939691820133106 221383.000000000000000000
-4.411547219747046888 -4.501918910645930083 0.000000000000000000 0.398895337082162293 0.000000000000000000
-2.441412663430192254 -2.296124664712843266 0.000000000000000000 0.285731927677237874 179195.000000000000000000
-3.515767908858252522 -2.991963321089846417 0.000000000000000000 0.275307207741169735 176540.000000000000000000
-0.904994359487238720 -2.873832494598601350 0.000000000000000000 0.301577821856646056 0.000000000000000000
-1.861986411143834674 -2.538797900245596928 0.000000000000000000 0.250840678839808484 0.000000000000000000
-1.599713107584264771 -2.587632360902584860 0.000000000000000000 0.260008361136566224 112353.054238526281551458
-1.970823895683129212 -2.299763034801534989 0.000000000000000000 0.287850812735641115 177490.000000000000000000
-4.716524142340141168 -4.136833791596204790 0.000000000000000000 0.440298667420063239 177279.000000000000000000
-2.461117837263982810 -5.740376267809862654 0.000000000000000000 0.331441835888256986 0.000000000000000000
-4.022540984680022191 -4.486278976485082559 0.000000000000000000 0.331850796384484559 180088.000000000000000000
-1.498949742157803966 -4.591091386198793423 0.000000000000000000 0.184120418781646450 177236.000000000000000000
-2.877101564511950649 -4.677918356960530488 0.000000000000000000 0.178432262211614873 181226.000000000000000000
-4.713830559270014930 -4.394426154303942234 0.000000000000000000 0.446722471942480936 0.000000000000000000
-3.413047187793979642 -5.495328497865214601 0.000000000000000000 0.352124974481097031 175192.000000000000000000
-4.610029853929183297 -3.924718283197008439 0.000000000000000000 0.419177226999205177 0.000000000000000000
4.235374551534068388 0.633339707232789539 0.000000000000000000 0.123034572101483233 197198.000000000000000000
3.921144540220107277 0.204005358478962118 0.000000000000000000 0.111746584715772063 0.000000000000000000
4.650171641519115440 2.448194968865559762 0.000000000000000000 0.435589288061420832 0.000000000000000000
5.085519142490750433 -2.220667111695322937 0.000000000000000000 0.407308513994656174 0.000000000000000000
5.284380517975210800 2.345117491697801260 0.000000000000000000 0.438449268942813331 7012.543192920716137451
4.989908553357648380 1.679151501650766987 0.000000000000000000 0.310055519237523780 0.000000000000000000
3.788112912124478537 -1.696862157383966174 0.000000000000000000 0.328211956785344761 195847.000000000000000000
3.457682534969666044 -1.254524513444984501 0.000000000000000000 0.291897206254973618 195154.000000000000000000
2.184842785171289492 -1.048872985834424787 0.000000000000000000 0.455128634749567385 128961.102512873709201813
2.890722847977784227 2.000610076986209851 0.000000000000000000 0.458571435407561401 40058.667691102178650908
2.314018366993665587 -1.459100612930344765 0.000000000000000000 0.470221449010709169 200387.000000000000000000
6.243507151700544711 1.057299037386839835 0.000000000000000000 0.360810204507575227 137605.248466215387452394
3.225521336338784462 0.325018725600861258 0.000000000000000000 0.236836132791814979 0.000000000000000000
5.683233231526314988 1.527519247928016632 0.000000000000000000 0.341961677947881071 194895.000000000000000000
4.159206765293883556 -1.328099798307683876 0.000000000000000000 0.244358960267269915 194806.000000000000000000
12.076169886195323500 10.047821234807164714 0.000000000497046719 0.383848591441375397 195034.801552691380493343
10.307563586391653487 6.851245041914150846 0.000000000640945845 0.332651658496773528 0.000000000000000000
11.707322793792330984 8.787033574398801505 0.000000000881485731 0.243709642783363767 149794.761469212302472442
12.530981718959555593 10.272332456866037020 0.000000000695444239 0.472563369092649177 0.000000000000000000
10.215451295319489589 6.159107981768413786 0.000000000641538607 0.454559067208992695 61435.982281150907510892
9.527351785020893971 10.278132230556019877 0.000000000291758268 0.305252731426367996 109162.496766252879751846
10.139637321068368792 8.887177208091776137 0.000000000767072853 0.043350693510557189 0.000000000000000000
10.801246665266104330 9.958898220882035801 0.000000000345316935 0.227508990690488272 221137.000000000000000000
11.311104287371160027 6.987860099876631814 0.000000000228087143 0.353371151162769292 223359.000000000000000000
11.718231963052152977 9.678577713836219232 0.000000000416531269 0.294622684635144738 218755.000000000000000000
11.309691577327994239 7.287986906563764578 0.000000000563115713 0.308492912779019079 0.000000000000000000
9.207755724036344347 10.318409817672941742 0.000000000694944766 0.341843196360497814 0.000000000000000000
12.369914442585091763 9.021835049365785508 0.000000000324624251 0.364859832574943421 223371.000000000000000000
12.480373271943197011 8.651619305368734913 0.000000000892393750 0.381765927550810513 0.000000000000000000
9.082601890258539257 9.775633318070036992 0.000000000637954601 0.287873487936783745 214022.000000000000000000
1.793949443696688961 12.648086874958696768 0.000000000000000000 0.147692567159564525 239488.000000000000000000
3.941717896637737084 11.558315895748787483 0.000000000000000000 0.418997405282963031 54179.731694387410243507
1.225026080522904737 12.156386437488881924 0.000000000000000000 0.280920485425935229 6670.784181995099061169
3.953816588071906946 11.228945200123627401 0.000000000000000000 0.464829226519054062 238666.000000000000000000
4.807955297930223360 12.701839138614888114 0.000000000000000000 0.452533798101815488 236669.000000000000000000
1.917961497159604844 14.795368531576848170 0.000000000000000000 0.280468635473345440 217654.419175828865263611
0.685384785748765490 12.921952116952235556 0.000000000000000000 0.300601706048221062 0.000000000000000000
1.750430255818257619 13.574457758681312214 0.000000000000000000 0.116804424852545857 234890.000000000000000000
4.362964591516967694 12.845696950821880122 0.000000000000000000 0.369582501242468109 184922.657003238535253331
4.865849677259573625 13.917283125265660360 0.000000000000000000 0.465308705423671420 0.000000000000000000
3.921142904462098233 12.286157228502158745 0.000000000000000000 0.333238894972619937 0.000000000000000000
2.137365898425681809 11.319610880017039634 0.000000000000000000 0.350293117041538427 235580.000000000000000000
4.772765705845361417 12.854755658100527782 0.000000000000000000 0.440996006798116846 244082.000000000000000000
0.560130233063295457 14.264770502507081673 0.000000000000000000 0.361893781432662487 0.000000000000000000
3.146577086830994574 12.785905281900276975 0.000000000000000000 0.169088020233078645 241532.000000000000000000
-5.648181400567122701 9.319396087590424926 0.000000000407198441 0.466942007929046221 444482.000000000000000000
-4.290728335070444821 12.228108688798817738 0.000000000159942024 0.444434422200613188 451939.000000000000000000
-6.666069224975319507 9.443833833047442283 0.000000000891670438 0.402828501764364078 446323.000000000000000000
-5.624909975401712892 11.941387407124517850 0.000000000768921686 0.201298684843773251 447362.000000000000000000
-8.871734281534790156 12.159893843474188557 0.000000000694620858 0.389167829363980922 212423.138367337262025103
-9.209984563198734264 11.054656033747223276 0.000000000432945468 0.456848166632187858 372727.471539475955069065
-8.692574194770186224 9.982502058700763570 0.000000000639784014 0.464808753335572422 443680.000000000000000000
-6.211374338975264031 10.337254865812496973 0.000000000692343474 0.261667882063658652 374825.756639948987867683
-6.142108151628068669 12.219926187507892834 0.000000000059104067 0.137665790890984768 0.000000000000000000
-7.718921711501208094 11.921033405246323156 0.000000000494885136 0.179439875040360797 451578.000000000000000000
-7.856177154295184373 11.018956916679464086 0.000000000650503743 0.235413303638332544 442394.000000000000000000
-6.994174146094270128 9.887262191081877205 0.000000000107125460 0.327405815911437803 0.000000000000000000
-8.677839915421154515 11.641561549131992592 0.000000000782925820 0.347003693747312825 209076.088770098838722333
-4.668636002039749933 11.807678241006110298 0.000000000406219272 0.368150434712713914 0.000000000000000000
-5.581012320668468085 11.410359787790994801 0.000000000320197747 0.212360900989508411 0.000000000000000000
-14.510144592909160366 2.658746647599546709 0.000000000000000000 0.474372531920550844 277992.000000000000000000
-14.759742907367920495 5.706022914872471929 0.000000000000000000 0.405871663431883689 277203.000000000000000000
-11.165080586850434585 5.504319095977800558 0.000000000000000000 0.311238572746040443 276529.000000000000000000
-12.976948148352661860 7.324046546034605143 0.000000000000000000 0.462118248741512139 0.000000000000000000
-12.514807946833222729 4.765807898515514118 0.000000000000000000 0.038462319840835535 0.000000000000000000
-13.370160233311304765 6.286139745053493932 0.000000000000000000 0.302725560576013630 277789.000000000000000000
-13.338880006137378231 2.101580111086788882 0.000000000000000000 0.461202653232754667 0.000000000000000000
-11.473431675008065156 3.053120507625792790 0.000000000000000000 0.359282633805199425 276001.964778665162157267
-13.105823221087264940 4.759626503302247791 0.000000000000000000 0.071408685205837791 281705.000000000000000000
-13.481825381304137323 3.248775780554263637 0.000000000000000000 0.283551355984941356 0.000000000000000000
-11.808061352027248603 2.731773803634796050 0.000000000000000000 0.375511363726651448 283115.000000000000000000
-14.220529262624037159 2.438993031831373948 0.000000000000000000 0.472121526185930673 284391.000000000000000000
-11.384234688657292267 4.201495993830434372 0.000000000000000000 0.251047643811257104 280765.000000000000000000
-11.528154137739534235 3.291160045976054160 0.000000000000000000 0.321052065951257071 0.000000000000000000
-11.898357502458003054 6.714203737879782530 0.000000000000000000 0.383082428648062245 277541.000000000000000000
-13.613553050139181266 -5.298748507770900673 0.000000000000000000 0.193262302878724257 0.000000000000000000
-13.714076429823935044 -6.962543051769808145 0.000000000000000000 0.434621215969501262 104029.110456378853996284
-10.756774833116130807 -3.729654915341480415 0.000000000000000000 0.386022725099814279 33628.085339832752652001
-12.433444959065578672 -6.788372550210085343 0.000000000000000000 0.370403809193470213 45463.538803029681730550
-13.251756352764742175 -6.425876335026575958 0.000000000000000000 0.318313654027551518 123080.274463749621645547
-10.818555027543615310 -4.976027443815083551 0.000000000000000000 0.341655283535818366 194139.000000000000000000
-11.970743105160135400 -6.178446532222510612 0.000000000000000000 0.292771470327058581 200174.000000000000000000
-12.457060304702803677 -3.775192803086333981 0.000000000000000000 0.163664616110009264 0.000000000000000000
-10.876834432712186640 -5.404016216760854974 0.000000000000000000 0.350919395396799061 0.000000000000000000
-13.943291400888844223 -6.782579913723036924 0.000000000000000000 0.425725759930623671 198251.000000000000000000
-12.509028656573855542 -3.045063927934298587 0.000000000000000000 0.286476883771944635 0.000000000000000000
-13.298323746810686075 -2.543176318649836176 0.000000000000000000 0.385261078018700409 0.000000000000000000
-13.208599799878395942 -6.071383175014276823 0.000000000000000000 0.257557798197478982 197892.000000000000000000
-14.779370201661134132 -6.212152180362257248 0.000000000000000000 0.454023741148382176 201496.000000000000000000
-11.274307055212656081 -3.515300787286220086 0.000000000000000000 0.326969377086838597 2016.002783007757670930
-5.258422502839288804 -11.803394550010674280 0.000000000394864971 0.263136234525684409 0.000000000000000000
-5.902762169004880377 -9.760374620948915947 0.000000000284086165 0.377086078632557220 0.000000000000000000
-7.592241634176073006 -12.728459335442042999 0.000000000221706712 0.235323495196740257 0.000000000000000000
-8.476668571363788374 -13.254103831728741625 0.000000000349402316 0.412570131288275188 0.000000000000000000
-7.198110503361500712 -12.368432798998620470 0.000000000027282406 0.141797798315625334 0.000000000000000000
-8.357999518899601910 -13.011806044506155189 0.000000000365773208 0.368976339638579287 0.000000000000000000
-6.537647757741166465 -11.952140281014555612 0.000000000578317184 0.053980776255893752 0.000000000000000000
-7.442669476658085870 -10.177863862441594023 0.000000000646751431 0.300481510985413536 0.000000000000000000
-7.430510809221102519 -11.057701868295064074 0.000000000275981070 0.170730947433372027 0.000000000000000000
-6.874782542222542148 -10.848502829855016572 0.000000000104424752 0.156074216457035841 0.000000000000000000
-5.923327364090823721 -11.222016811392766300 0.000000000092280426 0.168921409981789949 0.000000000000000000
-5.646989368011920085 -11.416978300141190417 0.000000000191733405 0.200704232370990276 0.000000000000000000
-6.970730472508762432 -12.039306383767858222 0.000000000275996185 0.070885914377933623 0.000000000000000000
-7.743938358050693083 -13.093167552483622629 0.000000000367660231 0.302600213014801833 0.000000000000000000
-8.829922221896485013 -10.695408098261564689 0.000000000186293604 0.415204674987040612 0.000000000000000000
-0.093572234298246057 -13.494840988732029530 0.000000000000000000 0.434430143724638507 20671.662408045121992473
2.670741443925909842 -12.660040696615864064 0.000000000000000000 0.125107104667954577 421759.000000000000000000
2.003381532749445970 -13.104316252349910599 0.000000000000000000 0.066501248693595208 66909.161663919541751966
4.356137639742484247 -11.703027869146470863 0.000000000000000000 0.456290787625085403 427799.000000000000000000
0.221909514000141306 -13.401429493582254437 0.000000000000000000 0.377129092455747050 193843.271564890950685367
2.116564881336697734 -12.242296048909741657 0.000000000000000000 0.188267915473491365 0.000000000000000000
-0.313677966451929635 -13.538348816342407943 0.000000000000000000 0.474202353513825448 0.000000000000000000
3.314024311289030411 -15.407303548878243049 0.000000000000000000 0.417498253995704560 0.000000000000000000
2.436018455275224426 -12.613613027954345469 0.000000000000000000 0.119464750957101726 93697.702915465852129273
2.980904598261779004 -15.241455732888425700 0.000000000000000000 0.368266988075542201 0.000000000000000000
2.217046389640685344 -13.619344610353982361 0.000000000000000000 0.064500842458667551 424923.000000000000000000
4.253162083325856990 -12.906860752988851715 0.000000000000000000 0.348247105008048619 0.000000000000000000
2.274299435198635866 -12.791959594722506210 0.000000000000000000 0.086989477368033613 128677.820365864929044619
4.497921531469078360 -13.969596949191952717 0.000000000000000000 0.404807986806472730 429597.000000000000000000
4.435924259383871693 -11.841253984593146598 0.000000000000000000 0.453299868838379416 431386.000000000000000000
11.610996916866845652 -6.890360492651497637 0.000000000000000000 0.396130035802504943 0.000000000000000000
9.441641743227567218 -10.054578142133863139 0.000000000000000000 0.279837639941513838 471964.000000000000000000
10.261962669148728011 -6.741130338220247431 0.000000000000000000 0.352210444742239004 470526.000000000000000000
11.360890729538134281 -9.872937769891315440 0.000000000000000000 0.268057080823102090 464384.000000000000000000
12.100811173869336912 -10.080458764431893925 0.000000000000000000 0.390764603947345412 348230.664558699994813651
10.506058458397067312 -7.188474379543800197 0.000000000000000000 0.274970183115121003 174690.964859699219232425
9.671027389166818367 -10.034251682672206130 0.000000000000000000 0.255380666647391341 0.000000000000000000
9.409521705836894512 -8.954997835967944297 0.000000000000000000 0.169894698645527947 467211.000000000000000000
9.857775130218408677 -6.570348544160635740 0.000000000000000000 0.391684950061216008 0.000000000000000000
9.935336699625253232 -9.714436425770673011 0.000000000000000000 0.184320142418792160 467455.000000000000000000
8.296909201709986803 -8.503928673308715602 0.000000000000000000 0.366775048535377290 468813.000000000000000000
11.908552325330301613 -8.188798806279535825 0.000000000000000000 0.296095453820260590 465299.000000000000000000
11.274698350750197662 -6.894091634059340556 0.000000000000000000 0.364782173540043164 436963.637719205522444099
8.163628816706795632 -8.912511803340997574 0.000000000000000000 0.389084016283048451 0.000000000000000000
11.137458606277588657 -7.422272820854838749 0.000000000000000000 0.272161971016930238 463786.000000000000000000
11.960190391773853236 0.918399147639684332 0.000000000000000000 0.323882265937436409 154490.000000000000000000
14.649285432111009086 0.181443704877560147 0.000000000000000000 0.200025476279893838 67266.224028260010527447
13.507514178919114656 -0.046169605835582904 0.000000000000000000 0.009992147895268810 0.000000000000000000
13.423841546309271067 1.611471217204797801 0.000000000000000000 0.280117283585978427 155876.000000000000000000
14.199679807705850365 -1.543845804439586633 0.000000000000000000 0.291829578882019547 0.000000000000000000
13.700313608252697506 1.629846255778798492 0.000000000000000000 0.283781186978031341 0.000000000000000000
11.387626306029675405 -0.135189889249393014 0.000000000000000000 0.384563224553392424 157212.000000000000000000
11.818003329125652101 1.481098275782140927 0.000000000000000000 0.400823785367115493 160373.000000000000000000
12.976356174830444346 1.760976384390745331 0.000000000000000000 0.321684484781957603 0.000000000000000000
14.024914629192128501 2.576277656955812567 0.000000000000000000 0.454244743702672704 158692.000000000000000000
14.271275549729484311 1.710365309642553289 0.000000000000000000 0.323301252286864849 159989.000000000000000000
11.800164404463600931 -0.112508060412091215 0.000000000000000000 0.310935632879435764 151106.000000000000000000
14.383902104227814789 1.441684823215565237 0.000000000000000000 0.291151594110383771 78901.623845211899606511
13.774493544440190362 2.610654266978137628 0.000000000000000000 0.454084786283426189 160812.000000000000000000
14.548712043909155511 0.915759374099844425 0.000000000000000000 0.239460865949040813 153873.000000000000000000
