-2.841401222988079844 4.096704937890213394 0.000000000000000000 0.110253538988789271 0.000000000000000000
-0.384414810361288772 4.620077100222749422 0.000000000000000000 0.358372912792766174 0.000000000000000000
-4.262614146648791902 4.949542777821047679 0.000000000000000000 0.403893616291173430 220885.000000000000000000
-1.527708783241923385 3.187919137608311360 0.000000000000000000 0.180554136869788190 193782.154692682175664231
-2.745762255148301634 6.506780835957608033 0.000000000000000000 0.473893217345979723 213754.000000000000000000
-4.076134523221342398 3.248007792706136154 0.000000000000000000 0.343552560819890496 217335.000000000000000000
-3.330002486616822299 5.926099105563681135 0.000000000000000000 0.409653433583778592 221578.000000000000000000
-0.843044712820661846 3.641866198145682798 0.000000000000000000 0.256069057507663567 218370.000000000000000000
-3.075374336266518682 4.567035760100965902 0.000000000000000000 0.189028741708090531 218566.000000000000000000
-0.817130127899367231 2.899346617468857357 0.000000000000000000 0.311645434147076350 219586.000000000000000000
-2.274426919092296551 2.824299022823784089 0.000000000000000000 0.189843865231321740 223363.000000000000000000
-1.478575294482766589 5.379100614772395872 0.000000000000000000 0.299409705894674305 26145.909552200748294126
-2.393894206340541064 5.897735972685838490 0.000000000000000000 0.358306500465558453 213395.982611077110050246
-3.278782863782848445 3.573063219987182126 0.000000000000000000 0.190452760016363909 0.000000000000000000
-3.690303814927583304 4.349683860679343539 0.000000000000000000 0.268016071266634737 0.000000000000000000
-0.899291770721158512 -5.910034040399440691 0.000000000000000000 0.433728944901759672 175615.000000000000000000
-4.884469335240567034 -3.565526464702063247 0.000000000000000000 0.471579873649343895 0.000000000000000000
-1.098191602121264543 -5.120131483058257160 0.000000000000000000 0.301247404759027781 178413.000000000000000000
-2.981605950982160635 -5.441473887713203617 0.000000000000000000 0.304793839936478517 176819.000000000000000000
-4.746993761417505731 -4.668294024399891384 0.000000000000000000 0.464624188262075855 178274.000000000000000000
-4.655365095647303164 -4.034382757325749580 0.000000000000000000 0.427979435478445414 0.000000000000000000
-2.553461545857809600 -2.815759956891878080 0.000000000000000000 0.198427569324538589 0.000000000000000000
-1.323919908927831957 -2.199560165633435371 0.000000000000000000 0.344120153085127223 0.000000000000000000
-0.748176158754401577 -2.467254011325870966 0.000000000000000000 0.369709345644283705 0.000000000000000000
-3.767475615920337084 -5.922865048157412105 0.000000000000000000 0.450777867338100879 174802.000000000000000000
0.250536750442854561 -3.339090081874731997 0.000000000000000000 0.457744321436463597 179500.000000000000000000
-3.578641527743828377 -2.454429709213276301 0.000000000000000000 0.347392547516376105 95145.174913947834284045
-2.180539752623657623 -5.734893260416071392 0.000000000000000000 0.328810925297360279 179828.000000000000000000
-2.407880989436540276 -4.117323805285039384 0.000000000000000000 0.048453003475312020 181149.000000000000000000
-2.388134617563459017 -3.356443466639181139 0.000000000000000000 0.097830472647190650 181133.000000000000000000
6.230883098184367697 0.027898412300558031 0.000000000000000000 0.306001350793346893 199316.000000000000000000
4.585942488398838890 2.587215662144644046 0.000000000000000000 0.459804651352882454 0.000000000000000000
6.103275612213981738 1.232262333586120251 0.000000000000000000 0.357806991931711726 197979.000000000000000000
5.972733255190284751 0.072171083135561753 0.000000000000000000 0.260270321327624454 60740.348345077130943537
6.341368424304892670 0.666698542221637047 0.000000000000000000 0.346465304214465308 162270.446286259393673390
6.851509275734549931 0.067089073935935065 0.000000000000000000 0.416728517603090765 193452.000000000000000000
3.350352745305242852 -0.460955692408972884 0.000000000000000000 0.223033937247634234 0.000000000000000000
2.928445392118587343 -1.851401248033972324 0.000000000000000000 0.433896224493465266 0.000000000000000000
5.863640984589371108 1.054868841777458321 0.000000000000000000 0.304794417482385449 0.000000000000000000
2.639520329642145668 -0.796638014527159100 0.000000000000000000 0.362909337461289616 194311.000000000000000000
2.034816095780870526 0.882330867487673198 0.000000000000000000 0.468910186962830877 202309.000000000000000000
4.597142982060708150 -1.682516746298043486 0.000000000000000000 0.299285637309666175 198471.000000000000000000
2.354546197358756476 -0.902329488295752324 0.000000000000000000 0.417013416794025982 195393.000000000000000000
6.553381350915093329 -0.041946574004666073 0.000000000000000000 0.363509042866186682 101494.200792188814375550
5.840912181873332720 -1.891476812991756740 0.000000000000000000 0.410624831961983239 0.000000000000000000
9.745163509264386903 8.326265532794705493 0.000000000830621665 0.129395538689072248 0.000000000000000000
11.389606577867747106 8.628980785206019632 0.000000000276499855 0.188140394300536279 0.000000000000000000
10.209468669359692328 9.363521089896565286 0.000000000661153453 0.110459690789539544 222623.000000000000000000
12.559934301353143482 8.105017200486043905 0.000000000926214833 0.411206655050328718 220724.000000000000000000
10.383480539617963245 6.094366680438370487 0.000000000356909165 0.465302126571526697 217026.000000000000000000
10.821966209237240619 7.641834068504864241 0.000000000677706918 0.211956752796379821 213857.000000000000000000
10.623227258407780482 6.326654579676742607 0.000000000423086597 0.427338067634169150 216648.000000000000000000
9.923492523922854858 7.235203408373548584 0.000000000585919349 0.275650016060550285 145459.495274349581450224
12.159001217554795460 7.905273957806202567 0.000000000851066720 0.356021860421465941 115908.999959508233587258
10.250550672610266645 9.849247217875314320 0.000000000424667333 0.193800243432802832 216676.000000000000000000
9.658121568643547761 9.529135782748280548 0.000000000485520791 0.183303741153903577 216404.000000000000000000
7.953104574335757349 9.475401186446088531 0.000000000621034748 0.444349127419072731 0.000000000000000000
10.630002647302138286 6.644248791294229406 0.000000000185650681 0.372292728596316735 112766.852459892688784748
10.198862818880213510 6.485523959486278578 0.000000000105137518 0.397591453620446955 0.000000000000000000
11.843233021478278388 8.184449115010989928 0.000000000397959735 0.285398353953383754 0.000000000000000000
2.433216852868070657 13.966428874175239372 0.000000000000000000 0.124078357675671477 0.000000000000000000
1.520250751899246300 13.907316174370080830 0.000000000000000000 0.183492498693897610 241244.000000000000000000
2.598329733674451081 14.911848889008592067 0.000000000000000000 0.294925179838340268 243597.000000000000000000
2.639041051149074057 10.784211699199756751 0.000000000000000000 0.447088211247664957 236100.000000000000000000
3.042400937493384916 15.019518268699298957 0.000000000000000000 0.334940932971514671 0.000000000000000000
3.002900576495895368 12.113687340375214774 0.000000000000000000 0.238893118138517518 0.000000000000000000
2.385407877253949316 11.689562230225837069 0.000000000000000000 0.282775303875617445 241984.000000000000000000
2.724720600389801461 12.393302288306221826 0.000000000000000000 0.171996379763994262 0.000000000000000000
4.166021092268644033 13.145750005330327781 0.000000000000000000 0.327275908426383988 0.000000000000000000
2.099530782931416262 15.304379540744555754 0.000000000000000000 0.363514215327344625 240849.000000000000000000
0.716911937805733590 11.182805792617172003 0.000000000000000000 0.471405509838883297 242343.000000000000000000
1.466060763218276719 11.711997044235740617 0.000000000000000000 0.318789079178963486 0.000000000000000000
3.719779971829142884 13.781110750313693813 0.000000000000000000 0.262730854019777582 239049.000000000000000000
2.537091902934116128 14.301607912051174765 0.000000000000000000 0.186041946048000673 235004.000000000000000000
0.173657822228065833 12.747897886163121584 0.000000000000000000 0.396428904180036845 235859.000000000000000000
-6.408555084966539361 14.292602608769215067 0.000000000523621517 0.459355388681260579 451574.000000000000000000
-4.379721485431772088 10.979619414660396259 0.000000000006625875 0.439301747051942748 0.000000000000000000
-4.260547092151101722 12.157949249133894298 0.000000000898219706 0.447367153925131378 0.000000000000000000
-7.170553342619761850 9.388321604407455112 0.000000000571549695 0.419591803753991077 448499.000000000000000000
-5.454324292870745161 11.374945377321346029 0.000000000321027309 0.235795802526990700 450567.000000000000000000
-7.658059197037697885 13.125419274239353840 0.000000000525761641 0.298493452254406322 0.000000000000000000
-6.805598740712870409 11.661363664325923750 0.000000000895813813 0.016522499883187290 447267.000000000000000000
-5.724325480055056481 9.665684346988779652 0.000000000058337858 0.405670099851383470 0.000000000000000000
-8.544907851393512388 12.967775716343266978 0.000000000274696916 0.391200744120323463 159822.814643352845450863
-7.304387778446424839 9.484289120297580311 0.000000000277645587 0.408163912735467704 0.000000000000000000
-9.342820279715910559 11.303041014813862475 0.000000000712523728 0.470979609220504081 368492.965373578947037458
-4.301552307280705811 11.090039265617519959 0.000000000148635761 0.447338534125341025 0.000000000000000000
-5.597191173368103456 10.623630376106310891 0.000000000096811585 0.280329183719349062 442238.000000000000000000
-8.471396765656718841 11.672389172246132816 0.000000000788590704 0.310053099625532957 445054.000000000000000000
-5.262699726439539205 10.290453020854625876 0.000000000450758783 0.364265099096989287 267593.162297473638318479
-15.164175634062480924 4.490442143603382341 0.000000000000000000 0.438111401293580227 257144.121219141146866605
-11.256949027154103504 3.199147333636182644 0.000000000000000000 0.365929314995993071 0.000000000000000000
-14.725253094350090777 4.809171574809898431 0.000000000000000000 0.359383991111355938 275889.581273257674183697
-11.131954779335078598 6.332353319000767478 0.000000000000000000 0.403231002160338081 54679.220326099290105049
-12.687155616249977896 5.855791026140153122 0.000000000000000000 0.204754307014444803 285791.000000000000000000
-10.784367700565182346 5.584839830877093014 0.000000000000000000 0.378405956762518758 278011.000000000000000000
-13.057455648485682076 4.977652673964112040 0.000000000000000000 0.080425700771540085 277791.000000000000000000
-14.835865116308200484 6.341301407542423441 0.000000000000000000 0.475399337007004763 0.000000000000000000
-12.988448309101521261 5.642276832704403944 0.000000000000000000 0.174519525101933998 275980.000000000000000000
-12.397245021908126716 6.573075057633193552 0.000000000000000000 0.334380040325424122 279803.000000000000000000
-12.753359011335055229 4.397788416304132753 0.000000000000000000 0.049354803988610627 344.960127700122882288
-13.816245648240771615 5.109411718685189285 0.000000000000000000 0.210370343844682728 169011.838401014392729849
-11.049554482914572873 3.935875242877450386 0.000000000000000000 0.323584661278424390 11458.524565801706557977
-12.879711877851720558 4.073906173165544153 0.000000000000000000 0.109233842740279183 0.000000000000000000
-13.260914818388691572 5.328944811709940055 0.000000000000000000 0.149318747997246232 284518.000000000000000000
-12.838287419634564657 -4.568213528013039593 0.000000000000000000 0.029435926589904238 0.000000000000000000
-12.535164573937720434 -7.011749512826146002 0.000000000000000000 0.407047142186409083 199211.000000000000000000
-12.411044472272903860 -3.018343469592969619 0.000000000000000000 0.293834884592049983 197850.000000000000000000
-11.505483025629214211 -6.281761109712059366 0.000000000000000000 0.352689711811820794 0.000000000000000000
-12.123338713454895554 -7.343953582946414649 0.000000000000000000 0.475701744281879002 202520.000000000000000000
-12.236721487335547209 -5.701356760249734812 0.000000000000000000 0.197218825007101389 0.000000000000000000
-10.646446611507194291 -5.506435682161010092 0.000000000000000000 0.395683777047831309 201792.000000000000000000
-10.523135568202858892 -6.148102890232057582 0.000000000000000000 0.467078173956524900 0.000000000000000000
-10.910890126371164399 -4.460907081905136629 0.000000000000000000 0.323473018668406831 202520.000000000000000000
-10.292278012988285596 -5.455224733134030224 0.000000000000000000 0.452289687460570689 151574.720632541546365246
-13.617170717655374901 -3.809881535091444338 0.000000000000000000 0.220700297624056213 96960.501741540952934884
-12.497228918626476002 -4.816995968621518465 0.000000000000000000 0.045388462920296170 201873.000000000000000000
-14.251510053143654488 -4.207475174893947845 0.000000000000000000 0.286133267487001186 201306.000000000000000000
-14.498280856674270467 -6.436201395536077285 0.000000000000000000 0.440406044168318411 197729.000000000000000000
-13.175047566994019022 -5.972115464134807539 0.000000000000000000 0.239323915103316076 0.000000000000000000
-7.252043478379312624 -13.148829977301952354 0.000000000678835441 0.269429165587831088 0.000000000000000000
-5.951999008509380573 -10.288393041464452438 0.000000000808628079 0.289019388559323354 0.000000000000000000
-8.192739214306559603 -11.926719014914327843 0.000000000378036876 0.262867402046967957 0.000000000000000000
-8.337761215908612300 -13.688272229449930606 0.000000000188793082 0.450506794020010148 0.000000000000000000
-6.792834761624678919 -14.062261183030109635 0.000000000218741936 0.414920850308809264 0.000000000000000000
-4.625676804617085303 -13.117913084988076733 0.000000000044370540 0.450043241115924864 0.000000000000000000
-4.760139396514171395 -10.948018340851952246 0.000000000584491938 0.377128499006964102 0.000000000000000000
-5.585649352253772015 -12.961274119363537238 0.000000000318130581 0.300427869585636054 0.000000000000000000
-6.384545905900873564 -10.530333662290507490 0.000000000182995161 0.219353028282156248 0.000000000000000000
-6.233891082318410604 -9.142229197014568598 0.000000000349860003 0.464794563397790017 0.000000000000000000
-8.778135671759425662 -10.455180812460802997 0.000000000369547504 0.427446797902830522 0.000000000000000000
-5.940084186974175395 -11.002914932913304469 0.000000000054909619 0.189781140965667311 0.000000000000000000
-6.276360000202632072 -12.055687782877173575 0.000000000701886692 0.100843981661084270 0.000000000000000000
-8.233798184453236857 -11.693487385724974814 0.000000000379989194 0.267637389463727948 0.000000000000000000
-8.847216867922846006 -11.881080571541572155 0.000000000784653966 0.378010789016483661 0.000000000000000000
2.203750462511596897 -12.754952866643208154 0.000000000000000000 0.095792053852260556 424498.000000000000000000
-0.314360749780867088 -13.449787641414305384 0.000000000000000000 0.473033758303411545 427373.000000000000000000
-0.034008257484025826 -13.153239104137348647 0.000000000000000000 0.422648345420946092 421408.000000000000000000
4.988717205906866070 -13.491966525051603654 0.000000000000000000 0.474588284734467403 422240.000000000000000000
3.958824567631041180 -14.148878095007296096 0.000000000000000000 0.328492422407827667 424958.000000000000000000
1.437900340897251716 -12.623487983324039874 0.000000000000000000 0.197651806840134725 0.000000000000000000
4.691690016309573608 -14.111026414938471873 0.000000000000000000 0.445551840962512380 422252.000000000000000000
0.882109038134438639 -13.133023301098475599 0.000000000000000000 0.260087341233749991 76305.196069180587073788
3.068639917167554021 -11.840971111253063341 0.000000000000000000 0.287153152468467010 430949.000000000000000000
0.908702179190457371 -14.297235572158507821 0.000000000000000000 0.312424192701257319 0.000000000000000000
3.540966094990083857 -12.168950361940158444 0.000000000000000000 0.291754674682659643 0.000000000000000000
4.910020306702644000 -13.256183701328147606 0.000000000000000000 0.459034949651377977 0.000000000000000000
1.624199433606517307 -12.980143058979304982 0.000000000000000000 0.137150836047804425 0.000000000000000000
1.490207401980836233 -13.837393499969058652 0.000000000000000000 0.180580416780078690 428282.000000000000000000
3.897858915421651194 -13.662063417437730450 0.000000000000000000 0.286969667413831342 0.000000000000000000
11.366320098039301101 -8.988481750453038543 0.000000000000000000 0.187617365046690576 0.000000000000000000
10.799795984690438999 -11.302318318214116033 0.000000000000000000 0.454956779223762320 0.000000000000000000
12.670085325463707804 -8.640679564536128510 0.000000000000000000 0.415627025414112616 315303.351220936980098486
10.128288717210823577 -10.876110304358581615 0.000000000000000000 0.375186106134631103 0.000000000000000000
10.089081222905862845 -8.716372759487311939 0.000000000000000000 0.045174547402460692 471804.000000000000000000
12.361498595762245856 -9.962508032412129566 0.000000000000000000 0.418072518829121331 467622.000000000000000000
9.585050974358617637 -9.156530012089778126 0.000000000000000000 0.152581339161635160 110765.696212395108886994
9.016794613050047147 -7.374030912157755857 0.000000000000000000 0.337558136376717610 0.000000000000000000
10.788045495341197721 -7.636454172401647256 0.000000000000000000 0.210464127255190786 0.000000000000000000
9.284822841721425135 -10.379067341486965859 0.000000000000000000 0.342740426378875140 466812.000000000000000000
10.601083584421642669 -7.896650548307381001 0.000000000000000000 0.156277795205157000 471393.000000000000000000
11.092312112589672424 -9.850326817613188624 0.000000000000000000 0.235000014163124799 464027.000000000000000000
11.504927494917014386 -8.351024272263503079 0.000000000000000000 0.218857854920949335 468070.000000000000000000
9.427347053083494188 -8.956549841676034518 0.000000000000000000 0.166851851834658255 0.000000000000000000
8.911375392975305232 -9.482902883144076256 0.000000000000000000 0.285609253529015950 324639.760482121317181736
15.268102145767773692 0.130434753363232819 0.000000000000000000 0.308678639848441461 0.000000000000000000
13.921653862099422128 1.316052572390102426 0.000000000000000000 0.237774996181436521 84030.372666872979607433
15.292376979841659335 -1.044131547287486361 0.000000000000000000 0.360480410211933167 159239.000000000000000000
14.085799801371749140 -2.272856592043423607 0.000000000000000000 0.405219265817457541 56218.491865597789001185
14.449627477484741078 1.579102200008617674 0.000000000000000000 0.317531049535255738 0.000000000000000000
11.356335286784286609 0.393472605651046969 0.000000000000000000 0.395393877613034739 0.000000000000000000
12.686636859226988250 0.126629236977061688 0.000000000000000000 0.153890975600872754 152953.000000000000000000
12.050434444829200231 0.250939292762565158 0.000000000000000000 0.269269040824599515 0.000000000000000000
13.508596235988786560 -2.236488053074059845 0.000000000000000000 0.387638911748014292 154118.000000000000000000
12.079387962847320637 -0.949189285293984719 0.000000000000000000 0.308388047764202422 0.000000000000000000
12.310560911605133327 0.229500872842557546 0.000000000000000000 0.222942053778086402 0.000000000000000000
14.989175088853542661 -0.610954057628325553 0.000000000000000000 0.278880585929336455 0.000000000000000000
14.605600947078258400 -2.436487298031326354 0.000000000000000000 0.462012481375897566 49836.597440986333822366
13.778119229164616399 -1.491869308593089194 0.000000000000000000 0.261845503026053250 152287.000000000000000000
12.914352794990385576 -0.643102490675437122 0.000000000000000000 0.157909058432626481 153198.000000000000000000
