-2.284334493421846801 3.540338410171492978 0.000000000000000000 0.062478127685815801 167004.871776271786075085
-3.014235104275938770 2.224162634799479399 0.000000000000000000 0.325774707096552818 220320.000000000000000000
-4.152450145693128647 2.937927999718276784 0.000000000000000000 0.377723723640682296 214867.000000000000000000
-2.597687327556572612 1.767188706693117783 0.000000000000000000 0.382826572496391182 214121.000000000000000000
-4.782312325957486010 3.977348757360237297 0.000000000000000000 0.450097130835279191 0.000000000000000000
-3.240641231563937463 2.613343371304573726 0.000000000000000000 0.286918072079562547 217566.000000000000000000
-1.390672587411940331 1.514955875264759388 0.000000000000000000 0.450441419880674543 107645.802452111383900046
-1.210908552407747418 3.057358030366192025 0.000000000000000000 0.238436204977751143 0.000000000000000000
-0.111903762185954964 4.357842175212076619 0.000000000000000000 0.391478713975787318 221680.000000000000000000
-1.761244735459413180 5.747460381566590115 0.000000000000000000 0.342451239247995642 214501.000000000000000000
-1.428849381009328345 6.105118410297276199 0.000000000000000000 0.421304180714196896 0.000000000000000000
-1.894500462389689721 1.796304582578038156 0.000000000000000000 0.378513185262638052 213673.000000000000000000
-4.227634259043570708 4.767381930635012921 0.000000000000000000 0.384124208827461289 91130.507294365830603056
-1.348588924091688623 3.975936258622993602 0.000000000000000000 0.162839494921898531 0.000000000000000000
-2.224932665676869981 2.184690160227789502 0.000000000000000000 0.303783227246078369 220822.000000000000000000
-2.134439411317771373 -4.152003800166118808 0.000000000000000000 0.051585123576227354 0.000000000000000000
-1.262892523450187321 -4.835735156275773328 0.000000000000000000 0.244621403812015276 0.000000000000000000
-0.816372052912438084 -3.305372405365149646 0.000000000000000000 0.277288687411391066 0.000000000000000000
-1.228958224768408103 -4.983134154937704174 0.000000000000000000 0.267500906292485019 174322.000000000000000000
-1.513459629823409980 -5.223503514327453523 0.000000000000000000 0.272073374356728348 180855.000000000000000000
-4.288801119810675466 -4.405401642066256507 0.000000000000000000 0.373319061791068885 109880.577986329211853445
-2.010538441522237818 -5.864140620037183282 0.000000000000000000 0.354313383510969970 0.000000000000000000
0.071359878982513128 -3.163079647277462048 0.000000000000000000 0.434904829095724144 181013.000000000000000000
-0.490238508490382030 -4.734669712412117093 0.000000000000000000 0.349166458624973086 171856.000000000000000000
-2.713089193717550085 -5.847598518645064303 0.000000000000000000 0.357824310863287975 0.000000000000000000
-0.885452817297967321 -3.483844036861803328 0.000000000000000000 0.255145467606210929 175845.000000000000000000
-4.174882659614168823 -5.034006885254393993 0.000000000000000000 0.397617260538100981 174195.000000000000000000
-0.408610182760758889 -4.079828706619556655 0.000000000000000000 0.331365158265318316 175053.000000000000000000
-0.938884320312929344 -2.906780372230585385 0.000000000000000000 0.293225604297604914 0.000000000000000000
-1.851560931052013359 -4.890486368920406335 0.000000000000000000 0.192343680606855666 0.000000000000000000
4.557521070278035324 -2.417413988990127827 0.000000000000000000 0.429544622260935427 0.000000000000000000
4.341478061100031205 -1.369312152123148607 0.000000000000000000 0.245260790867477790 158627.497021609015064314
1.976330434481282428 0.459826075012545077 0.000000000000000000 0.459619406881514481 194927.000000000000000000
5.462876861206274803 -2.064705276112938304 0.000000000000000000 0.403686121494317984 196514.000000000000000000
5.396065383400139304 -1.458856347100213613 0.000000000000000000 0.302987043719623317 197958.000000000000000000
2.290791217761920517 -0.920221363428637251 0.000000000000000000 0.428727283498244183 193923.000000000000000000
4.165537683219201703 -1.000125515644574303 0.000000000000000000 0.188290498133055900 200043.000000000000000000
4.705838518173757201 0.054239418382405619 0.000000000000000000 0.035491652151016816 43352.585542025270115118
2.222622191703341965 -1.264575760043861186 0.000000000000000000 0.466246910679554649 0.000000000000000000
4.620403863439869419 0.006037352516521418 0.000000000000000000 0.018961555335308841 194076.000000000000000000
4.127396502648517540 -0.941204743130359955 0.000000000000000000 0.180923015495542849 193924.000000000000000000
2.729486302003051090 -1.483236921598775515 0.000000000000000000 0.413225575492903230 83311.044020430999808013
6.588571160810723804 -0.237449493079000679 0.000000000000000000 0.372094953242918025 197531.000000000000000000
5.160237340370815495 -0.245932765753615723 0.000000000000000000 0.123152481211027773 116575.695346742679248564
6.792708525528443175 1.242746350112567955 0.000000000000000000 0.462021196724431205 0.000000000000000000
10.204210749893759314 8.963291258178774257 0.000000000358548041 0.044911764166365907 0.000000000000000000
8.520553284583048281 6.782849618982757178 0.000000000499497704 0.473903702547696259 222032.000000000000000000
9.050661281904543998 7.024374280383155700 0.000000000013270693 0.380202003208334971 219284.000000000000000000
10.047148027617964772 10.989736956399140055 0.000000000079287368 0.396712203594993262 216513.000000000000000000
10.471946208968642367 10.768831274311297719 0.000000000559051577 0.355039313878249718 216554.000000000000000000
9.965528262328392728 6.382698143801955659 0.000000000244566059 0.420318375809745737 217955.000000000000000000
9.945338596930941577 10.689741105740733218 0.000000000053180002 0.347891757824850600 218893.000000000000000000
12.580303534171191515 8.829133939411624610 0.000000000402269914 0.399455523245476063 0.000000000000000000
8.170921334887429666 9.647378690592631756 0.000000000533770524 0.417811193651548618 0.000000000000000000
9.320593480026834854 7.088555934025811744 0.000000000785018461 0.343482586391934408 222005.000000000000000000
8.719694865661233862 8.946373264915019163 0.000000000845701294 0.291005309996250794 0.000000000000000000
11.051354607458623747 10.179695000729626742 0.000000000139214175 0.280942804716272587 0.000000000000000000
9.734243924061805942 6.121917072907363533 0.000000000610272569 0.473372825560648192 0.000000000000000000
12.498436421138530150 8.389141211112240981 0.000000000350718256 0.389688711902773988 168695.821642779221292585
12.309242719219376738 7.250321837230862876 0.000000000843483470 0.437743471071929624 0.000000000000000000
2.997908292264046981 14.862243518389142594 0.000000000000000000 0.306042420826537986 0.000000000000000000
1.244952226117957528 12.727148663785659011 0.000000000000000000 0.217443781750426252 0.000000000000000000
3.201053104295722651 13.230766045550158339 0.000000000000000000 0.154688633081074639 238676.000000000000000000
4.095356427524349030 15.182287481296411258 0.000000000000000000 0.462002652763948307 236961.000000000000000000
1.421215697682581602 12.410559852089118493 0.000000000000000000 0.224254764846373966 242233.000000000000000000
2.408294047083404443 11.950181593485950771 0.000000000000000000 0.236587920947772923 204216.524678661779034883
0.654811127414171024 14.721541030474590173 0.000000000000000000 0.394772404070690475 0.000000000000000000
3.182582494296187559 12.726067575229699003 0.000000000000000000 0.180179092143130687 0.000000000000000000
3.464082237774924966 15.233151318313213451 0.000000000000000000 0.402234716825095262 238877.000000000000000000
3.607087651942741502 13.746079235641859739 0.000000000000000000 0.241729533326211443 239211.000000000000000000
2.008423261091170975 15.671902250645663557 0.000000000000000000 0.430485664058591067 0.000000000000000000
4.294969926423119588 13.601489271669844783 0.000000000000000000 0.354169082253349810 156675.712086050072684884
1.605048019608823706 11.508362807933108840 0.000000000000000000 0.340732750059582923 0.000000000000000000
0.325851437071083438 12.407985487308399897 0.000000000000000000 0.389976236122319520 0.000000000000000000
-0.134699438153843581 14.100162510317456821 0.000000000000000000 0.463825380135230503 238149.000000000000000000
-5.961699954679335001 11.235012791103454077 0.000000000076661841 0.161890326883599056 0.000000000000000000
-7.692950259348190656 12.489242181763641426 0.000000000823936294 0.218810133007225516 451911.000000000000000000
-7.945177388588862577 13.635398896683879499 0.000000000440759854 0.401886093360359076 0.000000000000000000
-7.082842564894462178 13.765775488262686821 0.000000000846734577 0.367550994867561820 443294.000000000000000000
-5.008891025208789038 10.690798444855301952 0.000000000056685464 0.357152758043059793 0.000000000000000000
-5.182591962212516279 10.201438122244548268 0.000000000177286408 0.385508196375130341 451420.000000000000000000
-5.467953457275425144 10.823498773765980019 0.000000000294092963 0.275594880674545961 0.000000000000000000
-8.327676940743483414 11.887354253049306152 0.000000000458557616 0.285890212298288593 0.000000000000000000
-7.609362914997297445 11.653853573214757233 0.000000000517304584 0.156727171798296733 446932.000000000000000000
-6.736559072393201397 14.017212085328230486 0.000000000882966836 0.406833565024611266 445805.000000000000000000
-5.819034644781639010 12.190414818519643703 0.000000000077955313 0.182995447336321920 448714.000000000000000000
-7.914299066304965713 13.852412016818918872 0.000000000026162201 0.432011197029471161 451281.000000000000000000
-7.258859225821526984 9.812187340248849310 0.000000000114352500 0.350060927944505773 448451.000000000000000000
-5.341596071348241104 11.984574389165731034 0.000000000612651691 0.252325228217189279 0.000000000000000000
-7.281992200037343821 10.695918730211303682 0.000000000295548013 0.205738598636592857 0.000000000000000000
-12.874612764153470224 4.796105020051354195 0.000000000000000000 0.035299723222610560 279574.000000000000000000
-13.070004561211153060 3.552911700806880901 0.000000000000000000 0.205692763514660815 279046.000000000000000000
-12.604752010230949821 5.062113743010559830 0.000000000000000000 0.069438329594294579 0.000000000000000000
-13.471232555942794562 2.775039232661125510 0.000000000000000000 0.357050746045366407 0.000000000000000000
-14.215026338405902351 6.709317239323306481 0.000000000000000000 0.442237413876427732 284828.000000000000000000
-11.705570491638942698 3.320652267397117718 0.000000000000000000 0.297021264791625217 279420.000000000000000000
-13.199929687277570878 5.521128295653770834 0.000000000000000000 0.170152946038175712 284648.000000000000000000
-13.831090708448305904 3.331277874349019008 0.000000000000000000 0.307170733398115736 284147.000000000000000000
-13.533798010447927851 6.830416312802441325 0.000000000000000000 0.401151797832465129 283180.000000000000000000
-15.243967738847750581 4.132330147098558726 0.000000000000000000 0.460906968019873464 0.000000000000000000
-13.494751149816313074 4.030083059173521498 0.000000000000000000 0.179144119069588603 7522.474032769681798527
-14.089041437892984021 2.821884838323170719 0.000000000000000000 0.404717366647726007 43139.909942627113196068
-11.324732565786513661 6.579848806371500380 0.000000000000000000 0.413628181171839082 277359.000000000000000000
-10.997713172987245045 5.364640861726576837 0.000000000000000000 0.328342357974463817 278832.000000000000000000
-13.118669749646416633 7.178275931665609733 0.000000000000000000 0.440244791621662745 0.000000000000000000
-13.680145723592691098 -6.391214056782625441 0.000000000000000000 0.343575871657154974 0.000000000000000000
-12.055500661132967366 -2.791687227537829052 0.000000000000000000 0.348795678048713309 0.000000000000000000
-14.665999012245761079 -5.402883108530471823 0.000000000000000000 0.370014966329762551 0.000000000000000000
-13.120197519905550720 -4.744357363761876556 0.000000000000000000 0.073463549261088737 0.000000000000000000
-14.026713556593291443 -4.303362967553927554 0.000000000000000000 0.243036891153367574 197065.000000000000000000
-14.672125165314428230 -4.423641755659521557 0.000000000000000000 0.351983590410451852 192720.000000000000000000
-14.283484813626570187 -2.666337320837328217 0.000000000000000000 0.447195753946263652 195794.000000000000000000
-11.211909219754744527 -5.906919832994568687 0.000000000000000000 0.342738927129158044 199647.000000000000000000
-14.893244031437399499 -5.630867781904922431 0.000000000000000000 0.422117189885416466 198722.000000000000000000
-11.742159383615634383 -6.696206318694224890 0.000000000000000000 0.391755000266361009 193069.000000000000000000
-11.610494148268786674 -5.848877853412521866 0.000000000000000000 0.283208466771476819 198359.000000000000000000
-14.170181699265222974 -4.681930354468145872 0.000000000000000000 0.259736183336338244 162709.465757080528419465
-11.184553303668202773 -2.762091158416423387 0.000000000000000000 0.431170296373906914 187763.761857053206767887
-12.417686621784461920 -4.529328706267153670 0.000000000000000000 0.058716653303537099 193278.000000000000000000
-12.638086339793812130 -5.434672157422052230 0.000000000000000000 0.132164480887620422 196699.000000000000000000
-6.690127837871011174 -11.202698109763664647 0.000000000071108169 0.091639611288880124 0.000000000000000000
-8.897728180914116436 -11.816707543540474035 0.000000000252842403 0.386310841228774515 0.000000000000000000
-7.834907855547605493 -13.550726156425763946 0.000000000545439284 0.378832298524396094 0.000000000000000000
-4.860634650696333381 -12.740183595550346851 0.000000000145557642 0.379591204982128005 0.000000000000000000
-8.441955092712763786 -10.541268673016858770 0.000000000766952077 0.368915996883635300 0.000000000000000000
-7.047723481721440919 -13.853459355252322638 0.000000000353647759 0.381889054278954865 0.000000000000000000
-8.128105033610570018 -11.265481943476071791 0.000000000624659749 0.261336627466983551 0.000000000000000000
-7.863078291342602277 -13.324424012836148634 0.000000000293461343 0.348130624282293410 0.000000000000000000
-8.085726770237192440 -13.284766612882579651 0.000000000443403165 0.367139043032360501 0.000000000000000000
-4.174672135560625108 -11.158164072028561975 0.000000000662810637 0.466545292556159674 0.000000000000000000
-4.989624068323181838 -11.961440925892985021 0.000000000244317958 0.313578733007590482 0.000000000000000000
-7.037529155710367412 -11.428362628300645198 0.000000000520467983 0.074807728236116575 0.000000000000000000
-8.033163798214651763 -12.063624044589557727 0.000000000370954707 0.239726845626962753 0.000000000000000000
-4.338663194768181519 -11.453938454964132987 0.000000000893504242 0.429185442563401631 0.000000000000000000
-8.920117286759532860 -11.196119682435321963 0.000000000801498359 0.400675782157986660 0.000000000000000000
1.641924272842585131 -14.770737852354038466 0.000000000000000000 0.293329040291128662 422076.000000000000000000
4.547513531534571385 -13.309800546343446115 0.000000000000000000 0.394470848826774079 398391.507826436369214207
3.612865908292109740 -13.714698028073067704 0.000000000000000000 0.240830811949202833 427171.000000000000000000
3.281738736518395427 -11.862299274085183143 0.000000000000000000 0.303151285479501431 33786.718843125418061391
4.757938095967297443 -13.374485796769086221 0.000000000000000000 0.432272004415622024 427870.000000000000000000
-0.101871680213314747 -12.318650698103443375 0.000000000000000000 0.466510337908376205 0.000000000000000000
0.379100262184665748 -12.093285875045047817 0.000000000000000000 0.407275666050228358 0.000000000000000000
3.278162314631727359 -14.392206351471790171 0.000000000000000000 0.260239000439907719 0.000000000000000000
0.709189367744531007 -14.735421732517693272 0.000000000000000000 0.389122210475331964 190825.937855122378095984
1.438120231875587018 -13.765072222439673766 0.000000000000000000 0.181884076476347356 426739.000000000000000000
3.900415775095222859 -14.325277849544068687 0.000000000000000000 0.335735288297502765 0.000000000000000000
1.486886006171458829 -13.136104523213711914 0.000000000000000000 0.153104552751489265 0.000000000000000000
0.291931421638239541 -13.418053278340774881 0.000000000000000000 0.364866545410490795 422183.000000000000000000
1.971061053712672040 -15.168314414419045377 0.000000000000000000 0.343047715092361316 427478.000000000000000000
2.931265314566597002 -13.452348299735319870 0.000000000000000000 0.110888834404234346 0.000000000000000000
11.976086662488613754 -8.312387633769635187 0.000000000000000000 0.301303923434820153 0.000000000000000000
9.922551264087081435 -11.385816586492484959 0.000000000000000000 0.468763279338933914 0.000000000000000000
11.893267309987798797 -7.050871967080125202 0.000000000000000000 0.405806615429459283 0.000000000000000000
12.232754943303111972 -9.786733581030974349 0.000000000000000000 0.383021480222737021 5474.887197718212519248
9.978931379410578728 -6.771095472748968724 0.000000000000000000 0.352769345882016916 469437.000000000000000000
10.236032082107735519 -6.961400466222233518 0.000000000000000000 0.313874575561913338 470730.000000000000000000
9.479877565684628138 -8.079676500895111246 0.000000000000000000 0.193149905677397482 0.000000000000000000
9.875617658477436223 -7.470596092081770223 0.000000000000000000 0.238982906704901660 0.000000000000000000
8.316335243190453141 -9.043209741502463928 0.000000000000000000 0.364509549137297939 0.000000000000000000
11.394809562650062063 -8.503473553284614184 0.000000000000000000 0.192723673657947847 470026.000000000000000000
8.979995000905589109 -9.458073049929122789 0.000000000000000000 0.272727757845558749 471932.000000000000000000
10.012774194751406398 -9.858099325961962478 0.000000000000000000 0.203335753178821133 471720.000000000000000000
11.967532533641964676 -7.067189954265650442 0.000000000000000000 0.412881908648792262 0.000000000000000000
10.441574810867690459 -7.446037141652596780 0.000000000000000000 0.228967707753906013 464285.000000000000000000
12.259047326250186671 -8.702479055890194104 0.000000000000000000 0.342041738501294101 465154.000000000000000000
14.354249578619723948 -1.325335851402589027 0.000000000000000000 0.271261022691890175 0.000000000000000000
12.105681902013303741 -1.593305295362719587 0.000000000000000000 0.377016001863418271 157843.000000000000000000
11.265476920224090307 1.296604896478095403 0.000000000000000000 0.464165771091920420 157223.000000000000000000
15.047743781429176124 0.733381720776639101 0.000000000000000000 0.296951920256078306 83504.697867311202571727
11.869544903072956288 0.471060845662254812 0.000000000000000000 0.309005925833885364 55987.363968081510392949
12.313132861955050856 1.897416134172670077 0.000000000000000000 0.395678170176935518 0.000000000000000000
14.457711037111662833 1.256616305692585867 0.000000000000000000 0.271914927412498231 0.000000000000000000
15.197840799681495483 0.322040437841927707 0.000000000000000000 0.300521546433401510 155760.000000000000000000
11.987147737606614228 -0.589145946226358852 0.000000000000000000 0.295319471825992663 158990.000000000000000000
15.102717899866552997 1.213718034312250227 0.000000000000000000 0.348469253250101696 28961.441610046302230330
12.984922362589404798 -2.529355925980673270 0.000000000000000000 0.449869867258291811 0.000000000000000000
11.962799754318819367 -1.892910900120487794 0.000000000000000000 0.432921964142088389 157316.000000000000000000
13.171453105523625027 0.203073317017073707 0.000000000000000000 0.074713605261765723 156769.000000000000000000
15.271989649492455854 0.273125121967346784 0.000000000000000000 0.312131064217426701 0.000000000000000000
11.270130016479322776 0.441861897879278431 0.000000000000000000 0.412023465505143405 0.000000000000000000
