-0.029674652975293838 2.959324760698836876 0.000000000000000000 0.430394728140302829 223331.000000000000000000
-2.317742694930492675 2.766205550233851174 0.000000000000000000 0.200445200831055464 190554.065548060636501759
-2.077006579545480847 6.064525920409872484 0.000000000000000000 0.388572032081965613 21737.221371111460030079
-1.433242806877408793 5.183261556474934473 0.000000000000000000 0.273262405059262969 219036.000000000000000000
-3.748344797133891682 4.573530179003448382 0.000000000000000000 0.292098915081840993 214866.000000000000000000
-0.645850852682691601 5.411820519651929118 0.000000000000000000 0.395040475066994190 222459.000000000000000000
-3.919752797407570100 4.102742810382511429 0.000000000000000000 0.298531383990308430 216543.000000000000000000
-3.898377331498102727 5.810122169332934128 0.000000000000000000 0.449628605705237716 123467.591445400044904090
-2.696040999120986825 2.967957176177285827 0.000000000000000000 0.181810383887020310 221858.000000000000000000
-4.721663433439305280 3.408337223225934132 0.000000000000000000 0.447309698716594706 0.000000000000000000
0.300940926475984472 3.274253406854013448 0.000000000000000000 0.469086817587396843 216561.000000000000000000
-1.520971494837146887 5.891566068849289906 0.000000000000000000 0.379927615267495633 214211.000000000000000000
-1.689722511677398176 6.183202439443962639 0.000000000000000000 0.420784433312914985 0.000000000000000000
-2.828191054477969590 2.479623350717136354 0.000000000000000000 0.270914390263546856 220540.000000000000000000
-0.360446361272008908 2.392653794454542293 0.000000000000000000 0.430774922723547282 214968.000000000000000000
-0.021646529983233617 -4.000480317743455139 0.000000000000000000 0.399077265894570432 179750.000000000000000000
-3.870415220496150610 -5.397874284078677753 0.000000000000000000 0.393117563257801783 0.000000000000000000
-2.635581683264483388 -1.344610882806045460 0.000000000000000000 0.458200350017819558 152390.241421586746582761
0.303839106908409928 -3.961823185128181546 0.000000000000000000 0.456767051194951867 174743.000000000000000000
-2.011190711632093731 -5.522608369851373489 0.000000000000000000 0.294047722729589789 0.000000000000000000
-2.642930929472412593 -3.114783765240059399 0.000000000000000000 0.154160401061565089 181252.000000000000000000
-3.487404051617749356 -1.746525485565641134 0.000000000000000000 0.439956691682685086 0.000000000000000000
-0.875030395764951896 -5.099276860653016996 0.000000000000000000 0.327361464797261525 0.000000000000000000
-2.783476211244062970 -2.086370493684377436 0.000000000000000000 0.334530527295363977 0.000000000000000000
-4.089062020047762758 -3.427244410861690849 0.000000000000000000 0.336534171751763811 0.000000000000000000
-0.303360603708510479 -2.094491664751474413 0.000000000000000000 0.472981918039426907 172172.000000000000000000
-4.705489725463191775 -3.414835696899188200 0.000000000000000000 0.444260314766834252 0.000000000000000000
-0.670669215237835847 -5.147768337836988728 0.000000000000000000 0.360895931801866965 173975.000000000000000000
-3.186604719102684058 -2.736541153658333503 0.000000000000000000 0.263735040926312392 0.000000000000000000
0.174107703475849085 -3.450517255800021221 0.000000000000000000 0.440493552376694242 0.000000000000000000
6.131988767475640145 1.408606915702761642 0.000000000000000000 0.381588609861481853 194348.000000000000000000
6.330880535792536179 1.613835137074309145 0.000000000000000000 0.432207190909390970 124554.346087719008210115
5.970529739900591437 -1.836258082333454222 0.000000000000000000 0.416608447268677795 197161.000000000000000000
3.577532403926916071 2.405178712905245764 0.000000000000000000 0.458993238026228711 193816.000000000000000000
2.490051626641944793 0.471474092833371439 0.000000000000000000 0.370362006112554321 192763.000000000000000000
3.964188290908294832 -0.710631176382733210 0.000000000000000000 0.159885532799507846 0.000000000000000000
3.924913778169017320 -2.256150450728883428 0.000000000000000000 0.414518475599086833 48919.914347132675175089
6.375410601620247419 1.687435144198340842 0.000000000000000000 0.446814480124517355 195923.000000000000000000
5.135405020949415089 -0.245710659253739083 0.000000000000000000 0.119010470564963888 90391.620259173301747069
6.973779797827099891 -0.908545713054051296 0.000000000000000000 0.467004228750101391 195648.000000000000000000
2.723443447553005381 0.438945106655017681 0.000000000000000000 0.328561806210935115 193475.000000000000000000
2.907503595760352333 -0.719767318097595865 0.000000000000000000 0.313658553874591128 201329.000000000000000000
3.893322084583321629 -2.399358928952835868 0.000000000000000000 0.440571795612975881 46763.162320803246984724
3.372088364266678795 1.297973597483251806 0.000000000000000000 0.307720018370003401 194137.000000000000000000
6.741410511548579620 1.019819018997617510 0.000000000000000000 0.436196611306804038 194753.000000000000000000
12.229780568950868513 7.375819749895743627 0.000000000641649672 0.413402217992001109 0.000000000000000000
11.806173876163946090 6.723657370508077769 0.000000000503329531 0.440004962120967680 221462.000000000000000000
8.596121389303974070 7.942947384172760472 0.000000000781997604 0.341622899624155762 222012.000000000000000000
10.973599818125782335 6.830416125029729280 0.000000000029849334 0.354331046037506148 215367.000000000000000000
9.572418576114207767 7.574305769949251754 0.000000000553089901 0.247392603917108961 217668.000000000000000000
11.306461319123439324 6.750834278362857432 0.000000000179512404 0.389714353635699173 221793.000000000000000000
11.392691677757115443 10.165146912360935261 0.000000000910106268 0.310970839272082467 0.000000000000000000
8.656508666020371834 8.489484780332663405 0.000000000229514904 0.303589404353551195 0.000000000000000000
9.857532196250243572 8.716485809868141033 0.000000000436419763 0.086282937832615092 191449.589903571060858667
10.579388127888599058 11.063890707594286056 0.000000000458430695 0.408139200915587752 219692.000000000000000000
8.917372660904719694 9.257136703048647774 0.000000000734221483 0.268992062714562163 214264.000000000000000000
10.930414532736319799 8.194205488121850678 0.000000000219905079 0.143055315727405735 80742.270864749749307521
12.323494525460088056 7.416893050811343535 0.000000000270802818 0.423105186986478976 0.000000000000000000
9.821161327001172836 7.593062909501702151 0.000000000300416849 0.222825036247796399 0.000000000000000000
9.274963051990138041 10.258386951043181767 0.000000000655274302 0.326259224145072135 156177.154082959459628910
4.584746145393545191 12.988745270165260592 0.000000000000000000 0.404319026398778592 21395.241737699980149046
3.381120365607050982 10.826672455612497359 0.000000000000000000 0.474302152859466808 0.000000000000000000
1.557117697525599143 11.235102502237019451 0.000000000000000000 0.389126361931637743 0.000000000000000000
2.458352901244193145 15.186642145546265681 0.000000000000000000 0.340807640595369776 240675.000000000000000000
2.416612058099672389 10.890168248143893948 0.000000000000000000 0.425205589392496419 236159.000000000000000000
2.812864882981108039 15.169315924202658508 0.000000000000000000 0.347582976730212545 0.000000000000000000
3.544979173155756058 11.555387397300217245 0.000000000000000000 0.374713731260457483 239260.000000000000000000
1.514508303729768635 13.471518106205602194 0.000000000000000000 0.150182487472250020 0.000000000000000000
1.947383382379981764 14.114768117082654442 0.000000000000000000 0.164423675855798340 190922.933295455208281055
3.561132096866708174 14.882531577344312979 0.000000000000000000 0.359842084471626411 236889.000000000000000000
0.482479454997007673 13.799450872801038770 0.000000000000000000 0.342927724123475719 0.000000000000000000
3.433391914259973809 14.693530818941356486 0.000000000000000000 0.319317410447706784 235121.000000000000000000
4.247692221093575249 12.508234756743890514 0.000000000000000000 0.367386250633775224 0.000000000000000000
1.675524347013269466 11.132752553828842323 0.000000000000000000 0.399497349472032970 235274.000000000000000000
3.182955434082261448 15.649038292435415443 0.000000000000000000 0.448549355961284257 234952.000000000000000000
-7.103020755056204116 11.191833156120331694 0.000000000086335936 0.114246929762455221 0.000000000000000000
-5.310502023817552875 12.638542684870667898 0.000000000153207957 0.301340889691507241 447657.000000000000000000
-5.809893514818347704 12.555983036270147224 0.000000000022789313 0.221452296170321139 0.000000000000000000
-6.197055337734036051 13.936157116866310091 0.000000000037351734 0.404122421258250430 0.000000000000000000
-5.816728707137554188 10.438187727775106950 0.000000000297748475 0.279450825326943264 0.000000000000000000
-7.657246852111431856 9.508515920609966088 0.000000000386009429 0.424128113238575855 451738.000000000000000000
-8.846530164712293143 11.054339928618130529 0.000000000788769805 0.394631172867617341 451243.000000000000000000
-4.344592127358509082 11.592073408146783109 0.000000000578407495 0.426145203971069197 444953.000000000000000000
-6.620909659565061389 10.459056633759862720 0.000000000535536595 0.223860416965807607 445917.000000000000000000
-9.014940303198185845 11.123011197993227128 0.000000000468125179 0.420176925044044691 0.000000000000000000
-5.998625885658753099 10.310251675728494547 0.000000000490211294 0.281668962812285040 6983.537105207993590739
-7.595582224785141001 9.469919974018868203 0.000000000331229009 0.426361598604450609 449371.000000000000000000
-4.742034466422717642 13.235465573685271323 0.000000000868288092 0.445156715174975071 444955.000000000000000000
-6.227350865303615812 12.801110300846232803 0.000000000643363032 0.211782284585404684 0.000000000000000000
-4.947414179621020480 13.715529938992279568 0.000000000377934084 0.475944683716859995 0.000000000000000000
-13.598179332283843124 7.220952547653746834 0.000000000000000000 0.468602206948482536 243027.291527558496454731
-11.002566656385120325 6.630265943825745190 0.000000000000000000 0.456983730804940258 276596.000000000000000000
-13.457353279728957673 2.415660527614962305 0.000000000000000000 0.414676900966624795 285292.000000000000000000
-13.284699961449502936 4.221922153508280928 0.000000000000000000 0.129130755823655075 285649.000000000000000000
-10.311557099589654385 3.677618165996452859 0.000000000000000000 0.462357940948730006 216925.269776384608121589
-11.163420958165117369 5.121549315421856541 0.000000000000000000 0.286822570138949851 280247.000000000000000000
-14.680652334940383241 4.288243203563159689 0.000000000000000000 0.357178170667728334 0.000000000000000000
-13.026090638644777897 6.204438301322459992 0.000000000000000000 0.270954458170004409 245953.036503029899904504
-11.508742726573826687 4.349803361187026596 0.000000000000000000 0.222195112020511704 0.000000000000000000
-15.052111153172193170 5.821209876372512859 0.000000000000000000 0.461417092484693703 0.000000000000000000
-11.782219109986868943 3.726965993377358899 0.000000000000000000 0.234548680713862367 200462.428874243050813675
-12.536019761679320084 3.703098119865554594 0.000000000000000000 0.172599376194251919 124725.671451387184788473
-12.676289594549897899 3.923296235925888276 0.000000000000000000 0.131514835780396244 277915.000000000000000000
-10.186607454080682800 3.986312787047248563 0.000000000000000000 0.466261133505426084 0.000000000000000000
-12.848404025391037209 5.131872393087855144 0.000000000000000000 0.082402916554470962 279419.000000000000000000
-14.506202819605334753 -3.734340440305960573 0.000000000000000000 0.359055069661637360 197641.000000000000000000
-14.595272506952825964 -3.545533021197086576 0.000000000000000000 0.388683901320511671 17618.083785576054651756
-12.510979654865607813 -2.208695344748025313 0.000000000000000000 0.431127686065578830 193927.000000000000000000
-10.475184430663320612 -4.771875541332321724 0.000000000000000000 0.399217273991301858 194714.000000000000000000
-14.972666115497231587 -3.865459630453137674 0.000000000000000000 0.426641549344194349 195891.000000000000000000
-12.739603942759684330 -5.899117949351470713 0.000000000000000000 0.212266837536841280 33156.611039588460698724
-12.740979311974765409 -6.899257837010702943 0.000000000000000000 0.386124169759438807 192918.000000000000000000
-11.426817351770884201 -2.839671858998287668 0.000000000000000000 0.394081309283967784 0.000000000000000000
-13.006973537326915746 -3.015858321324417446 0.000000000000000000 0.293665576559898334 200404.000000000000000000
-14.578470963974728747 -5.467376714362231382 0.000000000000000000 0.359480757361266001 0.000000000000000000
-14.503543924436081980 -6.596921635533969486 0.000000000000000000 0.460737125653036705 0.000000000000000000
-11.577428578576757445 -3.079579055010175370 0.000000000000000000 0.344406739493637537 193871.000000000000000000
-10.362749991972915353 -4.328067431226018336 0.000000000000000000 0.423369716906729421 0.000000000000000000
-11.089678679545963647 -3.837562678630924928 0.000000000000000000 0.324423697063384031 0.000000000000000000
-14.401653066625415889 -6.764673786317052517 0.000000000000000000 0.470350529960109009 198093.000000000000000000
-7.619904296334610194 -11.164683358848652261 0.000000000186116124 0.186061771498340384 0.000000000000000000
-4.770657177986564079 -10.283449457263774462 0.000000000333122610 0.432427067930532594 0.000000000000000000
-5.889518876040624740 -13.221751032964817796 0.000000000630452778 0.305726283523924003 0.000000000000000000
-8.352689568571189938 -10.582824573442870530 0.000000000517574868 0.351663249118934207 0.000000000000000000
-8.971688367813660747 -12.075093798990149452 0.000000000494036587 0.404032706065367508 0.000000000000000000
-6.096266144412898491 -12.972022510670420559 0.000000000820143569 0.249270806226881830 0.000000000000000000
-4.630706405577329932 -10.647287249163600364 0.000000000292391438 0.419991918375449247 0.000000000000000000
-6.291048847581212300 -10.185507427479063125 0.000000000792960220 0.282653060521549593 0.000000000000000000
-7.122967893284116059 -9.144451019399030045 0.000000000169151473 0.460708440521483298 0.000000000000000000
-9.243729119609623623 -12.069540102784829472 0.000000000149988780 0.451842523211474389 0.000000000000000000
-5.205416120381951117 -13.850137413109479212 0.000000000054531305 0.465605883227431794 0.000000000000000000
-8.199033235964208188 -9.533334010443843098 0.000000000318541201 0.466300715191673432 0.000000000000000000
-5.646229898720299900 -13.239612600412657528 0.000000000859053836 0.331816757491014414 0.000000000000000000
-4.898505943277415398 -12.818721795714033362 0.000000000283260421 0.380614813681530939 0.000000000000000000
-7.470841413804333087 -9.802408682171675380 0.000000000734314824 0.363559612219148343 0.000000000000000000
1.408640618102833919 -11.072913829832682353 0.000000000000000000 0.425794353139084925 0.000000000000000000
4.829314641262189234 -12.434338347227440025 0.000000000000000000 0.469196923955003342 303692.823611881583929062
3.134461726150552519 -10.993498495128381620 0.000000000000000000 0.430723998860265522 421801.000000000000000000
1.460073549289257366 -10.767284520581481999 0.000000000000000000 0.473335717062964789 418250.174974037974607199
4.490519141424327287 -13.949213401251300937 0.000000000000000000 0.402459496261455330 426702.000000000000000000
4.507267078266759874 -14.674766034124171910 0.000000000000000000 0.460222854387400016 146775.897020456031896174
1.990988297825433184 -14.317329527846620607 0.000000000000000000 0.195175337681248173 0.000000000000000000
3.316059975828595796 -14.189453054311062630 0.000000000000000000 0.238770153478797098 271915.939697222143877298
4.389105258449963465 -14.838710973799127402 0.000000000000000000 0.459679852981539239 426022.000000000000000000
2.626496720091757719 -14.069520957419328511 0.000000000000000000 0.150464861867740690 429557.000000000000000000
3.948412761272495963 -13.100239244681944228 0.000000000000000000 0.289374790282174332 430062.000000000000000000
0.616916220494719947 -13.324376558588086894 0.000000000000000000 0.306202055497937220 424942.000000000000000000
1.527406608323372161 -12.320841613422700789 0.000000000000000000 0.222875371234420694 0.000000000000000000
3.236891985285041073 -15.655462863569368892 0.000000000000000000 0.452939414865114909 424032.000000000000000000
0.795266371748234335 -12.891814609251214918 0.000000000000000000 0.282741302201212186 0.000000000000000000
10.620386580869675797 -8.662805143886883386 0.000000000000000000 0.052058742800896174 469825.000000000000000000
12.299186336849945889 -7.944827930804779115 0.000000000000000000 0.376260878987267511 0.000000000000000000
12.053227700656279353 -7.904659076685118357 0.000000000000000000 0.339008439462535560 0.000000000000000000
11.980493779396049092 -8.440143930454137688 0.000000000000000000 0.297217892222339686 466573.000000000000000000
11.464853647274754422 -9.712619031462519814 0.000000000000000000 0.262035373035129970 0.000000000000000000
8.863350463647970301 -10.288941898985608958 0.000000000000000000 0.377696292613794116 257453.187555923796026036
10.581219201269954411 -10.313447706576839735 0.000000000000000000 0.277725603453090886 470718.000000000000000000
10.384789613802523078 -10.195640936546926270 0.000000000000000000 0.253948322125287118 0.000000000000000000
10.029634305527768134 -10.117871674171013296 0.000000000000000000 0.246633565876350602 468432.000000000000000000
11.172325042394511740 -6.750984892945831817 0.000000000000000000 0.379808905030043720 470624.000000000000000000
11.183583204525952226 -6.491894835886438564 0.000000000000000000 0.422644630628266571 469123.000000000000000000
8.120026795150630861 -9.832512337777272293 0.000000000000000000 0.439350956255690872 467999.000000000000000000
9.486052818785351448 -8.323313954761164979 0.000000000000000000 0.169590531053725041 0.000000000000000000
10.721237971426775815 -7.047213289803643477 0.000000000000000000 0.305665735760730140 472655.000000000000000000
11.753804795186571397 -9.638236628766371439 0.000000000000000000 0.296151133276198408 465188.000000000000000000
11.172422926288998468 0.620092174353286896 0.000000000000000000 0.435775713953688748 157297.000000000000000000
14.171457464936390025 1.394609393571670575 0.000000000000000000 0.266239303632962498 152511.000000000000000000
13.577297734478426250 -1.245224276346624137 0.000000000000000000 0.215881508874363304 157532.000000000000000000
13.466379076475623933 -1.078369811084221919 0.000000000000000000 0.187388889761817362 0.000000000000000000
14.216492911859175408 2.438723002696425723 0.000000000000000000 0.438836552320239159 153712.000000000000000000
15.857746396494903252 0.115162158984524157 0.000000000000000000 0.413430380927033658 157134.000000000000000000
14.279180722523417302 -0.984760051428988814 0.000000000000000000 0.215280684990788423 155179.000000000000000000
11.798310905345914534 0.908108707826035921 0.000000000000000000 0.348481862111363005 135519.763721104391152039
13.119541325600318160 0.148760360033916378 0.000000000000000000 0.079451521894558452 160264.000000000000000000
11.327372824266829454 0.614332227147905030 0.000000000000000000 0.408809331793503816 0.000000000000000000
12.536671695682588989 1.359073168312372015 0.000000000000000000 0.296234701027709768 0.000000000000000000
13.556007739729871275 -2.509001498278808473 0.000000000000000000 0.434779983309911355 156341.000000000000000000
14.344936622082190780 1.160091781070780481 0.000000000000000000 0.246605972563868375 0.000000000000000000
13.478894991279506854 -2.091117103128024457 0.000000000000000000 0.362597556689193745 0.000000000000000000
13.480040824069936534 -1.883300106929554740 0.000000000000000000 0.326594376074341719 0.000000000000000000
