-2.590452572304142276 5.870142311752609920 0.000000000000000000 0.357488349146525997 0.000000000000000000
-3.825702840401060456 4.717549391554970661 0.000000000000000000 0.315790056579503708 22903.103021439157600980
-3.615070658510524559 2.393429651456566720 0.000000000000000000 0.359781340731969157 222893.000000000000000000
-0.757155747176648353 3.465935081922337346 0.000000000000000000 0.277996714040122217 0.000000000000000000
-0.150662937564503496 4.173992838786626969 0.000000000000000000 0.378991585483601234 218216.000000000000000000
-2.433174138426013045 1.239524892830315306 0.000000000000000000 0.473009430831304700 221429.000000000000000000
-3.828694980396553316 4.240948025085857331 0.000000000000000000 0.286774039529826386 0.000000000000000000
-1.090739142305926279 4.995942900886570115 0.000000000000000000 0.286524906172163252 217566.000000000000000000
-2.677700580768690219 5.650402877339774754 0.000000000000000000 0.322210596437431773 0.000000000000000000
-4.757760234794067067 3.035286032863315331 0.000000000000000000 0.470687821205638068 218682.000000000000000000
-3.636687456376487049 2.674164295815464776 0.000000000000000000 0.327410256058312643 194703.658698906481731683
-0.150645246918314768 4.050034196265256625 0.000000000000000000 0.376684885477353737 0.000000000000000000
-4.655805334128232609 4.764275756658026495 0.000000000000000000 0.454692590037867772 213415.000000000000000000
-3.139397617456507916 2.123558951957406737 0.000000000000000000 0.351526463747793116 213447.000000000000000000
-1.207125726970858182 1.599616713509490307 0.000000000000000000 0.448959584605148732 217353.000000000000000000
-2.133520432937435096 -3.519680902896254349 0.000000000000000000 0.069628935565916941 0.000000000000000000
-3.712560039547891932 -3.831569484348286814 0.000000000000000000 0.259411077107583987 174337.000000000000000000
-1.488030311050192012 -4.874510301423740977 0.000000000000000000 0.222678124346194023 131394.215181834704708308
-0.798083061690066153 -2.390408516826944663 0.000000000000000000 0.372965730947121099 0.000000000000000000
-0.585419372404797023 -1.936586832356301580 0.000000000000000000 0.458256392280132152 180114.000000000000000000
-0.983551361395464285 -5.024482082453464393 0.000000000000000000 0.304041038683565523 122024.463929543941048905
-1.542765321637486142 -6.440941350598474280 0.000000000000000000 0.471871060438252221 177052.000000000000000000
-0.166979403238625507 -4.619931153180507621 0.000000000000000000 0.394720613318605695 173538.000000000000000000
0.042440606966061174 -3.369613374835384256 0.000000000000000000 0.420370629176829047 0.000000000000000000
-3.204491010566004938 -6.025639474418171382 0.000000000000000000 0.415863554539497304 0.000000000000000000
-1.771970477178255621 -2.758935504877493283 0.000000000000000000 0.219339603758801155 0.000000000000000000
-3.943972697277454476 -3.914409535151376573 0.000000000000000000 0.300472658756563871 177376.000000000000000000
-3.627095510390832445 -2.256913147323862834 0.000000000000000000 0.379494967031920372 173837.000000000000000000
-3.852502113459561173 -5.822095681509131815 0.000000000000000000 0.446004304160342202 0.000000000000000000
-2.642722636881734033 -6.429343389183152624 0.000000000000000000 0.457258146183928738 0.000000000000000000
6.922618462050352584 0.554598283309009843 0.000000000000000000 0.440348985742180510 0.000000000000000000
2.309119031272289124 -0.596119689885607262 0.000000000000000000 0.407038315452182331 0.000000000000000000
3.775585297850971855 -1.078645172342547420 0.000000000000000000 0.232580416092312503 200153.000000000000000000
3.017932030207963745 1.410029815890443405 0.000000000000000000 0.366037474710090238 193567.000000000000000000
4.074989280728259722 2.617958009738072356 0.000000000000000000 0.471782014602366628 0.000000000000000000
5.200223608326331792 0.861377839468868922 0.000000000000000000 0.195834061619078403 194819.000000000000000000
5.680749174741808183 0.214667516920354018 0.000000000000000000 0.211380506692236458 198648.000000000000000000
2.776762483626942668 -0.139054962876271643 0.000000000000000000 0.310636947673487429 195055.000000000000000000
3.477367985607236811 -2.282377935893243670 0.000000000000000000 0.445851567219744727 195088.000000000000000000
3.703078811945893278 1.180028125623553192 0.000000000000000000 0.254758618221009481 0.000000000000000000
5.229688189564387635 1.709515538801962276 0.000000000000000000 0.329270300179268949 193885.000000000000000000
2.144616538172602116 1.075155376577875632 0.000000000000000000 0.463585748915603779 202091.000000000000000000
2.199952000469305613 -0.613107429473742194 0.000000000000000000 0.426612463633120997 195431.000000000000000000
3.641703457950427492 1.195820347032539033 0.000000000000000000 0.263387469130194840 0.000000000000000000
2.520435846499691213 -1.407685475560081390 0.000000000000000000 0.434676646675792255 195047.000000000000000000
10.034479919831085226 8.599019595525081883 0.000000000136861287 0.060501066101252575 219806.000000000000000000
11.581859485222656403 11.061155627675644197 0.000000000298055142 0.461267054051858083 222116.000000000000000000
9.207297675806350057 6.704489004044265066 0.000000000779263132 0.411856876748466938 219212.000000000000000000
11.752981405340458210 6.609125791509274706 0.000000000391050335 0.450946155088655376 221765.000000000000000000
11.756765066740486603 6.465492131838673551 0.000000000554762389 0.472353707761029196 0.000000000000000000
12.843534549283736723 9.477029756609384847 0.000000000469904992 0.463912967131659915 20946.996174773121310864
9.190575399799238099 8.884962540167400391 0.000000000643872306 0.206391632763538418 221212.000000000000000000
10.888318259485870954 7.466820886586183370 0.000000000857393462 0.244765355235626730 215849.000000000000000000
7.963186622779468316 8.468945399379839145 0.000000000855128921 0.426559109882962584 222583.000000000000000000
9.279601206202064745 6.807080116924148605 0.000000000748783008 0.389812655615926262 218380.000000000000000000
11.071486672166946263 7.072307757560412078 0.000000000209337934 0.321088968175937517 217824.000000000000000000
8.713209793325209063 10.408436543719925993 0.000000000631213116 0.411470055153009273 151798.015045919222757220
11.134968169969026164 9.093223730167450114 0.000000000007368631 0.153963051098082088 218729.000000000000000000
9.558717589867963937 10.654695390983032866 0.000000000144827793 0.362581293198719512 218121.000000000000000000
10.363505928494120667 10.047351171064414999 0.000000000150610549 0.227871339401296696 219328.000000000000000000
2.853918082729750338 14.359940730650572860 0.000000000000000000 0.213940447905548059 0.000000000000000000
3.077145033557314058 13.564230726361113710 0.000000000000000000 0.141939042806946247 239739.000000000000000000
3.177661609301015933 13.067474119100525698 0.000000000000000000 0.154850198141860601 179315.982841524179093540
2.144033314246318600 15.796651735536695327 0.000000000000000000 0.450021288233200201 145268.850378579518292099
4.471999722027106827 12.961996531386963838 0.000000000000000000 0.385062131108950101 240083.000000000000000000
3.645279332347060475 13.207732195381517215 0.000000000000000000 0.233965411472279256 237789.000000000000000000
2.959631574558381217 14.869944923245180135 0.000000000000000000 0.304751581242359793 106832.192360239874687977
1.529512319805677034 13.158128841955404553 0.000000000000000000 0.144991920970255123 239500.000000000000000000
2.131012237901499073 11.952905178881421122 0.000000000000000000 0.238527223754657597 239254.000000000000000000
3.751206254312497990 11.582559378788420901 0.000000000000000000 0.393269389975461514 235749.000000000000000000
3.926363980019739852 13.688651504257139280 0.000000000000000000 0.293052101580501489 0.000000000000000000
3.249589137428220642 11.094672928363026543 0.000000000000000000 0.421267188394924830 0.000000000000000000
1.901373263332072350 12.633421584590033504 0.000000000000000000 0.138139448892074163 243357.000000000000000000
3.902587657446186853 14.974416654903752288 0.000000000000000000 0.411555139912272550 13948.472118527704878943
2.889141180492478700 14.589068478281433272 0.000000000000000000 0.253711400352945704 242394.000000000000000000
-8.890679170518799523 13.165390224757999249 0.000000000750019939 0.461741792694641995 118180.072245871473569423
-4.367062485472325228 12.551394496868521600 0.000000000516703283 0.446673678792696982 449647.000000000000000000
-5.015251777493781482 12.844886054413313659 0.000000000821129802 0.365409783462343540 445589.000000000000000000
-7.306235680173160496 13.578823452459250376 0.000000000517740162 0.344579192394119938 443852.000000000000000000
-5.523764250356557604 10.177344485163288823 0.000000000828788367 0.347847300092681166 442359.000000000000000000
-6.716431884533724528 12.317336299386468568 0.000000000310850302 0.106014557739596560 0.000000000000000000
-7.538668772993788458 9.543353700133577533 0.000000000029443562 0.410644431480097549 0.000000000000000000
-6.956875586580092197 14.257339708122662714 0.000000000218197937 0.451000793547800982 0.000000000000000000
-7.323501502783922312 12.467407691173901796 0.000000000036884015 0.169246106504588156 30243.377844440718035912
-7.769621429475800589 12.909671055718966670 0.000000000527056873 0.280214148978033373 442542.000000000000000000
-6.220969293686724022 13.337947926880604044 0.000000000416266518 0.300904150310927820 0.000000000000000000
-5.557082474435016017 11.249125294395193819 0.000000000511478033 0.225396682888767436 450603.000000000000000000
-6.758579806593650652 10.484021570139310242 0.000000000255895547 0.218576830241770687 447592.000000000000000000
-7.360935932456088793 9.179102316488457092 0.000000000711670898 0.462930984387179723 450321.000000000000000000
-4.076468908906023536 11.611904028855123627 0.000000000439776797 0.473706237852627665 447045.000000000000000000
-15.010081805215131467 5.876554207562668886 0.000000000000000000 0.458913186617473379 0.000000000000000000
-13.229339191557922817 6.956519684133546377 0.000000000000000000 0.406220326992077829 0.000000000000000000
-12.345786884752254053 2.347115593259391009 0.000000000000000000 0.410924630096684784 276216.000000000000000000
-11.626702042410444804 6.270574896180499458 0.000000000000000000 0.338284960483995756 242903.546601225389167666
-12.960080715548256691 2.398123210789244286 0.000000000000000000 0.398765182773753113 276977.646138807351235300
-15.217405889544174613 5.246284551865188384 0.000000000000000000 0.457055394592927045 280826.000000000000000000
-14.845768905906917112 4.883702101358398551 0.000000000000000000 0.381806110735611381 279883.000000000000000000
-13.179711495715521252 4.222257174788829559 0.000000000000000000 0.114910949601429738 283354.000000000000000000
-10.566064415559527134 5.782326531955598981 0.000000000000000000 0.428445020445029467 285044.000000000000000000
-11.955345118935980508 6.843566479752682952 0.000000000000000000 0.400439701736932496 276499.000000000000000000
-14.280354101871994388 4.075804071607899814 0.000000000000000000 0.298270856425293107 284732.000000000000000000
-10.839083890676681321 3.228830767704256921 0.000000000000000000 0.418997193327912243 0.000000000000000000
-12.669899051973237292 6.411054554882150924 0.000000000000000000 0.301359710615546228 279698.000000000000000000
-11.326127215974752360 3.831262117042548709 0.000000000000000000 0.287998039565112940 1061.284903155274605524
-10.881834929805744849 4.981128946900369669 0.000000000000000000 0.330652747170794625 276384.000000000000000000
-13.167066611341271098 -2.013770084648194292 0.000000000000000000 0.469936829485257501 0.000000000000000000
-11.302996491743117602 -6.418543849073629737 0.000000000000000000 0.393930444175996708 0.000000000000000000
-12.193554783645618400 -6.992997484065888614 0.000000000000000000 0.413318567313589513 195458.000000000000000000
-14.531898633090404971 -3.741011055716294553 0.000000000000000000 0.362614879375290966 0.000000000000000000
-13.958827722020231477 -5.067167279157136051 0.000000000000000000 0.232062015410632871 28310.063792259155889042
-10.949724846017669933 -2.770090958557468230 0.000000000000000000 0.457846244541721736 200190.000000000000000000
-13.824305245361479422 -4.658715845731586924 0.000000000000000000 0.198112784858068491 194377.000000000000000000
-13.732106346426355969 -4.732002907706554851 0.000000000000000000 0.181883784356129397 193283.000000000000000000
-13.458767404475890928 -2.344961502795027020 0.000000000000000000 0.426399572179305020 197059.000000000000000000
-14.124898832913583391 -5.558988413573237253 0.000000000000000000 0.294333489150291727 201163.000000000000000000
-11.130069648714409070 -4.993741744978258623 0.000000000000000000 0.287472969948291579 0.000000000000000000
-11.896483666038699667 -2.527331572144499994 0.000000000000000000 0.401920724274603125 197870.000000000000000000
-10.203382971670325929 -5.599365357586000513 0.000000000000000000 0.475346593824997665 0.000000000000000000
-12.074070035912352949 -6.638273057166143687 0.000000000000000000 0.359669204316843516 194579.000000000000000000
-13.936399042342797472 -6.425872178789896694 0.000000000000000000 0.373348681967337226 0.000000000000000000
-6.285898802215223569 -13.376599275931669197 0.000000000832388838 0.304185844008609430 0.000000000000000000
-7.719482145174894505 -10.119554747753802815 0.000000000544843882 0.333002088036442878 0.000000000000000000
-5.803119884060280675 -12.000925641793864784 0.000000000091226060 0.173015224168210552 0.000000000000000000
-7.236156516907457537 -12.563843847702312218 0.000000000154998772 0.174414835330605644 0.000000000000000000
-8.290486713846265232 -9.995188179111242022 0.000000000136169791 0.412119025104091041 0.000000000000000000
-5.339306281928190678 -12.549703099054175581 0.000000000737459832 0.288692872554759394 0.000000000000000000
-7.502047805184512974 -13.084181425941290300 0.000000000160292423 0.277746169604563220 0.000000000000000000
-4.695665099619628080 -12.451086142349245378 0.000000000459418716 0.385529467250184388 0.000000000000000000
-4.623459201562271303 -10.503781836123369686 0.000000000609166119 0.433218441426390766 0.000000000000000000
-5.635792250850709451 -13.501099818127014984 0.000000000679484929 0.371406759370168205 0.000000000000000000
-8.596930985924982949 -11.871453817648740525 0.000000000202988050 0.333411967676462917 0.000000000000000000
-8.944168700301915464 -11.092193430146121358 0.000000000066460599 0.409417243547620213 0.000000000000000000
-6.863525011622769512 -13.248678681704015858 0.000000000879760511 0.271791393110894730 0.000000000000000000
-4.331056711142441173 -10.592467953056718954 0.000000000094998205 0.472279297186263602 0.000000000000000000
-8.665183753997007798 -10.463997224307329148 0.000000000628356542 0.409585351597925418 0.000000000000000000
3.260794894391269683 -14.326947606384189626 0.000000000000000000 0.249429377228879950 0.000000000000000000
-0.194625897184858537 -12.589670861856156137 0.000000000000000000 0.467018122369528499 0.000000000000000000
2.506201153456341757 -13.855179246091006817 0.000000000000000000 0.107464672829008082 0.000000000000000000
2.042951644997887062 -12.978811333976997489 0.000000000000000000 0.074245287333496390 0.000000000000000000
-0.273641125624695281 -13.703125406687073351 0.000000000000000000 0.470939693225530809 423454.000000000000000000
3.244386716963580053 -12.723175286968407605 0.000000000000000000 0.189781349971211710 0.000000000000000000
2.091160336487969840 -15.176570014611268533 0.000000000000000000 0.341104625930217065 429019.000000000000000000
4.176364997058415796 -11.913289021364956710 0.000000000000000000 0.408183728461037509 0.000000000000000000
2.786303409687350463 -15.218777068539610653 0.000000000000000000 0.355025269527400544 426688.000000000000000000
2.225472750788901610 -14.548300644660557168 0.000000000000000000 0.227280000598418630 362576.357884736265987158
1.541882630389054487 -12.224891048950597749 0.000000000000000000 0.234626362113454029 425398.000000000000000000
2.906209933801211953 -13.724600118615940758 0.000000000000000000 0.129410516408559689 296537.875951454916503280
0.140511500363640185 -13.932387497428985412 0.000000000000000000 0.408054145726848783 0.000000000000000000
3.462189372111195151 -12.385161433382219087 0.000000000000000000 0.256102337595092655 422594.000000000000000000
-0.106203760585514090 -14.100086183959403385 0.000000000000000000 0.459007202496906130 427961.000000000000000000
8.720478316776500094 -8.643999548615257211 0.000000000000000000 0.289346787251058113 0.000000000000000000
9.558203474482320772 -6.471871421054987472 0.000000000000000000 0.423204969809978404 0.000000000000000000
9.485402755933423080 -6.811915631699215545 0.000000000000000000 0.372531156433100308 469297.000000000000000000
10.145486181571348183 -9.298197348599881451 0.000000000000000000 0.102586152452599957 267726.293028859829064459
8.824372099459596441 -9.433174429991449728 0.000000000000000000 0.295865339048896336 463810.000000000000000000
11.250359749681592803 -8.001789900038044578 0.000000000000000000 0.208246084386298075 468611.000000000000000000
12.663547472702530783 -7.966731389376531247 0.000000000000000000 0.435937610438096146 0.000000000000000000
11.856957289780480025 -7.639223025973061354 0.000000000000000000 0.332652930342568875 465422.000000000000000000
10.762448414029307742 -9.758518965602272388 0.000000000000000000 0.192381376322690006 463709.000000000000000000
10.965439558705856626 -9.355987673738370702 0.000000000000000000 0.154105457803803636 472179.000000000000000000
10.961826842493749723 -6.386490290818115589 0.000000000000000000 0.428206477139615294 465444.000000000000000000
9.158383601508051086 -7.126582312834172761 0.000000000000000000 0.354285882801276708 317758.367846371664199978
9.871728563149199331 -10.542561751765340716 0.000000000000000000 0.325799814135656340 0.000000000000000000
12.253876667082939989 -7.221050672019074135 0.000000000000000000 0.433024246428857951 463155.000000000000000000
9.416629829043737132 -10.486977685552481887 0.000000000000000000 0.346931954616064964 108289.757222307947813533
13.497414117758241403 1.016122632588675856 0.000000000000000000 0.176286669514693822 151343.000000000000000000
13.546928353649493104 -1.654649333005533407 0.000000000000000000 0.286748910412658486 157510.000000000000000000
15.923153020022185800 -0.406777074022382057 0.000000000000000000 0.430360406284120534 0.000000000000000000
13.447137176170752326 -0.508327608215732751 0.000000000000000000 0.089691158696153794 152980.000000000000000000
13.637616299620114901 0.579458887537595002 0.000000000000000000 0.101867579622671317 155074.000000000000000000
14.397095285238508566 -1.058064001989500458 0.000000000000000000 0.238294927002234869 0.000000000000000000
14.517980404865205912 2.126309113422232056 0.000000000000000000 0.406850785965054473 152338.000000000000000000
13.669797676384463969 2.681389839429014099 0.000000000000000000 0.465092778655422479 0.000000000000000000
13.732420065145802823 -2.574793110119001138 0.000000000000000000 0.447306734475135526 0.000000000000000000
14.055092197844700763 1.366174559535065391 0.000000000000000000 0.253631522382801677 152254.000000000000000000
12.625383067804044401 2.399407614261879651 0.000000000000000000 0.447402726464730727 152879.000000000000000000
13.482588012916567166 2.226594160168199110 0.000000000000000000 0.386042954813382855 151787.000000000000000000
14.313165515708115905 -2.318077676434636469 0.000000000000000000 0.423998311538197670 0.000000000000000000
13.862444165241052829 -0.144264206435376852 0.000000000000000000 0.062498220505108087 0.000000000000000000
14.391527123320479120 1.590972590354675642 0.000000000000000000 0.314203312513374189 160985.000000000000000000
