-4.069197142920983445 3.329039957406704886 0.000000000000000000 0.337848727593896780 0.000000000000000000
-3.389316725664456964 3.457279277690618713 0.000000000000000000 0.215819397118322986 11420.490119852171119419
-3.694217490819601046 5.544500445444727532 0.000000000000000000 0.390103540374787561 9376.440068235771832406
-1.569987710330705166 3.828673558252805531 0.000000000000000000 0.123151076647050772 147198.813660117448307574
-2.885660662505832086 1.480971525714390724 0.000000000000000000 0.443256048034279038 42047.640257323924743105
-1.745078459587620312 5.217200354998351663 0.000000000000000000 0.253438062456534441 220781.000000000000000000
-1.162808466815864028 5.664775455688075390 0.000000000000000000 0.371540568414004901 221021.000000000000000000
-3.734474523616723829 3.861828243104275860 0.000000000000000000 0.263155143080549214 216234.000000000000000000
-2.959085246228281729 5.725072938583960713 0.000000000000000000 0.349739383463615328 215810.000000000000000000
-1.682114709701582722 1.847100419417947892 0.000000000000000000 0.378104340782148718 217802.000000000000000000
-1.928513838671545688 2.125968887858548317 0.000000000000000000 0.319658456474903430 216477.000000000000000000
-2.143986096718852874 6.206881507147151922 0.000000000000000000 0.413068524629781497 223091.000000000000000000
-0.623317517488412465 2.577971053150509562 0.000000000000000000 0.373561151051377049 51679.306723535773926415
-1.250808439293282559 4.153268223503916445 0.000000000000000000 0.185563715120121819 223070.000000000000000000
-4.018248555513690867 4.110529044351635797 0.000000000000000000 0.316119165288298365 219966.000000000000000000
-1.817534822192831800 -5.045222017361565392 0.000000000000000000 0.220209961301520540 0.000000000000000000
-2.231314881675816597 -3.134010119844341968 0.000000000000000000 0.134754540659514893 178698.000000000000000000
-4.004176565692042722 -2.545545502442161823 0.000000000000000000 0.392520900438750542 177516.000000000000000000
-3.192323302659357154 -6.327937498274601502 0.000000000000000000 0.464775524796908701 0.000000000000000000
-4.621649434751006424 -4.521059708516386166 0.000000000000000000 0.435893246736113849 173744.000000000000000000
-3.294592015689026265 -4.336530938117426182 0.000000000000000000 0.201075749900454098 35366.244178330984141212
-0.515208137537918387 -2.223933895452982590 0.000000000000000000 0.429663289155763239 0.000000000000000000
-4.055902983812647911 -4.235119049055089846 0.000000000000000000 0.326214340432967709 175906.000000000000000000
-2.519840374073189615 -5.849247328608679908 0.000000000000000000 0.351942282064399925 171978.000000000000000000
-0.694157826601372152 -1.741439856758515203 0.000000000000000000 0.473518181235730917 173760.000000000000000000
-0.249925139492820109 -3.611945662656636191 0.000000000000000000 0.361332042123087893 170210.028639738797210157
-0.471011126759345644 -3.854128031862325443 0.000000000000000000 0.318583071580851973 179794.000000000000000000
-1.542674157622001996 -4.495671878693814350 0.000000000000000000 0.167022492339694101 165887.096082867443328723
-0.042188604072550977 -3.190459620917856842 0.000000000000000000 0.414139817253745601 50549.787795237461978104
-3.588875251154571622 -4.215482948783463080 0.000000000000000000 0.244123781890341285 180647.000000000000000000
5.056094907510389369 0.035183161187878349 0.000000000000000000 0.096787744062020384 196181.000000000000000000
4.502168837359972642 -1.134054249632149514 0.000000000000000000 0.201508567381731118 194197.000000000000000000
4.123851266265966764 -1.064418191755333254 0.000000000000000000 0.201558758751814671 168599.225175014813430607
2.400618335475614540 -1.427926472834760263 0.000000000000000000 0.454305835710546446 0.000000000000000000
5.118361922592582935 -2.232519708381370815 0.000000000000000000 0.410832015612490553 0.000000000000000000
4.894314030807338511 0.755016868661074314 0.000000000000000000 0.150255881268610642 200697.000000000000000000
2.139031415181472884 -0.750713304417897742 0.000000000000000000 0.443856924646820028 198967.000000000000000000
3.487237059987707166 -0.998599975379550253 0.000000000000000000 0.254992480468174632 200769.000000000000000000
6.056623666832272157 -1.618753818098248809 0.000000000000000000 0.397599540156907350 195036.000000000000000000
6.213993873422850811 1.521257580098655859 0.000000000000000000 0.405747105149392162 195122.000000000000000000
4.589363570636351142 0.626201359092975807 0.000000000000000000 0.112061393146892285 0.000000000000000000
5.879126043403784863 0.909010407133837184 0.000000000000000000 0.291908748272695029 0.000000000000000000
3.004510155878765687 1.100606087861050630 0.000000000000000000 0.332717799707416495 201585.000000000000000000
6.381198364554289348 -0.943187972385450935 0.000000000000000000 0.372449249238443469 0.000000000000000000
2.485426879958772872 -0.487235448476298016 0.000000000000000000 0.371808274386084436 5833.887448275459064462
8.748784719069730542 10.482818191317431200 0.000000000499484032 0.416487368296845129 221359.000000000000000000
9.374544251594805644 9.272676800077821468 0.000000000632357766 0.195296433759608284 0.000000000000000000
9.185171321457104909 9.081191274433622951 0.000000000011684941 0.214102915370951774 0.000000000000000000
9.676159355577551580 6.845914821713662057 0.000000000166737907 0.354239872222871788 221255.000000000000000000
10.575992027994640665 9.119823914025641187 0.000000000350411927 0.077516272763137509 0.000000000000000000
9.547378798834907698 9.401629149712020350 0.000000000846601672 0.182098057745333552 218998.000000000000000000
10.565514890565475881 11.067800831592444766 0.000000000320783494 0.408579745476134737 218330.000000000000000000
12.669787285186131953 7.843529876325098016 0.000000000404719652 0.444180391939298314 220652.000000000000000000
7.936956196530974950 7.745962921745444874 0.000000000640743525 0.463253302627404273 0.000000000000000000
8.622014061455010037 9.213582947539581625 0.000000000318945916 0.317063130918472269 0.000000000000000000
9.093607229295306738 10.301076751321092573 0.000000000785205060 0.351909517184203602 214125.000000000000000000
8.748358435707494607 7.589228511708969727 0.000000000410334033 0.349311886219497436 217090.000000000000000000
9.185785427136501369 6.424135600155531201 0.000000000180742059 0.457126392875818521 217891.000000000000000000
10.161946516947095276 8.287202331567709024 0.000000000385293826 0.086869856681094759 0.000000000000000000
8.240524420522515214 9.409395939828099742 0.000000000020199953 0.391961776358141722 0.000000000000000000
0.739618555360954555 13.389321913373262163 0.000000000000000000 0.284925008607065933 26908.115484455611294834
1.631233023219474942 13.522042660164135697 0.000000000000000000 0.132715757916809091 0.000000000000000000
4.228574458170414552 14.627453529990885883 0.000000000000000000 0.414385077314990802 243858.000000000000000000
2.782537325950479978 14.306450716290187941 0.000000000000000000 0.199989050090745968 235223.000000000000000000
4.291098214403276323 12.624340542090372708 0.000000000000000000 0.367539908239582658 239508.000000000000000000
3.943451499654824666 15.351402103937630272 0.000000000000000000 0.467458149843424375 0.000000000000000000
0.491405374476735823 12.229584496367401414 0.000000000000000000 0.377727468071485717 184029.870677313097985461
2.153833443286685689 14.727913503139088647 0.000000000000000000 0.260435572948287453 241689.000000000000000000
2.733767636283557678 11.815953915420433162 0.000000000000000000 0.269654762014742311 0.000000000000000000
3.593589349828140822 14.065378888937241086 0.000000000000000000 0.264710439951389931 238861.000000000000000000
3.172587536440766076 11.029745248374052125 0.000000000000000000 0.426965006479542442 194835.077211590192746371
1.243893971409787635 15.028248382338379230 0.000000000000000000 0.367574126707442994 240267.000000000000000000
1.306669745469756450 13.869345479529318510 0.000000000000000000 0.211404694821572509 243019.000000000000000000
3.282484558522115403 10.891519292498831106 0.000000000000000000 0.456946028946603133 0.000000000000000000
3.982526714493983988 13.751248137690776474 0.000000000000000000 0.305640392061931887 240659.000000000000000000
-8.489821269453100783 10.015437394314508524 0.000000000395546714 0.434306821005427890 446300.000000000000000000
-8.598285940920202819 11.180637328094992000 0.000000000592662660 0.345867878442449206 0.000000000000000000
-8.593663094754681708 10.399674407297366585 0.000000000784776085 0.405356822776306525 447941.000000000000000000
-7.773647837472148936 12.147982311331713134 0.000000000843572718 0.200513337861796703 452031.000000000000000000
-8.655031804362883108 13.393475949786969537 0.000000000039796113 0.452666308321938216 446440.000000000000000000
-7.872908138874894490 9.844323793092030428 0.000000000688190103 0.388718150219463765 413980.899332404776941985
-6.081160975218307563 13.454185998963696491 0.000000000412589911 0.328572834092770771 0.000000000000000000
-6.926772577070773096 10.022578178462515197 0.000000000920593598 0.302136320948953818 0.000000000000000000
-4.670282790044152144 10.355866761286922184 0.000000000135416792 0.439840280122941130 0.000000000000000000
-6.146274802234127144 11.539677274156362685 0.000000000609755579 0.109170670703983050 447716.000000000000000000
-7.785555904833114660 9.715761344992177584 0.000000000778735120 0.400768449148626749 450737.000000000000000000
-7.045534497738212387 9.791171821714414136 0.000000000529279589 0.345583405063314031 446904.000000000000000000
-5.765780712455105927 10.718885911890424723 0.000000000429726941 0.247092404158317097 448540.000000000000000000
-5.992993084444919738 11.982065237504009758 0.000000000730575243 0.139805295662493334 0.000000000000000000
-8.668955859259799723 10.075101164464006942 0.000000000723352151 0.450966771544690836 0.000000000000000000
-10.177009337141001311 4.701540990673246156 0.000000000000000000 0.452038102010572429 232650.328513502725400031
-12.253232545726683966 6.281552100285436424 0.000000000000000000 0.290760193766862629 284788.000000000000000000
-10.186640282585107897 4.023103369672480056 0.000000000000000000 0.464630645404177312 0.000000000000000000
-14.354976747262643499 3.318912484721675327 0.000000000000000000 0.375731904116393400 0.000000000000000000
-10.860908370995959515 5.342003852331813185 0.000000000000000000 0.349842860217183305 283678.000000000000000000
-13.359711128685995973 2.666805952286460446 0.000000000000000000 0.367879462263501655 276410.000000000000000000
-10.086495204032738471 4.953127078779325565 0.000000000000000000 0.470598568637258408 0.000000000000000000
-14.042287458212991069 3.057897113645177356 0.000000000000000000 0.367590998268901459 281703.000000000000000000
-12.470415332343048220 2.661904283220669409 0.000000000000000000 0.353483983481749642 285765.000000000000000000
-13.743847417234318797 3.792997157482102200 0.000000000000000000 0.239533759361785142 0.000000000000000000
-10.521389110301868186 3.867553983197402179 0.000000000000000000 0.415516369168632882 276036.000000000000000000
-14.478450853582925717 2.900339705281841596 0.000000000000000000 0.440370039460766249 281219.000000000000000000
-11.367658941051521637 4.043435022367785514 0.000000000000000000 0.264151607973049041 0.000000000000000000
-11.957564544472635504 3.357784978391257447 0.000000000000000000 0.266530275391687943 132387.922155379812465981
-10.462922023029390672 3.811718503197737640 0.000000000000000000 0.428674820781846100 0.000000000000000000
-10.951837100774364231 -3.163298021312928476 0.000000000000000000 0.410397258094320760 202551.000000000000000000
-15.018565357105089220 -5.182294892714836010 0.000000000000000000 0.420088469003826293 0.000000000000000000
-14.313710926472685614 -5.758332203672614114 0.000000000000000000 0.341203594455581183 194724.000000000000000000
-13.972337817390121373 -5.777244115264630331 0.000000000000000000 0.294434192887955970 196350.000000000000000000
-11.971635258485351372 -5.252987648098971007 0.000000000000000000 0.165745931635811972 197984.000000000000000000
-14.568005876878514115 -3.351957630492943707 0.000000000000000000 0.402648678018449058 0.000000000000000000
-11.544309850521523586 -7.042494547576913178 0.000000000000000000 0.461597492245414132 0.000000000000000000
-13.395017037335295029 -2.612027576525833616 0.000000000000000000 0.378870517541443574 0.000000000000000000
-12.720848816101010925 -6.454762563231233763 0.000000000000000000 0.308833599802522729 193139.000000000000000000
-10.806402287313444432 -4.916035072653566651 0.000000000000000000 0.342372830249951743 19128.497244666712504113
-13.726722562267827499 -4.474398650337073846 0.000000000000000000 0.184130706069828759 192618.000000000000000000
-12.290179767353814455 -4.461231080423555539 0.000000000000000000 0.084347979874267121 196715.000000000000000000
-13.684560369210922559 -3.954762834435101126 0.000000000000000000 0.213937636599725284 0.000000000000000000
-12.757926301560489790 -4.609495948430474499 0.000000000000000000 0.014433961154826635 190972.797231019096216187
-10.685735776619512905 -4.705051242352352503 0.000000000000000000 0.361391917682079289 193430.000000000000000000
-5.136773055163327939 -9.735856747399735056 0.000000000332906050 0.452096419067029187 0.000000000000000000
-5.256495709222914314 -13.577421437912002844 0.000000000607029209 0.421577116489398773 0.000000000000000000
-8.272380341008213733 -11.009995224821253146 0.000000000202763971 0.301688075679965861 0.000000000000000000
-4.625090728029909393 -10.939895595089803138 0.000000000615855569 0.400153154275698586 0.000000000000000000
-5.430884268196135345 -11.787281876184366070 0.000000000412168204 0.232289875570871579 0.000000000000000000
-7.601200959989657946 -12.710973530533081544 0.000000000117044878 0.234037931640850183 0.000000000000000000
-5.223571495832741718 -13.857920417097828292 0.000000000262840487 0.464842146543442969 0.000000000000000000
-7.328642728621537650 -11.553407639816299479 0.000000000434057010 0.110219700771546886 0.000000000000000000
-7.729153797538693027 -12.687897125811074872 0.000000000904541908 0.246844917756433441 0.000000000000000000
-8.506067750476271172 -11.939366840946417980 0.000000000071441014 0.318519815396853756 0.000000000000000000
-8.570016116658575100 -12.161259661015144218 0.000000000008772068 0.336722341564081540 0.000000000000000000
-5.802692734416861065 -12.093396888139796630 0.000000000031173686 0.178511935475342859 0.000000000000000000
-8.135967542645008876 -12.191102836728873626 0.000000000336362161 0.263731108753770649 0.000000000000000000
-6.266888922859097377 -13.254683601286766148 0.000000000703152273 0.284381664953152036 0.000000000000000000
-5.072141273061101074 -12.955728552985593893 0.000000000030585688 0.368306038674914071 0.000000000000000000
2.536402005472732313 -12.155550298797415110 0.000000000000000000 0.202863843633727226 429673.000000000000000000
2.513496127667300684 -12.423860766837062641 0.000000000000000000 0.155187685529904362 426615.000000000000000000
3.545182335082579517 -14.454604049203464200 0.000000000000000000 0.300867321053835013 428714.000000000000000000
0.552134346561897416 -11.634984196816246182 0.000000000000000000 0.431764871782987558 0.000000000000000000
3.619491979533469017 -11.156059641870969656 0.000000000000000000 0.441470239713478985 423448.000000000000000000
0.877646455160019046 -13.906576528936220427 0.000000000000000000 0.282829226811360634 97392.455391583105665632
4.695821830621332182 -14.448819600126672213 0.000000000000000000 0.469651379511822065 429595.000000000000000000
3.600447199883806793 -12.169495905789050383 0.000000000000000000 0.299585858892993218 426047.000000000000000000
1.386086935102042172 -11.029085515224073433 0.000000000000000000 0.434549517517303308 0.000000000000000000
2.549522888475655336 -14.104297795793570458 0.000000000000000000 0.152273231052145797 275776.025464947277214378
0.560819037385199670 -14.476869299061412732 0.000000000000000000 0.381599220945221029 0.000000000000000000
3.886106288048241097 -12.637831808047902626 0.000000000000000000 0.299018071583526057 51152.560044415120501071
1.157533812250716165 -15.150099584085575444 0.000000000000000000 0.394139852764598952 0.000000000000000000
0.326073283478741649 -13.860479928737062139 0.000000000000000000 0.372715627750002110 0.000000000000000000
2.951270737218972595 -15.641749266443827793 0.000000000000000000 0.435150401610293558 421591.000000000000000000
9.944752081718098324 -9.978269688061180531 0.000000000000000000 0.227101699145959318 466773.000000000000000000
9.211843101837400738 -10.745354193398776843 0.000000000000000000 0.404411428814184515 465194.000000000000000000
11.736216241538224736 -9.001627808323855007 0.000000000000000000 0.252690110074635488 0.000000000000000000
12.834206743295673903 -8.966801182436279660 0.000000000000000000 0.446091032549033983 466425.000000000000000000
12.348324020217800623 -9.092527782097315381 0.000000000000000000 0.362889502962958022 0.000000000000000000
10.740304297378227005 -6.644984575406762239 0.000000000000000000 0.375330218473771848 0.000000000000000000
10.555129126886368951 -10.864787143614748288 0.000000000000000000 0.373001487793519104 136348.904095130041241646
8.638206795429454132 -10.406321774057278873 0.000000000000000000 0.420761983710536858 439066.502806232892908156
11.416400796356573011 -6.771950726429583511 0.000000000000000000 0.395463850629837577 472445.000000000000000000
9.970261112083653288 -8.315693795533155352 0.000000000000000000 0.100550737547642557 464339.000000000000000000
12.765029651939592270 -9.036635887995599248 0.000000000000000000 0.435053401547769725 469762.000000000000000000
11.911893457652535488 -7.297097047993509555 0.000000000000000000 0.377914464223082835 0.000000000000000000
10.118244545410252755 -7.666511889393415657 0.000000000000000000 0.193799366384574845 0.000000000000000000
11.226445795102888425 -11.103224535013737295 0.000000000000000000 0.441556871113673532 464149.000000000000000000
7.918113781328453449 -9.380778360647807901 0.000000000000000000 0.445879727313415075 199902.582344003662001342
14.844063798566985213 1.183364067739498759 0.000000000000000000 0.309463242222939028 155550.000000000000000000
13.761183425051962459 1.314065956407101110 0.000000000000000000 0.230982299405414759 0.000000000000000000
11.566137099617535000 0.335400735602880751 0.000000000000000000 0.356831876043081475 0.000000000000000000
15.274812010197976520 1.115664556214494008 0.000000000000000000 0.364153791264314741 154853.000000000000000000
13.160952190694183983 2.187859766847202181 0.000000000000000000 0.385443311222343266 0.000000000000000000
14.239686460109330923 1.270872846481183593 0.000000000000000000 0.252728933489382301 156802.000000000000000000
13.178160073209637559 2.516599511225926733 0.000000000000000000 0.441196566594774797 154476.000000000000000000
15.081813878046656185 0.428414588385748085 0.000000000000000000 0.284443201759240649 0.000000000000000000
15.191206252706317414 -0.993095679149641475 0.000000000000000000 0.340481828253272500 0.000000000000000000
11.913758240781971764 -0.148636557223844529 0.000000000000000000 0.291222322811439727 154338.000000000000000000
12.251445162429291713 -0.139031104379856857 0.000000000000000000 0.231150513035741717 158392.000000000000000000
11.536997203022066216 -1.086092561625875197 0.000000000000000000 0.404115613380666927 155802.000000000000000000
15.740094771816336205 0.264579653534893544 0.000000000000000000 0.394630513954222439 155353.000000000000000000
12.750256137207246709 0.280075754719188830 0.000000000000000000 0.149119983069245704 145126.897001109318807721
12.719773236138781414 -1.776384502410778499 0.000000000000000000 0.341347279076095134 0.000000000000000000
