-3.487589636692712158 2.327467005664169974 0.000000000000000000 0.354081123022306765 0.000000000000000000
-2.687945584791030296 5.750071942221186561 0.000000000000000000 0.339901429264288180 213964.000000000000000000
-1.373257919704405694 3.572981279271735922 0.000000000000000000 0.167540959395483663 222806.000000000000000000
-3.091712090430080995 5.533883925159389428 0.000000000000000000 0.328166240325583836 219974.000000000000000000
-3.033944476992817219 1.878859824028203729 0.000000000000000000 0.383831446518787756 112125.275364139000885189
-1.782447322867197759 4.463492981817961613 0.000000000000000000 0.132733181220249158 100356.096275063959183171
-1.835312784882805248 3.528238894728769726 0.000000000000000000 0.099183924165111681 216419.000000000000000000
-1.224924708433235532 3.222748678196301952 0.000000000000000000 0.219206868234118335 216106.000000000000000000
-2.540745626248946287 2.513415825593533715 0.000000000000000000 0.250277661554681063 223212.000000000000000000
-2.903495968526993209 2.441373086926839076 0.000000000000000000 0.282425495691593975 215714.000000000000000000
-0.341214174392799885 3.742150429412458568 0.000000000000000000 0.342664717463546598 0.000000000000000000
-2.340192795688936567 5.213714945072771556 0.000000000000000000 0.236149665921705026 0.000000000000000000
-0.579628085547069904 3.476035958044689789 0.000000000000000000 0.308126398554652459 0.000000000000000000
-3.857675699915963818 1.936666409275728862 0.000000000000000000 0.449557815252057069 217175.000000000000000000
-3.995974776241022930 4.074767296447767251 0.000000000000000000 0.311445631813445922 0.000000000000000000
-1.915331435521610448 -1.266308455534729926 0.000000000000000000 0.471271009356314274 173348.000000000000000000
-4.143248916330689369 -4.482877356213135656 0.000000000000000000 0.352116029680426101 0.000000000000000000
-0.622832113951129918 -3.030452921924804421 0.000000000000000000 0.329255741907437449 0.000000000000000000
-1.150941260569841473 -6.100255407367136229 0.000000000000000000 0.440370359952154400 60472.883569386496674269
-1.993839698572697827 -1.408841151655624735 0.000000000000000000 0.444407923478740030 0.000000000000000000
-1.072692766661663688 -3.357083914684981796 0.000000000000000000 0.231653392474297476 38346.767148467166407499
-2.885506423885732641 -6.318714455825508836 0.000000000000000000 0.446576747425644183 181315.000000000000000000
-2.425072237176872036 -4.070819215462926799 0.000000000000000000 0.043807973220458922 160837.446230471250601113
-1.243440917813271485 -4.035004775717873748 0.000000000000000000 0.182691788410442396 181199.000000000000000000
-3.872526323792448544 -4.392053799619304755 0.000000000000000000 0.301252265387650653 0.000000000000000000
-2.528439102820204454 -3.020114629698235742 0.000000000000000000 0.162248985967072268 174622.000000000000000000
-4.813592805260753060 -4.520264323665717399 0.000000000000000000 0.468986688200940804 111777.880228191992500797
-0.527142298959127453 -5.444671397554106562 0.000000000000000000 0.414572668980487224 175937.000000000000000000
-3.789675760050320363 -4.901551171715435196 0.000000000000000000 0.326945020830322619 0.000000000000000000
-0.245957186018117141 -2.708442376058769252 0.000000000000000000 0.415852215996536712 0.000000000000000000
5.153728229163464292 -2.464066207842121603 0.000000000000000000 0.452171715596743240 193130.000000000000000000
6.114594808212307164 -0.917707757053975559 0.000000000000000000 0.328448323069921999 0.000000000000000000
5.515522967550308131 2.001760477652652526 0.000000000000000000 0.397674822652158921 201284.000000000000000000
3.016508131667100301 -0.693390063165219561 0.000000000000000000 0.294029790069098795 23443.851290468031947967
6.184573890940187724 0.254014302651032586 0.000000000000000000 0.301100892023924427 193345.000000000000000000
5.160000438825032454 1.201387774915905426 0.000000000000000000 0.242425966351462574 25680.256461789151217090
2.115104741943893973 0.384192109208941368 0.000000000000000000 0.432982643032118197 196100.000000000000000000
6.810043062790532176 -0.869247197117555714 0.000000000000000000 0.437239032910929248 187792.479814265680033714
7.012432695162346796 0.912193509435589411 0.000000000000000000 0.473693084085435090 199946.000000000000000000
3.736429846146602785 -2.201513841040362962 0.000000000000000000 0.415151980918826657 201615.000000000000000000
4.231732263712891573 0.605519088360192970 0.000000000000000000 0.118802483535360784 197364.000000000000000000
6.536696126346837943 0.269273757009930004 0.000000000000000000 0.363610217737109609 0.000000000000000000
5.934787787036605700 -1.881746685640976802 0.000000000000000000 0.419081672420001938 193534.000000000000000000
4.990663335033630688 -0.302012897212405984 0.000000000000000000 0.100447283500087817 196306.000000000000000000
2.911396477115849812 -1.506131330151733616 0.000000000000000000 0.391583490040289917 162144.771071949362521991
10.887315790263199844 9.953397853683794594 0.000000000569084011 0.232581830319990523 215365.000000000000000000
12.676491756965413416 9.035335723293362875 0.000000000652653205 0.419358994628516557 0.000000000000000000
9.105480513774240947 7.669664530881920683 0.000000000427770100 0.290431041981299876 0.000000000000000000
8.860145691633013243 8.530065906877082327 0.000000000855181460 0.266641340891159428 222883.000000000000000000
10.164283292142821225 9.919823772561258579 0.000000000861843980 0.207927895634642895 221170.000000000000000000
12.195416231252137251 8.701142473404297917 0.000000000400067485 0.330709923554083407 0.000000000000000000
9.404779905066959600 8.240585633691519973 0.000000000101209633 0.189110400093193326 216743.000000000000000000
10.844919524070489203 9.822239350278044512 0.000000000574898342 0.208582660071131548 0.000000000000000000
11.720863779511114799 10.038906057732942756 0.000000000351329475 0.333960328648230220 0.000000000000000000
10.108696600712475444 7.993811279123498537 0.000000000626656703 0.138601795897168867 220561.000000000000000000
10.153796921208048332 8.616038071892532457 0.000000000026839685 0.040550833166646275 29589.804551713459659368
10.717253060584582158 7.393455295635559033 0.000000000144044289 0.246683219158051859 219663.000000000000000000
12.060851760903698704 10.493314296324415480 0.000000000697338714 0.432575663664190702 219174.000000000000000000
7.908306024787600030 7.656103486910374123 0.000000000583927496 0.474162434016920320 0.000000000000000000
11.563992962488637062 6.704768091977802769 0.000000000075870471 0.418780347648712081 0.000000000000000000
4.532986030285129253 14.401422607201356030 0.000000000000000000 0.439952176052031074 242087.000000000000000000
2.739071944026064909 14.446793205421810669 0.000000000000000000 0.220468154315296233 65657.968420546516426839
4.600038664560987201 12.476453365695093112 0.000000000000000000 0.428139593944799890 243081.000000000000000000
3.277763144657947603 13.239578047031642427 0.000000000000000000 0.168273733371287149 239577.000000000000000000
1.524800703815220038 13.423701296102233727 0.000000000000000000 0.146640779392116311 0.000000000000000000
0.693639863174312143 12.791180129202141202 0.000000000000000000 0.304936505759098309 244083.000000000000000000
3.466624410538476031 14.349486321514339338 0.000000000000000000 0.277818979703034263 0.000000000000000000
2.968931620695409723 14.022651336100643960 0.000000000000000000 0.174438135297815350 240047.000000000000000000
-0.117189428085729769 13.282580621012421318 0.000000000000000000 0.436898069082197138 6543.979126581766649906
4.083370096617196410 13.280034980179870274 0.000000000000000000 0.311717079638937911 234309.000000000000000000
3.315064863398825334 12.788350904960314125 0.000000000000000000 0.195216464379828480 234737.890696748101618141
0.231856003569702707 12.683607340476072523 0.000000000000000000 0.389314630743138934 0.000000000000000000
0.496447298194152176 14.169781618857371086 0.000000000000000000 0.364145919137159990 0.000000000000000000
3.351744268044430264 13.453312839181887028 0.000000000000000000 0.184033646995724609 191379.351237642258638516
2.612567319253788600 15.121037283030069887 0.000000000000000000 0.332112819196383857 66524.238646504905773327
-8.432223675564729959 12.898162494552332547 0.000000000919228471 0.367702243409631646 0.000000000000000000
-8.653692697435868553 13.028184996529672546 0.000000000444764769 0.413214282344273764 446917.000000000000000000
-6.507914088806304953 11.239020640832722009 0.000000000691964603 0.093869631556300556 89369.820389678701758385
-8.725270432804123288 12.632137231612430739 0.000000000276510998 0.390104205685817718 451392.000000000000000000
-4.269637088518932977 11.898238217779510961 0.000000000897993834 0.440063919797319569 446775.000000000000000000
-7.853163045638748230 10.925431597077070123 0.000000000094611012 0.244066041237656656 450560.000000000000000000
-5.557974002412607639 12.494426528100259333 0.000000000188593358 0.250426033312427410 447093.000000000000000000
-5.186611367962297159 11.235194215833177012 0.000000000231664017 0.288523994316768451 449742.000000000000000000
-6.553575138344435835 12.426690243644792133 0.000000000308775353 0.129342143215829736 70957.233673978844308294
-6.535707489214102495 9.520510734267634945 0.000000000100184154 0.390711517134492314 445674.000000000000000000
-8.621777787814156824 10.353819932463425246 0.000000000287168496 0.414122836519744131 0.000000000000000000
-4.429816999903777308 11.645048822314935322 0.000000000192893710 0.410575091051483487 0.000000000000000000
-5.930315797879770479 13.450254171910458467 0.000000000753241695 0.338411476530369737 445550.000000000000000000
-5.916684177105651976 10.772813795735272535 0.000000000680322202 0.221833419576256408 0.000000000000000000
-8.471203331255546587 9.787314348578915357 0.000000000738135995 0.460897578590143742 0.000000000000000000
-10.956397324063370746 3.396669163998601526 0.000000000000000000 0.384776628838286783 284881.000000000000000000
-11.542829287825538742 2.889033008007819259 0.000000000000000000 0.375187474690129197 157572.370728249137755483
-13.087654699217100784 4.566410627131219258 0.000000000000000000 0.069557863553150537 281063.000000000000000000
-11.843470560900685840 3.952741894358701380 0.000000000000000000 0.200033969973557629 0.000000000000000000
-14.781611996144166099 5.086882877627839861 0.000000000000000000 0.375430491426400503 0.000000000000000000
-13.118291576912305629 4.684719927831303643 0.000000000000000000 0.072238341479191087 0.000000000000000000
-14.171551933438106374 3.627663479886333864 0.000000000000000000 0.317464464986825401 277183.000000000000000000
-13.240594388589810748 4.289250124868761560 0.000000000000000000 0.115830342782761692 280197.000000000000000000
-12.897940700695480487 6.663593633983660780 0.000000000000000000 0.346586554195207952 0.000000000000000000
-14.978198612944723322 3.882065696974879465 0.000000000000000000 0.426634839708553426 0.000000000000000000
-11.703935370579005237 2.786584299925566111 0.000000000000000000 0.375499391171420116 0.000000000000000000
-13.720732235987584957 3.380290854418969371 0.000000000000000000 0.288134171263215499 131314.692087626259308308
-12.377971252534184288 2.095186553765086224 0.000000000000000000 0.453425911788265357 277589.000000000000000000
-14.034132195468828286 3.889980399136431899 0.000000000000000000 0.272316787445788855 285705.000000000000000000
-14.723794214045611284 5.950522820270038871 0.000000000000000000 0.420660685897353503 0.000000000000000000
-12.517604735918201442 -7.144472067261062875 0.000000000000000000 0.430318047335152831 113154.567505988161428832
-11.190081534477677394 -6.576942780716964698 0.000000000000000000 0.428086076580641239 2176.078845946555247792
-14.868541852349551391 -6.294142542776072879 0.000000000000000000 0.475186884780213870 195115.000000000000000000
-13.388824830062059590 -5.922388672332075998 0.000000000000000000 0.247296819009629076 200016.000000000000000000
-13.428759917477057328 -3.547501716676652261 0.000000000000000000 0.234198061709520844 193075.000000000000000000
-11.969772304818155462 -6.839477946583154555 0.000000000000000000 0.398898688656392109 0.000000000000000000
-14.274233943948859249 -3.633122357129701996 0.000000000000000000 0.332079049097940449 0.000000000000000000
-15.109924528686320855 -4.104331389967938115 0.000000000000000000 0.438630482986903769 200319.000000000000000000
-13.440230082524982080 -6.618184310932302417 0.000000000000000000 0.360837431963192623 198825.000000000000000000
-12.652019156834173330 -2.714388958233109772 0.000000000000000000 0.341751521033088701 198162.000000000000000000
-10.775726473624470003 -5.706491465298871191 0.000000000000000000 0.389122680078771488 194960.000000000000000000
-14.534187480939655401 -3.524182891378478288 0.000000000000000000 0.381266240155715863 0.000000000000000000
-13.019457707843145045 -6.511669566713049306 0.000000000000000000 0.323183313567830643 200180.000000000000000000
-12.472506861289067714 -4.014260137282614771 0.000000000000000000 0.123278517281282085 200872.000000000000000000
-13.863106428058419084 -6.849936663309304841 0.000000000000000000 0.428821643096201854 196457.000000000000000000
-5.016245641408190181 -13.090874233609769206 0.000000000227574966 0.390805510888565910 0.000000000000000000
-6.645541015483696690 -10.426676408778314809 0.000000000252525527 0.229226267910810938 0.000000000000000000
-7.619148239637983266 -10.324257786010701210 0.000000000836431235 0.292877624725979224 0.000000000000000000
-7.699969776912445774 -13.042444445417324062 0.000000000478920933 0.290740345899104691 0.000000000000000000
-5.426777048892527766 -10.317376874862214109 0.000000000279477240 0.340317194253210331 0.000000000000000000
-7.526039437582609182 -9.190320362935672449 0.000000000516385726 0.468946794250421350 0.000000000000000000
-5.432249059725859475 -13.233871359408263757 0.000000000926684233 0.354684107488398348 0.000000000000000000
-8.134738792058408663 -9.937687239821171303 0.000000000763316519 0.401901164057425320 0.000000000000000000
-8.424394439356351683 -11.475564135410637689 0.000000000141712889 0.304610702514774068 0.000000000000000000
-9.049013060992512791 -12.896520538434302239 0.000000000831140266 0.462272435986481656 0.000000000000000000
-7.318509490936102146 -12.509123068436840853 0.000000000003526108 0.174548102613708400 0.000000000000000000
-5.771456129579744854 -13.247861969994630726 0.000000000209157739 0.320520258742507114 0.000000000000000000
-4.945559401485277284 -10.661415458946235546 0.000000000733658975 0.369523696548917091 0.000000000000000000
-8.923731360395311896 -12.493608549291030485 0.000000000851300178 0.413826431242705295 0.000000000000000000
-6.834232330554891099 -10.939709666416760570 0.000000000066001955 0.139051084113184453 0.000000000000000000
-0.039358953164009586 -13.575009249382626209 0.000000000000000000 0.426353544862266343 0.000000000000000000
2.121880164005461644 -13.552759839291383059 0.000000000000000000 0.062055727000792579 0.000000000000000000
2.391974958049452482 -15.034365886118838063 0.000000000000000000 0.313154129435031847 0.000000000000000000
1.948766257479108033 -11.537844467182575059 0.000000000000000000 0.317220635466127887 0.000000000000000000
2.570412278497968384 -14.045801736900369150 0.000000000000000000 0.143265040158331025 0.000000000000000000
2.865523826862998114 -15.848595481462252721 0.000000000000000000 0.467548292488572603 0.000000000000000000
3.266378176513513143 -11.665538393614669488 0.000000000000000000 0.331430918522863771 0.000000000000000000
3.039442510812652820 -11.623850974897374400 0.000000000000000000 0.319961374119133724 0.000000000000000000
3.681021900053587093 -11.917665356436861757 0.000000000000000000 0.340742273833698373 430200.000000000000000000
2.781419096573054972 -12.551069493589046999 0.000000000000000000 0.151796947488372747 429418.000000000000000000
4.302899581709513477 -11.627626170621242707 0.000000000000000000 0.457328932372945030 422789.000000000000000000
4.889426264924905396 -13.541549221435305483 0.000000000000000000 0.457779876278769315 0.000000000000000000
2.177789416674274392 -15.129705129372664985 0.000000000000000000 0.331163026382325532 427128.000000000000000000
1.129912434445058178 -12.347385152371646910 0.000000000000000000 0.271082292328217234 0.000000000000000000
3.480835452951469122 -12.387726614513706380 0.000000000000000000 0.258438012226365366 423259.000000000000000000
12.145476429385150041 -9.836038805662887796 0.000000000000000000 0.373724219450506323 111688.958203787551610731
11.051943529359853358 -8.108474229037113901 0.000000000000000000 0.169184544772805145 472306.000000000000000000
9.722838039336428650 -8.514969169627809364 0.000000000000000000 0.117464353864614082 467155.000000000000000000
10.459998590050400225 -9.727260472132760682 0.000000000000000000 0.172998701184847142 465250.000000000000000000
11.370675419922717353 -8.584514722997909075 0.000000000000000000 0.185825811352327341 463042.000000000000000000
10.927032455264070521 -10.680331833223277727 0.000000000000000000 0.354273313858366357 63486.291806729052041192
9.445857340705016369 -6.377134719631552429 0.000000000000000000 0.445768017541387451 464320.000000000000000000
8.101592471289686515 -7.305409335952988137 0.000000000000000000 0.472901376794475581 0.000000000000000000
10.384089418614836475 -9.271429366619694079 0.000000000000000000 0.092108084618261726 463148.000000000000000000
10.792983410640243136 -10.307844298753842338 0.000000000000000000 0.284963828868961766 89764.794837033783551306
11.463228046273313154 -10.665465864526961326 0.000000000000000000 0.390717813300708927 463267.000000000000000000
10.019137283710376707 -8.708043049940584979 0.000000000000000000 0.057727135671871189 0.000000000000000000
11.073928209449634963 -6.345363096020431470 0.000000000000000000 0.440600017313045877 464071.000000000000000000
10.995032017571768179 -11.019970645678498045 0.000000000000000000 0.414688002910807596 261994.641755107819335535
11.310353345722102603 -6.569462963162703062 0.000000000000000000 0.418713761760194703 211796.579821162362350151
15.017601927738750689 1.555660759514073677 0.000000000000000000 0.376145114527009550 0.000000000000000000
12.807801424155453418 -1.274525288289068081 0.000000000000000000 0.256941479832519026 0.000000000000000000
15.755605553706484301 0.241468445494265244 0.000000000000000000 0.396938658620333673 0.000000000000000000
12.430707772704362668 -1.814728705103669126 0.000000000000000000 0.372181963511688862 156333.000000000000000000
11.463794327933381823 -0.169907875598065777 0.000000000000000000 0.371446960757510936 159444.000000000000000000
13.033552826841527050 0.171392543585577400 0.000000000000000000 0.095233902863447212 0.000000000000000000
13.328818363199879116 -2.401464061194328092 0.000000000000000000 0.418052519112991072 157173.000000000000000000
14.444050702786904949 -1.412382543792238598 0.000000000000000000 0.292553563075260037 160012.000000000000000000
12.937177636667231084 -0.028741654964352933 0.000000000000000000 0.107767989127745947 159562.000000000000000000
13.055252036316726816 1.571119474743456479 0.000000000000000000 0.285975871929763814 0.000000000000000000
12.257121442458595695 -2.380671187427650715 0.000000000000000000 0.472702597510410050 159340.000000000000000000
13.242723563524704034 0.606104881197515599 0.000000000000000000 0.117797022187684300 152832.000000000000000000
13.156223541352563444 1.535854569349769383 0.000000000000000000 0.275068572735361228 154158.000000000000000000
11.447917374964804438 -0.971946332626144938 0.000000000000000000 0.409637402501836279 154654.000000000000000000
13.219740000291810844 -2.516521488168733001 0.000000000000000000 0.440120822369370390 160929.000000000000000000
