-2.734686204565247802 3.898467086266281800 0.000000000000000000 0.084934071204364525 0.000000000000000000
-0.625357471985576341 1.917784932430972367 0.000000000000000000 0.456231727164852663 222904.000000000000000000
-3.911046198050846634 2.857270838446544836 0.000000000000000000 0.347215248327317705 0.000000000000000000
-2.289417081029705425 2.979836477252518989 0.000000000000000000 0.162217767552978454 222360.000000000000000000
-1.614698736316121153 2.950838544718827006 0.000000000000000000 0.202855827267282435 0.000000000000000000
-2.682198928573543473 2.253457524837415793 0.000000000000000000 0.301067637252021625 216410.000000000000000000
-2.583295016672402244 2.156977011363137908 0.000000000000000000 0.314011166071989645 116994.789041751937475055
-1.689027126072256690 2.242773749372488634 0.000000000000000000 0.310469928434638887 220689.000000000000000000
-2.027747556350379288 1.599373587113848361 0.000000000000000000 0.410035380758166201 0.000000000000000000
-1.692818267697824952 5.621485092313617038 0.000000000000000000 0.324415950718126234 218299.000000000000000000
-1.264286500335940255 2.787446757603391667 0.000000000000000000 0.264514662096426156 0.000000000000000000
-3.609353169355240976 3.727540361981160455 0.000000000000000000 0.242541863123383244 0.000000000000000000
-1.339464044586133662 5.615614412060572214 0.000000000000000000 0.348245832340111694 222043.000000000000000000
-3.062332913604750129 2.943013703938420544 0.000000000000000000 0.221302248637875398 48202.372243534344306681
-1.008105342495306811 4.005986812097892980 0.000000000000000000 0.223755543940073742 218006.000000000000000000
-3.694227522156974697 -5.508263591594531050 0.000000000000000000 0.385261255001084379 180104.000000000000000000
-2.168408836765267633 -5.732069760797180002 0.000000000000000000 0.328408138608690725 180241.000000000000000000
-1.165135579087514639 -2.990014171596631076 0.000000000000000000 0.252324361689767351 0.000000000000000000
-2.300310442291153556 -1.821227178932069979 0.000000000000000000 0.368511818938378366 177954.000000000000000000
-2.625427133424026671 -1.422669113733273205 0.000000000000000000 0.444191520381514771 179310.000000000000000000
-1.264949836642263348 -2.563700760986204141 0.000000000000000000 0.295249817626754840 0.000000000000000000
-3.558052376883835244 -5.096509269701643419 0.000000000000000000 0.315860597995335834 110319.298742254075477831
-1.450045785029843604 -4.262568799436450284 0.000000000000000000 0.158579504766323987 0.000000000000000000
-2.002678201717297046 -5.569863586525046983 0.000000000000000000 0.302596318999751590 0.000000000000000000
-2.108778043961499815 -2.911325058005583610 0.000000000000000000 0.176356457473856643 176197.000000000000000000
-1.631282553475466912 -3.856596747368510325 0.000000000000000000 0.111898389518846425 175879.000000000000000000
-2.055557984311228381 -2.200243135527994109 0.000000000000000000 0.303131786551224136 172615.000000000000000000
-2.210793098306864213 -5.910766914522971760 0.000000000000000000 0.359931919198524186 173314.000000000000000000
-4.677573692465711197 -4.034498714632680283 0.000000000000000000 0.431930831996379383 0.000000000000000000
-3.361287988669284577 -1.789213253916801305 0.000000000000000000 0.422491237656026808 171948.000000000000000000
5.268859115105944291 1.582471823952742218 0.000000000000000000 0.311538199071574762 138744.593534890271257609
4.729934169551389012 -2.670872819255361019 0.000000000000000000 0.475992693547583556 0.000000000000000000
2.904123176201336420 0.140567068339518236 0.000000000000000000 0.288041038643378655 201704.000000000000000000
2.682849140779320685 -0.073707168235009099 0.000000000000000000 0.326649829731541996 201048.000000000000000000
1.935671072191494257 0.653421970600285507 0.000000000000000000 0.474000270488083575 0.000000000000000000
5.841160406421488815 -0.031712024193309499 0.000000000000000000 0.236573096448437631 0.000000000000000000
5.271940320038134509 -0.221091798750479407 0.000000000000000000 0.140647120693517730 193267.000000000000000000
2.748188687456836643 -0.975896451460464887 0.000000000000000000 0.359425024569317242 140756.041788841161178425
6.002809129922865417 1.457774436017531761 0.000000000000000000 0.370563145405051142 200578.000000000000000000
3.653815006504636198 -2.074971076183796281 0.000000000000000000 0.399457639460678582 201187.000000000000000000
2.910879111754459903 -1.050656143602776149 0.000000000000000000 0.341414217872172132 61467.900581740468624048
5.259246433779978247 -0.540473332041192189 0.000000000000000000 0.163847254378060553 198763.000000000000000000
2.878268860287098718 0.538879888653310046 0.000000000000000000 0.306907945823273409 200605.000000000000000000
6.512639256162394474 -0.977181387868919282 0.000000000000000000 0.396108439293199222 202397.000000000000000000
4.500613119138856533 -1.637330071148757282 0.000000000000000000 0.290922410362831840 194699.000000000000000000
9.208878517007113018 9.304400616284770109 0.000000000810829807 0.224150970117186987 215626.000000000000000000
8.827360744836084905 10.365011258192653898 0.000000000074313274 0.391789009014909151 87737.515991112348274328
8.609720351358097545 8.509486775496311495 0.000000000909582631 0.311344036378729039 215912.000000000000000000
12.356103240125744236 9.906021474434997032 0.000000000304940887 0.412313256931081062 0.000000000000000000
8.337622357598984735 7.970734943497819636 0.000000000726896949 0.382269494154251932 0.000000000000000000
9.336083951115419666 11.058405085089187736 0.000000000642151312 0.443469295909181216 0.000000000000000000
9.374451152797524500 7.079008534735513614 0.000000000454076077 0.339924595593465717 60508.702063806515070610
9.056604907953463623 9.128936678147736572 0.000000000081757762 0.238447598966934710 0.000000000000000000
10.625607174543198141 10.449378346052425215 0.000000000131476359 0.302492532015989413 0.000000000000000000
9.171132849328218484 6.892206598493197944 0.000000000568994941 0.386917055994049353 0.000000000000000000
12.011971590935894838 9.293616310447193385 0.000000000335788784 0.312816193741874915 0.000000000000000000
10.055365634665317742 8.627510169723789701 0.000000000409413298 0.055060583716631591 220176.000000000000000000
9.505387883970829677 7.307500518170468418 0.000000000419824288 0.293469689161949376 215259.000000000000000000
8.455847450030931967 8.720670253914637016 0.000000000306162681 0.335965166437773632 167668.517845297639723867
10.905390322023130523 10.244099000170439950 0.000000000399920199 0.280768705865145018 216112.000000000000000000
3.787277760307843355 12.599542874565390349 0.000000000000000000 0.285617594002216479 237698.000000000000000000
2.923655108295931004 10.859470636584353187 0.000000000000000000 0.442961118468532700 0.000000000000000000
-0.108926796089647601 13.831817181825282859 0.000000000000000000 0.446513012306128720 0.000000000000000000
1.250732591237252889 11.306525430197970294 0.000000000000000000 0.400569081543864169 235324.000000000000000000
2.009583364402504291 13.889184999098969087 0.000000000000000000 0.123487307293932244 101528.619845697568962350
3.331736728093363187 14.767486112616275307 0.000000000000000000 0.319395711312547126 0.000000000000000000
2.128593801520668016 11.488766081714070211 0.000000000000000000 0.320514429305005788 188735.827467259427066892
3.513162367473018577 14.642089486355203576 0.000000000000000000 0.321242001477101025 235225.000000000000000000
2.078347164879769338 15.498882617400523642 0.000000000000000000 0.398354289885575086 243512.000000000000000000
2.196027474883662123 13.097640212128244031 0.000000000000000000 0.040309656851551003 145550.852965969825163484
2.150942992181417157 15.239105926324093332 0.000000000000000000 0.350993954689818644 0.000000000000000000
1.965605210514899115 15.816896448929044894 0.000000000000000000 0.457119378321710179 0.000000000000000000
1.124007886361354069 11.047282513486395672 0.000000000000000000 0.451921635206684824 240765.000000000000000000
1.239309560162232815 10.909043018421812121 0.000000000000000000 0.464696562330558782 0.000000000000000000
1.643099749616964811 11.746490730780559275 0.000000000000000000 0.299104631893840456 235072.000000000000000000
-5.460811955999964162 9.812639444536600308 0.000000000240588725 0.406745430000092889 451840.000000000000000000
-8.490174967902316183 10.292567928062569038 0.000000000635401685 0.402002247786789779 0.000000000000000000
-8.566242588859211082 9.985027791601645220 0.000000000120087283 0.447863320857683989 445257.000000000000000000
-7.776361191436256703 10.505665241117659647 0.000000000844377681 0.283924618482633173 0.000000000000000000
-5.507527111808378173 12.359746517358683349 0.000000000333189095 0.246103927395421335 449920.000000000000000000
-7.873005127787110702 11.859096786500554543 0.000000000480678560 0.204808375603322379 451753.000000000000000000
-6.291340415655917617 11.306364665868912311 0.000000000857313294 0.107284842663196489 449270.000000000000000000
-7.213552681424565627 11.033972900252457805 0.000000000703217231 0.148415019902481959 446992.000000000000000000
-8.031171023271886256 12.959027122338609317 0.000000000450423175 0.318824835681065677 0.000000000000000000
-5.518897610666402720 11.559025602956721102 0.000000000246317821 0.218126748500750089 0.000000000000000000
-4.289584143096987212 10.691807751835622042 0.000000000885277190 0.471912927437280472 450284.000000000000000000
-7.689491661878758322 12.662316095017072115 0.000000000008843592 0.238628283848601380 328213.973916983464732766
-5.838009992335264187 13.130555870621959613 0.000000000485034009 0.296606290713592347 449799.000000000000000000
-6.435878054840016738 10.495842100191271840 0.000000000207847365 0.222862128777018137 0.000000000000000000
-8.897075227931011909 10.423081215007776734 0.000000000302040483 0.448509009294581651 243727.624643576651578769
-14.462294651896694830 5.090755943781881676 0.000000000000000000 0.319874009277640092 276215.000000000000000000
-11.635667360979848439 3.043261376892662629 0.000000000000000000 0.343613774545495299 283646.000000000000000000
-11.497301578937824118 5.614035625865379409 0.000000000000000000 0.271187456658154302 279114.000000000000000000
-13.115875810704563875 7.361626651549755707 0.000000000000000000 0.471614689948243793 284908.000000000000000000
-12.354079562394359115 6.345420869278024512 0.000000000000000000 0.297001845719450486 276705.000000000000000000
-15.021631636258577558 3.320156884135071262 0.000000000000000000 0.473892259252108261 0.000000000000000000
-15.362054753823564113 5.009025939742968170 0.000000000000000000 0.475608625164455734 0.000000000000000000
-13.880887122270950229 6.130291986032432305 0.000000000000000000 0.326718313773994629 0.000000000000000000
-13.081922241468847190 4.426252609010282946 0.000000000000000000 0.079029988538174556 278231.000000000000000000
-11.636324005259721659 2.289080501946767932 0.000000000000000000 0.458427245858456456 0.000000000000000000
-15.143844839974503813 4.978704345159120415 0.000000000000000000 0.436375323609234200 282413.000000000000000000
-10.828070188971748777 4.012493017864629863 0.000000000000000000 0.355529637051385905 0.000000000000000000
-11.318915871025703623 6.344014329883738590 0.000000000000000000 0.382159302663662159 282362.000000000000000000
-14.281222475759138391 3.768523524994180196 0.000000000000000000 0.320961961000048368 280884.000000000000000000
-14.987887908643836354 4.775403741120613610 0.000000000000000000 0.405827701096224069 276812.000000000000000000
-12.281879593584333676 -4.151882417217770183 0.000000000000000000 0.119632245572308130 22858.244805664744490059
-12.588933540873053829 -2.559024753138949837 0.000000000000000000 0.369301035161734958 0.000000000000000000
-13.679822430421083368 -5.894910829531443852 0.000000000000000000 0.272489446357426834 196285.000000000000000000
-11.778301983114948470 -2.401863634387556345 0.000000000000000000 0.430150878404668036 196141.000000000000000000
-12.470576687729820975 -3.712930653799872083 0.000000000000000000 0.173472453334126753 196932.000000000000000000
-13.331742681794782612 -7.340573607307011805 0.000000000000000000 0.475229085282232178 201060.000000000000000000
-14.877520172250470409 -3.905792743510459797 0.000000000000000000 0.408341752014680037 0.000000000000000000
-12.901014239367716741 -2.916279075747289617 0.000000000000000000 0.308149460348173865 199298.000000000000000000
-10.870988069214167382 -4.711894745006679486 0.000000000000000000 0.328398309966381086 201514.000000000000000000
-11.295313340294420357 -5.341134742897576615 0.000000000000000000 0.277863307940623361 0.000000000000000000
-13.133543647082753125 -5.003933149241627909 0.000000000000000000 0.093872005769317632 200358.000000000000000000
-13.686747851071107362 -6.747983253061886622 0.000000000000000000 0.398844253187833897 197550.000000000000000000
-14.234143345908748302 -6.342947860982298458 0.000000000000000000 0.395896531925683526 197667.000000000000000000
-12.088349199725259453 -5.046509647614180416 0.000000000000000000 0.128468402776823754 163243.544941351312445477
-14.077463102214263557 -2.493781675837939638 0.000000000000000000 0.450169854976038286 202026.000000000000000000
-6.644436503533121652 -13.986405146290325163 0.000000000099866529 0.401724844506318679 0.000000000000000000
-8.357153096565729911 -12.022513411505652670 0.000000000502481982 0.294519792595251129 0.000000000000000000
-5.193449200818578859 -12.110404695936034969 0.000000000756740710 0.282940289591353089 0.000000000000000000
-4.463581411895424012 -10.591342698833001279 0.000000000519155035 0.451072218216865606 0.000000000000000000
-6.995081230513616966 -9.947575571498440183 0.000000000363303848 0.316870407479722949 0.000000000000000000
-6.549973926442690164 -12.135740798795483286 0.000000000816620472 0.080685950173694246 0.000000000000000000
-5.076975030163538349 -11.185618821872612472 0.000000000073317525 0.309804030438542266 0.000000000000000000
-7.626851821042023083 -9.449082612943389137 0.000000000391604895 0.431812185875156129 0.000000000000000000
-5.332042432015251521 -11.672511602526064678 0.000000000400972062 0.249720581131538499 0.000000000000000000
-5.463909002767911360 -10.920403198603482409 0.000000000255786527 0.266692586611931459 0.000000000000000000
-6.504710864953469951 -13.082893211666178246 0.000000000267579877 0.244919486278542708 0.000000000000000000
-6.742454258345488505 -13.106804308931646830 0.000000000406283009 0.245714784525569968 0.000000000000000000
-6.685135798719860745 -13.380524080835010992 0.000000000839501440 0.294291091504919056 0.000000000000000000
-8.439190745474212108 -11.020569540849848522 0.000000000377097644 0.328250534602353539 0.000000000000000000
-7.512218110828468021 -13.287844825947876970 0.000000000736179742 0.310379174895980769 0.000000000000000000
3.312175905725283087 -13.345627347920380856 0.000000000000000000 0.174708150699471487 54691.312813642769469880
0.937464237074948081 -12.650909104603453414 0.000000000000000000 0.272780484414843538 422483.000000000000000000
1.481417124968845034 -14.131449159867463194 0.000000000000000000 0.215147868601577280 427959.000000000000000000
4.584665586626865519 -14.226080558914443230 0.000000000000000000 0.435145821836859237 32224.284361203295702580
1.432999632067463391 -11.049651140603605981 0.000000000000000000 0.427966260954166566 424733.000000000000000000
3.925006822878453150 -14.204162314296970848 0.000000000000000000 0.328032102735801578 0.000000000000000000
0.640113655169429197 -14.858219155479023499 0.000000000000000000 0.412971789180248960 424857.000000000000000000
0.073757331609874632 -13.615648898691230073 0.000000000000000000 0.407372926886666320 382881.480403721216134727
0.013400504140304297 -12.974379649684879112 0.000000000000000000 0.417120083927752072 431117.000000000000000000
1.525373038435115403 -13.113440349370367954 0.000000000000000000 0.147086620728293344 284047.506633468903601170
2.245915290797342756 -11.217119584902318863 0.000000000000000000 0.367104309051276667 0.000000000000000000
0.835301697038188462 -11.894857958164573475 0.000000000000000000 0.363282401080659456 0.000000000000000000
1.517637302160379731 -13.750581786590155176 0.000000000000000000 0.168263457053142385 422802.000000000000000000
0.974989230711777788 -14.266386191520579629 0.000000000000000000 0.299627918869153798 0.000000000000000000
1.337651599420846882 -12.748869972901550440 0.000000000000000000 0.200988650582242773 424124.000000000000000000
11.665921450224312039 -7.589602103566632785 0.000000000000000000 0.311256804945014398 469068.000000000000000000
11.975487060264629946 -8.490819687458582621 0.000000000000000000 0.294859597453661249 0.000000000000000000
9.777586581792339970 -8.209174209879574136 0.000000000000000000 0.137889788571908867 472278.000000000000000000
11.780943836114307288 -9.702186530904599593 0.000000000000000000 0.306222900515952745 0.000000000000000000
10.496948005699142215 -7.077007789853523967 0.000000000000000000 0.294249471565911747 0.000000000000000000
10.889135978272987515 -9.564687989213640051 0.000000000000000000 0.173299985993860733 463769.000000000000000000
9.127463279903336613 -6.999623915656399298 0.000000000000000000 0.375604026144074621 470886.000000000000000000
11.367868863864547535 -9.264971368676004460 0.000000000000000000 0.204252626751993654 469278.000000000000000000
10.792877896908764868 -8.498469753359568557 0.000000000000000000 0.091710888696451873 471449.000000000000000000
8.635842498941828538 -10.319916003777699132 0.000000000000000000 0.410699225240234944 0.000000000000000000
10.612597892990406123 -9.254033577779814834 0.000000000000000000 0.101084488991334126 472299.000000000000000000
10.618553348004867942 -9.408522618588795794 0.000000000000000000 0.125931128475211873 466275.000000000000000000
9.003133769382078100 -6.748607268069708454 0.000000000000000000 0.424522107025955053 471172.000000000000000000
11.226830313473188383 -8.441415720716818782 0.000000000000000000 0.166840783882948734 0.000000000000000000
11.561846072460708612 -9.481779696386121614 0.000000000000000000 0.252735033084532768 471851.000000000000000000
15.230316506431927692 1.593076486724771312 0.000000000000000000 0.407824868660329520 151798.000000000000000000
14.793528336541642787 0.229666153634605824 0.000000000000000000 0.226763720649338113 160198.000000000000000000
13.459585329471817516 -0.732292681867578454 0.000000000000000000 0.127760929734922674 158828.000000000000000000
15.594268804639442649 -1.578018471806057255 0.000000000000000000 0.456118854662470652 160363.000000000000000000
14.566892681079339766 1.874926395640854837 0.000000000000000000 0.372212021420776307 160281.000000000000000000
13.548182546003410209 0.327720692468092267 0.000000000000000000 0.056809525797796079 0.000000000000000000
15.279171859296264202 -1.522914999137507053 0.000000000000000000 0.406336406069648159 0.000000000000000000
16.007008080680197537 0.995558190417967004 0.000000000000000000 0.471848905452017353 0.000000000000000000
11.679542486954927583 0.117137655502230958 0.000000000000000000 0.332442486716407026 0.000000000000000000
14.717065014648818888 -0.757982208654711664 0.000000000000000000 0.247211050032878327 0.000000000000000000
12.307983485695809023 1.071554254135135498 0.000000000000000000 0.288045956926017088 155452.000000000000000000
15.457606507502365645 0.295926589351571734 0.000000000000000000 0.345429579327278857 0.000000000000000000
11.960147234354250756 1.375137330222171883 0.000000000000000000 0.369539804217892898 151288.000000000000000000
12.426714738169216901 -0.906082075301255285 0.000000000000000000 0.253430618678883779 0.000000000000000000
14.748434598248358895 0.052677141902292647 0.000000000000000000 0.215416999845941565 159161.000000000000000000
