-1.807878727692687537 5.303628587421555629 0.000000000000000000 0.264235461267879390 220479.000000000000000000
-3.456777562586604624 5.982701504759399214 0.000000000000000000 0.429351227777283295 218760.000000000000000000
-1.164153105446898984 5.945937681648200801 0.000000000000000000 0.414869987888520586 0.000000000000000000
-2.448689304305804892 3.328261024126327960 0.000000000000000000 0.105668913302652476 0.000000000000000000
-4.501899703903522898 4.723018942800092823 0.000000000000000000 0.426425212033054779 10438.444771051203133538
-2.493576148477610666 3.367658042930223861 0.000000000000000000 0.102068248237233039 220078.000000000000000000
0.165929913191646211 4.306520373889102693 0.000000000000000000 0.438337215638241295 220623.000000000000000000
-1.988820323575697602 2.648539872582012844 0.000000000000000000 0.226293886356907031 0.000000000000000000
-3.246028595170663777 4.970770345300773663 0.000000000000000000 0.260764594985802567 215516.000000000000000000
-1.000534555992350638 2.549791882913019059 0.000000000000000000 0.327504675444428350 215446.000000000000000000
-2.452859825143817840 1.890883102727537235 0.000000000000000000 0.357699481704962408 0.000000000000000000
-3.223896119553831152 1.435635774106620355 0.000000000000000000 0.469594539821141410 213406.000000000000000000
-2.361762999045994071 5.408097247851148204 0.000000000000000000 0.270938213792130123 217911.000000000000000000
-1.034477018861458264 5.736613344751138044 0.000000000000000000 0.394655825839768160 69648.474733988186926581
-4.454911158663164450 4.915969109774495749 0.000000000000000000 0.431927698637691093 0.000000000000000000
-4.165550002557678155 -5.050565906908771829 0.000000000000000000 0.397711448087246622 181304.000000000000000000
-2.449816722553648241 -6.306511292190983831 0.000000000000000000 0.431612980430106707 0.000000000000000000
-0.307772537843588656 -3.158152589265334154 0.000000000000000000 0.371266754800825050 178370.000000000000000000
-4.517309697321109319 -3.055906060683768910 0.000000000000000000 0.429089533477369722 175186.000000000000000000
-1.583884172036351901 -4.684818110191839580 0.000000000000000000 0.185686207538179687 180900.000000000000000000
-3.074330528626969539 -5.393325561160724924 0.000000000000000000 0.304575848880864808 96708.347324786649551243
-0.801371985440266332 -1.711879696371233273 0.000000000000000000 0.466891587622587034 0.000000000000000000
-4.384924027859146811 -2.756545917979824178 0.000000000000000000 0.429331884886137938 179088.000000000000000000
-1.941865806750467049 -6.155518493246471046 0.000000000000000000 0.407366921725614672 104974.974827997662941925
-1.853055219083210137 -4.395464487642411378 0.000000000000000000 0.115386759000124434 0.000000000000000000
-1.269388700648787616 -2.137739612854983040 0.000000000000000000 0.358475770594829157 93853.540380058402661234
-2.313174478340815909 -1.597595179213522565 0.000000000000000000 0.408368631313554664 109787.661086670806980692
-3.562388782308142599 -2.880983099830228156 0.000000000000000000 0.293755086626717676 0.000000000000000000
-0.929149778282745253 -2.317827760468432974 0.000000000000000000 0.366831745170453638 173679.000000000000000000
-3.161657515215979597 -4.327854323481743037 0.000000000000000000 0.178880172042728630 0.000000000000000000
4.880139191202203186 1.530398273456974767 0.000000000000000000 0.279556456001151921 192973.000000000000000000
2.770225062058348620 1.456203857036061811 0.000000000000000000 0.404566989189499460 0.000000000000000000
4.892771656104598854 2.534439542224180553 0.000000000000000000 0.455182309668226148 196693.000000000000000000
2.716119749607026179 0.502853911047317470 0.000000000000000000 0.332703351424342986 198360.000000000000000000
3.867285597434545696 -2.126975742195514663 0.000000000000000000 0.395240971088512749 0.000000000000000000
4.647468814802863335 1.877264368710583442 0.000000000000000000 0.334349112384835057 194033.000000000000000000
2.590260217084649597 -1.345998288642026974 0.000000000000000000 0.418186572132690504 0.000000000000000000
3.427001334870952931 -1.177833857571902731 0.000000000000000000 0.285304322990107384 195188.000000000000000000
3.875736839318507432 2.501825202594452957 0.000000000000000000 0.458990575024046388 0.000000000000000000
4.930936893564087597 -0.965895303368588976 0.000000000000000000 0.186956008853922134 0.000000000000000000
3.967184657771815282 0.936321907361544192 0.000000000000000000 0.192876674718698016 60930.483430146909086034
6.170050145669314645 1.462174835759426195 0.000000000000000000 0.392942913328405197 0.000000000000000000
5.758870832990576005 1.442288283768350832 0.000000000000000000 0.338751941720793925 201708.000000000000000000
6.757385534583598030 1.071441244839177687 0.000000000000000000 0.442638771764574890 0.000000000000000000
6.775184585895742906 -0.425405760861979121 0.000000000000000000 0.409958499162799472 0.000000000000000000
10.265208984716517548 7.377454512638693451 0.000000000849850442 0.240724955291275661 219703.000000000000000000
11.677825879441108725 9.501487578291223812 0.000000000504853977 0.272383367699865875 215058.000000000000000000
7.826572780580307587 9.263435947238839674 0.000000000613526059 0.457155555979374906 0.000000000000000000
10.444154192453767749 10.873639762526922325 0.000000000047632950 0.373111024057416196 217749.000000000000000000
10.041107534101493926 10.054233409192580240 0.000000000513207737 0.235292478801291061 0.000000000000000000
11.358809057101188600 10.841109231571209648 0.000000000019391856 0.408878118821724257 169967.257606223050970584
8.532493094968163660 9.627137275053375021 0.000000000687633624 0.357418006286414625 220889.000000000000000000
8.171173132030565611 8.583399309804372379 0.000000000603620223 0.387744155690829650 0.000000000000000000
9.331205343915483397 6.493416560609173160 0.000000000317981887 0.434877600715769363 213890.000000000000000000
10.210916541574890815 11.221634399635020074 0.000000000529363531 0.434426252099501475 221880.000000000000000000
8.646432457365053281 7.101303657608027287 0.000000000483005195 0.418283918552582457 11291.493334458058598102
11.434984583881103504 9.025410775227058480 0.000000000773657056 0.201024845959893228 74077.570439914517919533
11.248393961324900658 7.567515732811029849 0.000000000674076975 0.262491493105114326 0.000000000000000000
10.801173860846461139 7.929606102767295717 0.000000000241271720 0.165235530835922878 219575.000000000000000000
12.185411556104865483 7.396471644039403159 0.000000000506658143 0.404882272379746944 222262.000000000000000000
2.537189992460600063 13.175678741415078221 0.000000000000000000 0.040382227919992457 235806.000000000000000000
1.767641262207040098 14.044767100721365694 0.000000000000000000 0.170046602936731323 77713.527724208106519654
-0.102635071537466038 13.389147205750941083 0.000000000000000000 0.434765096323851019 15035.807957541177529492
0.946214871179782535 11.910498728568665427 0.000000000000000000 0.347041250593108919 241558.000000000000000000
4.853029667421425053 12.565241972162473516 0.000000000000000000 0.466356403973299249 239219.000000000000000000
3.998928793648558244 13.575491401469840014 0.000000000000000000 0.301394097536461791 0.000000000000000000
1.528789149760077626 11.035338995671141404 0.000000000000000000 0.424244686643976354 0.000000000000000000
3.054279273263901917 12.715795961499374300 0.000000000000000000 0.162592660420606938 0.000000000000000000
1.520480707266632869 12.027442593469945820 0.000000000000000000 0.265624563164982674 66528.681955377949634567
1.758959734654735874 13.563870857745831344 0.000000000000000000 0.114597977610582408 163663.175017456349451095
4.106225676401573210 13.908868031887754668 0.000000000000000000 0.335221800705134076 244118.000000000000000000
4.349277306853261749 13.109085046042839195 0.000000000000000000 0.360338114646011065 0.000000000000000000
3.711111169314421865 13.346145091311479192 0.000000000000000000 0.245686358251864412 243204.000000000000000000
3.053387232594311662 14.911047731966585062 0.000000000000000000 0.317921687922310570 242185.000000000000000000
4.442466332819030583 12.787334662163779342 0.000000000000000000 0.385661586904214482 0.000000000000000000
-5.845831187471296708 9.752349070794309682 0.000000000833118389 0.382489260621244664 447893.000000000000000000
-5.374948385022496389 12.929893319410961539 0.000000000471283328 0.323443155763971812 451865.000000000000000000
-5.511885928852133354 11.631230007146211136 0.000000000212613533 0.218085617593568731 0.000000000000000000
-8.161551860279349313 11.877675681714320532 0.000000000434204437 0.256270318658249119 442719.000000000000000000
-6.396581287130474358 14.136907065521075566 0.000000000335857706 0.432322775022233319 0.000000000000000000
-6.798035999385020567 14.069748022621833883 0.000000000584809034 0.416267964318840611 0.000000000000000000
-6.056239232256164229 13.648279785009275855 0.000000000077575248 0.362393594320740253 0.000000000000000000
-5.814926982878916739 14.140760092137252713 0.000000000608710122 0.459175462881543928 0.000000000000000000
-5.064877776082904681 12.756382359854399056 0.000000000354143946 0.349525766248527547 444903.000000000000000000
-7.459674600713147363 13.811960360202201414 0.000000000787723315 0.392257696473812312 0.000000000000000000
-5.208709221220210850 12.300463886705141903 0.000000000417249590 0.290489420501210460 448721.000000000000000000
-4.962855319336816784 13.184667355901961372 0.000000000106910288 0.408668956042607612 0.000000000000000000
-7.450826589363250818 10.887690999667050562 0.000000000430842436 0.194928174187647268 0.000000000000000000
-6.559138225804666433 9.296080119862720537 0.000000000104099268 0.429960001814969572 0.000000000000000000
-8.959073759756359223 12.902960524603525272 0.000000000232747605 0.448556497067339188 0.000000000000000000
-11.984251676256516106 5.158437010142107759 0.000000000000000000 0.154465942005168971 0.000000000000000000
-11.149618641787704121 3.285738227012799495 0.000000000000000000 0.369678874380427180 0.000000000000000000
-10.612977877543269045 5.236396324729514440 0.000000000000000000 0.386781232033807043 0.000000000000000000
-10.748458730215222801 5.123650562133703623 0.000000000000000000 0.358691498630162364 0.000000000000000000
-15.278468378154187235 3.954909976403350846 0.000000000000000000 0.474084738554550078 0.000000000000000000
-12.515571174159974888 4.929866306721345737 0.000000000000000000 0.056123678597200743 0.000000000000000000
-12.437935656857279199 3.609955268427559982 0.000000000000000000 0.192285811468254519 283607.000000000000000000
-10.589689779155477822 3.594273086149671226 0.000000000000000000 0.423163756294162863 276831.000000000000000000
-13.978572597074400363 3.221080255634261036 0.000000000000000000 0.338798969835079955 284377.000000000000000000
-11.779322594485636344 3.249746204942965733 0.000000000000000000 0.299421204885715220 66469.205767294508405030
-15.187798008086360824 4.971584877741052289 0.000000000000000000 0.444011156090697912 282720.000000000000000000
-13.423921675347544991 4.967842156498431194 0.000000000000000000 0.136300797711085525 280170.000000000000000000
-10.575328007086424620 4.344982115844860715 0.000000000000000000 0.385463371767679752 0.000000000000000000
-14.237252033349355074 2.560469633078462426 0.000000000000000000 0.456725243350718624 0.000000000000000000
-12.409653374645184698 3.236615738012480037 0.000000000000000000 0.256652111369769287 21136.948665600546519272
-13.210755715897871454 -7.036865709563171478 0.000000000000000000 0.419124324763535061 62602.952639650589844678
-11.663010534645197325 -2.422652207676340375 0.000000000000000000 0.435322825044749062 196729.000000000000000000
-11.074294440009831320 -6.284933736749485078 0.000000000000000000 0.404732321525796468 92614.868996470118872821
-11.489165340369535073 -6.507935668977425259 0.000000000000000000 0.386304913397798988 0.000000000000000000
-10.429321545765885659 -4.014817006937947852 0.000000000000000000 0.423234735086826408 195274.000000000000000000
-12.572631004155054413 -3.421152174940701673 0.000000000000000000 0.220142803038899104 0.000000000000000000
-13.887567172651676728 -2.469626475369163021 0.000000000000000000 0.436629476116978499 129915.672471397512708791
-13.723609209078988513 -6.282199065926268311 0.000000000000000000 0.331474072159479549 0.000000000000000000
-12.381926490852768197 -2.732205110991808183 0.000000000000000000 0.343762718340619389 197248.000000000000000000
-13.674717359009576967 -3.712019410089311133 0.000000000000000000 0.239841794609300191 0.000000000000000000
-13.945870386199020530 -4.517334126883584489 0.000000000000000000 0.221525466990525860 0.000000000000000000
-13.365885595429517707 -4.688564214022333587 0.000000000000000000 0.116379227473817293 197056.000000000000000000
-13.702418687789037932 -3.092045238790174011 0.000000000000000000 0.326959865675016392 194476.000000000000000000
-13.861517604147818972 -4.919976311152971959 0.000000000000000000 0.208953713966137322 199038.000000000000000000
-10.518518028491493865 -5.050997168595531939 0.000000000000000000 0.396527112819065886 199344.000000000000000000
-7.634931331598949988 -10.437456250518751588 0.000000000451995961 0.277853368963094260 0.000000000000000000
-4.811771723079361074 -12.009130281885086688 0.000000000045312030 0.346158006953199870 0.000000000000000000
-4.976683002424420188 -10.901281997840740701 0.000000000015515336 0.344837772678547538 0.000000000000000000
-4.227933406226878077 -12.054504939157490995 0.000000000298318122 0.450298270020830615 0.000000000000000000
-5.524334603256907172 -10.264815431922567512 0.000000000809118160 0.335750061919871889 0.000000000000000000
-7.772605117926944196 -13.350528614734207267 0.000000000725520730 0.342950078105251188 0.000000000000000000
-8.410198016941791366 -10.745510715583481698 0.000000000056158329 0.344932579787442350 0.000000000000000000
-6.651961959009277336 -10.315291680963737164 0.000000000564639181 0.248830728795725986 0.000000000000000000
-6.360139456917822898 -13.617973479610018472 0.000000000394472235 0.342787545251902470 0.000000000000000000
-6.856897724667597060 -14.156392197654742660 0.000000000180410379 0.431979101136832466 0.000000000000000000
-8.624107979452166006 -10.792034446367468448 0.000000000092545433 0.374777793368709811 0.000000000000000000
-7.438420991703108776 -12.485322267287674691 0.000000000573275184 0.184998873381301554 0.000000000000000000
-7.717798414569348786 -11.743930345918188962 0.000000000417412804 0.175691706591730029 0.000000000000000000
-6.142204555712343250 -9.120962367757238454 0.000000000732796474 0.471901234556272253 0.000000000000000000
-8.232973832046912577 -10.234825959784423333 0.000000000269870071 0.374530742546229589 0.000000000000000000
3.289146201006015069 -12.708150732115496950 0.000000000000000000 0.197995240232515579 430721.000000000000000000
4.482493602624325391 -14.292763459837608764 0.000000000000000000 0.423356797830465870 423089.000000000000000000
0.712865379045490855 -13.560442681432981260 0.000000000000000000 0.293372464851593406 0.000000000000000000
2.022603591831221514 -13.627580393686423932 0.000000000000000000 0.083618516008435312 425630.000000000000000000
4.077621838869922577 -11.549441301238152491 0.000000000000000000 0.437005372549342186 429416.000000000000000000
3.331426282115869331 -14.779221329795667828 0.000000000000000000 0.321102504981038095 171491.307394063711399212
4.121662885655444697 -15.022917922181179051 0.000000000000000000 0.444957826350454277 0.000000000000000000
2.522284954806165658 -13.232540315067558012 0.000000000000000000 0.034407458112831704 425170.000000000000000000
1.286673880128054837 -12.892595150727910180 0.000000000000000000 0.198866481102623671 0.000000000000000000
0.037325232223747090 -12.701497346668009669 0.000000000000000000 0.421996246332383806 421984.000000000000000000
4.524253815974666360 -14.169003395523713351 0.000000000000000000 0.421319506872790350 0.000000000000000000
2.845292834168088536 -11.073456657816224791 0.000000000000000000 0.402686000808173183 421716.000000000000000000
4.020509271572310084 -12.106449631607294037 0.000000000000000000 0.365605538929986817 424647.000000000000000000
0.873292520886011281 -14.122767668148640041 0.000000000000000000 0.300868052252862062 293595.874457423633430153
0.906494767324762307 -13.685317320774531780 0.000000000000000000 0.264684185888134360 422671.000000000000000000
10.682124949429116612 -10.598686856206686713 0.000000000000000000 0.329995792672172661 0.000000000000000000
11.450140551454612847 -10.328817417642900622 0.000000000000000000 0.340096736749703976 471417.000000000000000000
10.870514781459416298 -8.262770645360381749 0.000000000000000000 0.127078554926405712 221821.013310792623087764
10.673042677316614046 -8.882747014784305506 0.000000000000000000 0.063791192432716776 234467.209557662426959723
12.096220497255661286 -9.076377578552262904 0.000000000000000000 0.318151609923363776 0.000000000000000000
9.106425223227740062 -8.880869022818689729 0.000000000000000000 0.221217963733388201 0.000000000000000000
9.960513693143862923 -10.044431237561425974 0.000000000000000000 0.237340141234280017 0.000000000000000000
9.913848396769596505 -7.997106670132184014 0.000000000000000000 0.152137326996063832 471232.000000000000000000
12.169599502940062763 -10.259100703617919592 0.000000000000000000 0.419577609157498865 0.000000000000000000
11.546716209380337048 -8.169126112396556394 0.000000000000000000 0.237657278493984603 468360.000000000000000000
8.122512552365664718 -8.492934151768903206 0.000000000000000000 0.397870748200386759 0.000000000000000000
11.102543965547855720 -9.357031761846835494 0.000000000000000000 0.172693960111615780 49115.610151055690948851
10.682627663954200159 -10.602583650138177163 0.000000000000000000 0.330683197411654084 126901.798789298671181314
11.023274180274581724 -10.338476342387961537 0.000000000000000000 0.303993511152928220 466799.000000000000000000
10.635482511550195639 -6.192889735042652610 0.000000000000000000 0.450862351257050264 131242.732072361017344519
11.286308773928698912 1.429370675540712288 0.000000000000000000 0.472663324380668937 160419.000000000000000000
11.962342684625101086 0.351058931932006602 0.000000000000000000 0.287955538644063980 133726.302598944312194362
12.425357432313253625 2.331295636012507000 0.000000000000000000 0.451104787979404620 151516.000000000000000000
14.869070792437348416 0.136352680748660138 0.000000000000000000 0.237898183070354013 157351.000000000000000000
10.965885343591772028 0.040196461022116561 0.000000000000000000 0.459052735062874306 155711.000000000000000000
14.209554934377155888 0.272355566915012504 0.000000000000000000 0.128146699562180777 155327.000000000000000000
12.364916877701146447 0.888440091887828576 0.000000000000000000 0.260336627264237896 0.000000000000000000
11.378561515332124898 0.988174787210039707 0.000000000000000000 0.422076866165522036 158898.000000000000000000
13.213298051159780400 1.081565055537122344 0.000000000000000000 0.196457125564668461 0.000000000000000000
16.127307995172433408 0.639475093056985022 0.000000000000000000 0.473976192332205837 72266.133807297548628412
12.439951408871264604 2.183795612904776640 0.000000000000000000 0.427052763653359202 156424.000000000000000000
14.251603396893573361 2.632187941359803496 0.000000000000000000 0.472716169772328554 158449.000000000000000000
13.675845367913316508 1.070036262422986884 0.000000000000000000 0.186939335864475975 65592.863031225613667630
15.781575705295951551 1.044360097873590743 0.000000000000000000 0.438094810544092383 153359.000000000000000000
13.279537278734771633 0.036932294825858983 0.000000000000000000 0.047061547617019542 152537.000000000000000000
