-4.247662728623006423 2.687363048719485281 0.000000000000000000 0.414133316883962987 214507.000000000000000000
-4.380504148496063621 5.371527562065480765 0.000000000000000000 0.460978833933128551 184846.636119520611828193
-0.252643745576105139 2.522394796362330993 0.000000000000000000 0.432589256547878054 219193.000000000000000000
-1.335937118341332885 3.033642254381467840 0.000000000000000000 0.224276842025957907 218608.000000000000000000
-3.623491663390115747 1.764475752250118656 0.000000000000000000 0.449808453195575941 223160.000000000000000000
-0.889208317287261907 5.457127927804446443 0.000000000000000000 0.370742099185877583 0.000000000000000000
-2.975297388341837213 5.815338074600110652 0.000000000000000000 0.365790048067498152 222385.000000000000000000
-2.056510246882231385 4.274519522000928440 0.000000000000000000 0.077317550675431515 0.000000000000000000
0.067747116282633080 3.910153372906651104 0.000000000000000000 0.414537115573372916 214509.000000000000000000
-2.907754404177302465 2.228082424652267246 0.000000000000000000 0.317757884888810405 104697.008545690958271734
-1.792076558524041019 5.574081752842714010 0.000000000000000000 0.311212424843367363 200776.206069844076409936
-4.437048692184581533 3.439740211069262088 0.000000000000000000 0.396489979612440480 219246.000000000000000000
-2.750938340898831047 3.529904209689304295 0.000000000000000000 0.108753638235998526 223001.000000000000000000
-1.280824148658617156 4.981503708826677368 0.000000000000000000 0.261030896417843106 0.000000000000000000
-3.742098367754765675 3.267505493834650387 0.000000000000000000 0.286744627183676826 0.000000000000000000
-2.472875734506898571 -1.324352617228457651 0.000000000000000000 0.458471546017298781 172071.000000000000000000
-1.816988072256367825 -5.338902374784998628 0.000000000000000000 0.269749242713539894 0.000000000000000000
-3.344379349743534569 -3.569021381855579378 0.000000000000000000 0.201849977430994809 0.000000000000000000
-4.430320517054489038 -5.250824671780104147 0.000000000000000000 0.456548546767290120 173698.000000000000000000
-3.607994742519522902 -2.071383528734730639 0.000000000000000000 0.403303462309933025 0.000000000000000000
-0.344795948419027942 -5.197829292067791762 0.000000000000000000 0.412985513761987444 0.000000000000000000
-1.868501675327627565 -3.954230694934187884 0.000000000000000000 0.070389656080464130 28798.208445672480593203
-1.163518872987868491 -1.747744654630150940 0.000000000000000000 0.428610929890506365 29852.020515028460067697
-1.331528520779937441 -4.715777293682101856 0.000000000000000000 0.221149244239611159 7216.461122123471795931
-2.735633531626671555 -2.407241284991587182 0.000000000000000000 0.277415829607776887 0.000000000000000000
-2.762882286668818299 -6.186245345663094142 0.000000000000000000 0.418575938308711648 181505.000000000000000000
-1.169622384578960173 -1.815393271910470618 0.000000000000000000 0.417412107958984757 0.000000000000000000
-0.435450397333301265 -2.007196681778256941 0.000000000000000000 0.466962619406219803 109737.950459362516994588
-2.851644208138298886 -3.901350885279498915 0.000000000000000000 0.105785301061354128 176241.000000000000000000
-2.087604506959048756 -5.835431504121110891 0.000000000000000000 0.347764140839739333 172086.000000000000000000
2.559809599019869264 -0.493602365091882156 0.000000000000000000 0.359206329850444872 198410.000000000000000000
6.424848659811575047 -0.127575709435785473 0.000000000000000000 0.341279024760719474 0.000000000000000000
4.314294318702986075 -1.633735070254286770 0.000000000000000000 0.292487687684240716 195155.000000000000000000
5.479688868024973125 -1.726394049710777479 0.000000000000000000 0.351509096943859012 0.000000000000000000
3.339711881999663401 -2.388088201226983287 0.000000000000000000 0.473369116575232896 0.000000000000000000
4.526582667279217098 -2.037047083581588591 0.000000000000000000 0.361923876189497618 0.000000000000000000
4.689063799036858882 -2.645774541351320952 0.000000000000000000 0.471025769414172346 194480.000000000000000000
2.470507971945868242 -0.323190734207429609 0.000000000000000000 0.368734315669256574 108660.489160725395777263
6.722431991663513351 -0.720414774351317400 0.000000000000000000 0.413775066439904526 201871.000000000000000000
5.517759148148771331 1.580621325678102540 0.000000000000000000 0.332777151020070217 198445.000000000000000000
3.962428952432753171 0.672609922249859382 0.000000000000000000 0.154801505623125196 194965.000000000000000000
2.869041302797561421 -1.023231901209462835 0.000000000000000000 0.345083886462036249 194339.000000000000000000
5.192236738070060476 1.006924099604682210 0.000000000000000000 0.215825994555389200 195022.000000000000000000
6.858325488034511253 -0.701523761458893946 0.000000000000000000 0.435898354737766835 0.000000000000000000
4.187175949981487122 -0.474996662922361534 0.000000000000000000 0.102581982011133430 200204.000000000000000000
12.654899878083753606 8.122055589516763874 0.000000000705624538 0.426735148116688390 220710.000000000000000000
9.231515719823553567 10.830778612612684597 0.000000000448586655 0.415804359526642242 0.000000000000000000
11.496568633758558420 6.496695478137294089 0.000000000246899964 0.444604003972952466 213487.000000000000000000
10.402325770721411402 9.372192229040599898 0.000000000371689207 0.109997472847376099 218176.000000000000000000
10.569038298701658007 7.701664683788920662 0.000000000236214594 0.187872098016015343 211359.301477817178238183
9.508372451824602223 10.732642694258123228 0.000000000532206791 0.378696926892183816 215788.000000000000000000
9.399114481843589886 10.733795872103472746 0.000000000307375497 0.386972056833384370 217520.000000000000000000
8.385281872852205609 10.176652960401424863 0.000000000853624638 0.429607981326461774 213475.000000000000000000
8.771189997319069676 7.470890967434383967 0.000000000904177398 0.358645132305872805 216230.000000000000000000
8.416435346843586629 7.924669887168962923 0.000000000801612285 0.372256276001427300 214406.000000000000000000
10.131536429808212674 6.282469526303286145 0.000000000685324504 0.434040769948997818 219200.000000000000000000
8.756763794317718563 8.583296280089115271 0.000000000852927776 0.283782167135443519 221591.000000000000000000
11.845193836940881127 8.061102827564877060 0.000000000272398922 0.293866571425326517 151187.293704529962269589
11.394212213287485014 6.270686567402097289 0.000000000806634931 0.472522876185451524 214470.000000000000000000
10.543312851223658910 7.976381862379501975 0.000000000296799368 0.140001909423794646 0.000000000000000000
2.602568385197373324 15.637084886270942619 0.000000000000000000 0.422972079027899350 0.000000000000000000
2.528511014731377404 10.751990190454476348 0.000000000000000000 0.450863204865083855 236999.530675728397909552
3.085354165856579733 13.778413474176417708 0.000000000000000000 0.160914561285251584 236671.000000000000000000
3.470202322255392602 13.895853950459276405 0.000000000000000000 0.230492107804686708 0.000000000000000000
0.507383406060069819 12.497929417551420173 0.000000000000000000 0.353929534954789904 0.000000000000000000
2.893737765361961589 12.734426636561606117 0.000000000000000000 0.138788256681390665 0.000000000000000000
4.207479746499291906 11.861599681370277537 0.000000000000000000 0.418124777324822672 238418.000000000000000000
2.114195651000672083 13.738334660943264609 0.000000000000000000 0.091095701736972109 4036.363190497565028636
4.224451965959641342 13.999179320516166314 0.000000000000000000 0.360547048288115957 238462.000000000000000000
1.294243026159770826 15.017735223829541624 0.000000000000000000 0.361298639944790445 243809.000000000000000000
1.777767761231937138 15.774424260561827893 0.000000000000000000 0.455757969345753244 82195.680221077403984964
3.639862046939436713 13.708389696910741051 0.000000000000000000 0.245033245712666659 0.000000000000000000
0.705514236531632366 12.627743318006848128 0.000000000000000000 0.312470147283947342 236254.000000000000000000
-0.262835925205229637 13.008181349054281029 0.000000000000000000 0.465313291853593713 0.000000000000000000
0.623347054442094262 13.721380910823302912 0.000000000000000000 0.315059517915981580 107278.793117739463923499
-4.723390710414253846 11.696788480497016138 0.000000000722670131 0.358075345560043390 442344.000000000000000000
-5.670017933418675327 10.726567179420721132 0.000000000460123065 0.258363539085514349 445190.000000000000000000
-8.750410941892887706 11.509406684963625622 0.000000000741879127 0.361562263214556645 0.000000000000000000
-6.645350249350143734 9.801184820631730688 0.000000000754726875 0.339771035559336909 445033.000000000000000000
-6.810003118005229616 9.394725714325314669 0.000000000189545590 0.411517857947849064 0.000000000000000000
-8.156237535567662178 11.840445822886513483 0.000000000028120092 0.254688649858538785 0.000000000000000000
-8.937564129954097325 11.147600800803015630 0.000000000334454721 0.405744289868604169 448755.000000000000000000
-6.925171915384367161 9.254754063137529130 0.000000000149725613 0.437352063540862313 446394.000000000000000000
-7.521066926402584230 12.770042115975382302 0.000000000179148606 0.233100339289876890 0.000000000000000000
-7.703625937650205202 12.215949015648178033 0.000000000477465784 0.194162471979704904 0.000000000000000000
-7.340137222289186525 13.743805678333396614 0.000000000773291097 0.374235935043202961 0.000000000000000000
-7.095329883646526170 14.234380119097417960 0.000000000249770217 0.449770807033842146 0.000000000000000000
-5.148916681017421837 12.105974443232618398 0.000000000604763023 0.290454279658682146 442334.000000000000000000
-7.435757634844453179 14.035270741675994088 0.000000000566065194 0.428469135040860982 0.000000000000000000
-4.417702582979025294 12.053974443952224505 0.000000000423056167 0.416791159706527137 0.000000000000000000
-12.264367418713151281 4.017563547181119077 0.000000000000000000 0.140122973949915769 140332.070496767846634611
-11.316186899482847394 4.959870708454882759 0.000000000000000000 0.253780734049750323 275908.000000000000000000
-10.641300604585696377 5.742069516463777390 0.000000000000000000 0.413299552832009587 284108.000000000000000000
-13.774984069696245115 3.039453922734274727 0.000000000000000000 0.341636442570108834 0.000000000000000000
-11.303548490812248772 5.066592961194129607 0.000000000000000000 0.260196840284226572 278086.000000000000000000
-10.144805089695568157 4.679652043010229967 0.000000000000000000 0.457759005256021756 276787.000000000000000000
-10.830503641220643019 4.090979453473378769 0.000000000000000000 0.350876531563689809 0.000000000000000000
-10.974405556819510466 5.730392142303905700 0.000000000000000000 0.360147567013462455 0.000000000000000000
-10.326153674531674653 4.548012664328776822 0.000000000000000000 0.426054037147074960 280509.000000000000000000
-11.513548605709091888 4.612279691479935551 0.000000000000000000 0.214134005504920621 0.000000000000000000
-10.867518952788664421 4.826601711541643525 0.000000000000000000 0.329976793653302791 282684.000000000000000000
-11.782785841378894176 7.033777528824635361 0.000000000000000000 0.442465695647759671 0.000000000000000000
-11.295348583253240093 5.560385565312460976 0.000000000000000000 0.295796733694514924 0.000000000000000000
-13.234784218172961801 6.495037910715095286 0.000000000000000000 0.328928038584270166 280523.000000000000000000
-13.497780807552388183 5.237794999771923088 0.000000000000000000 0.170264778296176283 0.000000000000000000
-14.826798628608457875 -5.290262815922394779 0.000000000000000000 0.391364794357973056 196484.000000000000000000
-13.670541492666725247 -2.304512500247646756 0.000000000000000000 0.445942561456608100 0.000000000000000000
-12.136536620792238494 -4.349878761544166750 0.000000000000000000 0.117633841411377324 193054.000000000000000000
-13.100015421386217440 -3.645059765907900484 0.000000000000000000 0.192373381541634941 194323.000000000000000000
-12.531453460592166138 -2.690920808874647463 0.000000000000000000 0.347252132429041516 0.000000000000000000
-11.610840793808248961 -3.665331254550263207 0.000000000000000000 0.264154280430862309 202419.000000000000000000
-12.127274219265734345 -7.148235428620368204 0.000000000000000000 0.442377944687044666 200862.000000000000000000
-14.012869443500896693 -5.019858162786070999 0.000000000000000000 0.239132636716144042 198523.000000000000000000
-13.114327961734810302 -2.397136124365887522 0.000000000000000000 0.402777010050544448 173830.124124618916539475
-11.416454331053040860 -2.937405101562903464 0.000000000000000000 0.381478071081577552 199208.000000000000000000
-11.460813736564476883 -5.944527019440780435 0.000000000000000000 0.313856192955626057 0.000000000000000000
-13.640521326239612776 -3.831210414770622297 0.000000000000000000 0.221275332662268065 196395.000000000000000000
-14.475166261947336466 -3.399263082254051938 0.000000000000000000 0.384421098159025754 201613.000000000000000000
-12.913370555214569890 -6.490677986816715261 0.000000000000000000 0.316971986485120816 197037.000000000000000000
-13.367419264443233473 -6.136724646506874770 0.000000000000000000 0.278778977922495175 0.000000000000000000
-7.959802187317783329 -12.574003135269025577 0.000000000233297658 0.265931607456187324 0.000000000000000000
-6.145545289988206150 -11.170024150007447972 0.000000000386465842 0.142764730723309585 0.000000000000000000
-4.847737525384455459 -12.478690953781175210 0.000000000200784944 0.361918261509890482 0.000000000000000000
-9.073091608251321105 -10.781216376380047706 0.000000000215605026 0.448786219537244346 0.000000000000000000
-7.651725900513453915 -12.665438835855752586 0.000000000222697879 0.234263423883369348 0.000000000000000000
-6.486167043816887023 -10.867482312722732019 0.000000000803637631 0.156958151862966966 0.000000000000000000
-7.386101440106711102 -9.148061581733745840 0.000000000634801222 0.469339590405067952 0.000000000000000000
-6.961702816194170751 -9.183043115709567772 0.000000000298083528 0.450527861401292307 0.000000000000000000
-5.922148596364347206 -13.457501567741001480 0.000000000019501304 0.340192864806858342 0.000000000000000000
-7.720184869124977034 -9.729853935643868468 0.000000000556807734 0.393240704082582992 0.000000000000000000
-5.876202954232685904 -11.628354795681977052 0.000000000187548688 0.153439611307646245 0.000000000000000000
-7.448137090785452052 -11.151665054268450561 0.000000000462502870 0.162267802111357912 0.000000000000000000
-5.688011109168215285 -9.595565152206077641 0.000000000297552978 0.419683445621722773 0.000000000000000000
-4.320441854205469667 -10.736485858033692153 0.000000000732565313 0.463810274217292429 0.000000000000000000
-7.777149062916748790 -13.660282248545692951 0.000000000572871805 0.390524690924864248 0.000000000000000000
4.580957583941408728 -14.379580792512205889 0.000000000000000000 0.445856480499199126 0.000000000000000000
2.716817756193894873 -14.566818785729005015 0.000000000000000000 0.239606785536282202 429095.000000000000000000
2.391004945692931205 -13.171906488078244379 0.000000000000000000 0.021221144288264750 0.000000000000000000
3.193201618520943530 -12.392161069985304422 0.000000000000000000 0.219605459914547635 429643.000000000000000000
0.174878495177414772 -14.663085303850550645 0.000000000000000000 0.457285174094299252 0.000000000000000000
3.107030327218501142 -11.288650683160188493 0.000000000000000000 0.379754994123055856 0.000000000000000000
1.898230213731387339 -13.166040519867742375 0.000000000000000000 0.080189989087126878 429638.000000000000000000
1.537943011105965097 -13.730631119441417454 0.000000000000000000 0.163354749107210595 422461.000000000000000000
3.540046271745756368 -14.357563104090122152 0.000000000000000000 0.288416353540041026 427782.000000000000000000
2.896407853540946764 -14.781495914696490601 0.000000000000000000 0.286022256449608492 0.000000000000000000
4.782002944216294793 -13.122469568368778425 0.000000000000000000 0.437071865865920617 423845.000000000000000000
1.900425480141329393 -13.395292077488310412 0.000000000000000000 0.080169823493831935 192800.170569751237053424
1.588443703895443093 -12.194371761823850520 0.000000000000000000 0.234179151136124114 0.000000000000000000
4.332471488545824201 -14.293861098154023281 0.000000000000000000 0.399441831078630960 220347.922491136239841580
2.728786165368862093 -12.658704140136229910 0.000000000000000000 0.130579737661403489 0.000000000000000000
8.853781969450050582 -7.533245220653002505 0.000000000000000000 0.340292207377573097 472652.000000000000000000
9.378618772570229467 -8.736316827901809745 0.000000000000000000 0.171480492403643547 463917.000000000000000000
9.206893452225873631 -9.213882311219956378 0.000000000000000000 0.218017371054992720 0.000000000000000000
9.514814380898725332 -8.108558170948256816 0.000000000000000000 0.185119685443379089 467530.000000000000000000
11.056873814792384181 -10.519874861946876266 0.000000000000000000 0.335565173992853794 0.000000000000000000
10.942576506038339090 -7.409174913514658734 0.000000000000000000 0.257909625170464119 0.000000000000000000
11.175217336481409802 -6.603277253506875333 0.000000000000000000 0.403931811660962314 0.000000000000000000
9.582024406401654204 -6.604174525398585516 0.000000000000000000 0.399885214425158952 0.000000000000000000
11.410621856511726335 -7.222528886969056039 0.000000000000000000 0.328131634150556517 0.000000000000000000
11.834361276067662416 -9.895153102835685388 0.000000000000000000 0.333392536252340943 0.000000000000000000
10.777943906576856747 -7.595333292396463598 0.000000000000000000 0.216497220545694591 465219.000000000000000000
9.921247168755137125 -11.147211849129250893 0.000000000000000000 0.427533813936970986 0.000000000000000000
10.623679011670178696 -9.720891759449942882 0.000000000000000000 0.177831868868003506 463603.000000000000000000
8.259613231265422684 -10.148292629429757739 0.000000000000000000 0.445210947147294311 0.000000000000000000
12.043660483352349289 -7.040072606379784936 0.000000000000000000 0.425804063954784706 463583.000000000000000000
12.864685692976578935 2.614080576539022260 0.000000000000000000 0.469364597960082952 160203.000000000000000000
13.213361966994352059 -0.062791529470052190 0.000000000000000000 0.059426464598407412 0.000000000000000000
14.379242063826511711 -1.749996651349440935 0.000000000000000000 0.337588317011123351 155808.000000000000000000
14.705172755419557262 0.486895831317007810 0.000000000000000000 0.223932337755554406 158090.000000000000000000
12.690708982989631792 0.034102969451675395 0.000000000000000000 0.151702344757224744 156656.000000000000000000
11.834196189976491809 0.588001565472835996 0.000000000000000000 0.320973655719955342 0.000000000000000000
13.437102733989618741 -1.670580006747348856 0.000000000000000000 0.290166309919847265 0.000000000000000000
13.864940804525568652 -0.384955212145914105 0.000000000000000000 0.088191984545135715 154343.000000000000000000
11.291889153721220040 -1.413553306738629667 0.000000000000000000 0.470371230385626893 0.000000000000000000
12.380608049489381983 -2.202448590674672246 0.000000000000000000 0.434900923853313859 158258.000000000000000000
15.033651332794878641 0.679658995547621658 0.000000000000000000 0.290815343174149532 0.000000000000000000
13.799503228268774180 -2.460737813863912660 0.000000000000000000 0.428673233022603517 0.000000000000000000
13.038596278954592833 2.662469745989857195 0.000000000000000000 0.470454589084839059 47291.729170877064461820
15.391442564903213608 -0.665085444285595684 0.000000000000000000 0.349242850350325928 154614.000000000000000000
13.413842644334401655 2.696110021136909563 0.000000000000000000 0.467875959593233859 157855.000000000000000000
