-2.518440261045292061 3.901675612696837714 0.000000000000000000 0.046424898575050770 60526.757279380333784502
-4.416430226755253763 5.116100496252700580 0.000000000000000000 0.442154981057344965 0.000000000000000000
-0.468134531675421406 3.479494541738778146 0.000000000000000000 0.327313387310057158 214294.000000000000000000
-1.195317134861632269 3.642569381951375362 0.000000000000000000 0.194505613246727771 150439.229472738108597696
-3.490781859487440908 2.579405873866205567 0.000000000000000000 0.320452106511565027 0.000000000000000000
-2.047886698391448768 5.965790087974345290 0.000000000000000000 0.371545436776158422 216499.000000000000000000
-1.553145991660732417 1.404373640475915952 0.000000000000000000 0.460237577898160666 218364.000000000000000000
-3.878156814659894813 2.488219002523398782 0.000000000000000000 0.381569364916172549 222960.000000000000000000
-2.885337393033758246 4.096340494415232847 0.000000000000000000 0.117644422022827697 0.000000000000000000
-3.124970282944885547 4.101355986624866112 0.000000000000000000 0.158989361003118390 72335.136965688390773721
-2.850866978534871254 5.897175079980758738 0.000000000000000000 0.372609446920084075 221865.000000000000000000
-4.004133449634140973 4.030820434624991400 0.000000000000000000 0.312167509254537290 0.000000000000000000
-3.641853638438548924 3.305601311093067540 0.000000000000000000 0.267650506406345856 221627.000000000000000000
-0.880084657220491007 5.691113077476651405 0.000000000000000000 0.404043421423726179 0.000000000000000000
-3.885566008310088915 1.981035205395424104 0.000000000000000000 0.446688400113861628 220189.000000000000000000
-3.041028960988901630 -4.910365535774926293 0.000000000000000000 0.229027829737235178 177900.000000000000000000
-1.548308593082095452 -5.500483746482279557 0.000000000000000000 0.313495110657919074 0.000000000000000000
-0.341086544102243150 -3.665031974079103527 0.000000000000000000 0.344017628952610677 0.000000000000000000
-4.728410353781668185 -3.374839130915471941 0.000000000000000000 0.449665963092026277 180415.000000000000000000
-1.466593831432213779 -6.434549770671948998 0.000000000000000000 0.474639573961949890 178006.000000000000000000
-0.691916066485698256 -2.499410188309132419 0.000000000000000000 0.373244579923649289 50254.595432872178207617
-0.631999684006409490 -2.542560701037173132 0.000000000000000000 0.376347648524521128 176774.000000000000000000
-3.123815384789539351 -1.849216923303913740 0.000000000000000000 0.394724383963470982 114789.474081409658538178
-1.324958177761029976 -2.546555738521667056 0.000000000000000000 0.291464619819215343 0.000000000000000000
-3.101305764443372581 -4.310092280014958810 0.000000000000000000 0.167831652101075618 0.000000000000000000
-0.575112084210116281 -5.956660054651194969 0.000000000000000000 0.474864207838298025 178336.000000000000000000
-0.820045608815999749 -5.434426728951167185 0.000000000000000000 0.376000478209736810 176767.000000000000000000
-1.780709803906735278 -5.980547702062130710 0.000000000000000000 0.381909069107573773 173613.000000000000000000
-1.743321878514761059 -2.045944904086176575 0.000000000000000000 0.341056673882989103 0.000000000000000000
-1.072819907491214808 -4.807688743864058978 0.000000000000000000 0.267112595694777688 177295.000000000000000000
2.488001851788447460 1.720676089499991956 0.000000000000000000 0.473347786598755982 197525.000000000000000000
3.820013577777963576 2.447090431795926335 0.000000000000000000 0.452203543072377145 0.000000000000000000
4.563197270541359707 1.621068335504888491 0.000000000000000000 0.288143275554198774 0.000000000000000000
7.049834456693149676 -0.464948378938734252 0.000000000000000000 0.459353569872426537 0.000000000000000000
4.399364329897137438 -1.042271095220163923 0.000000000000000000 0.186329939128135724 197667.000000000000000000
2.772363593479290067 1.564316669786904646 0.000000000000000000 0.416851316758258761 0.000000000000000000
6.439806403067894536 -0.441562248345409913 0.000000000000000000 0.352018706012756311 198571.000000000000000000
4.070146841173021279 -0.771317338999483293 0.000000000000000000 0.158291716724614756 97126.651566487154923379
5.043429194526848569 -0.331107063171779126 0.000000000000000000 0.111158808257469752 201723.000000000000000000
5.392861530726448471 -0.359161423832785653 0.000000000000000000 0.169094940389264592 196827.000000000000000000
4.063255240120327905 -0.162154788589950111 0.000000000000000000 0.085382151296813161 0.000000000000000000
2.087906702906322742 1.107474655821750753 0.000000000000000000 0.475164665976594736 197387.000000000000000000
3.670299471565631855 -0.685783497601220926 0.000000000000000000 0.193610608171592924 193676.000000000000000000
5.319219802608819769 0.358628652619085331 0.000000000000000000 0.156980238925852361 195254.000000000000000000
6.281579280021676759 -0.311942657811058399 0.000000000000000000 0.319821042177462100 197340.000000000000000000
10.577044244629897563 9.635211604276435082 0.000000000866810493 0.161127634498112488 0.000000000000000000
11.032192561411951814 11.331161186800486007 0.000000000167542951 0.468903904601802424 0.000000000000000000
9.555879000592168993 9.995670966210884245 0.000000000153693345 0.259892013367514829 217453.000000000000000000
11.789350483431356054 10.278964231621060321 0.000000000579267395 0.372017569876878118 216970.000000000000000000
12.330400343293181464 9.605188788670902866 0.000000000479093715 0.385000049978766135 0.000000000000000000
10.985485045005679794 9.100367027153007271 0.000000000629018615 0.130474946272907899 0.000000000000000000
12.541121658692675922 7.651900719389576722 0.000000000030375754 0.436453219317359697 0.000000000000000000
8.531680688147291747 9.082090882030147583 0.000000000004100295 0.327723030744551280 0.000000000000000000
10.230903656309648042 9.756087830079499312 0.000000000671162092 0.177880441475033124 114798.374905405304161832
11.911357606856187275 10.679160914496952373 0.000000000520281139 0.438675188404707594 0.000000000000000000
9.004983907759541495 7.493935169463231460 0.000000000247381838 0.324374565022709282 99726.531115951234824024
11.894823073946934500 9.472065554826608391 0.000000000540125197 0.304603031488390241 217740.000000000000000000
10.166269911323489339 7.387139114843016330 0.000000000059008864 0.240702320109075080 0.000000000000000000
9.979637488524600641 7.702725170932169796 0.000000000600766312 0.194349456778123236 0.000000000000000000
9.988742394371540101 9.239763717558817646 0.000000000852094452 0.106668396550689562 214028.000000000000000000
4.216432690072865697 12.266023083313312370 0.000000000000000000 0.380585177791864349 234401.000000000000000000
3.353226886395133111 10.916573250723505595 0.000000000000000000 0.457647150700622229 0.000000000000000000
3.849409531967467935 11.862568015940937016 0.000000000000000000 0.369103729490472265 241536.000000000000000000
0.076302479643246504 12.928390087614831216 0.000000000000000000 0.407176170376446045 0.000000000000000000
0.531712692208347049 13.015850569655173175 0.000000000000000000 0.324611774786193408 95233.760687514586606994
1.407801535032748408 13.933570645344357075 0.000000000000000000 0.202385733702316994 19133.369766278490715194
1.019587658248773065 15.566074691239133898 0.000000000000000000 0.470322292050988855 234206.000000000000000000
1.036107398716514805 14.173195325311999326 0.000000000000000000 0.281140048810642751 234869.000000000000000000
3.050276632994160853 12.203159408581635503 0.000000000000000000 0.229803225250599014 237124.000000000000000000
2.344526966856570027 13.796342191232112029 0.000000000000000000 0.092553524474645599 0.000000000000000000
0.181926503973357412 14.336311426961907856 0.000000000000000000 0.427527607618110594 235512.000000000000000000
4.899473616020692646 13.129592814214177565 0.000000000000000000 0.457889301180670671 238113.000000000000000000
3.573875509630278113 11.553552422598436067 0.000000000000000000 0.377963484781122128 0.000000000000000000
1.161926723862581667 14.947328120877985569 0.000000000000000000 0.363619493619828982 234748.000000000000000000
0.321638103878465698 11.810669892761348265 0.000000000000000000 0.443707731998767674 243968.000000000000000000
-7.981211128052737358 12.403006492345060252 0.000000000901805607 0.253330897504076780 447523.000000000000000000
-6.000236110931887801 10.686622946847931459 0.000000000732772910 0.224601760969765807 445429.000000000000000000
-5.760719691774354168 10.482600938911142308 0.000000000581434853 0.279191421115763172 443728.000000000000000000
-7.214888632482550967 9.894524006666065574 0.000000000145961741 0.333964442691465968 443814.000000000000000000
-8.322723339327978920 12.605776762765604104 0.000000000113158751 0.323900025320134011 0.000000000000000000
-5.784680366970365029 9.579383497072484488 0.000000000246409080 0.414918741234236554 442740.000000000000000000
-8.089000171672157791 12.695864101411864056 0.000000000049182715 0.297140905466779459 209288.590459750150330365
-5.355182481443803155 13.137868885880543246 0.000000000348374292 0.351448589670179001 0.000000000000000000
-7.922691480746842707 12.182262631833991051 0.000000000273726007 0.227432974400179205 0.000000000000000000
-7.754129828302160021 11.124756281711361439 0.000000000419299926 0.210213428819199216 0.000000000000000000
-6.265800867210788105 9.614306623723294365 0.000000000503556880 0.381798235307114819 444934.000000000000000000
-7.076559304178164922 13.336059055661031891 0.000000000703094730 0.292683566949483054 0.000000000000000000
-7.993955815265723075 10.469025235510674321 0.000000000387841444 0.315189082186216718 450087.000000000000000000
-6.224658364323754078 10.423867811074737588 0.000000000094790769 0.246506696653633423 444443.000000000000000000
-8.480445607930224838 10.811886920704630199 0.000000000550233056 0.350319726046878999 0.000000000000000000
-10.500819523840533520 4.541841623803872352 0.000000000000000000 0.395039214243644299 0.000000000000000000
-13.771960196728787906 5.879252959192569961 0.000000000000000000 0.281112248725662706 277254.000000000000000000
-13.922783115412476818 6.925206218663924496 0.000000000000000000 0.445340046229071029 282183.000000000000000000
-12.804278975028077880 6.458614040903918330 0.000000000000000000 0.309876030810034842 0.000000000000000000
-13.245423148837428329 5.791777612937965003 0.000000000000000000 0.215385263085021206 0.000000000000000000
-12.881398989193462157 2.639208644662180525 0.000000000000000000 0.355757712339881016 284558.976758618606254458
-14.069872146021156212 2.844207088959104901 0.000000000000000000 0.399579092794405011 0.000000000000000000
-12.863829877085224851 5.244025296378003631 0.000000000000000000 0.101894141237632518 0.000000000000000000
-11.364894389675072262 3.675939183126126331 0.000000000000000000 0.297157755622455888 0.000000000000000000
-14.519850058592499664 4.896791417488622677 0.000000000000000000 0.324271738761171824 0.000000000000000000
-13.757387214496050731 6.783009594211987903 0.000000000000000000 0.409838680399713939 283272.000000000000000000
-10.902966579605839925 3.282505973629304741 0.000000000000000000 0.404252701692785044 276097.000000000000000000
-14.024582374349344960 4.358126561252143816 0.000000000000000000 0.240298450092656657 0.000000000000000000
-13.923348405511250192 6.032034045357302254 0.000000000000000000 0.318826232765853756 281160.000000000000000000
-14.494966692716520384 4.447249195127318977 0.000000000000000000 0.320145743012154593 0.000000000000000000
-14.215761951483051106 -4.437791154533618609 0.000000000000000000 0.271093741276791367 130486.740141469112131745
-11.906364225225418707 -2.370696650858074683 0.000000000000000000 0.426852609491624291 0.000000000000000000
-11.506478452420441982 -3.804790964445641244 0.000000000000000000 0.263536995649583439 200359.000000000000000000
-11.748689804418585680 -5.298160316973937967 0.000000000000000000 0.202978856881765368 202389.000000000000000000
-12.417723703294551996 -4.995645066891356123 0.000000000000000000 0.076253619986268853 0.000000000000000000
-13.364381546919315014 -6.706898515316053633 0.000000000000000000 0.370850696510590772 0.000000000000000000
-11.604427840194073696 -2.601376036084434240 0.000000000000000000 0.412370104373408874 0.000000000000000000
-12.372646042233512276 -7.103245913991938387 0.000000000000000000 0.426194880667886744 197124.000000000000000000
-10.466931618285180150 -3.552974008801234262 0.000000000000000000 0.445983676926180905 0.000000000000000000
-13.687807412637399196 -5.436613901902724422 0.000000000000000000 0.217929043246024134 192695.000000000000000000
-10.384023811480426858 -4.217627825406267128 0.000000000000000000 0.422861809760842755 148704.516473174415295944
-11.160683869763627030 -3.194143619998432992 0.000000000000000000 0.378917057611976527 0.000000000000000000
-12.856731759097364431 -6.892847280332684790 0.000000000000000000 0.385740669861434349 0.000000000000000000
-15.119442192007356951 -5.847885330847775620 0.000000000000000000 0.474224401132655737 0.000000000000000000
-10.877051476196585966 -3.648319380426406688 0.000000000000000000 0.373379922682329835 58629.922919649347022641
-8.196973009589196835 -10.001293261170156157 0.000000000735191270 0.400286819871255528 0.000000000000000000
-5.548728694224528191 -13.569093591866066006 0.000000000766146582 0.389895799975168988 0.000000000000000000
-7.982734867894338393 -12.585480427915975099 0.000000000299873082 0.270445688765045100 0.000000000000000000
-9.174850388815544378 -10.784959356176432976 0.000000000365395332 0.465447167201212098 0.000000000000000000
-5.559320935955922138 -12.680267865506412051 0.000000000076884585 0.269723769794560864 0.000000000000000000
-7.916720876934967954 -12.652699783964866498 0.000000000195010439 0.267995798901601967 0.000000000000000000
-5.948313161300209373 -10.501374783774306110 0.000000000606869548 0.256951221398014296 0.000000000000000000
-7.797609755225177075 -12.019310081292877257 0.000000000872154041 0.197161334593692061 0.000000000000000000
-4.295197949201527976 -10.688373891614135758 0.000000000776712116 0.471225806196078290 0.000000000000000000
-9.004709548445415379 -10.969893574341922360 0.000000000105757778 0.426008160648720269 0.000000000000000000
-6.861046659007451254 -13.460973402609949900 0.000000000438673872 0.309204988700232719 0.000000000000000000
-6.783771199615337366 -9.721102396533252588 0.000000000924240827 0.353659327433738568 0.000000000000000000
-6.504712812388481424 -11.478139332546929197 0.000000000749975388 0.058821273131581600 0.000000000000000000
-7.927852873240518683 -9.494684170916407595 0.000000000423426599 0.447133586445253361 0.000000000000000000
-4.172907650267015711 -11.322246752528872804 0.000000000760920598 0.461531696173591133 0.000000000000000000
1.241189754493720709 -14.298788881932228634 0.000000000000000000 0.266656882575935783 0.000000000000000000
1.486902124352881938 -15.398838965567367865 0.000000000000000000 0.407038040354677721 428758.000000000000000000
2.647841329733616966 -14.681036233500911692 0.000000000000000000 0.256214480997620009 428198.000000000000000000
3.579458507765043151 -14.441338995698721703 0.000000000000000000 0.303659449309016616 0.000000000000000000
3.255974947382756834 -14.722252998191695639 0.000000000000000000 0.305274649707346857 0.000000000000000000
3.284445729544558379 -11.544086287791255785 0.000000000000000000 0.351840290384056731 315830.915676156349945813
0.446575049912248223 -13.988054309934915054 0.000000000000000000 0.359514107043398534 428174.000000000000000000
1.717843529857712159 -12.902384835730746460 0.000000000000000000 0.128526124834890565 0.000000000000000000
3.655323286510133496 -15.154896456921800763 0.000000000000000000 0.408841250699095160 422347.000000000000000000
1.704520120157923424 -11.981294071815153046 0.000000000000000000 0.256588235774871332 0.000000000000000000
1.086101508887087785 -12.288718569905730860 0.000000000000000000 0.283669373809609382 61570.636894678515091073
0.278737867140565254 -12.009923482552963492 0.000000000000000000 0.430278388168694348 0.000000000000000000
0.284556049533770450 -12.851463578067575000 0.000000000000000000 0.373083692728128524 429881.000000000000000000
-0.193914575997179983 -13.714056743728312071 0.000000000000000000 0.457253997146521984 0.000000000000000000
1.670892726301272724 -13.721925906262825379 0.000000000000000000 0.142375726703757588 426640.000000000000000000
11.355293100293929243 -10.654148128175680910 0.000000000000000000 0.379536502414197841 0.000000000000000000
7.922788161316717925 -7.722385112488138859 0.000000000000000000 0.467176398047622343 470092.000000000000000000
8.390293094092838189 -9.372231207013433263 0.000000000000000000 0.364532125659122908 0.000000000000000000
8.970699016604678278 -9.027666686550631425 0.000000000000000000 0.249069347317124157 293701.763481010857503861
11.692543636805995177 -6.825653260120336796 0.000000000000000000 0.413723010977164074 63635.267747909456375055
9.656122394777868934 -10.121268211550322746 0.000000000000000000 0.270171984886287742 465239.000000000000000000
9.294051613457861905 -6.933189396105611912 0.000000000000000000 0.369290781174622995 372582.680639414000324905
9.156911659528851999 -7.284302394843536810 0.000000000000000000 0.332591750892949511 469540.000000000000000000
8.680753388131053683 -7.343998607434152781 0.000000000000000000 0.385260185107893227 470633.000000000000000000
11.054991343986092289 -8.747865985757679042 0.000000000000000000 0.127339759542958064 0.000000000000000000
12.170603282362332465 -7.585290975592110740 0.000000000000000000 0.384318257229862514 0.000000000000000000
8.742839884900250880 -9.942100123318754257 0.000000000000000000 0.353763099150789018 0.000000000000000000
12.657804566218718634 -10.035256223327092329 0.000000000000000000 0.470227853637834314 464911.000000000000000000
11.350305676041855918 -10.697382918893005410 0.000000000000000000 0.385793163382433246 463543.000000000000000000
12.594972463160990728 -9.454655386770367542 0.000000000000000000 0.420346153282396773 463097.000000000000000000
15.306203074330298364 -0.923422165246961635 0.000000000000000000 0.352720799767477611 0.000000000000000000
16.005531616158439334 -0.780298165932823307 0.000000000000000000 0.459411441176479696 0.000000000000000000
13.125237736611147454 -2.137078992936546573 0.000000000000000000 0.378001119830605026 0.000000000000000000
12.831378652445929234 1.410028592417588156 0.000000000000000000 0.275480363498209258 158087.000000000000000000
15.455194036619868569 -1.078895193480934545 0.000000000000000000 0.388690437872619865 0.000000000000000000
14.490763260098614040 2.394751435960937425 0.000000000000000000 0.447401946244747550 129652.172998943264246918
12.768183189169594272 -1.922233250325365628 0.000000000000000000 0.360967122727871015 153713.000000000000000000
11.573394898192107760 -0.904986641107142331 0.000000000000000000 0.384448094247183625 0.000000000000000000
11.447638526501041412 -0.848529106034970781 0.000000000000000000 0.401295207517632035 158887.000000000000000000
13.700101304983235195 0.401748552360393196 0.000000000000000000 0.075153612280995180 0.000000000000000000
14.551523991641523992 1.030408395437373281 0.000000000000000000 0.253364136751470181 0.000000000000000000
12.953311561473508817 -0.789656890500379682 0.000000000000000000 0.172486278463297976 0.000000000000000000
11.638274030016239280 0.102792785380608834 0.000000000000000000 0.339643674484003399 157836.000000000000000000
14.180655562010192838 0.412500391809468514 0.000000000000000000 0.134519485422511020 157013.000000000000000000
15.080320584526601735 -2.186763911013861250 0.000000000000000000 0.466812243114345937 156267.000000000000000000
