-4.379115977877332533 2.530921419593826993 0.000000000000000000 0.448710791863571712 217661.000000000000000000
-3.069327621388779459 1.732751148544117381 0.000000000000000000 0.410373213039723017 0.000000000000000000
-2.886277118246892925 2.992283859113845423 0.000000000000000000 0.195161853828715620 215662.000000000000000000
-4.530942587552087453 3.721464258700237782 0.000000000000000000 0.406150130216532845 213788.000000000000000000
-0.322009991578203258 4.004962595749572252 0.000000000000000000 0.345675826383104456 217523.000000000000000000
-1.276262719307749371 4.815485822283698703 0.000000000000000000 0.240411441456658131 217170.000000000000000000
-2.239698166830772497 1.613461553806665227 0.000000000000000000 0.405449900548563835 215839.000000000000000000
-3.236284417436699368 4.566436166309374656 0.000000000000000000 0.211848438219349566 0.000000000000000000
-3.070035527683052212 3.201409084127518678 0.000000000000000000 0.189662604197241985 0.000000000000000000
-3.065849667122202860 2.152187218341124808 0.000000000000000000 0.341251875640154301 221074.000000000000000000
-2.555850349874744243 3.480424716768321325 0.000000000000000000 0.090212137144647334 10550.742482338393529062
-0.673299176571364510 4.244036925926160109 0.000000000000000000 0.289418226673249790 215602.000000000000000000
-0.974972939303439978 4.450460934887392916 0.000000000000000000 0.249537961209082171 88951.798896062100538984
-3.028715333111752006 4.593537487845343215 0.000000000000000000 0.185846029905636784 0.000000000000000000
-0.787292067404158802 5.410909559793740442 0.000000000000000000 0.376982733889598354 215891.000000000000000000
-0.676985567931637222 -4.306211990454970717 0.000000000000000000 0.291395584673204588 179964.000000000000000000
-0.297963574810276244 -2.352036723395919182 0.000000000000000000 0.443999889104579271 180067.000000000000000000
-0.605933549697601825 -5.449857609243763612 0.000000000000000000 0.404865025231631148 177880.000000000000000000
-1.204385394888142891 -3.064647686949120597 0.000000000000000000 0.238544875266843398 0.000000000000000000
-1.451870461534444656 -6.270068885867487118 0.000000000000000000 0.447594636845951854 6735.954483699588308809
-0.176329088895831820 -2.521766090157263829 0.000000000000000000 0.443953099249856431 177654.000000000000000000
-1.594946403607875984 -2.623272901414869462 0.000000000000000000 0.254753367970830424 0.000000000000000000
-1.955501175576830342 -5.734458921022016931 0.000000000000000000 0.332866552731072407 99122.512538819821202196
-0.221056112116443382 -2.268557287140921641 0.000000000000000000 0.463972233814652135 119239.070323522668331861
-3.771615987716264939 -4.766532807095830826 0.000000000000000000 0.311568862092380661 0.000000000000000000
-0.827768132345282348 -2.024469358813795417 0.000000000000000000 0.418875882933118893 0.000000000000000000
-3.247332034674807133 -6.099972381331026483 0.000000000000000000 0.431048428189411137 0.000000000000000000
-4.245250964231042978 -2.180781131190600242 0.000000000000000000 0.466790107187517511 0.000000000000000000
-3.530767895767781717 -6.066612503744555518 0.000000000000000000 0.448869784204239952 175398.000000000000000000
-1.706497667415122654 -4.170543040143801505 0.000000000000000000 0.110286571627531790 174681.000000000000000000
6.083000994880062073 2.162615979243924347 0.000000000000000000 0.474798206148136004 197573.000000000000000000
3.637539978301087995 2.274132400201670734 0.000000000000000000 0.433397449178616112 4356.987805909718190378
2.598714324158650779 -0.732015780733096366 0.000000000000000000 0.365364024438319723 0.000000000000000000
4.035930682204542208 -1.021486038708504074 0.000000000000000000 0.200566563353089811 0.000000000000000000
4.567775295305711580 -1.973181283439735978 0.000000000000000000 0.350691735845637509 0.000000000000000000
6.826022898640390579 0.564522839613005867 0.000000000000000000 0.424002901534783150 198090.000000000000000000
3.054322582305344813 1.030834936255392797 0.000000000000000000 0.318274751228864727 196688.000000000000000000
3.527030831304811986 -2.038026857684255955 0.000000000000000000 0.402770072242613353 110190.655256684272899292
4.436637653480564047 1.139011663108040251 0.000000000000000000 0.202858312839184124 201095.000000000000000000
2.224003945664245752 0.530459463507782836 0.000000000000000000 0.418916030375571846 0.000000000000000000
5.602329637229605197 0.532209096302616258 0.000000000000000000 0.215731599466848945 201089.000000000000000000
4.657723019923479590 -0.019865417557248376 0.000000000000000000 0.025825030158142376 202046.000000000000000000
4.385038911164230946 -1.236574385599669812 0.000000000000000000 0.220931641715931798 197596.000000000000000000
2.144059444781990287 0.754442768212196468 0.000000000000000000 0.443202978471945452 195258.000000000000000000
5.814856872727598436 -1.760050134917098497 0.000000000000000000 0.389007780526187896 199135.000000000000000000
10.392223548956042833 7.302909602492872132 0.000000000918780606 0.253537826696927981 218531.000000000000000000
11.291430369975802961 10.861795449990472306 0.000000000306927297 0.407019093462026138 215319.000000000000000000
10.497566844244618167 8.488034407150513161 0.000000000801030171 0.053475710212886579 221055.000000000000000000
8.675247351578439847 8.764854757843473010 0.000000000672328601 0.296844835712208321 0.000000000000000000
9.152815625276787159 7.816873284387255261 0.000000000020945239 0.267534681404711316 0.000000000000000000
10.377327451079198184 6.904713881169938894 0.000000000062996832 0.323255299008401387 220885.000000000000000000
9.137540219970597732 10.058434839617792278 0.000000000025245059 0.314600462716172202 220546.000000000000000000
9.843015972025687788 10.322449714533142640 0.000000000142872117 0.290176442893549436 0.000000000000000000
9.289288103142514075 8.956501570095410258 0.000000000708594850 0.190935275763074452 55949.829483284716843627
8.278883908162320893 9.673238938124494979 0.000000000570454960 0.401881752406749337 0.000000000000000000
8.542318579541644752 9.745511912422397671 0.000000000114251790 0.365359068704948997 123616.634454383660340682
9.253095192146419734 8.955931590925592545 0.000000000828721926 0.197252074005774075 215338.000000000000000000
10.467525077200864558 7.885602712451458274 0.000000000088533864 0.152873355616327061 217680.000000000000000000
8.570414640722589183 9.360890340074194071 0.000000000644752720 0.333403815698368911 215334.000000000000000000
9.642459614983820870 9.366448833463101309 0.000000000928166007 0.165142081347857711 213859.000000000000000000
0.928584486892514271 11.737391929236657973 0.000000000000000000 0.371432215734659898 0.000000000000000000
4.300307396485710143 14.327919643267740923 0.000000000000000000 0.397159021636162679 231304.146734140871558338
0.965917447350308933 14.242383380756477251 0.000000000000000000 0.298452130794248094 0.000000000000000000
0.946558589963018782 11.644386929696020516 0.000000000000000000 0.381741142283111123 244076.000000000000000000
4.633366584941117416 13.811764411184237034 0.000000000000000000 0.420631488011987131 238180.000000000000000000
-0.090722191363033319 13.988312793378671728 0.000000000000000000 0.450389691878800624 236061.000000000000000000
0.392335700611323390 12.216754863177698098 0.000000000000000000 0.394265130425059340 0.000000000000000000
3.459225417511449407 14.446900804704558396 0.000000000000000000 0.289093319120147851 234987.000000000000000000
0.094836967001148381 12.401533668816723477 0.000000000000000000 0.428489452254331882 147879.579271934286225587
3.780676067297681353 14.855673393522931036 0.000000000000000000 0.381310763052589763 241256.000000000000000000
3.152217695818351206 11.812488897408131905 0.000000000000000000 0.298646582938262573 0.000000000000000000
0.646431606992626473 13.236980188436474393 0.000000000000000000 0.300907768835102174 0.000000000000000000
3.789534213429927245 13.969308778458861653 0.000000000000000000 0.287149059286163855 0.000000000000000000
3.013088031871146377 10.768950132697431954 0.000000000000000000 0.462522264434257813 237745.000000000000000000
2.452505619261620140 13.003617030657517617 0.000000000000000000 0.052996196604290821 238583.000000000000000000
-4.502923443419584615 11.155062516763829095 0.000000000210486596 0.409717618304830056 0.000000000000000000
-8.361432960574768813 9.870267371818062685 0.000000000366431454 0.436958160028212028 0.000000000000000000
-7.461419054164244891 13.563365198575288773 0.000000000230206724 0.351181666770933376 0.000000000000000000
-8.536980217411818117 11.006480696826317356 0.000000000415385291 0.345356795994482657 448333.000000000000000000
-8.661195656345388016 9.880047323646294899 0.000000000222004408 0.472863547776959992 449903.000000000000000000
-6.766370714673055176 9.193454376593946265 0.000000000077265094 0.446960512618560069 451798.000000000000000000
-5.102446150496843913 10.910019292046602146 0.000000000639752465 0.323942427697196944 443574.000000000000000000
-8.042574742135373711 9.889602640387158417 0.000000000736459587 0.398782536352080108 442964.000000000000000000
-7.063735108242997995 13.781829156081995436 0.000000000398612785 0.369798224298367229 446618.000000000000000000
-7.681512037238634960 12.785108266376981945 0.000000000851543268 0.253333567645869395 0.000000000000000000
-7.304105054108980255 12.165418331561181020 0.000000000101122453 0.128958500687926136 442335.000000000000000000
-7.576578594093958507 9.574708623565847176 0.000000000523897434 0.407883858122699228 0.000000000000000000
-7.403477493186363390 9.358077165079141224 0.000000000594650836 0.434297400586672488 0.000000000000000000
-8.489317665799754664 13.607523541158228042 0.000000000511086417 0.457575264319688924 447830.000000000000000000
-5.702613626073491204 9.571712602674848469 0.000000000646941088 0.422332795676045758 443323.000000000000000000
-13.032695747970612032 2.676119179220008082 0.000000000000000000 0.352603264041343845 0.000000000000000000
-13.049894853881944812 2.388769698642609907 0.000000000000000000 0.402384896640117118 276023.000000000000000000
-13.180030796127089943 4.253975569403567469 0.000000000000000000 0.111223322376104633 284934.000000000000000000
-13.071158994223532446 6.045349971975669590 0.000000000000000000 0.245910449581851959 278593.000000000000000000
-14.387985682295129308 5.380892873624969042 0.000000000000000000 0.322404478152214680 278553.000000000000000000
-13.758586474877784411 3.318460285686459343 0.000000000000000000 0.300717782863436867 281069.000000000000000000
-15.169439040308656530 5.654277739522922452 0.000000000000000000 0.469233102019433801 0.000000000000000000
-13.108927894766093658 3.782828193128284333 0.000000000000000000 0.170891652209737149 0.000000000000000000
-11.320843551130845839 3.912379396346844729 0.000000000000000000 0.281836631381229441 0.000000000000000000
-11.685620483195005903 6.330965188137546384 0.000000000000000000 0.341188279235637493 277974.000000000000000000
-11.411522556036764797 3.093409956475872136 0.000000000000000000 0.360791026389014557 279994.000000000000000000
-14.782089405823624517 3.730585776321054592 0.000000000000000000 0.403673128596419850 0.000000000000000000
-11.351261719918328552 2.477295977883212874 0.000000000000000000 0.454053821262911217 264688.917156151612289250
-12.706336123681394312 6.188920473069212669 0.000000000000000000 0.262620380162751355 280726.000000000000000000
-14.495867338044778450 5.023052533367319050 0.000000000000000000 0.323340249542206415 0.000000000000000000
-13.588225974248306471 -5.552906212532211505 0.000000000000000000 0.217637210329870462 200329.000000000000000000
-13.658374521277881541 -4.735037308386911725 0.000000000000000000 0.168788921211346532 0.000000000000000000
-15.309880921634423601 -4.089147168535911980 0.000000000000000000 0.473956825530880532 197249.000000000000000000
-13.914769204862786012 -2.299267397227043652 0.000000000000000000 0.464965331504401835 0.000000000000000000
-13.092441442915072614 -4.261270631634167749 0.000000000000000000 0.099154687173512043 0.000000000000000000
-14.195444177344972658 -2.451297812685314881 0.000000000000000000 0.467847382644838272 194289.000000000000000000
-13.298731121583315939 -2.544652797421267376 0.000000000000000000 0.385033676988577434 194719.000000000000000000
-11.978325484289111813 -2.939912527440563306 0.000000000000000000 0.329865969551031868 199438.000000000000000000
-10.488018521156853069 -5.135425605102147628 0.000000000000000000 0.404535976007739106 0.000000000000000000
-14.182888945677348147 -6.323810900874022423 0.000000000000000000 0.387271554194250689 91904.560890827284310944
-15.230013051549116554 -5.161822539833717194 0.000000000000000000 0.456350155529519574 0.000000000000000000
-14.899933935533557161 -5.584017592593448320 0.000000000000000000 0.420122993047967297 202066.000000000000000000
-10.854247751573421255 -4.584298893929024565 0.000000000000000000 0.331738950027185731 193866.000000000000000000
-11.673547065696276093 -6.515577043497960297 0.000000000000000000 0.369805011514949045 0.000000000000000000
-12.014796485636463075 -4.391960825425350379 0.000000000000000000 0.134110097104668563 0.000000000000000000
-8.711684969148898006 -12.763365498403327791 0.000000000368577855 0.398097404723990134 0.000000000000000000
-5.494255961335019478 -9.486422821519409965 0.000000000488806126 0.452936386984113204 0.000000000000000000
-5.939273324943330046 -9.882203701463799561 0.000000000433916266 0.354683267237585587 0.000000000000000000
-7.460754657942672452 -11.552158477191314390 0.000000000074286448 0.133118107488111759 0.000000000000000000
-7.856405008131827294 -10.101751657365086956 0.000000000893574781 0.349049912385848593 0.000000000000000000
-6.577148034104704166 -12.128392995734960991 0.000000000907286997 0.077640202991231977 0.000000000000000000
-8.357059147724834602 -11.970913197577598197 0.000000000076990301 0.292978491050913947 0.000000000000000000
-8.952087816299874490 -11.369018070225768824 0.000000000023323551 0.400395213513671078 0.000000000000000000
-6.894067074821536245 -13.327722428547447819 0.000000000613896418 0.286217687608834981 0.000000000000000000
-7.230314908486875858 -10.479102542825868838 0.000000000205299410 0.236565160546776981 0.000000000000000000
-4.793556320886819933 -11.950701287498198155 0.000000000270849016 0.347991892003979175 0.000000000000000000
-5.621431379119904648 -12.297135713583939420 0.000000000101518587 0.222970236316018949 0.000000000000000000
-7.199843155250822413 -12.472171984544488055 0.000000000578750690 0.157208825007975922 0.000000000000000000
-6.747455684689591671 -13.807136796104808596 0.000000000562227177 0.369661947582718087 0.000000000000000000
-5.086736344869726700 -11.229443573933417966 0.000000000013703338 0.305854851088449842 0.000000000000000000
0.398842499464927336 -11.672301110644745847 0.000000000000000000 0.447970564447525144 200507.887772385030984879
0.969462763101410330 -12.052998512191088309 0.000000000000000000 0.326639909884808732 426504.000000000000000000
3.045514816979556283 -11.602356306155986232 0.000000000000000000 0.323904822416995419 182722.442178184865042567
3.665340990599629478 -13.914052586716776361 0.000000000000000000 0.262942001362894584 0.000000000000000000
1.697725567188959506 -11.300355075948996131 0.000000000000000000 0.369837449032858034 0.000000000000000000
3.837540912349307831 -15.422407370343449884 0.000000000000000000 0.466425216144372712 69507.770383944065542892
1.742089324124852734 -13.554293326950823229 0.000000000000000000 0.116562758895949914 427209.000000000000000000
1.904337029310231744 -10.831770877410303200 0.000000000000000000 0.442115066317618322 423827.000000000000000000
2.586108054506153664 -13.890725497559788693 0.000000000000000000 0.118183197094478609 193502.885497932293219492
2.049000397575280630 -14.473884966325725188 0.000000000000000000 0.219192204999092283 0.000000000000000000
2.990768153793102346 -11.892595676631149360 0.000000000000000000 0.272778241100172736 423160.000000000000000000
2.015720867797115901 -15.604756457226429234 0.000000000000000000 0.418463074584258077 0.000000000000000000
2.525381168676210653 -11.928170501480034105 0.000000000000000000 0.242531157158489136 0.000000000000000000
0.308851909530182545 -13.447136767228696996 0.000000000000000000 0.362255947079890173 0.000000000000000000
1.960530017374137568 -11.812494750594229487 0.000000000000000000 0.269152320205144402 426000.000000000000000000
12.465925868563390466 -7.806165788358330637 0.000000000000000000 0.413007546194340547 0.000000000000000000
8.860297505000673368 -7.871708195343958714 0.000000000000000000 0.305498431828846451 470964.000000000000000000
11.052480648687227571 -9.248992985389483223 0.000000000000000000 0.154278403684302901 465762.000000000000000000
8.665975130841417240 -7.001893187349350178 0.000000000000000000 0.428118095806500676 0.000000000000000000
11.746207626290834369 -6.474737781378873791 0.000000000000000000 0.469988399887964869 44848.580039154432597570
8.732928145264486020 -6.930617102867075552 0.000000000000000000 0.429106686169169804 465086.000000000000000000
9.669673340380606774 -10.313300041831837461 0.000000000000000000 0.299653174425626834 0.000000000000000000
8.436704240480587202 -6.904131375282091199 0.000000000000000000 0.469307841172030782 465386.000000000000000000
8.223725515129713060 -8.716948197997375303 0.000000000000000000 0.377336497496006229 467541.000000000000000000
12.500788555454830586 -7.288702406988725180 0.000000000000000000 0.461766951222765676 464968.000000000000000000
9.914682208518518891 -9.718823482960475602 0.000000000000000000 0.186501472121576722 469102.000000000000000000
11.930351141533668269 -9.792728083290951346 0.000000000000000000 0.337156368343057233 170664.614839240792207420
10.198450537925657144 -9.276697526145142092 0.000000000000000000 0.096131503390135042 0.000000000000000000
12.483919629487767011 -7.720414198601951661 0.000000000000000000 0.422097985459168101 0.000000000000000000
9.455244898881712601 -9.545927616297769092 0.000000000000000000 0.211031616663122035 464956.000000000000000000
14.848982026275026058 0.796421406942636745 0.000000000000000000 0.270738070373101547 151452.000000000000000000
11.268909668395661328 1.398294807368274828 0.000000000000000000 0.472498125978708106 0.000000000000000000
15.774512170404610956 -1.191989226921853273 0.000000000000000000 0.448039065161591032 154461.000000000000000000
11.664777231897607734 0.803628922550089553 0.000000000000000000 0.362483209036567167 156027.000000000000000000
15.217220360468861173 0.086287697108601971 0.000000000000000000 0.299157875935349760 157761.000000000000000000
15.026237525544273055 -2.053959380174633864 0.000000000000000000 0.442665615019458392 89530.586866829282371327
15.037591560646207611 0.395235652162565954 0.000000000000000000 0.275365075384492342 102810.277785421407315880
13.134102313099948134 0.029218344417068672 0.000000000000000000 0.072725839180994206 155518.000000000000000000
13.375436902380537063 2.367077377285711659 0.000000000000000000 0.411397853523222390 156266.000000000000000000
14.544893029657776751 -1.784991788861680639 0.000000000000000000 0.356780451679809818 157423.000000000000000000
12.867954049727364563 1.984028920375332294 0.000000000000000000 0.364606126871062752 59928.807024156441912055
15.554328037616143021 -1.656715259160019382 0.000000000000000000 0.458774399797321930 157110.000000000000000000
10.890648099585428454 0.087790632058887458 0.000000000000000000 0.472653570072829265 159328.000000000000000000
15.126840253589087126 0.151372770764617470 0.000000000000000000 0.283882757819090947 155108.000000000000000000
15.262779442450803202 -1.620237472239602239 0.000000000000000000 0.415245123590143150 131893.170952295826282352
