-2.880293671917969700 4.432425352441186739 0.000000000000000000 0.147015757698573724 0.000000000000000000
-1.168044338843846841 4.267422079924189759 0.000000000000000000 0.205591625506356429 125840.310497318438137881
-3.553141794395862529 3.948187369656424028 0.000000000000000000 0.231021083530042720 61969.357344078234746121
-2.149157433592973288 4.700544519854815917 0.000000000000000000 0.145625651990366700 0.000000000000000000
-3.048800608064322404 3.346253475251678822 0.000000000000000000 0.170973709412357178 157541.658318969974061474
-0.088795626168354208 4.677168743852352151 0.000000000000000000 0.411264332049861125 218738.000000000000000000
-1.674744390994150400 1.804482279699884062 0.000000000000000000 0.385767028806879575 0.000000000000000000
-0.360097070152202769 4.283714711190608426 0.000000000000000000 0.345472005435296381 0.000000000000000000
-3.993388716459722154 5.089774941971526800 0.000000000000000000 0.375761518349773893 0.000000000000000000
-1.750411037564993499 4.323730651864927665 0.000000000000000000 0.118973623712038845 0.000000000000000000
-2.539436364773595578 2.382641635977327255 0.000000000000000000 0.273084093822559049 219893.000000000000000000
-2.640057670629548436 3.388062054496657094 0.000000000000000000 0.112365346093619228 219071.000000000000000000
-2.759356561290639220 1.453530823740388778 0.000000000000000000 0.442924790749481545 0.000000000000000000
-4.656079532623207839 3.752139006906161089 0.000000000000000000 0.428042361315326081 0.000000000000000000
-1.730341372428506830 5.238753822528328108 0.000000000000000000 0.257969089728739553 215121.000000000000000000
-0.541594868878556235 -4.749893002374625972 0.000000000000000000 0.342135592451394188 0.000000000000000000
-0.728751850931145362 -5.004381643629701060 0.000000000000000000 0.337198289370443716 179751.000000000000000000
-0.851165961824643436 -4.328001142152348990 0.000000000000000000 0.262620930029224431 7226.315345873573278368
-2.435473316172463321 -1.488097452261062825 0.000000000000000000 0.428892595372812990 171847.000000000000000000
-1.636192282297800338 -3.926077532435001238 0.000000000000000000 0.111047433219660902 21030.759751581270393217
-1.414543442645646687 -5.342694819784650662 0.000000000000000000 0.299252918805767765 0.000000000000000000
-1.157808149651444296 -4.690968474559968016 0.000000000000000000 0.242515029333304682 176925.000000000000000000
-1.798063663177710492 -1.581455428005399177 0.000000000000000000 0.419289186030708749 181137.000000000000000000
-1.196596587487571028 -4.256192845923521872 0.000000000000000000 0.200128635735957322 166386.469278826669324189
-0.405145326892838276 -4.519784760428171566 0.000000000000000000 0.348783554757271963 174838.000000000000000000
-0.874899710306991985 -4.474621718075125543 0.000000000000000000 0.267624712945363441 174855.000000000000000000
-3.214484661547946764 -2.917412120033816780 0.000000000000000000 0.242973619443377753 0.000000000000000000
-1.092403913497627777 -1.784840237836642141 0.000000000000000000 0.428739503696493052 0.000000000000000000
-1.030509999845822477 -2.764156791591769302 0.000000000000000000 0.296841740032633306 0.000000000000000000
-2.276411244205763573 -5.604233375143029328 0.000000000000000000 0.305260061768993007 7647.986907157112000277
3.290779468003172337 -0.353639220479015137 0.000000000000000000 0.226931887443157565 0.000000000000000000
4.454630210697226644 0.421250877014534730 0.000000000000000000 0.075600013548275252 201728.000000000000000000
3.457712303487869399 -0.328586662736630786 0.000000000000000000 0.197150039371554259 195735.000000000000000000
2.968074697033227682 0.022854748052455638 0.000000000000000000 0.275587427492199610 196576.000000000000000000
6.900853853404739446 -1.021258138993738074 0.000000000000000000 0.462289343437921219 74538.384620048236683942
6.614553629743040730 0.865649924045065688 0.000000000000000000 0.404595494571967140 199070.000000000000000000
2.582756224248571542 0.393133590438372260 0.000000000000000000 0.351253491670050932 0.000000000000000000
5.782707319188828521 2.162614428970303759 0.000000000000000000 0.445477963619018869 202212.000000000000000000
6.027429032538263343 0.926354309692469791 0.000000000000000000 0.315854627726995574 193798.000000000000000000
5.315774934083315806 0.134638395325976573 0.000000000000000000 0.144855444578257414 196098.000000000000000000
4.955954048142685586 -0.938661314372249422 0.000000000000000000 0.184383618353859247 198768.000000000000000000
3.820971261888657100 -2.069963317315862916 0.000000000000000000 0.388118654103842720 194828.000000000000000000
4.968959120123715323 -1.941484687497667894 0.000000000000000000 0.354228786587006128 201657.000000000000000000
5.001381499971891742 1.072530534207603692 0.000000000000000000 0.209354595903239793 201591.000000000000000000
5.893781442670359638 -1.141985559494989699 0.000000000000000000 0.318651468872946875 198670.000000000000000000
8.133034529529979295 8.412863709484984298 0.000000000730478083 0.397849425363643261 18555.548970574462146033
12.071904761817698670 10.567361978821658397 0.000000000427879659 0.443166109342056525 0.000000000000000000
9.180572725488763908 6.441866367236483981 0.000000000296858191 0.454772618330857192 216926.000000000000000000
11.518945991879553148 10.140099539715940580 0.000000000206365394 0.321663567070715473 0.000000000000000000
11.550818749135943975 11.039297487489992733 0.000000000164281916 0.455287600892766486 217803.000000000000000000
10.388238004969652550 11.212153429044699138 0.000000000620256957 0.432111240450081036 0.000000000000000000
9.635547114202184460 10.780043651371634894 0.000000000249942420 0.378181023209376688 222930.000000000000000000
10.722449977941428401 9.851670180634169327 0.000000000691865568 0.205039559097752483 218236.000000000000000000
10.293261166044018751 9.427717544911326186 0.000000000156625416 0.119500122598371283 0.000000000000000000
10.926269481775694459 7.421090092050377507 0.000000000476866656 0.254814321849913039 219139.000000000000000000
8.612619553675015638 7.817583452701073909 0.000000000403251346 0.348723913721768697 192271.354780274297809228
8.865103400407313927 10.088141581029846705 0.000000000065507806 0.353024468684652648 215134.000000000000000000
11.614619931483160187 9.136074783966479984 0.000000000699401517 0.237026109751446751 0.000000000000000000
9.816534415938432900 7.669206599527463197 0.000000000049551199 0.211109147522336699 0.000000000000000000
12.340919941039842911 9.008038693004435160 0.000000000294810126 0.359425163857921892 221610.000000000000000000
3.755836457906754688 13.065575466882103584 0.000000000000000000 0.256117629638103805 233362.898678436118643731
3.655197800725652701 14.532213993717814304 0.000000000000000000 0.324567349036160802 0.000000000000000000
1.156947616427947301 12.334535290810835662 0.000000000000000000 0.268706369088463404 237596.000000000000000000
2.155275934798284609 10.946889695861212743 0.000000000000000000 0.416117835077331244 242980.000000000000000000
3.097162279872179624 11.320732834205974982 0.000000000000000000 0.373797274378601774 235844.000000000000000000
0.761486958800596025 11.464918790334102994 0.000000000000000000 0.427487561726821008 0.000000000000000000
4.517839832905164776 11.779462085092387014 0.000000000000000000 0.471543866152346225 172365.840793720242800191
4.154577826599782142 13.704267641905850894 0.000000000000000000 0.333205517077196423 238229.000000000000000000
2.551423279430309332 11.901296856069583541 0.000000000000000000 0.247949051223117556 106594.301541753025958315
4.393022530431511363 13.423284498262130882 0.000000000000000000 0.367822650081104541 206561.863568462198600173
2.721450093492237432 15.451553305241702674 0.000000000000000000 0.393313175819475502 92507.258232385560404509
0.456227965188974738 13.393754703023677877 0.000000000000000000 0.335368226931747671 234399.000000000000000000
3.834959869253008247 11.998178505571287289 0.000000000000000000 0.351129659027991148 235504.000000000000000000
0.992121243208471948 15.499340641838413646 0.000000000000000000 0.462569012229626486 238152.000000000000000000
0.985399365314543640 13.390714068411718074 0.000000000000000000 0.241273013270612596 242320.000000000000000000
-7.682452378093358014 13.399715746896957214 0.000000000553002172 0.342091822278253577 451364.000000000000000000
-7.629809229167065610 11.350816828791952418 0.000000000455580038 0.172671072459645220 0.000000000000000000
-6.835903186041622170 13.317928173689262294 0.000000000445184380 0.283648018332358975 99468.099627568342839368
-7.090807431500669722 10.945896270263956396 0.000000000262827165 0.150916703721752615 443195.000000000000000000
-7.401006634714968335 9.729398722732986116 0.000000000644969367 0.371471800929452867 0.000000000000000000
-4.577086845675398585 11.669373398183381596 0.000000000914897287 0.384224665851916170 448508.000000000000000000
-6.898655301733332301 9.138064154272676376 0.000000000392627326 0.457618359818368459 0.000000000000000000
-6.480480863976442407 12.788930265782292750 0.000000000669225755 0.194743114220036956 206940.783438496640883386
-7.220039040058078506 10.061169151393826837 0.000000000734248685 0.305832609283369916 447928.000000000000000000
-8.620950511225156987 11.701806146770739048 0.000000000465547089 0.336611361936743958 447264.000000000000000000
-6.086832653412277416 13.938359212193809356 0.000000000073090577 0.409619191925689574 448373.000000000000000000
-5.632654061252109656 12.522183294835830480 0.000000000443629456 0.242264798850923363 0.000000000000000000
-5.958988072390084767 11.148731070530345733 0.000000000776635495 0.170861987021788814 448647.000000000000000000
-7.809406290493909886 10.880400405203621617 0.000000000612959242 0.242510963357404546 0.000000000000000000
-7.154579435796898146 13.739598844047645088 0.000000000891423365 0.365378430703198698 0.000000000000000000
-12.408021792584412069 4.782725677613678172 0.000000000000000000 0.057318512515335270 0.000000000000000000
-11.481559830675127643 5.776276834741151056 0.000000000000000000 0.291181556030446931 281670.000000000000000000
-13.223262932923107726 2.416491007621392573 0.000000000000000000 0.403313394185342344 282759.000000000000000000
-14.881690147525786116 4.029903235973860909 0.000000000000000000 0.402531360353336864 278108.000000000000000000
-12.089268786288821289 3.219183316733553735 0.000000000000000000 0.277342207306815525 280392.000000000000000000
-13.310839857547325238 4.363749983381428166 0.000000000000000000 0.119768330967953793 279970.000000000000000000
-10.941308549610480938 4.767082743896085439 0.000000000000000000 0.316190910455438567 0.000000000000000000
-11.021881281638661321 2.951610027072668618 0.000000000000000000 0.426151497064002072 269949.720816491404548287
-10.524825187023838069 3.282079920678302898 0.000000000000000000 0.459954023966765657 284471.000000000000000000
-10.813907674039716866 5.899640179802343454 0.000000000000000000 0.399977469319986012 0.000000000000000000
-11.910745500878180181 5.017299555627458219 0.000000000000000000 0.154707068914740703 0.000000000000000000
-14.326207063719747836 2.779626310182139459 0.000000000000000000 0.437009532516066779 275989.000000000000000000
-14.824046042303072213 6.164905248669865223 0.000000000000000000 0.455825925751368988 283117.000000000000000000
-14.684838431299910511 3.681412814345194295 0.000000000000000000 0.391595820200220879 285467.000000000000000000
-10.884745602464985126 5.062544760697406332 0.000000000000000000 0.332706772484902602 278863.000000000000000000
-11.933850248248289105 -5.021644487231157861 0.000000000000000000 0.151204176178384941 199259.000000000000000000
-13.418667625079136130 -2.823829507365123170 0.000000000000000000 0.345740743978369292 196119.000000000000000000
-11.916191852837705767 -3.798300231892076440 0.000000000000000000 0.209001756295521007 0.000000000000000000
-11.535577757971926971 -6.661356481698564203 0.000000000000000000 0.404266383364090931 5240.296423678804785595
-13.620260182484916101 -3.043984057270391563 0.000000000000000000 0.326559744152229159 0.000000000000000000
-14.486927000356370598 -3.705477516154005002 0.000000000000000000 0.358328335592155989 199646.000000000000000000
-13.504503036205882438 -2.155859240312722136 0.000000000000000000 0.460096317485124529 77705.705814092114451341
-14.031343302059996248 -2.587431668907987259 0.000000000000000000 0.432101325646702616 200687.000000000000000000
-14.464575159650349789 -6.160555672532745497 0.000000000000000000 0.404211179767988149 201946.000000000000000000
-15.222327398734663007 -4.091735325600110329 0.000000000000000000 0.458636234671721987 200344.000000000000000000
-12.134878038878843753 -2.410605696687198929 0.000000000000000000 0.408018693961509860 0.000000000000000000
-11.788301070389040959 -5.871520217820791032 0.000000000000000000 0.265236510905714928 197944.000000000000000000
-13.008862317661925800 -4.928391652893070685 0.000000000000000000 0.068292816724806152 194350.000000000000000000
-11.160382424221470643 -3.329208694984074679 0.000000000000000000 0.363276954008951380 200556.000000000000000000
-13.370687324077239921 -6.487234355394270402 0.000000000000000000 0.335228017058312622 194697.000000000000000000
-7.640208488772818107 -9.890695814049928813 0.000000000922412027 0.361460653572689805 0.000000000000000000
-8.622658841772654625 -12.821868332099372267 0.000000000649957493 0.389187817558069138 0.000000000000000000
-6.502345043671749814 -13.550860017850766326 0.000000000197054054 0.326959236224624084 0.000000000000000000
-7.764574550225432858 -9.967784072273797591 0.000000000135327918 0.360090341694125626 0.000000000000000000
-5.858309033516997388 -10.238802037807131384 0.000000000609847098 0.304951816181789848 0.000000000000000000
-5.342138868556833842 -12.816626614733904077 0.000000000237076083 0.315065273217539354 0.000000000000000000
-5.401131085663804399 -13.529178965807652446 0.000000000675899744 0.399057750120560661 0.000000000000000000
-8.319627083143569024 -12.273720478866779970 0.000000000430341553 0.299415036731568218 0.000000000000000000
-7.812219800604894182 -10.757147783341228120 0.000000000329240060 0.256782498197280662 0.000000000000000000
-5.597692389704759464 -9.410960460552747264 0.000000000275545455 0.456159405574280197 0.000000000000000000
-6.830546011729994760 -10.227680488307585804 0.000000000739533750 0.264456015844136305 0.000000000000000000
-6.747991042043741672 -12.434829191757696520 0.000000000595005546 0.126799961009373630 0.000000000000000000
-8.381853687919436524 -12.324229315487011505 0.000000000248513754 0.312850251622567799 0.000000000000000000
-8.353065678318976950 -11.925434782999458250 0.000000000661776307 0.291158118783028996 0.000000000000000000
-5.684835287139057058 -10.101247486988569335 0.000000000135194714 0.342021377913735714 0.000000000000000000
0.000179550238808080 -13.892847506681961889 0.000000000000000000 0.430221455948295639 428910.000000000000000000
3.270101449190816467 -13.160821547271256193 0.000000000000000000 0.168049562109949813 0.000000000000000000
0.900667397434054884 -14.047660795823908586 0.000000000000000000 0.290087140672530497 426390.000000000000000000
3.276928888110993476 -10.975677620297918935 0.000000000000000000 0.442689778414433244 0.000000000000000000
1.617913693892196969 -15.644596172440344617 0.000000000000000000 0.440637282292718924 424675.000000000000000000
2.489483304171832945 -13.453165552671322303 0.000000000000000000 0.041854230824273801 181165.234352721512550488
1.658715400424455977 -11.542728812994253573 0.000000000000000000 0.331486530805633783 422114.000000000000000000
3.242686950250734501 -12.814422786750377270 0.000000000000000000 0.181608158830880551 423912.000000000000000000
4.384339498699735493 -13.251837780366447106 0.000000000000000000 0.365376837090214013 100238.537332234744098969
4.096058780974150437 -13.188619942704880472 0.000000000000000000 0.314368699132478113 0.000000000000000000
1.127043536418922409 -11.568201840829813065 0.000000000000000000 0.372720479657125903 0.000000000000000000
1.206813054075668301 -12.438935498974830196 0.000000000000000000 0.250310577347769625 0.000000000000000000
2.297531157341449859 -14.645108971125990749 0.000000000000000000 0.243771588692054036 426327.000000000000000000
0.537348377823699597 -14.189450829712935587 0.000000000000000000 0.359176341681579303 0.000000000000000000
0.840927327560410443 -13.094717726220890697 0.000000000000000000 0.268131151193725770 422007.000000000000000000
11.030720996058729355 -8.375697689291952130 0.000000000000000000 0.139228070873656962 0.000000000000000000
9.321443883882304604 -6.263300776638843992 0.000000000000000000 0.472627369436164124 169057.855907809629570693
8.583164853011197692 -9.596136354396701762 0.000000000000000000 0.346916055984214600 467849.000000000000000000
10.044496028172703816 -8.525304672239412795 0.000000000000000000 0.065664884780588295 463607.000000000000000000
11.497513403605534421 -8.376577462839630783 0.000000000000000000 0.216219172672381527 0.000000000000000000
8.651401059914828551 -9.424536292667642812 0.000000000000000000 0.323716015702039839 471722.000000000000000000
9.286925920304746285 -9.482867150326004690 0.000000000000000000 0.227884160413802828 466099.000000000000000000
9.622331997779202339 -7.158487173914813262 0.000000000000000000 0.306989701487290767 54199.040516398556064814
10.913394568485466962 -7.653404194128506255 0.000000000000000000 0.217244184658221928 0.000000000000000000
11.465336592106242009 -8.785160527752736925 0.000000000000000000 0.200587563025240556 465988.000000000000000000
8.532636213748970633 -9.845674071698121921 0.000000000000000000 0.375610349787916742 62620.897533883719006553
10.087558064851885220 -6.441818428544401343 0.000000000000000000 0.407028298470716976 463220.000000000000000000
8.015572742017578634 -8.328778338362281985 0.000000000000000000 0.420900856206873120 472340.000000000000000000
10.741904716176229329 -11.422406921226722076 0.000000000000000000 0.474041792427500164 468138.000000000000000000
10.212340778801774377 -10.885993124622389772 0.000000000000000000 0.375653111364818493 467970.000000000000000000
13.240956860474062395 1.139482588255081197 0.000000000000000000 0.204713713905219225 0.000000000000000000
11.981739566286989884 -1.231346385173288871 0.000000000000000000 0.350822421725834555 157480.000000000000000000
11.462092731678909630 -1.328514701067879056 0.000000000000000000 0.436754135233392682 158544.000000000000000000
13.299861635503351209 -1.463727428016081245 0.000000000000000000 0.257409857436541989 0.000000000000000000
11.728308934532519103 0.258861537378750617 0.000000000000000000 0.326247296978668666 0.000000000000000000
13.406911752319897957 -1.921395597443773751 0.000000000000000000 0.333923111972950548 156257.000000000000000000
12.975153934530549549 -0.932393782563155415 0.000000000000000000 0.190652992894510875 158638.000000000000000000
13.458058260215132407 -1.573982442281398386 0.000000000000000000 0.273220370505404209 17581.469105838183168089
13.012511176131592805 0.767959965959767787 0.000000000000000000 0.163186605273483776 0.000000000000000000
14.034237619841139377 1.012720742140013064 0.000000000000000000 0.196130518537164150 0.000000000000000000
13.286419807270696936 1.446408186280914387 0.000000000000000000 0.254872392401205350 151187.000000000000000000
14.693469262949374610 2.481797902366764230 0.000000000000000000 0.475638027168392263 157943.000000000000000000
14.394073062504487481 0.264388376062261676 0.000000000000000000 0.158785798109048387 151833.000000000000000000
12.972271100554003453 0.723305507928960423 0.000000000000000000 0.161341973138919181 0.000000000000000000
14.828530998798511220 -1.106580249886651934 0.000000000000000000 0.298732407504609887 158932.000000000000000000
