-3.510527898539729463 3.896642124199361401 0.000000000000000000 0.223198655588580347 215266.000000000000000000
-3.111404380339930942 5.114327918701020437 0.000000000000000000 0.265736812086096008 0.000000000000000000
-1.814330183674634611 1.777409444755389867 0.000000000000000000 0.384520486607214218 214430.000000000000000000
-0.655195359911821429 4.141199821914749890 0.000000000000000000 0.289174258729747891 213849.000000000000000000
-1.251488243072952367 3.746981246517568920 0.000000000000000000 0.181231428817797940 218130.000000000000000000
-2.736567084327989896 2.334719391435792435 0.000000000000000000 0.289781171466199416 76056.926841908585629426
-1.624107466745761563 4.721429960017392347 0.000000000000000000 0.186268068502156214 222857.000000000000000000
-2.345449476052427151 6.482414745061508832 0.000000000000000000 0.461854768322853715 213505.000000000000000000
-3.625342507106696033 3.164103778212245199 0.000000000000000000 0.275806113677342313 0.000000000000000000
-0.657025979653050207 4.718010214519772205 0.000000000000000000 0.321224642739827537 0.000000000000000000
-4.327656451613365540 3.694057377822607791 0.000000000000000000 0.370462157631532008 0.000000000000000000
-1.818064758707328865 5.859727086746032931 0.000000000000000000 0.359450927551201838 0.000000000000000000
-0.973481214644650539 4.643501412489094093 0.000000000000000000 0.265401956693081087 0.000000000000000000
-3.158117964797928057 1.877600812324808244 0.000000000000000000 0.392531691581231967 220814.000000000000000000
-3.144409557567029001 1.878949474402438868 0.000000000000000000 0.391322338061281583 216657.000000000000000000
-2.031295137620765079 -6.137048104220419908 0.000000000000000000 0.402185187218582596 176245.000000000000000000
-2.627445522308567760 -2.455620338214650200 0.000000000000000000 0.263782456482862193 178076.000000000000000000
-3.155639674204396172 -4.965061399700357647 0.000000000000000000 0.249396652040457911 179979.000000000000000000
-3.592153711123738269 -2.528798935530216063 0.000000000000000000 0.339456554252244802 172348.000000000000000000
-3.898341666689133955 -3.241798067389467963 0.000000000000000000 0.314257890149783781 172257.000000000000000000
-3.764895113182813891 -3.822454838333249505 0.000000000000000000 0.268798518459047564 179902.000000000000000000
-3.835715039548620808 -1.766847346384279982 0.000000000000000000 0.470966599967572008 0.000000000000000000
-1.456491575520469484 -4.005360745177339865 0.000000000000000000 0.144355941406253102 0.000000000000000000
-2.173765981815898307 -2.085774033226596824 0.000000000000000000 0.321696897439912199 50410.712418288421758916
0.176172180944581480 -3.458884622321392044 0.000000000000000000 0.440593177432374639 111515.579062600620090961
-0.387318799551648552 -4.887705853726514782 0.000000000000000000 0.377833654607912961 177074.000000000000000000
-2.527269924093668241 -4.447418182331022152 0.000000000000000000 0.110208251004427743 0.000000000000000000
-4.278284151370233879 -4.706539112859766227 0.000000000000000000 0.388208604482671193 1556.358003124637207293
-2.772980628789135427 -2.858325133613983660 0.000000000000000000 0.205360836935260332 180460.000000000000000000
-0.516701447401382685 -4.534960632872175879 0.000000000000000000 0.330950405603209541 180873.000000000000000000
3.274707992893464592 -2.245948302049062928 0.000000000000000000 0.456350927275592011 0.000000000000000000
2.994662117704199655 -0.676935834197836539 0.000000000000000000 0.296368635570973538 0.000000000000000000
2.766101476127522663 0.732896314919698533 0.000000000000000000 0.337717814755572443 0.000000000000000000
5.951007595548484019 0.468368917867394208 0.000000000000000000 0.269236164585920201 197732.000000000000000000
4.425965522026056753 -2.328704175866689763 0.000000000000000000 0.414053603671170334 0.000000000000000000
3.982036133039895009 -0.378863199430122199 0.000000000000000000 0.116320744774846399 0.000000000000000000
5.729019180686914403 0.318211728419303397 0.000000000000000000 0.223766856723017799 198489.000000000000000000
3.248714835525430278 -1.182185227267847472 0.000000000000000000 0.308308584690266563 195882.000000000000000000
3.047868573023630123 0.397433273783494134 0.000000000000000000 0.270724902814088009 0.000000000000000000
4.207575839982100163 2.557788836930250831 0.000000000000000000 0.457787897943042976 195910.000000000000000000
2.042335906614399121 -0.051206041115819653 0.000000000000000000 0.440615078993201459 194306.000000000000000000
4.761801362509803681 2.463509715716893478 0.000000000000000000 0.439819402005090676 194442.000000000000000000
4.497255581844648908 -2.665432149094021153 0.000000000000000000 0.473557608303848021 0.000000000000000000
5.518521897763951856 -1.815823717871140497 0.000000000000000000 0.368735400089665322 0.000000000000000000
6.160308544882514781 0.581253610571855761 0.000000000000000000 0.310984813724287379 202092.000000000000000000
9.982265043695965900 9.166298207353944960 0.000000000568708482 0.097294900251587144 7853.637791365784323716
10.091776561276232016 10.967716681790562916 0.000000000847170970 0.391877714295517821 221981.000000000000000000
10.545934557717842495 11.123653671077326166 0.000000000814743668 0.418014553051510696 0.000000000000000000
10.884530337518702581 6.561765310618732805 0.000000000154232461 0.395075959526106746 42945.110940100254083518
9.818750752678223392 7.601121461044860972 0.000000000710287907 0.221720110326838221 215263.000000000000000000
7.910620184537604516 8.193079098972653185 0.000000000787929985 0.443959676586826391 215387.000000000000000000
12.109198713587202789 9.255197131921695686 0.000000000634187112 0.327474911237609190 0.000000000000000000
12.189395617935696592 8.459178743736647021 0.000000000178913123 0.333379560030117983 61441.582448385255702306
12.172637588792941443 10.221708694851594501 0.000000000446028164 0.415918619301406334 0.000000000000000000
12.814862967955878759 9.178650587185172682 0.000000000171978531 0.447368243166039514 218869.000000000000000000
10.559678842601581295 7.927718991051651898 0.000000000908446558 0.148993638198315959 221165.000000000000000000
10.710665804043314253 9.093155071830199887 0.000000000916587075 0.089500766278820046 0.000000000000000000
10.419153540367094735 9.785768000558819679 0.000000000730405228 0.182491561829386861 0.000000000000000000
10.609081153832457645 8.152566112044739910 0.000000000332785393 0.114813040523168763 0.000000000000000000
10.130376252199619458 10.392155058409823454 0.000000000536553973 0.290818630726143890 52212.717649273457936943
0.480859042738720766 14.440476338789371979 0.000000000000000000 0.389998693708966448 0.000000000000000000
3.451950236501081459 14.142640570333368188 0.000000000000000000 0.251855617157461686 236638.000000000000000000
2.073865099178934024 15.557549521804627801 0.000000000000000000 0.408823716910089174 0.000000000000000000
3.941513732059736874 13.262783202089083900 0.000000000000000000 0.286447152007505701 0.000000000000000000
1.233520881528907376 12.440677406919460779 0.000000000000000000 0.246317510696277608 0.000000000000000000
3.354481019007616194 13.281372100498058941 0.000000000000000000 0.181818652344499260 234710.000000000000000000
1.577050533280376143 15.492068785223118255 0.000000000000000000 0.417019450104802403 238687.000000000000000000
1.842729515900401127 13.102402429655477079 0.000000000000000000 0.092959155263179577 243901.000000000000000000
2.052106799654905611 14.417556337671552313 0.000000000000000000 0.209313487966053341 240993.000000000000000000
3.865543565135407977 11.705711131300422068 0.000000000000000000 0.390670027336539549 0.000000000000000000
2.455449875267926796 10.714167117114929084 0.000000000000000000 0.456789089125494707 241790.000000000000000000
3.585419797373540884 11.991686691918831187 0.000000000000000000 0.319412043950493496 0.000000000000000000
0.391135253533835714 13.934386488062017406 0.000000000000000000 0.365600809267478899 244123.000000000000000000
4.555755092878932544 14.460777147627311479 0.000000000000000000 0.448428183588511997 5573.228710266300367948
4.221115697632744634 12.813659442444604863 0.000000000000000000 0.346208208275394669 240897.000000000000000000
-5.841965422970430311 12.308979820012798001 0.000000000172203810 0.190066745151330263 451180.000000000000000000
-5.885234174474381241 9.530755105092271862 0.000000000179636130 0.415933477222026948 442536.000000000000000000
-6.922454859199008936 11.475189077791796421 0.000000000856187276 0.054806811695086985 0.000000000000000000
-7.269000703958942822 9.611844040014101864 0.000000000326876349 0.384758586859352658 447885.000000000000000000
-7.180045328854273379 13.369527687515976311 0.000000000423969627 0.302773530334085494 442649.000000000000000000
-5.679676896230623662 11.525376602576288931 0.000000000449068054 0.190729346074451828 0.000000000000000000
-7.111212402900389584 10.378348342262732729 0.000000000698177880 0.246566544026002005 0.000000000000000000
-8.531073305759553804 12.269757972205923124 0.000000000448120345 0.335035221458871435 444090.000000000000000000
-4.405152120288261308 11.172737041095633259 0.000000000911434528 0.425912319051745258 443783.000000000000000000
-6.691377152493259040 10.917508516902858062 0.000000000616690614 0.141999853654519864 0.000000000000000000
-8.407061459979761509 11.654125842388319612 0.000000000466000515 0.298697232653445333 446334.000000000000000000
-7.214894517746259339 9.569029322953086947 0.000000000864761230 0.389880137776135061 451547.000000000000000000
-8.008446313095513247 13.860904867931814977 0.000000000470515984 0.441685659901853100 0.000000000000000000
-7.058378753680663031 12.033419416838910365 0.000000000228323881 0.080488601830967982 445913.000000000000000000
-5.088022935244328693 10.523673767202367912 0.000000000392277982 0.361610056540362157 444745.000000000000000000
-13.364537166127320233 5.277179763109996813 0.000000000000000000 0.155852146543415615 0.000000000000000000
-12.177280572355154931 4.270746890630070070 0.000000000000000000 0.119009515974692809 0.000000000000000000
-10.517983148112845626 4.366384999073832596 0.000000000000000000 0.395036497045597013 0.000000000000000000
-11.920614292041390669 2.201474939857679836 0.000000000000000000 0.453893668312215670 284843.000000000000000000
-13.338515890807668640 6.362644506152963508 0.000000000000000000 0.312981197875721873 280243.000000000000000000
-13.223255367954724449 5.074610084708635505 0.000000000000000000 0.114026366192426606 278313.000000000000000000
-14.062670119605240160 2.805284300631955663 0.000000000000000000 0.404210090095081909 280819.000000000000000000
-11.241178466450010731 3.400672949557171254 0.000000000000000000 0.344214453689818844 0.000000000000000000
-12.361919271048003921 6.375772389255730310 0.000000000000000000 0.301863480410347995 228272.849887423624750227
-10.472179425540510067 5.190989643673568743 0.000000000000000000 0.409313810460939675 280021.000000000000000000
-14.632497150490747728 4.939274103819194295 0.000000000000000000 0.345104818810276492 277029.000000000000000000
-13.692029143757034504 4.433982965788714203 0.000000000000000000 0.179594048509240184 282662.000000000000000000
-10.578969240597405843 6.146509626306821517 0.000000000000000000 0.458627237334450100 0.000000000000000000
-14.358494010782109740 2.977923454103725831 0.000000000000000000 0.415780811003700013 280255.000000000000000000
-14.265500512486429585 4.728496394240060852 0.000000000000000000 0.276860776662041119 282164.000000000000000000
-12.851693473202123741 -3.338518449744443561 0.000000000000000000 0.234265501446245833 195808.000000000000000000
-10.934985083340494683 -5.858581442868911360 0.000000000000000000 0.377915514035875921 0.000000000000000000
-13.838493648045366413 -6.191392029206615355 0.000000000000000000 0.330330383176445919 196877.000000000000000000
-14.007822898104238973 -3.219968803527090362 0.000000000000000000 0.342423139815455302 192827.000000000000000000
-12.252272008861291752 -4.361182786338191342 0.000000000000000000 0.098995382935931783 0.000000000000000000
-12.892318751007657340 -4.398252155229440241 0.000000000000000000 0.058274592226859323 0.000000000000000000
-11.230705178965537883 -3.237050592214832712 0.000000000000000000 0.364684443444774520 0.000000000000000000
-12.766092196666981806 -3.052963828301130889 0.000000000000000000 0.282800498926175259 0.000000000000000000
-11.750129031511026056 -4.365917428176547155 0.000000000000000000 0.180088806070114404 192921.000000000000000000
-12.336021057492985165 -2.825027166502285692 0.000000000000000000 0.329465328951950021 58972.243681247964559589
-14.430674831555567295 -4.744977022410211021 0.000000000000000000 0.306382963750160220 198447.000000000000000000
-11.978213250686623681 -2.443573716122126260 0.000000000000000000 0.410616360760941712 35117.802763730913284235
-14.591969485718184529 -6.567485365841087663 0.000000000000000000 0.468168865403523315 193792.000000000000000000
-15.255819883437611750 -5.219551258262808524 0.000000000000000000 0.462785551016672791 194402.000000000000000000
-11.229354998072272664 -6.937456254458999716 0.000000000000000000 0.474386475774938865 121580.442119351966539398
-7.992424463447606264 -10.260886075581826304 0.000000000167349082 0.341797394597783966 0.000000000000000000
-6.991910582415922448 -13.169853812607051680 0.000000000531984223 0.260932914116550174 0.000000000000000000
-7.218488195431284282 -13.265827118701672305 0.000000000014452727 0.287099828278371438 0.000000000000000000
-4.508986928472434208 -12.985860959261437131 0.000000000095848794 0.455546775394139181 0.000000000000000000
-7.928333840013065625 -12.712407902579968777 0.000000000091444299 0.276216868898528756 0.000000000000000000
-8.077968283870896826 -9.414912296605068676 0.000000000851278702 0.472511130663939238 0.000000000000000000
-5.395615264178788451 -14.000645318590471788 0.000000000080265587 0.469363725437249524 0.000000000000000000
-7.904987387357312656 -12.061327207563493857 0.000000000224262244 0.217600311048061323 0.000000000000000000
-6.191354289814093192 -13.336220658075079726 0.000000000913779105 0.302262611537730652 0.000000000000000000
-5.298497617359246625 -13.765008830030838638 0.000000000273028481 0.443671906241157155 0.000000000000000000
-5.683167267693042035 -11.415358956697001958 0.000000000507649315 0.194575457285355302 0.000000000000000000
-4.738991571870487363 -12.997860656432372650 0.000000000080796824 0.421503671433766436 0.000000000000000000
-4.614181502142457703 -12.025683068806824139 0.000000000857062282 0.381421430374526915 0.000000000000000000
-7.214969055266609921 -9.334963606119277557 0.000000000567058816 0.430360244789497248 0.000000000000000000
-4.512339790133569117 -11.044629839218670142 0.000000000565719391 0.413322880049945329 0.000000000000000000
0.970365549774380165 -15.047805616723248789 0.000000000000000000 0.398282457636647602 422485.000000000000000000
2.777860170805390716 -15.543449651607586404 0.000000000000000000 0.411232650080631534 425184.000000000000000000
2.823494974625555543 -12.314871611471213342 0.000000000000000000 0.192166727336425980 422797.000000000000000000
1.805069722408926713 -14.865636792274326439 0.000000000000000000 0.298303100439312185 427651.000000000000000000
4.130628563637321449 -11.482418005973453745 0.000000000000000000 0.452102283355730439 0.000000000000000000
0.652799368151067094 -14.337566060920092781 0.000000000000000000 0.354300626232908589 0.000000000000000000
0.386610094802759874 -13.853670956242847723 0.000000000000000000 0.362022703797672374 0.000000000000000000
1.004094658357221892 -11.469543418455922179 0.000000000000000000 0.399798010000915749 0.000000000000000000
3.583279070956548740 -12.873045330974150602 0.000000000000000000 0.233901084812589949 0.000000000000000000
2.913968692276696526 -15.456720820163912578 0.000000000000000000 0.401615926318729222 424434.000000000000000000
2.718582705644215114 -15.004681270718407404 0.000000000000000000 0.315190575738537593 425329.000000000000000000
3.434858230242250787 -12.668215356954604545 0.000000000000000000 0.224059648955257651 210605.034976153256138787
1.543745462273784286 -12.970365299128598480 0.000000000000000000 0.151105322798111369 0.000000000000000000
3.133800422008207409 -13.150015816562833137 0.000000000000000000 0.144260309624160810 423224.000000000000000000
1.714456155700982309 -11.256967875911916721 0.000000000000000000 0.376311254485077629 422453.000000000000000000
10.494545362785402176 -11.297105352270277123 0.000000000000000000 0.447684673240283271 0.000000000000000000
8.221790669221004322 -9.647881137161258280 0.000000000000000000 0.409465639199477205 186030.134138256369624287
12.662505713322390832 -8.361126979667655945 0.000000000000000000 0.419331338831591016 224604.650252940831705928
10.551262142699613378 -7.947409033747167229 0.000000000000000000 0.145272588605677350 0.000000000000000000
8.761562300929387703 -8.530468567860651774 0.000000000000000000 0.284031472997044065 464805.000000000000000000
11.340181528023977719 -9.902023996842267195 0.000000000000000000 0.269369123096110274 471483.000000000000000000
10.425790366856499958 -7.851921493846841571 0.000000000000000000 0.157837319505815921 471473.000000000000000000
10.721442536651098365 -10.015146168584124098 0.000000000000000000 0.232204318403890331 464387.000000000000000000
10.900727232500635466 -8.003744382669603752 0.000000000000000000 0.164222066950339779 463213.000000000000000000
10.345129167777391999 -6.193013513422906513 0.000000000000000000 0.447976010803004143 471343.000000000000000000
7.928981640340791337 -9.342944997942957741 0.000000000000000000 0.442382252477846294 471760.000000000000000000
9.902987583999708576 -8.698874304973220006 0.000000000000000000 0.078478063677127785 0.000000000000000000
9.416037555165157613 -7.479067333490351466 0.000000000000000000 0.277136557502011827 0.000000000000000000
11.114227081841770328 -11.241560448125509808 0.000000000000000000 0.457915667733665821 0.000000000000000000
8.766505379363879413 -7.842639762677110937 0.000000000000000000 0.322545057534446622 463702.000000000000000000
12.397898736503673689 -1.137251047480630328 0.000000000000000000 0.283809681030921968 153263.000000000000000000
14.390234011985906903 0.865803044303347424 0.000000000000000000 0.212944773244485686 0.000000000000000000
15.153904271153528782 -0.799916388668726164 0.000000000000000000 0.318962793100162512 153390.000000000000000000
11.748818978302759675 0.919892610104074637 0.000000000000000000 0.357286662083078355 0.000000000000000000
11.904827689078892661 -0.422024859589526236 0.000000000000000000 0.300752744967557384 157391.000000000000000000
15.697027606809990985 -0.329879811894071229 0.000000000000000000 0.388496297861596784 0.000000000000000000
13.718370724520335457 2.244014476891242449 0.000000000000000000 0.390010956643793094 0.000000000000000000
14.165863093639009307 -1.550332176149021635 0.000000000000000000 0.290511703888780892 153356.000000000000000000
12.572189220107832242 -0.885008958638880183 0.000000000000000000 0.231183497194932031 160893.000000000000000000
15.894937405902414440 -0.726624897960331584 0.000000000000000000 0.437877439343899832 159801.000000000000000000
13.938229185585806036 1.192279503883601599 0.000000000000000000 0.218253487116632366 0.000000000000000000
11.700879072771154910 0.265161069335570543 0.000000000000000000 0.331241086627605930 32693.662097032029123511
12.641380845909708341 -2.281034355508538169 0.000000000000000000 0.427247344334902746 79918.581368508472223766
14.922059892585838980 -1.676274636584612177 0.000000000000000000 0.380102034027959723 151743.000000000000000000
11.265901397303816012 -0.467673432970031056 0.000000000000000000 0.413624613091153004 0.000000000000000000
