-1.487911271955376868 3.909524517270809074 0.000000000000000000 0.137333979880738311 220950.000000000000000000
-3.730587241436625234 4.124854449346726959 0.000000000000000000 0.265716580542539882 215427.000000000000000000
-1.050962495116107176 1.689381300316628254 0.000000000000000000 0.447196096987089453 62549.124552128923824057
-3.030546419770574929 2.264480355842982906 0.000000000000000000 0.320489832395310592 222752.000000000000000000
-0.337817479789297270 3.188199690818430021 0.000000000000000000 0.364387067783468244 178675.610683310631429777
-2.873970472265300113 4.418769529867787149 0.000000000000000000 0.144573498449983184 223333.000000000000000000
-2.471876457408777039 4.070026890768518868 0.000000000000000000 0.049757340834951397 221302.000000000000000000
-4.717931096550670667 4.261898464413558685 0.000000000000000000 0.443315809784324111 214559.000000000000000000
-4.138090510944411271 4.083637686707844772 0.000000000000000000 0.336798107210989461 216336.000000000000000000
-0.383660005432579054 4.462416459049794781 0.000000000000000000 0.349292565568229185 0.000000000000000000
-0.172159315157274478 5.184252449653506289 0.000000000000000000 0.437451361909393821 221549.000000000000000000
-4.290314820804804974 2.710319966557208637 0.000000000000000000 0.418593058287923869 0.000000000000000000
-1.793275803723854978 5.341549353942738776 0.000000000000000000 0.271461962133849766 221869.000000000000000000
-0.859723140516584272 2.831926139993316660 0.000000000000000000 0.312514486993827334 222262.000000000000000000
-1.246216940756624147 2.628929718176451935 0.000000000000000000 0.288114746028037827 0.000000000000000000
-0.432640558131668185 -4.409705810220985178 0.000000000000000000 0.338264542300697579 0.000000000000000000
-0.649562741101687879 -3.711753771369810107 0.000000000000000000 0.288456259581098162 178227.000000000000000000
-2.887939401991606037 -3.026377585603506226 0.000000000000000000 0.190395755817900109 0.000000000000000000
-1.882100576470854270 -1.886516099960312776 0.000000000000000000 0.363099079875749964 81138.708346697050728835
-2.199317126895195873 -2.475700789510011823 0.000000000000000000 0.252124670046491361 154082.765081071906024590
-0.233092202761031653 -3.001351499018638957 0.000000000000000000 0.394124664932853586 114660.673925105089438148
-1.614339430688225052 -4.969611457429093271 0.000000000000000000 0.223913118352297352 172383.000000000000000000
-0.178179888474225057 -5.091947116218471514 0.000000000000000000 0.428083870225569207 177883.000000000000000000
0.031457071402260880 -5.210264194778026159 0.000000000000000000 0.470972776770414714 0.000000000000000000
-1.818277000822044576 -4.711913850957745176 0.000000000000000000 0.166042113092053467 0.000000000000000000
-2.223930803719609273 -2.063497097154199711 0.000000000000000000 0.325363375639977470 180868.000000000000000000
-3.339657923058871436 -4.900874178909841561 0.000000000000000000 0.263661252376727884 0.000000000000000000
-4.159546136205899636 -2.312327859700719301 0.000000000000000000 0.440037117150321899 98345.861537943754228763
-1.838581910978908995 -4.170639523000693849 0.000000000000000000 0.089939481561365844 177899.000000000000000000
-1.343923585111973296 -2.109389513262047711 0.000000000000000000 0.356615198278785572 0.000000000000000000
5.423327741366955834 1.436589291880365771 0.000000000000000000 0.302186757619896329 199950.000000000000000000
4.874811533162060506 -1.822943891218237189 0.000000000000000000 0.330119271209206144 193247.000000000000000000
6.281106288149229222 1.967557903039330203 0.000000000000000000 0.470121599684980851 0.000000000000000000
4.850564596850571952 1.303121872150738936 0.000000000000000000 0.239116039564431171 0.000000000000000000
4.931245159080575924 -1.971450259376837266 0.000000000000000000 0.357964990209845124 191807.425100815453333780
5.345631530270850362 -1.778284565057146160 0.000000000000000000 0.348798533528830168 194075.000000000000000000
4.005929295184378347 -1.425690092856886748 0.000000000000000000 0.269098226017732534 196504.000000000000000000
5.711734732654646152 0.005417546935439832 0.000000000000000000 0.213441637940370132 200853.000000000000000000
3.112823009886267922 -0.315401615197158980 0.000000000000000000 0.255981080141953143 194748.000000000000000000
4.499408405238213504 -0.110847360793842553 0.000000000000000000 0.019871006049044151 201481.000000000000000000
4.332009989502083158 -0.569164132075535512 0.000000000000000000 0.106225655245194547 193886.000000000000000000
3.639710826241956187 -0.403835599358276898 0.000000000000000000 0.171598639475307818 158686.202458440442569554
4.791736928777402760 1.954913397464231872 0.000000000000000000 0.350766994266560828 193879.000000000000000000
4.351374035256301731 0.716382959356324456 0.000000000000000000 0.130565997910998571 199531.000000000000000000
2.313386836995943607 0.305252302092050121 0.000000000000000000 0.395964209399557343 201192.000000000000000000
7.969209962679759229 9.371247921494775923 0.000000000442246318 0.436643291109904463 221707.000000000000000000
12.265281199146871316 9.772293673964394856 0.000000000285288087 0.386956599577181315 217043.000000000000000000
9.485907058547766724 10.758181631848630744 0.000000000480711433 0.384405677951407565 127923.301735625936998986
10.745151169236882183 11.131800685439719345 0.000000000897765483 0.423879826429418183 215781.000000000000000000
10.043952009375574974 8.977177733199461329 0.000000000582774538 0.066428084394736311 0.000000000000000000
12.019295713589283281 8.973973587164518761 0.000000000431578788 0.301816230672423635 222674.000000000000000000
10.782911650689356975 10.308458994382638352 0.000000000166052910 0.284568788771854930 0.000000000000000000
10.534640660651703570 11.216769480744821053 0.000000000048768550 0.434115459876272147 220034.000000000000000000
10.559063373766200300 6.190079157500852247 0.000000000492458234 0.450024075421885272 113406.491713532217545435
12.498407293286478037 8.926912502940615113 0.000000000760769960 0.385876574096448710 215828.000000000000000000
8.619978761126997568 7.928093610925282420 0.000000000625742013 0.338858131953712227 222942.000000000000000000
9.649302873733974550 8.993446146737925417 0.000000000336647195 0.130537644139891246 148540.003445333219133317
9.056899992557566392 8.429887724361728729 0.000000000460183379 0.235535687815553618 214573.000000000000000000
11.283044705983437339 10.667850376805120050 0.000000000247333055 0.375752809543217270 0.000000000000000000
8.797653046253591569 8.825309687063821684 0.000000000608851680 0.275350208192587376 222894.000000000000000000
1.804731698574651100 15.880626861503388980 0.000000000000000000 0.473247624915520804 0.000000000000000000
3.244761909761439078 13.468102102476636972 0.000000000000000000 0.165800259948163053 240711.000000000000000000
2.625138123837178039 15.388534925698264644 0.000000000000000000 0.379566025254579054 234945.000000000000000000
3.657832815411806937 11.744430411959086769 0.000000000000000000 0.360559638993391107 0.000000000000000000
3.446655779184563340 14.824790237187386310 0.000000000000000000 0.339444292977838624 0.000000000000000000
3.032058246903078569 15.611259677703161586 0.000000000000000000 0.433793014684201339 0.000000000000000000
4.032515315163902159 14.200130423289621717 0.000000000000000000 0.344376563150918136 236304.000000000000000000
0.786553629264411747 13.413595487297191866 0.000000000000000000 0.276929331099401488 0.000000000000000000
0.867674713615846915 13.522241622100635183 0.000000000000000000 0.265030999230522979 236259.000000000000000000
1.628053029271273600 13.179209593475986750 0.000000000000000000 0.127074965432150438 0.000000000000000000
3.211346799012613218 13.767794712395399870 0.000000000000000000 0.179092223490060015 0.000000000000000000
2.724382489942094754 15.356622454704263347 0.000000000000000000 0.376783022188977079 0.000000000000000000
3.803147713476546787 14.021148068235998352 0.000000000000000000 0.293390151687119127 0.000000000000000000
3.450419074199044811 13.916655871826300483 0.000000000000000000 0.229219495122768263 239952.000000000000000000
4.394837470578905503 13.156959249676845047 0.000000000000000000 0.367838180586767760 184692.640350973029853776
-6.318792830469346811 10.780750449185017459 0.000000000870004289 0.181706253743298241 0.000000000000000000
-5.095593813517763415 9.980828217661096957 0.000000000690282684 0.424255395364957100 449780.000000000000000000
-4.791071880299488051 11.944387428507777571 0.000000000314603740 0.348301192616417177 448416.000000000000000000
-5.982585519756049131 9.565229661613875223 0.000000000549725804 0.404154983157768988 0.000000000000000000
-8.305063432947973112 10.083603723852377243 0.000000000732954328 0.402516825271618472 450687.000000000000000000
-5.518676992204696319 10.196251439306950104 0.000000000541541526 0.345790602651016243 0.000000000000000000
-7.260955872299613034 14.122648606262524495 0.000000000928981841 0.435563458383333435 0.000000000000000000
-6.467004402433067511 12.529165210118947016 0.000000000364159647 0.151102596436168080 442583.000000000000000000
-8.715613879214526349 12.022637248355808381 0.000000000830051794 0.357521891147928317 449467.000000000000000000
-4.471768974444937150 11.035794083518863928 0.000000000569621244 0.420697813529202824 442616.000000000000000000
-6.933616118365982572 12.450344622504173842 0.000000000171425765 0.134365729722442068 446450.000000000000000000
-4.867600423319870195 11.911561226311215833 0.000000000317342397 0.334111352016358165 0.000000000000000000
-8.441698051608105047 12.612731132434346293 0.000000000670697003 0.343161897056733944 0.000000000000000000
-4.349708959033241840 10.653164997166564731 0.000000000227785874 0.464789150148685104 449769.000000000000000000
-7.197490050831454766 10.906393559775553470 0.000000000924519204 0.165898286356578745 443685.000000000000000000
-13.510483276993751289 2.351030581193154667 0.000000000000000000 0.428327537237305767 283273.000000000000000000
-10.270103459453533645 4.103490572018797522 0.000000000000000000 0.446864517721070997 148144.787009763211244717
-14.965911350389822232 5.198108592656543792 0.000000000000000000 0.411504303712981467 277254.000000000000000000
-13.240742949433276010 6.505854763712939359 0.000000000000000000 0.331026984032997962 282377.000000000000000000
-11.700346317772417848 5.078351188909403291 0.000000000000000000 0.193492474421512378 91721.005161414708709344
-12.242219928255403616 3.384321518946439067 0.000000000000000000 0.240391648200019792 10236.514875746201141737
-13.098494567688813817 6.318862383859879195 0.000000000000000000 0.293152246042111209 0.000000000000000000
-14.534588120554889912 6.460642703299670941 0.000000000000000000 0.447993397981592767 277588.000000000000000000
-11.637828508602519051 4.859609028060083880 0.000000000000000000 0.194246374149909501 282523.000000000000000000
-11.539314457758376165 3.557177531716128716 0.000000000000000000 0.286302149074105783 0.000000000000000000
-13.555814917935778752 7.235102928136810441 0.000000000000000000 0.468476407908903214 245374.007336584996664897
-14.649522137285952539 5.169172827263021297 0.000000000000000000 0.355474316402435264 0.000000000000000000
-11.009580766305468558 2.819629349355047054 0.000000000000000000 0.444220420864815557 278924.000000000000000000
-12.214293382054250969 3.256575366348059219 0.000000000000000000 0.262992776302773346 265348.752032492717262357
-11.337615961076913607 5.502182172772244861 0.000000000000000000 0.284121475868669093 276169.000000000000000000
-13.431371167220421015 -4.059950910943063818 0.000000000000000000 0.167134759828806351 202458.000000000000000000
-13.313411517796875927 -6.939215240205403035 0.000000000000000000 0.406909790619845835 196166.000000000000000000
-12.488772664519835587 -2.594246461633622935 0.000000000000000000 0.364780612616259770 194688.000000000000000000
-11.739922213885551017 -2.799753482791610626 0.000000000000000000 0.370422012517451216 64736.108243875554762781
-11.067063423536332323 -4.705268297163563318 0.000000000000000000 0.293438014934829905 123782.346228661743225530
-13.765125654132074118 -3.546447416584022516 0.000000000000000000 0.271587148871494322 195426.000000000000000000
-10.906494009027046133 -5.218732123307369797 0.000000000000000000 0.335521177008411164 0.000000000000000000
-11.944684238342439642 -6.775896001371379818 0.000000000000000000 0.390038922106323682 198862.000000000000000000
-12.672275507522400062 -7.170557354940976680 0.000000000000000000 0.433372355884184712 202003.000000000000000000
-11.823953265958966341 -2.823543667461954509 0.000000000000000000 0.359879780072756783 0.000000000000000000
-13.278615028009397747 -6.859708416556660637 0.000000000000000000 0.391992342341224209 202468.000000000000000000
-12.894110249844477067 -3.880736306548685732 0.000000000000000000 0.142396844587924731 200920.000000000000000000
-12.867701895210519325 -5.090131498012633315 0.000000000000000000 0.076660211061357272 0.000000000000000000
-12.731560317140880656 -7.311022753501541516 0.000000000000000000 0.457689772021180163 201989.000000000000000000
-14.348665927978830226 -6.389821784765306489 0.000000000000000000 0.415846732527243357 0.000000000000000000
-4.528232537089371235 -13.020010304476647534 0.000000000167189570 0.455602513394287090 0.000000000000000000
-6.725054023082424060 -13.647764060528041696 0.000000000048753722 0.341457980432978869 0.000000000000000000
-9.013401065144755364 -10.488703089313686334 0.000000000074651343 0.460873959874796180 0.000000000000000000
-7.377834504920930847 -12.894849580030598446 0.000000000778016781 0.237738942307038792 0.000000000000000000
-6.572494849121357063 -12.286340517432090991 0.000000000408199613 0.104467401963076509 0.000000000000000000
-5.783410534239758150 -13.572620139734894451 0.000000000531794090 0.369442020061794496 0.000000000000000000
-5.593438121560496690 -11.962323038429625299 0.000000000473869089 0.207541994356047838 0.000000000000000000
-6.716188844842382544 -12.465533614921286087 0.000000000406593235 0.132240131059679827 0.000000000000000000
-6.964551303335713150 -12.780098424465547780 0.000000000890487682 0.192343257990992500 0.000000000000000000
-6.565167721941963741 -10.011875262106446627 0.000000000553617817 0.303615956713545521 0.000000000000000000
-5.141816431412222776 -12.407671314707338084 0.000000000746168914 0.308679536017297584 0.000000000000000000
-6.514787956372334321 -11.147547549341272344 0.000000000870114075 0.108293667154609252 0.000000000000000000
-7.818627009514744763 -13.155289730217795352 0.000000000623002799 0.319361088121367653 0.000000000000000000
-7.081113042109246969 -12.239091798570038705 0.000000000235594002 0.111103371476901150 0.000000000000000000
-4.945239418703335943 -11.491178702682162793 0.000000000631267861 0.321062611125312536 0.000000000000000000
1.287320209198312693 -13.431220722573460336 0.000000000000000000 0.188627740813737788 310471.273978802142664790
3.251179983129753648 -10.827863074069773219 0.000000000000000000 0.465508820354990305 422160.000000000000000000
1.536276157969554301 -13.024468753274085486 0.000000000000000000 0.149167366018706754 252899.006937827827641740
1.315246221914316171 -14.653415340633921815 0.000000000000000000 0.305165985542504847 195298.714671292778803036
4.433180004556339426 -12.520748606203543574 0.000000000000000000 0.397491496750242534 428124.000000000000000000
2.653715111755452938 -12.884598094958583658 0.000000000000000000 0.090083244190136150 254648.572598009399371222
3.497253110936189735 -10.906010201232488654 0.000000000000000000 0.470082775793556396 0.000000000000000000
2.133050089401147265 -13.745520764459184804 0.000000000000000000 0.090873573511312991 422149.000000000000000000
3.280867541153356992 -13.605424437636830959 0.000000000000000000 0.178556730496132021 427217.000000000000000000
1.421474280806269253 -12.137472883460834083 0.000000000000000000 0.260097706767788373 158340.498645611747633666
1.656723028854010904 -14.288181997670786672 0.000000000000000000 0.216894000710889656 427668.000000000000000000
1.986711923441935257 -12.946353696279441436 0.000000000000000000 0.085445593405920270 429647.000000000000000000
2.410000357133585958 -11.665010775938918997 0.000000000000000000 0.287314395922382670 0.000000000000000000
2.344998015286005710 -15.674332018006538192 0.000000000000000000 0.426938108427300511 0.000000000000000000
1.782076151542829834 -13.335373968535742861 0.000000000000000000 0.098984218180494563 0.000000000000000000
12.350192728298818423 -8.086251332556832594 0.000000000000000000 0.376394450404240410 0.000000000000000000
11.422630370186899640 -6.914803916573501574 0.000000000000000000 0.374363527153619480 463019.000000000000000000
11.795883069760153106 -9.664395134095876472 0.000000000000000000 0.304930107894767655 471902.000000000000000000
9.892208354854494345 -8.983736559163846280 0.000000000000000000 0.089996313731374566 0.000000000000000000
9.141881068383948872 -9.851730081550620355 0.000000000000000000 0.288520208322782024 0.000000000000000000
9.847813983540902427 -10.083447118904119932 0.000000000000000000 0.250270562550566178 465491.000000000000000000
12.209058124154520186 -7.419261505561505210 0.000000000000000000 0.406015074898124328 0.000000000000000000
8.145888641803464836 -7.877355759834096638 0.000000000000000000 0.420074539970646643 467665.000000000000000000
10.372426259148822325 -7.463090716175210915 0.000000000000000000 0.225365723947934499 469950.000000000000000000
12.057564608947750173 -6.953698427265721627 0.000000000000000000 0.438246463992391866 472607.000000000000000000
11.100921799908997301 -6.849447984542512025 0.000000000000000000 0.359041802761274120 0.000000000000000000
10.789305074697562503 -6.737200230226005893 0.000000000000000000 0.361285038448622531 183302.470727479143533856
11.605946782987848209 -10.939796524111043752 0.000000000000000000 0.444901565758880790 467045.000000000000000000
9.050405194867133574 -8.326487069400750229 0.000000000000000000 0.241596011973362251 471669.000000000000000000
10.382089351051511983 -10.609052415741279773 0.000000000000000000 0.326390132927879995 0.000000000000000000
12.258039652981516099 1.441044921832892678 0.000000000000000000 0.339106381612500563 158989.000000000000000000
11.901827945881894522 1.223912505400122530 0.000000000000000000 0.361467429811779872 158468.000000000000000000
11.258660203343609396 -1.029788191660288010 0.000000000000000000 0.444560719960658712 0.000000000000000000
11.076338955074321646 0.919217382180963494 0.000000000000000000 0.467560837495830606 156991.000000000000000000
11.753679590470174077 0.776088658468215509 0.000000000000000000 0.346012632761199812 0.000000000000000000
12.937593090221648495 -0.113490067981627599 0.000000000000000000 0.109366059644401215 0.000000000000000000
16.075071403364724176 0.608524784416190401 0.000000000000000000 0.463695254868723428 0.000000000000000000
15.670890928478900861 -1.530477209672371330 0.000000000000000000 0.462389965415696935 0.000000000000000000
12.959308280045874540 1.648835981671348705 0.000000000000000000 0.304299676872428704 0.000000000000000000
11.680413156460748070 -0.780878794154539202 0.000000000000000000 0.358394030426379961 151369.000000000000000000
11.185118014119726837 0.219376401244775227 0.000000000000000000 0.421664807655231122 159260.000000000000000000
13.931526596179194755 0.235513286907085617 0.000000000000000000 0.080669694394884958 153211.000000000000000000
12.243774332295650709 -0.670979823865156422 0.000000000000000000 0.258977282170895440 0.000000000000000000
13.834464335365927568 1.495622361108063458 0.000000000000000000 0.264259412222468570 159289.000000000000000000
14.302447994286259458 -2.343404921294734322 0.000000000000000000 0.427543245934249583 0.000000000000000000
