-3.954956408289940661 5.034146001012092420 0.000000000000000000 0.364529776263039618 220162.000000000000000000
-3.390041207972388726 5.378726996614713762 0.000000000000000000 0.333008679267108032 217068.000000000000000000
-3.491345725197144922 2.326506592754368441 0.000000000000000000 0.354629329281038297 214778.000000000000000000
-2.853057696640667551 3.254133720009400488 0.000000000000000000 0.155129870630185684 217894.000000000000000000
-0.347779156435079284 2.832528941609256723 0.000000000000000000 0.389138896081743790 217535.000000000000000000
-1.187303403866080798 5.066303713132906061 0.000000000000000000 0.283415462115646277 119454.577522186911664903
-0.786586569355272047 3.859150745863647813 0.000000000000000000 0.262338622169688618 216435.000000000000000000
-0.164503588193757128 4.870201013243954158 0.000000000000000000 0.411963855417675717 0.000000000000000000
-4.421585088199396552 3.167442811365632327 0.000000000000000000 0.406424973958467772 162412.273954929871251807
-0.341419793097073543 2.411306707952637574 0.000000000000000000 0.431404960421780503 88770.966330516457674094
-0.813095134482084703 3.988125134648451642 0.000000000000000000 0.258146602220237664 0.000000000000000000
-1.900299942079525684 5.335422360558617960 0.000000000000000000 0.265192871076028347 220290.000000000000000000
-1.741812378530397165 2.189201638123483562 0.000000000000000000 0.316637236732939309 218188.000000000000000000
-3.865096415732875546 2.250176120444511874 0.000000000000000000 0.408884054664079122 218212.000000000000000000
-1.174494968776589987 2.793392432833853523 0.000000000000000000 0.274736157306465389 219072.000000000000000000
-0.529931978549221028 -5.069149291767566901 0.000000000000000000 0.372812163349529380 0.000000000000000000
-3.168694654036216640 -3.577813894661468819 0.000000000000000000 0.171537522891452215 0.000000000000000000
-3.375480461393570053 -5.813281815811928155 0.000000000000000000 0.396008835117859725 180256.000000000000000000
-0.990192136443085791 -5.300790992140635538 0.000000000000000000 0.337962042489100778 57510.977080025870236568
-3.324738269706577487 -1.987286633794117741 0.000000000000000000 0.388408771949441289 0.000000000000000000
-0.268045821635432557 -3.105342514265420739 0.000000000000000000 0.381252064888667641 175924.000000000000000000
-2.862237438991982685 -4.072662229682467050 0.000000000000000000 0.112450523295300114 0.000000000000000000
-1.425162409174971723 -4.734507315442785469 0.000000000000000000 0.211340267271497156 0.000000000000000000
-3.811951853315858951 -4.477737181803670197 0.000000000000000000 0.295997645396603226 178360.000000000000000000
-1.561123598933213952 -1.879835853015149993 0.000000000000000000 0.379018037953176401 161650.860186251433333382
-0.132614324789503912 -5.201623545086654588 0.000000000000000000 0.445072157317037642 180956.000000000000000000
-2.495134780224921744 -4.668286210365700128 0.000000000000000000 0.144851979526711000 178072.000000000000000000
-1.464369213562960015 -6.089363359351346539 0.000000000000000000 0.416482184174979897 177683.000000000000000000
-3.101694378177746625 -3.686352919376074233 0.000000000000000000 0.154650141574993044 0.000000000000000000
-3.535285298559513567 -2.511507677065753175 0.000000000000000000 0.334692333438256662 173465.000000000000000000
5.396865426066796978 -0.847461708448656870 0.000000000000000000 0.217698965897846181 155994.618481621349928901
3.757471515086062919 -1.375526541958307813 0.000000000000000000 0.279242529849032695 0.000000000000000000
2.715208787220024789 1.725644906520592103 0.000000000000000000 0.443826484609518734 197172.000000000000000000
5.828791256069955296 1.351930739499852541 0.000000000000000000 0.335373810242378778 0.000000000000000000
6.729664611748907177 -0.196799859861653437 0.000000000000000000 0.396386034086533057 193304.000000000000000000
2.752439930024751735 1.353524746865030437 0.000000000000000000 0.395640451051767372 0.000000000000000000
4.927055528875476043 2.454116383285355418 0.000000000000000000 0.442046139076457234 0.000000000000000000
5.332996501570629988 0.488694323881278925 0.000000000000000000 0.169789068107122854 200279.000000000000000000
6.306663703590250414 -1.615929605394784474 0.000000000000000000 0.429236298449421239 192825.000000000000000000
6.480920810308313129 0.260232279186272009 0.000000000000000000 0.353546648298762145 92229.199301771019236185
7.014748694538488927 0.835137633861908202 0.000000000000000000 0.469596678215626673 195810.000000000000000000
5.970838453079521990 -0.482081285298705919 0.000000000000000000 0.273351307361284379 197950.000000000000000000
5.987975876846932444 0.065981040620821579 0.000000000000000000 0.262932357022211238 0.000000000000000000
3.899590268238902091 -1.114228091877115245 0.000000000000000000 0.226325156160575247 0.000000000000000000
3.833374161143351611 -0.572309027797849423 0.000000000000000000 0.158345642678211662 202171.000000000000000000
8.522302154244622230 8.308039491451374658 0.000000000172362727 0.333189641251385615 0.000000000000000000
9.221541177529243072 9.762972485172147330 0.000000000680035853 0.267523142701319327 0.000000000000000000
12.873989221951083195 8.316277143971632313 0.000000000575345659 0.457787052837965447 222936.000000000000000000
11.243766356851351063 7.701393588747488472 0.000000000027301376 0.243918829866730247 214211.000000000000000000
8.880372503182384136 8.061559129542468227 0.000000000739609134 0.286865022479494303 0.000000000000000000
11.206716742332707426 8.743082200560174044 0.000000000053624041 0.154386687168891840 223149.000000000000000000
11.125296294537838193 7.821139735945005889 0.000000000345581487 0.214265723890487592 215050.000000000000000000
12.125627810081093472 9.246122880385700071 0.000000000666463236 0.329871529054383328 0.000000000000000000
12.100562910420805451 7.395103932430626692 0.000000000907181459 0.392866266027109001 93260.363481039297766984
9.207835887735265956 10.864258400431856089 0.000000000320698091 0.422995056245968448 213429.000000000000000000
7.985697671691257327 9.525601951583974270 0.000000000539812872 0.441445469222295384 216058.000000000000000000
10.684014444873366045 11.040347588619562558 0.000000000589068620 0.406356354478399573 223041.000000000000000000
12.835811881191238726 8.319384924204621612 0.000000000900658050 0.450988443372998316 220997.000000000000000000
12.718624977732055470 9.473336996783002562 0.000000000504626406 0.442373145959514491 0.000000000000000000
8.451474803684355663 6.876033061484611686 0.000000000801654200 0.470843278925406228 159185.787720987689681351
0.981267001949600592 12.243952115846692408 0.000000000000000000 0.303317830617245210 70959.381471890621469356
4.522938471254684067 12.602638522717702685 0.000000000000000000 0.408060703796276680 234352.000000000000000000
2.740961259797244143 14.174919098155589481 0.000000000000000000 0.175581350803971553 237514.000000000000000000
2.526576845466042887 12.668215220834024848 0.000000000000000000 0.113643036331019284 241661.000000000000000000
0.979879509739471355 13.061370126676928649 0.000000000000000000 0.244429709598870087 234248.000000000000000000
4.294896672660974524 14.199135439701581873 0.000000000000000000 0.386026954796409083 0.000000000000000000
0.430867967461872337 14.446258439835487408 0.000000000000000000 0.398110688987998784 0.000000000000000000
2.872830328299288638 11.677067124539346921 0.000000000000000000 0.300534316776233545 0.000000000000000000
2.539889231417844062 11.696939175301146463 0.000000000000000000 0.283674414435533595 199363.907627985696308315
1.743170411938825604 10.983894025285914964 0.000000000000000000 0.421726729505409015 0.000000000000000000
2.994358190413327403 15.538472140650334552 0.000000000000000000 0.419470999828047197 242317.000000000000000000
-0.082543189058204999 14.181490985270167826 0.000000000000000000 0.459894264600796854 0.000000000000000000
0.574148680438089754 11.513663145071006966 0.000000000000000000 0.443904385292109738 0.000000000000000000
2.842999955342651930 11.161164151853723681 0.000000000000000000 0.387398517355141137 238682.000000000000000000
2.436064551778305276 15.607504839651626938 0.000000000000000000 0.415418438898649378 0.000000000000000000
-7.854562638397948326 9.547200021219587995 0.000000000383314664 0.432837273231467368 0.000000000000000000
-9.038880828433999426 11.681690907399408630 0.000000000868396734 0.411128025404838282 0.000000000000000000
-6.998654345906997420 11.349808865910262057 0.000000000441103760 0.080697329092339537 445709.000000000000000000
-6.754339265527609548 12.640690304001093835 0.000000000585623791 0.163252913196005767 446352.000000000000000000
-8.494005233544074329 13.567536070167250273 0.000000000326945057 0.453028467380205413 93884.599224567165947519
-7.001781123320080624 10.026015162706128692 0.000000000134149128 0.303335603938484188 0.000000000000000000
-7.278032105636421889 13.641524103653729583 0.000000000225615032 0.353780044759083034 0.000000000000000000
-6.171755329591195327 10.624474394429217483 0.000000000067573045 0.218026865820183990 451316.000000000000000000
-8.020908429660245531 9.536867546499594894 0.000000000813230805 0.448811176865559325 0.000000000000000000
-7.078752823787100468 9.086267329816445582 0.000000000826035219 0.469806033988768523 444828.000000000000000000
-9.369232116532367982 11.907678170511035276 0.000000000241842565 0.471124943455086098 447261.000000000000000000
-5.834905954965422303 13.859418773473496600 0.000000000160420614 0.411590030290168218 450820.000000000000000000
-7.236037207659498982 13.817792047722768700 0.000000000775792414 0.382040496780641226 446532.000000000000000000
-4.523508224795095067 11.714912112805038191 0.000000000645150883 0.393673358299342580 450862.000000000000000000
-6.316702368777694865 9.666666987073611494 0.000000000364266758 0.370819799386288118 419578.735553023347165436
-12.332440947568132472 3.873226581494713994 0.000000000000000000 0.155712441418638464 281351.000000000000000000
-15.064882851609420200 4.361812773773338314 0.000000000000000000 0.422772463804711340 0.000000000000000000
-11.361421639689964991 2.647175863150716957 0.000000000000000000 0.428297853418599384 0.000000000000000000
-12.087592967888530993 6.255379304163925624 0.000000000000000000 0.296276921952997818 279341.000000000000000000
-13.736456711606701120 3.813851555186341447 0.000000000000000000 0.236211051575453718 26112.005689212670404231
-12.816619722922833802 6.308652047606252644 0.000000000000000000 0.283974297466398296 245428.036546726478263736
-13.410355088591277450 3.606350044732447468 0.000000000000000000 0.223865897820433452 276879.000000000000000000
-13.869767641647355205 5.455851114908132793 0.000000000000000000 0.246356813723563162 265626.266258840158116072
-13.426269056852271788 4.106416359866559951 0.000000000000000000 0.161350075445252789 278740.000000000000000000
-14.611998081275103800 3.291464339859162980 0.000000000000000000 0.415073108071962793 280372.000000000000000000
-14.476418709830873865 6.255321581517256035 0.000000000000000000 0.416417952496849597 230604.070556716120336205
-12.466141637556342303 6.432122501341227760 0.000000000000000000 0.308204586027703620 0.000000000000000000
-13.340907643026085339 3.957029965134776894 0.000000000000000000 0.168015531360116266 0.000000000000000000
-14.940485708829173817 5.554831185819857353 0.000000000000000000 0.425003906240747686 0.000000000000000000
-13.910438064038583406 4.960938117050634588 0.000000000000000000 0.218981839063127959 0.000000000000000000
-11.909594900534919759 -5.831717243604254364 0.000000000000000000 0.246655507343154751 0.000000000000000000
-11.802135019821452744 -2.148297499395296128 0.000000000000000000 0.469668062305476253 196070.000000000000000000
-15.085635549717608228 -5.674328644322561566 0.000000000000000000 0.456638058987873796 193319.000000000000000000
-14.189699624853957971 -3.902544464632671239 0.000000000000000000 0.295603949964543700 202266.000000000000000000
-13.537681981406691989 -3.650933847141581534 0.000000000000000000 0.231156855710097420 202086.000000000000000000
-12.698151931856241248 -6.937598997837473469 0.000000000000000000 0.392799293888408729 0.000000000000000000
-12.036405337396162807 -3.353516740737711554 0.000000000000000000 0.260341286657066517 201409.000000000000000000
-10.762658184790758753 -5.008039503159703365 0.000000000000000000 0.352373641591802234 0.000000000000000000
-12.927458018228568548 -7.117759699768278381 0.000000000000000000 0.425637836629918220 0.000000000000000000
-11.546893225930036309 -6.459521168738423746 0.000000000000000000 0.373524070883525516 0.000000000000000000
-11.552261270537213633 -5.617776110934710410 0.000000000000000000 0.263818891694174940 200403.000000000000000000
-10.454655885081397315 -5.043115658921183631 0.000000000000000000 0.407542159885068755 195698.000000000000000000
-13.478191753672817299 -5.271779971357824834 0.000000000000000000 0.170899576576736767 200987.000000000000000000
-12.562676834959969341 -3.868397048951323303 0.000000000000000000 0.143456907301749509 179055.719216542231151834
-13.832533832396048723 -5.271572601640769129 0.000000000000000000 0.224504325372548219 0.000000000000000000
-7.046358466858985814 -10.367524628050407642 0.000000000189131602 0.245535424313767348 0.000000000000000000
-7.477493566844026773 -12.909964901873525633 0.000000000482347800 0.249061753315776180 0.000000000000000000
-8.029986493176666684 -10.416377038876785122 0.000000000627268581 0.326290786717274239 0.000000000000000000
-6.466172420160308576 -12.835948925323938496 0.000000000520626917 0.203434610355225171 0.000000000000000000
-5.001417885846358047 -12.988022916545887142 0.000000000700267814 0.381858522795220534 0.000000000000000000
-7.454805926552269035 -10.225356187269767361 0.000000000688290923 0.293823696555675418 0.000000000000000000
-5.348524037798408237 -13.081982340723223857 0.000000000739074983 0.345277587791263829 0.000000000000000000
-5.498477275130375652 -11.674760917030718943 0.000000000501315382 0.220061991353602798 0.000000000000000000
-7.081627472981298688 -10.434262656868643404 0.000000000088006723 0.235626990320905894 0.000000000000000000
-5.551699256796873705 -11.837635162755939078 0.000000000928686401 0.211493065253829160 0.000000000000000000
-5.547689182614274905 -13.182734154913653413 0.000000000173420571 0.334502483698946029 0.000000000000000000
-4.560399979484501820 -11.795785203283688958 0.000000000032139526 0.387340547093949772 0.000000000000000000
-6.273149408043703801 -12.477746017136720269 0.000000000504108547 0.157389149036404552 0.000000000000000000
-7.983582748663151207 -9.873472920064388703 0.000000000335796853 0.395087433752459027 0.000000000000000000
-7.428084497317170687 -12.481432409793642435 0.000000000158212626 0.183244648539562710 0.000000000000000000
3.911469810596800656 -11.563937299403997727 0.000000000000000000 0.414598867088667999 427077.000000000000000000
1.127673320239115373 -11.437632159872830329 0.000000000000000000 0.391877896064861786 429333.000000000000000000
3.839457681663875466 -12.476406067788648357 0.000000000000000000 0.303710890418241064 0.000000000000000000
2.243917171013148693 -15.637376297530739322 0.000000000000000000 0.420678095650377615 425610.000000000000000000
1.689238864101304305 -13.118096505788185979 0.000000000000000000 0.118397923252901924 423685.000000000000000000
0.461152626427969281 -15.154653465523196587 0.000000000000000000 0.472613942656669395 431208.000000000000000000
3.045855694157324045 -12.736048300290493174 0.000000000000000000 0.159205398807041820 429863.000000000000000000
1.796916147340380965 -13.503966582580591904 0.000000000000000000 0.103987223513801436 421566.000000000000000000
1.081234944867112580 -12.866031583954098849 0.000000000000000000 0.235014515170898136 422986.000000000000000000
0.210567546719309107 -13.162207838519098146 0.000000000000000000 0.379044566614450740 427101.000000000000000000
2.223226390540633535 -12.466977878409171154 0.000000000000000000 0.145558467061148333 0.000000000000000000
2.137999823527282128 -12.500009706066251169 0.000000000000000000 0.142684355658674933 427452.000000000000000000
3.532418530548237623 -11.330212082996476752 0.000000000000000000 0.406950993971585406 184740.815631246718112379
2.545796133265759931 -11.939754826806796117 0.000000000000000000 0.241029305872584837 75536.974141411425080150
3.048857564361680872 -13.881397632458398306 0.000000000000000000 0.166751298634879336 426338.000000000000000000
12.501863018531706118 -9.304013505498057057 0.000000000000000000 0.397280973683354688 0.000000000000000000
9.900198547896920331 -7.054016004156076214 0.000000000000000000 0.307424592238049466 470436.000000000000000000
9.011208321994116588 -6.936751699533806992 0.000000000000000000 0.396743864828218995 472135.000000000000000000
12.211772786302535820 -10.402889314338604976 0.000000000000000000 0.441470898659039990 0.000000000000000000
9.350389444151502971 -6.759103102795785745 0.000000000000000000 0.391319469480672255 0.000000000000000000
8.591116254615887016 -8.880296314183933504 0.000000000000000000 0.312690057392843890 0.000000000000000000
10.210383831015784395 -6.360959096383452582 0.000000000000000000 0.419265682970441589 0.000000000000000000
12.346275643951617695 -9.069538049112201961 0.000000000000000000 0.361884153272295395 0.000000000000000000
12.085578962583706897 -6.914295134883730043 0.000000000000000000 0.446653018960667003 9282.528567516401380999
12.367254804646567123 -7.667106072808601347 0.000000000000000000 0.407625631305195080 0.000000000000000000
11.961696048844677520 -10.049517958747543389 0.000000000000000000 0.367817295197188199 0.000000000000000000
11.709521847360333524 -6.796851077851422396 0.000000000000000000 0.419572643142928969 467207.000000000000000000
9.304232398230565693 -10.259540700034621707 0.000000000000000000 0.323407238024202848 465327.000000000000000000
9.594495067550280254 -8.299401947073118180 0.000000000000000000 0.154557480296488442 0.000000000000000000
11.256997811693572942 -8.792523466545370425 0.000000000000000000 0.163532728991617471 0.000000000000000000
13.423736034735453515 2.450020242526857572 0.000000000000000000 0.425184890169281349 0.000000000000000000
14.485312143007595509 0.648921353818552538 0.000000000000000000 0.202306317246795625 148623.495179765915963799
13.536577469200418378 -2.736124216328486902 0.000000000000000000 0.474139794113967394 0.000000000000000000
13.907940965519843601 1.879181746850241641 0.000000000000000000 0.331911184254219005 0.000000000000000000
14.248299180815473974 -1.121169430754081375 0.000000000000000000 0.231371641345813478 159756.000000000000000000
11.868849273979773074 -0.008229097917659229 0.000000000000000000 0.298081225045189802 155698.000000000000000000
14.900092898665191044 -2.000706957157781574 0.000000000000000000 0.422116015849387405 158777.000000000000000000
15.826878770164263699 -0.368562178685137520 0.000000000000000000 0.412376711258461148 0.000000000000000000
11.799538845045132618 1.270270245012702581 0.000000000000000000 0.380996066525097044 102684.172703365155030042
11.726423241569985834 0.747297439684317166 0.000000000000000000 0.348595662940734019 152739.000000000000000000
15.487701906422074671 -0.245494764677157612 0.000000000000000000 0.349574337973486415 0.000000000000000000
13.813163898408122421 -0.193403606261131483 0.000000000000000000 0.058945912614409908 155842.000000000000000000
12.753255530014195429 1.074273787053751983 0.000000000000000000 0.233441277854003509 154263.000000000000000000
11.013018251293486216 -0.181671011148000883 0.000000000000000000 0.451709563517917911 155742.000000000000000000
15.459238266483264823 -0.331449700234015432 0.000000000000000000 0.346675618934875474 157445.000000000000000000
