-3.685913124249524664 4.965548625739272914 0.000000000000000000 0.318393124589214815 213502.000000000000000000
-0.009420743994699259 5.067833141288953236 0.000000000000000000 0.452364700532918829 0.000000000000000000
-1.233244250743066317 4.351893525415531094 0.000000000000000000 0.200340155973533496 217666.000000000000000000
-0.714487277299983181 3.832295177892809157 0.000000000000000000 0.275322487775531699 219829.000000000000000000
-3.981187612463217729 5.430063340295165020 0.000000000000000000 0.411547431403672836 178062.533111941855167970
-0.568932797870367546 4.164915976889950855 0.000000000000000000 0.305020629897227724 0.000000000000000000
-2.826901390676682890 4.483492389470653983 0.000000000000000000 0.146399814213887813 188739.895300433214288205
-3.044447669108894861 3.085630260988068141 0.000000000000000000 0.200383068141741533 0.000000000000000000
-0.454147922755149702 5.221398965804191050 0.000000000000000000 0.399524510159162571 0.000000000000000000
-3.582375730351978316 2.255762213082361356 0.000000000000000000 0.374585893806019921 0.000000000000000000
-1.446445608256176296 2.395612171854308414 0.000000000000000000 0.302996551949501314 0.000000000000000000
-2.523746263860553896 6.483903093996977951 0.000000000000000000 0.464245933013599898 222326.000000000000000000
-3.706889263727779937 2.428797624039228165 0.000000000000000000 0.366474748362351554 0.000000000000000000
-2.046695903296515962 4.674704614732680952 0.000000000000000000 0.144721665562443008 218017.000000000000000000
-2.624521164012140417 1.479420822020035553 0.000000000000000000 0.434177411152696813 215368.000000000000000000
-2.573462792273456312 -2.107358240547393624 0.000000000000000000 0.322389088751850461 0.000000000000000000
-2.725720346088263746 -6.105839458501958639 0.000000000000000000 0.403193983175024251 40357.309182819539273623
-3.971723857527000856 -3.701679483788175684 0.000000000000000000 0.307223886154050441 0.000000000000000000
-1.841148972017500274 -5.916532301846403996 0.000000000000000000 0.368475544460484306 178492.000000000000000000
0.071837376196210098 -3.523058294775791577 0.000000000000000000 0.420370134125881922 172943.000000000000000000
-0.584135887860771641 -2.076212989710458867 0.000000000000000000 0.439821542096650253 0.000000000000000000
-4.043620602067329095 -5.509259163297591577 0.000000000000000000 0.429233997930427602 178250.000000000000000000
-0.696882259795138070 -2.018883714519919437 0.000000000000000000 0.434234268480640839 180129.000000000000000000
0.007830795053546844 -3.709327493624666960 0.000000000000000000 0.405129018771708316 173243.000000000000000000
-1.720565014409955351 -5.948779840472402825 0.000000000000000000 0.378969376695498961 176022.000000000000000000
0.281075097779620753 -4.102127521240402253 0.000000000000000000 0.454105133916363979 0.000000000000000000
-2.337540377288604088 -1.747290642871581756 0.000000000000000000 0.381856833660724426 0.000000000000000000
-2.114599666198250016 -6.470376218577994720 0.000000000000000000 0.460197990006244839 175553.000000000000000000
-2.523064522795953390 -5.839761095686255565 0.000000000000000000 0.350344823756993051 172398.000000000000000000
-2.844969777985925319 -4.860506899884748044 0.000000000000000000 0.201950528533702239 0.000000000000000000
6.797806626883961201 -0.787609242535342591 0.000000000000000000 0.430285859944526117 200658.000000000000000000
3.750099801595268456 1.309647189472999962 0.000000000000000000 0.269710229545156110 193566.000000000000000000
3.455383570208804045 2.407437632125104976 0.000000000000000000 0.467743439204744316 194010.000000000000000000
4.630326565471987621 2.249109889535914952 0.000000000000000000 0.400094991919217713 0.000000000000000000
5.635683105841130747 0.894555523518801965 0.000000000000000000 0.255290164348121518 194015.000000000000000000
3.019124073015067022 1.273636280213912286 0.000000000000000000 0.349708738499351135 197665.000000000000000000
6.188719133624885238 -1.893690960376651189 0.000000000000000000 0.449399555477635493 0.000000000000000000
3.380791671461083503 -0.076781117954001166 0.000000000000000000 0.202465250328612484 0.000000000000000000
6.731616916087408420 -1.342686617043957309 0.000000000000000000 0.461380775495327300 199193.000000000000000000
4.388693345469647511 -0.939684354823326018 0.000000000000000000 0.168467057133392883 192976.000000000000000000
5.310914905480052184 -0.116822603312813245 0.000000000000000000 0.143509887629575256 195862.000000000000000000
2.121006774640523229 -0.282481449879980362 0.000000000000000000 0.429453171816549850 0.000000000000000000
6.029242074366393922 -0.537716973601212178 0.000000000000000000 0.286391003273227862 201875.000000000000000000
5.994183562303790680 0.363879544222981188 0.000000000000000000 0.271567615450674371 200270.000000000000000000
6.118654827091013715 0.722110299088432939 0.000000000000000000 0.313356575323079811 193107.000000000000000000
8.376919589341003558 8.988321987026321125 0.000000000457993733 0.352538886390310668 0.000000000000000000
8.487429645272206002 8.100914987968284464 0.000000000926668071 0.349345663387771788 217130.000000000000000000
11.510368890509750983 8.535933330840641986 0.000000000121519125 0.211785456003667910 220487.000000000000000000
10.671920877093437952 7.684434567245048697 0.000000000467199014 0.195527431367929355 215453.000000000000000000
11.985154537289922416 10.411618423158255808 0.000000000346103063 0.412968162039612841 223118.000000000000000000
8.121950682456635207 7.775182475952536088 0.000000000636203480 0.430867379104602100 0.000000000000000000
9.365261600764842598 9.630185151049719394 0.000000000453090560 0.232861042017846298 0.000000000000000000
10.308887691268198594 7.939992028922834066 0.000000000839982069 0.141803267193098576 0.000000000000000000
9.513240866489999448 9.613945957590436464 0.000000000589077663 0.211811055791457953 0.000000000000000000
10.085672860039801790 9.248517288351873589 0.000000000170562572 0.098866219168736072 220681.000000000000000000
11.065209880997509018 6.779393673139918697 0.000000000688095953 0.368168391392854844 172288.428988290572306141
8.288666816625742229 9.492013264203906786 0.000000000315753544 0.388425616695222076 216871.000000000000000000
11.137994762257529047 11.046091736151504747 0.000000000045706403 0.426782508935431404 218897.000000000000000000
10.011391830836663175 9.451402674507196622 0.000000000519170105 0.136650179669638827 216861.000000000000000000
11.411807401930026629 8.932438109677244498 0.000000000145318188 0.193651171066603095 221277.000000000000000000
4.083735902365140724 11.688502442848234253 0.000000000000000000 0.420781923011464665 243927.000000000000000000
1.351021035472750542 11.869845565449267610 0.000000000000000000 0.305801722364466566 241926.000000000000000000
0.332557799917749641 12.940161258234175179 0.000000000000000000 0.361760378259630866 94753.108038422768004239
3.492091465293714059 13.293426662343573952 0.000000000000000000 0.206363411549839698 90566.117608795844716951
2.986775534553717915 13.261757991877079377 0.000000000000000000 0.116312645167692227 63139.339188104284403380
0.283167392132741336 12.686379626808939491 0.000000000000000000 0.380385734482875049 0.000000000000000000
2.434212268701140935 11.125551782361272402 0.000000000000000000 0.383457347968782614 54212.839833877915225457
4.421814541478680027 13.238787939365513679 0.000000000000000000 0.372089150472151631 0.000000000000000000
-0.236179311842317413 13.061705985473912150 0.000000000000000000 0.459696609592331662 235817.000000000000000000
0.570499794442846264 13.698071793239448013 0.000000000000000000 0.323193776567450686 238482.000000000000000000
0.963086250217268458 13.579987960400428548 0.000000000000000000 0.250293573779181766 237672.000000000000000000
1.423798347371205031 14.704739144881511237 0.000000000000000000 0.301723478229164344 237418.000000000000000000
3.514163396187956145 12.185906783878388993 0.000000000000000000 0.286197977701546702 238349.000000000000000000
4.550274568306875267 12.803550605608517543 0.000000000000000000 0.403787485019369896 0.000000000000000000
2.387826650608944501 12.538693956435961852 0.000000000000000000 0.131770943459087742 244156.000000000000000000
-7.211212504927377864 12.944148703419363855 0.000000000142367328 0.233003383489619603 450336.000000000000000000
-5.983320451075329061 12.193863584179185366 0.000000000367385143 0.157834542732136374 442662.000000000000000000
-6.177362173356718777 14.335102537936498024 0.000000000205654348 0.473782541496627796 449056.000000000000000000
-8.582760454474124501 12.749892793278185366 0.000000000861407565 0.376747089693626469 198101.227920890465611592
-5.235635090714770179 10.398193627981356713 0.000000000683942447 0.354879342422636856 0.000000000000000000
-8.262233906333646516 12.030169608880784793 0.000000000658023711 0.278169504920114108 450133.000000000000000000
-4.430522880846487155 11.113072058629029470 0.000000000683780681 0.424066204221380805 448450.000000000000000000
-5.947084469766199533 12.645610598055162299 0.000000000012283431 0.215765448753888478 0.000000000000000000
-5.004707430991889083 9.800372506493689073 0.000000000336771694 0.458746364773660209 448908.000000000000000000
-4.874962447227209950 12.436484526855174693 0.000000000702303266 0.354665603077615577 0.000000000000000000
-7.366988296006073078 13.370223025652604676 0.000000000379501622 0.313265881656021761 0.000000000000000000
-6.304608721365398516 9.830665485252870539 0.000000000771814650 0.342895250813083530 0.000000000000000000
-7.480240690171989115 11.162103933068806327 0.000000000651422205 0.165698306137738866 32939.280840015737339854
-7.874598147929087411 9.507884995715961907 0.000000000778003938 0.440641328950869493 448033.000000000000000000
-8.347742786862291098 10.415078788023512502 0.000000000873176714 0.368688211862554516 0.000000000000000000
-12.921810694140459574 2.820716822922495925 0.000000000000000000 0.325054656991958235 278673.000000000000000000
-12.704736973302305003 4.858372570472959673 0.000000000000000000 0.031292353809410742 285658.000000000000000000
-11.662142368950506821 3.559456033808734432 0.000000000000000000 0.270398377247091481 279509.000000000000000000
-11.306210783736801773 6.249461261297076575 0.000000000000000000 0.371323587339395467 281810.000000000000000000
-14.573412943770383876 3.024039656040610868 0.000000000000000000 0.438277304347517549 0.000000000000000000
-12.491600498248827122 4.569243728841309249 0.000000000000000000 0.043828840092813036 282916.000000000000000000
-11.577802375930462020 5.778566444910928190 0.000000000000000000 0.278728846589479551 277296.000000000000000000
-11.364964017976530997 2.562146095070545471 0.000000000000000000 0.440282212339993206 0.000000000000000000
-13.839482109298726797 3.841668611974554892 0.000000000000000000 0.247787480156144768 278787.000000000000000000
-13.147716303355061029 6.208678557091403150 0.000000000000000000 0.276879555787610643 277910.000000000000000000
-13.846635689750568687 4.921050053814296277 0.000000000000000000 0.206393599396262839 283666.982895499269943684
-14.253508626754753053 4.605123019333776213 0.000000000000000000 0.274883632362373231 284309.000000000000000000
-12.364375324233073172 6.978996968843845572 0.000000000000000000 0.405042775959943591 0.000000000000000000
-13.824148682041792924 2.508992092977607946 0.000000000000000000 0.425315292109725629 0.000000000000000000
-10.789634509383299488 4.839372915264188002 0.000000000000000000 0.343991329201197737 0.000000000000000000
-14.045304673499888537 -5.676209326632029040 0.000000000000000000 0.293802540912097010 197882.000000000000000000
-11.160516146966402928 -4.111357835362612789 0.000000000000000000 0.293892870559132657 197319.000000000000000000
-14.020204003186462316 -6.080722901888091059 0.000000000000000000 0.336761960526353710 0.000000000000000000
-13.806850912750000759 -3.246069891171835753 0.000000000000000000 0.315888183712775383 54234.274445225200906862
-11.357793112990897555 -5.981880019960682304 0.000000000000000000 0.331623163321763947 199740.000000000000000000
-12.734292190254448585 -7.192162119469149850 0.000000000000000000 0.437030667341525236 195222.000000000000000000
-13.737889861876587005 -4.048479679940385267 0.000000000000000000 0.212903315531448145 0.000000000000000000
-14.653911311322474376 -3.396010435983416897 0.000000000000000000 0.411118436055224301 0.000000000000000000
-14.099758925640522023 -2.454707254382960002 0.000000000000000000 0.458001401634025584 199437.000000000000000000
-13.677567057774734138 -5.779849303885278289 0.000000000000000000 0.257063926036969259 0.000000000000000000
-13.647327980432343963 -6.840085125176126546 0.000000000000000000 0.410417938126146076 193731.000000000000000000
-12.060054800596898161 -4.760159474030112747 0.000000000000000000 0.117270552663180511 0.000000000000000000
-12.982444075878976975 -5.785309247665717081 0.000000000000000000 0.198236443853528843 0.000000000000000000
-13.907924358667269615 -6.413041074833153665 0.000000000000000000 0.368603730482185421 0.000000000000000000
-12.995711080039733076 -5.102373254633993049 0.000000000000000000 0.089227261649508338 201398.000000000000000000
-7.224166042222932127 -11.277532541321297899 0.000000000714423918 0.117357840968086172 0.000000000000000000
-6.974011986859988355 -11.847990916684761231 0.000000000491618983 0.048770952428891463 0.000000000000000000
-8.610333852560151158 -12.284793502342932214 0.000000000198524145 0.349323283110708538 0.000000000000000000
-5.074164786800119842 -12.816535658563903866 0.000000000736191250 0.353869287618891915 0.000000000000000000
-6.518710882067442647 -9.746942575736774472 0.000000000836681609 0.351133038413390830 0.000000000000000000
-6.639175932104957489 -11.192464742110086462 0.000000000228459189 0.094615950196574386 0.000000000000000000
-6.237832452027118890 -13.590945662757762946 0.000000000532863182 0.343076214150274506 0.000000000000000000
-8.242717715964870351 -13.465927398939134818 0.000000000731882194 0.409610430558368099 0.000000000000000000
-6.804492695795529400 -14.290379015800166229 0.000000000739281797 0.455321582797245994 0.000000000000000000
-7.182581759495974438 -11.363284274893636905 0.000000000755450685 0.101937117846504000 0.000000000000000000
-6.342002507165277692 -12.216695446375798184 0.000000000233585709 0.112339071211552635 0.000000000000000000
-6.859815763234307084 -13.689153221760703261 0.000000000795001697 0.349470639972316366 0.000000000000000000
-6.667722579202768785 -9.409231745224758470 0.000000000615609655 0.408940571200952729 0.000000000000000000
-6.859285850465048462 -9.186420314873252835 0.000000000832642591 0.448691338269103623 0.000000000000000000
-8.027365291368530720 -9.548762486351852985 0.000000000396965150 0.447596246219476079 0.000000000000000000
2.700370302830167546 -11.767945285844158221 0.000000000000000000 0.276446768572359058 425082.000000000000000000
0.901887661219165637 -11.533375037652666251 0.000000000000000000 0.402018554191935329 424630.000000000000000000
2.405312374687640364 -10.721910477258431271 0.000000000000000000 0.455084700811794973 425925.000000000000000000
2.115202385666745677 -15.242378364950971203 0.000000000000000000 0.352227396914714830 423556.000000000000000000
3.136933800636857228 -14.287870895203832688 0.000000000000000000 0.229921365524610843 0.000000000000000000
4.381432493903692382 -12.841661057754077291 0.000000000000000000 0.372950590710887042 423985.000000000000000000
0.089480453182786537 -14.038778518565461439 0.000000000000000000 0.422478726210735234 0.000000000000000000
3.172312363942583868 -11.695121061541668084 0.000000000000000000 0.318704804347393011 426374.000000000000000000
4.835077847392252437 -12.955852213644757143 0.000000000000000000 0.449305192148068744 422964.000000000000000000
4.860518184971783562 -12.892711207154505360 0.000000000000000000 0.455349762387536883 0.000000000000000000
4.770332012697762636 -13.102493188265464497 0.000000000000000000 0.435234850858725320 155300.616941686224890873
3.718345059101819672 -12.811182956955034840 0.000000000000000000 0.260206737884254358 30500.191386275215336354
1.201443414177550739 -12.023249326131711712 0.000000000000000000 0.301038131915436824 0.000000000000000000
3.057790425839380433 -12.262204280826308533 0.000000000000000000 0.221913193875255543 428086.000000000000000000
0.061778569075044060 -14.548122795286856146 0.000000000000000000 0.464038428032648331 73765.585790498647838831
8.571421611403385654 -7.768764438630207714 0.000000000000000000 0.359261382797517181 463820.000000000000000000
9.318846170742796531 -6.524344876533287874 0.000000000000000000 0.430872374801336167 464285.000000000000000000
11.279141921060691800 -7.864169739113120450 0.000000000000000000 0.227883412055620044 115123.635696091601857916
10.174147344491657918 -6.890192647573662121 0.000000000000000000 0.327186758833796221 291985.260299881221726537
8.319620258012708547 -7.955915727971901497 0.000000000000000000 0.386200580457030263 114395.398723412057734095
10.642889517617183159 -10.722913708692674462 0.000000000000000000 0.350291201130386587 0.000000000000000000
10.000290222014513120 -9.019912140030710290 0.000000000000000000 0.077173172523171463 150458.159707420505583286
9.209178189268854453 -9.386774028020969496 0.000000000000000000 0.230780361881106538 0.000000000000000000
9.112711800696358111 -10.011935191341846618 0.000000000000000000 0.311770148544109615 465117.000000000000000000
9.633587800466086648 -9.565026113883233094 0.000000000000000000 0.190924495652862430 467964.000000000000000000
10.554232649591540394 -11.013140860660984188 0.000000000000000000 0.398858265375116927 463082.000000000000000000
12.182307560984000361 -9.477829850886838159 0.000000000000000000 0.352188850596047320 466560.000000000000000000
9.187821511265486407 -10.964121093953075103 0.000000000000000000 0.440148611445579041 472332.000000000000000000
8.812226463829208711 -7.483958846542752674 0.000000000000000000 0.351506853873901071 0.000000000000000000
10.067515585351900498 -10.790425339964061280 0.000000000000000000 0.361570624092580561 321401.947279856016393751
13.516946399146521074 1.553057827382145373 0.000000000000000000 0.269194066931756515 0.000000000000000000
16.040212238462327576 -0.828593604768836811 0.000000000000000000 0.467794203955220644 0.000000000000000000
13.334580590202577355 -0.084307490826464063 0.000000000000000000 0.039607697653371042 0.000000000000000000
14.766162615014728487 0.412474425367218955 0.000000000000000000 0.229726950604705688 153614.000000000000000000
11.383895113840891256 -1.304432209591902092 0.000000000000000000 0.446510186137907994 41161.355493753908376675
15.125501249429040840 -2.178656369153550987 0.000000000000000000 0.470438519433992897 0.000000000000000000
12.036346017168845890 -0.668858834038978944 0.000000000000000000 0.292336081677687654 155386.000000000000000000
11.439134810954023180 1.576048501725512363 0.000000000000000000 0.464298674697385727 160736.000000000000000000
12.026746185831255431 -0.525459589945451278 0.000000000000000000 0.284968800889382423 90277.556396141138975509
13.328548881996416853 -1.550336683165498552 0.000000000000000000 0.271449839848297292 151044.000000000000000000
13.358263844556136135 -1.090540079966756615 0.000000000000000000 0.191854963438986892 0.000000000000000000
14.950723192965140740 -1.591418111481525566 0.000000000000000000 0.372468529153287986 152861.000000000000000000
14.763371636316133362 -2.065249546932796942 0.000000000000000000 0.418187838741650997 0.000000000000000000
13.506965851755476038 0.356382839893022274 0.000000000000000000 0.062066757367646212 159387.000000000000000000
15.554423414608088194 0.977342544331435414 0.000000000000000000 0.396523993758832849 160874.000000000000000000
