-0.330120501666605171 3.575754545488456060 0.000000000000000000 0.348161160347553122 0.000000000000000000
0.018688554500562535 4.630579150803133537 0.000000000000000000 0.426680619737034750 221207.000000000000000000
-3.311544554110929628 4.182567173999217403 0.000000000000000000 0.194814016921813049 213442.000000000000000000
-0.806682116204491817 4.273662157428011810 0.000000000000000000 0.267567495357407703 215339.000000000000000000
-0.840134510451995720 4.890349803976485887 0.000000000000000000 0.309229444198641734 35277.239072410709923133
-1.943935750433604115 3.660390530585992064 0.000000000000000000 0.069374257539474057 0.000000000000000000
-1.854162055958118671 4.104308020876978880 0.000000000000000000 0.081490299132209343 221651.000000000000000000
-1.760852283364817472 6.038647345304624992 0.000000000000000000 0.392787564918565979 217685.000000000000000000
-3.298992534414662003 5.250553653230355167 0.000000000000000000 0.305038324020545482 0.000000000000000000
-2.783497968289386115 6.286531787341411714 0.000000000000000000 0.436797019793911334 0.000000000000000000
-0.851739701380956671 1.824352134046070883 0.000000000000000000 0.445264185401631762 216276.000000000000000000
-3.213684249664759296 3.010646766026575438 0.000000000000000000 0.231332723566317178 0.000000000000000000
-2.653663834508401820 2.919009033455714608 0.000000000000000000 0.186742283213014448 219732.000000000000000000
-1.430576622750000082 5.051467125089587284 0.000000000000000000 0.254065360285827546 217968.000000000000000000
-3.481173530419304551 4.422423158020101219 0.000000000000000000 0.237662044812740308 215975.000000000000000000
-1.556979437800254829 -5.974555223724498987 0.000000000000000000 0.391731244973951065 177255.000000000000000000
-2.955097252862746160 -1.979911783938787639 0.000000000000000000 0.362061776105305710 0.000000000000000000
-0.796506412046080414 -6.059569099596798125 0.000000000000000000 0.466055994064310364 0.000000000000000000
-2.258282952762725060 -3.655508394466042699 0.000000000000000000 0.041794219715866637 0.000000000000000000
-2.546552269910684174 -1.254474546897180520 0.000000000000000000 0.472104264609017665 0.000000000000000000
-3.507717116566640314 -5.419517271973659511 0.000000000000000000 0.351690719668637630 174107.000000000000000000
-1.111719503619996496 -3.051279544053448589 0.000000000000000000 0.253153841198583973 178969.000000000000000000
-4.375856060808003711 -3.852681105660577199 0.000000000000000000 0.377463396284681618 180216.000000000000000000
-3.061509290303634501 -2.828040034921326829 0.000000000000000000 0.237180473489324944 174639.000000000000000000
-3.308523482531477988 -3.558075362262534291 0.000000000000000000 0.196308003338092979 178335.000000000000000000
-2.505402551983528348 -3.993498685512631319 0.000000000000000000 0.047743112050512876 0.000000000000000000
-4.570055426263616383 -3.212654316603450244 0.000000000000000000 0.429272890125736217 177537.000000000000000000
-0.509560270951896821 -2.012172331075545273 0.000000000000000000 0.457223606122879822 0.000000000000000000
0.205103439077442579 -3.213389216860133679 0.000000000000000000 0.455253265580253030 177605.000000000000000000
-2.887798664371129753 -6.421329465619781018 0.000000000000000000 0.464380788347507623 0.000000000000000000
4.485532410920826329 2.310118165368510557 0.000000000000000000 0.410468535358652797 0.000000000000000000
7.045221987488087478 -0.592601635426234341 0.000000000000000000 0.463148193893710480 0.000000000000000000
6.122539283229396112 1.973139181935561703 0.000000000000000000 0.452486989649477644 44105.383263263043772895
2.781292420832490730 -2.004905048442073845 0.000000000000000000 0.471708013282552185 0.000000000000000000
2.868704751065045855 2.008936551229358880 0.000000000000000000 0.462203163427253150 195762.000000000000000000
5.312387774254593076 -1.871199195113162794 0.000000000000000000 0.361434684298449549 0.000000000000000000
3.002225085766082380 0.535389381156961552 0.000000000000000000 0.285796320978126239 58136.815079565909400117
6.268865289443046329 -0.645176514266246448 0.000000000000000000 0.333021089672004722 0.000000000000000000
4.090305932610841744 -2.249054660819556517 0.000000000000000000 0.406769169157012278 184554.115880248922621831
6.705267117720199899 0.902092665807785354 0.000000000000000000 0.421998356948571407 194203.000000000000000000
2.867281242923928719 -0.746773704577146313 0.000000000000000000 0.322166658201620215 193962.000000000000000000
2.851051335603726145 1.129216047567959791 0.000000000000000000 0.358033864127922152 202299.000000000000000000
4.229972270752098140 -1.334198028768863731 0.000000000000000000 0.242450216504308230 0.000000000000000000
5.433105311742616017 -0.186924256322026722 0.000000000000000000 0.167109558432150390 201179.000000000000000000
5.014788069835661055 1.577813017697193843 0.000000000000000000 0.294095222013172730 0.000000000000000000
10.734676570615514279 7.401289310390627207 0.000000000540921010 0.246224010058544995 216293.000000000000000000
8.093777297436430374 10.091717872459941674 0.000000000454490753 0.465005114616950710 0.000000000000000000
9.597673985529416640 8.536019587941360953 0.000000000556365574 0.137552625537047529 221200.000000000000000000
10.863308111028603165 8.405418766133225361 0.000000000561887507 0.110830583564784257 218809.000000000000000000
8.530858561226361658 9.893373280022432326 0.000000000592748805 0.380255651540138351 0.000000000000000000
10.480781863424827094 6.767446313621657161 0.000000000876300005 0.348094477146775771 0.000000000000000000
11.967496300739428605 10.534162254718316021 0.000000000844496186 0.426189242902167587 222980.000000000000000000
10.739644956939299547 7.919586798046228893 0.000000000878178825 0.161657473891764214 7455.595538375941032427
9.767925226041514364 6.502002327635143075 0.000000000061959762 0.407160317575131048 0.000000000000000000
9.285236676283048496 6.329729169735951899 0.000000000746763166 0.464477839330744380 158115.140701095719123259
9.130300081840372783 7.546192460397886492 0.000000000135212042 0.301838853798954643 222427.000000000000000000
11.728095141768031695 10.752047427989600337 0.000000000337273161 0.429027882011961348 219151.000000000000000000
10.306245912175736379 10.247473658175650257 0.000000000343464715 0.263017529003834627 215370.000000000000000000
9.098755261505088399 8.032264349964613359 0.000000000744633030 0.254567799012917539 140309.753854681912343949
7.994611124406022284 8.944539553992617797 0.000000000279335619 0.419552533394384142 0.000000000000000000
0.486000546897825514 13.429877571585970841 0.000000000000000000 0.330542056838394160 242978.000000000000000000
0.438711186688888088 12.213921303872448121 0.000000000000000000 0.387277181075376176 235806.000000000000000000
2.967114428052444630 14.299108344731255471 0.000000000000000000 0.214127197554605547 79599.488810622729943134
0.240203931808685128 13.269473317680684943 0.000000000000000000 0.373216374142032847 237972.000000000000000000
1.192252646224493784 12.703521343874946581 0.000000000000000000 0.227725904753616565 0.000000000000000000
0.313823756655269848 12.889760194649024783 0.000000000000000000 0.366634723592006384 0.000000000000000000
2.517046273826017089 13.955067106719880599 0.000000000000000000 0.125105645877518129 0.000000000000000000
2.243787893687891000 12.436788389254093801 0.000000000000000000 0.150448378183641984 0.000000000000000000
4.753004762675510975 13.895944234323600597 0.000000000000000000 0.444888684394625478 115560.783945157279958948
-0.015710071963946356 13.753108063942937278 0.000000000000000000 0.427327460118742508 228664.136166989308549091
1.519495005109921415 14.412158513272748550 0.000000000000000000 0.248988472846998071 238656.000000000000000000
1.687473407386931079 15.409887456100442193 0.000000000000000000 0.397035671673132307 237777.000000000000000000
3.165211732617895013 14.430061576264060719 0.000000000000000000 0.253146534926731281 234852.000000000000000000
2.043053640253166048 15.036641219401216674 0.000000000000000000 0.317698069897717095 236438.000000000000000000
-0.172398612737407975 12.984394551639319104 0.000000000000000000 0.449758993242938998 239959.000000000000000000
-5.384141596709922872 13.902165126086881486 0.000000000209423817 0.455494717580511355 446313.000000000000000000
-6.922148840439044548 12.816883368379830443 0.000000000463297657 0.197278383100796678 0.000000000000000000
-7.589047906270943500 13.743069469368590418 0.000000000496556930 0.389186061590093058 0.000000000000000000
-5.767485162931838438 10.145640824363020727 0.000000000082060115 0.327472584553321011 0.000000000000000000
-6.175878159275270285 13.224547093262719599 0.000000000677154851 0.284544243173042333 0.000000000000000000
-5.782712829949579358 10.667177445869729269 0.000000000419613792 0.251698219314325289 451991.000000000000000000
-7.690730211384709136 13.314664501128564922 0.000000000211421534 0.329869483625203130 0.000000000000000000
-7.580909777775802993 9.226329659256208515 0.000000000198586691 0.465935987994008760 451135.000000000000000000
-5.231891105873053505 12.970461954037098451 0.000000000323073396 0.347493193212972284 448292.000000000000000000
-5.674472090112305800 11.706589523067437497 0.000000000075940723 0.188570061882063683 0.000000000000000000
-7.306019548300064059 11.233382263495645503 0.000000000500800359 0.133499177667343288 448926.000000000000000000
-6.354185026895216915 13.250206386743075271 0.000000000517602031 0.279446235396523468 444638.000000000000000000
-9.130414202791156342 11.627976948490355014 0.000000000622577372 0.427686835920433606 446313.000000000000000000
-6.440464327294132652 9.351849246539869043 0.000000000258609715 0.422246210178684467 0.000000000000000000
-5.939369388776020386 13.295916433587111172 0.000000000521795592 0.313112725782417556 443632.000000000000000000
-13.834646877782136087 3.687433905989213390 0.000000000000000000 0.263704112842176985 0.000000000000000000
-11.087344444071810301 2.941366088210474405 0.000000000000000000 0.419244831145958508 0.000000000000000000
-13.733381673940272094 4.860748858402707206 0.000000000000000000 0.184600528912885559 277446.000000000000000000
-13.813351966822239092 3.915359647782222563 0.000000000000000000 0.236649109879193048 0.000000000000000000
-13.159699571839425403 5.474760187704254655 0.000000000000000000 0.159589963536567403 285502.000000000000000000
-13.185203684477288633 4.765202611574753888 0.000000000000000000 0.085491702139141104 144819.868246865604305640
-12.994604763060152663 6.761593753530879880 0.000000000000000000 0.365440297423283100 0.000000000000000000
-11.810652573833898771 5.616639643076466903 0.000000000000000000 0.229285790627216907 277289.000000000000000000
-13.289108257398021706 6.918206528119785759 0.000000000000000000 0.402282669078294075 0.000000000000000000
-12.626370547216001938 5.833656423700940508 0.000000000000000000 0.201470866795413178 207589.977278868260327727
-14.799794147259449417 5.268842435728921636 0.000000000000000000 0.385736525029034882 70010.672303619750891812
-15.197001988310075760 3.937191826440265885 0.000000000000000000 0.460946655613339584 0.000000000000000000
-10.724208657534203937 5.501225145482308676 0.000000000000000000 0.382466645148212880 276893.000000000000000000
-12.462448055513926093 6.437940633913361133 0.000000000000000000 0.309302879796571228 0.000000000000000000
-11.200750006953619220 3.502891936902229997 0.000000000000000000 0.338671349960937562 281419.000000000000000000
-11.641743354859855231 -6.817269777755775806 0.000000000000000000 0.418692271895333978 0.000000000000000000
-12.481944232042367915 -3.110570872555514121 0.000000000000000000 0.275872609006104774 0.000000000000000000
-13.240406689053465072 -5.103552364577235601 0.000000000000000000 0.119515628334284515 196709.000000000000000000
-13.311329480141230519 -7.103579230328573857 0.000000000000000000 0.434419733747166747 0.000000000000000000
-12.645619119717506962 -6.124442977135673871 0.000000000000000000 0.251723991856978579 0.000000000000000000
-13.228583613889313142 -4.758367933043199827 0.000000000000000000 0.092929358097652334 199689.000000000000000000
-13.534558975019466587 -3.692617567079640395 0.000000000000000000 0.225257932455559418 200074.000000000000000000
-11.607905865431467518 -6.237654911389182821 0.000000000000000000 0.335561665780729323 197418.000000000000000000
-14.355863172274156980 -5.856247409823702732 0.000000000000000000 0.356922916894433340 170943.536551878845784813
-13.916372479964113751 -4.849129299932717352 0.000000000000000000 0.216523380575729368 196285.000000000000000000
-11.603189993894586607 -2.374726572442407146 0.000000000000000000 0.447523465523313402 202278.000000000000000000
-10.202627437314669478 -5.289541815840323125 0.000000000000000000 0.460000559090460726 192789.000000000000000000
-14.418555876830813745 -5.077539160343900626 0.000000000000000000 0.311765350266862307 91573.620476668802439235
-12.870498218023103121 -5.363695331696713531 0.000000000000000000 0.122349335153781644 138972.609055870620068163
-12.910249226354940433 -5.741627495420073224 0.000000000000000000 0.188082027045897521 53975.911018608021549881
-5.554343571132455359 -12.625191276052087019 0.000000000213197244 0.264371320521959219 0.000000000000000000
-5.435664923528119807 -14.022372377393926612 0.000000000650384575 0.469115858938478902 0.000000000000000000
-5.975735535342574067 -13.483421120394465831 0.000000000330522524 0.340446270472709867 0.000000000000000000
-8.970905286259414524 -11.682644509348582673 0.000000000267979119 0.399013559892176295 0.000000000000000000
-5.503107130953712733 -12.079630805483157374 0.000000000029502523 0.228247508693958545 0.000000000000000000
-6.411095574779845485 -11.727017343782947023 0.000000000292855741 0.057287125533177809 0.000000000000000000
-5.938046815845780202 -13.102818744153575281 0.000000000214499954 0.283133046359079321 0.000000000000000000
-8.198724117173247450 -11.316365414024676994 0.000000000523094132 0.270844622985610795 0.000000000000000000
-7.754347856708963427 -11.846310185106030843 0.000000000370201333 0.183542480387699714 0.000000000000000000
-5.002419073319168241 -11.927410232321779660 0.000000000139792860 0.310543684084607752 0.000000000000000000
-4.643878092162176507 -11.559006471309468012 0.000000000667900191 0.373298168784609308 0.000000000000000000
-5.834755301175335696 -11.142563985592218501 0.000000000810233505 0.189769958495725088 0.000000000000000000
-7.841648331553308537 -11.295963202688323435 0.000000000484686882 0.211358584248280579 0.000000000000000000
-7.126127164978319328 -12.026416501565334372 0.000000000045507021 0.088828505907352417 0.000000000000000000
-6.666314395983546248 -10.769013881367223817 0.000000000920846803 0.168512977384681545 0.000000000000000000
0.797969581260051131 -11.806179745429393080 0.000000000000000000 0.378945971449387964 425205.000000000000000000
0.728285589575709880 -14.587861788562291210 0.000000000000000000 0.369440867154167074 207402.747519609780283645
3.976863447179048716 -13.762766052739531020 0.000000000000000000 0.305244954284498882 430987.000000000000000000
-0.082318643984572018 -12.231530065342782976 0.000000000000000000 0.469209345395195321 430972.000000000000000000
3.965123248199064587 -11.707840850634976704 0.000000000000000000 0.402992007946601505 0.000000000000000000
4.677691444594092474 -14.403633187361117862 0.000000000000000000 0.463226658222445076 430924.000000000000000000
-0.140868949051882963 -12.900219846816201041 0.000000000000000000 0.446186085413054767 426697.000000000000000000
1.862505293859232358 -10.992978231809846790 0.000000000000000000 0.415324903015954427 428241.000000000000000000
2.427607929091481154 -12.452756261889259548 0.000000000000000000 0.147665393383751592 423034.000000000000000000
1.264794782982310739 -11.789177073990042999 0.000000000000000000 0.326415811941684064 0.000000000000000000
4.540416766791117276 -14.751927048261828546 0.000000000000000000 0.472679215601628733 423802.000000000000000000
2.388057595588227500 -15.865517173458455247 0.000000000000000000 0.461062762637073631 0.000000000000000000
0.504846353738685805 -14.676847216411683661 0.000000000000000000 0.410517601840796553 348071.064330742578022182
0.860619012648148329 -11.995326121069378900 0.000000000000000000 0.347983858602544438 0.000000000000000000
3.084113783119520669 -11.116012705853064446 0.000000000000000000 0.407188342208228748 428109.000000000000000000
10.784659492857652907 -6.424565993903895489 0.000000000000000000 0.414717123377010721 467180.000000000000000000
11.330741586138678656 -10.609693498740421447 0.000000000000000000 0.370623012878870062 468692.000000000000000000
9.897025447223670724 -6.793260346307298470 0.000000000000000000 0.351978586012523131 472345.000000000000000000
11.369094362832752765 -7.454483757872981897 0.000000000000000000 0.291337534807207310 467991.000000000000000000
9.851183808991264002 -10.969387060219782271 0.000000000000000000 0.399437858511254573 471266.000000000000000000
9.713017381510143267 -8.701994767058808478 0.000000000000000000 0.112155644997175771 466381.000000000000000000
11.603349475051460971 -7.292401660794070040 0.000000000000000000 0.339895311954983625 0.000000000000000000
9.997336142483520760 -10.156404845441560525 0.000000000000000000 0.254558827670767096 465659.000000000000000000
11.859680043941668970 -6.971895709720853596 0.000000000000000000 0.412069548221903781 0.000000000000000000
9.362019930729738704 -9.568633342860810131 0.000000000000000000 0.226259770468400290 465470.000000000000000000
8.317307806008193083 -7.183014845047209107 0.000000000000000000 0.453630627792651342 0.000000000000000000
10.548845965233399014 -7.046480138319656028 0.000000000000000000 0.300553847514497763 0.000000000000000000
10.253083287903468346 -8.990114898679482991 0.000000000000000000 0.045238970943419256 464156.000000000000000000
9.861065322163746316 -9.619363727622863180 0.000000000000000000 0.175179612304737914 469719.000000000000000000
12.223986746593489272 -10.504312558993676774 0.000000000000000000 0.454880761449442450 470475.000000000000000000
13.318991719369858373 2.244907590281130183 0.000000000000000000 0.391215423625345393 151078.000000000000000000
15.211751500652656688 -1.509892112122023899 0.000000000000000000 0.395792788082949543 0.000000000000000000
14.252057319097310994 0.408928717375383888 0.000000000000000000 0.145156411808916447 141282.316372339002555236
14.339334966561226636 0.526274656529939544 0.000000000000000000 0.168934905664446272 0.000000000000000000
12.625098466897229699 1.702603925422957909 0.000000000000000000 0.337702013132157086 0.000000000000000000
12.467138362322817358 0.669263418401590870 0.000000000000000000 0.223963279551325556 160241.000000000000000000
12.719714515258340626 1.254237275579620725 0.000000000000000000 0.262376372919123191 0.000000000000000000
13.144030489344082469 -1.664641671969308678 0.000000000000000000 0.297266643704840738 0.000000000000000000
15.783123291977959823 -0.711088390681400839 0.000000000000000000 0.418037222328054237 0.000000000000000000
13.255071599177206565 1.731895446687960805 0.000000000000000000 0.304610431274897175 0.000000000000000000
14.396568430401481820 -0.656043205958848241 0.000000000000000000 0.190093997519933999 0.000000000000000000
13.278866632025142280 -0.411184054947469180 0.000000000000000000 0.085255976737143455 156720.000000000000000000
14.666139481559293145 0.146858569931956784 0.000000000000000000 0.202155492076593113 151791.000000000000000000
13.845959915396711892 -0.732852085656827246 0.000000000000000000 0.138071964042793732 0.000000000000000000
14.979096967978701826 1.975291839650586301 0.000000000000000000 0.426783880171136665 16992.771838567514350871
