-1.781774802850739858 6.473999873963033558 0.000000000000000000 0.467944588305800546 216020.000000000000000000
-2.835081332968166556 4.226628289888163970 0.000000000000000000 0.118993102772884454 48284.163848233278258704
-1.809446203687068877 5.738863320623598163 0.000000000000000000 0.338838413373279024 0.000000000000000000
0.112625307200337046 3.893063011940959939 0.000000000000000000 0.422518715678213086 0.000000000000000000
-3.164408813447325830 4.707366484167724963 0.000000000000000000 0.217368335916393096 99300.537350502694607712
-2.660914996218081363 6.278732441720955570 0.000000000000000000 0.431293324286438240 218531.000000000000000000
-2.079596748145488228 5.575112216700289558 0.000000000000000000 0.301760779339051599 221788.000000000000000000
-3.266631864461847279 3.491041644222200535 0.000000000000000000 0.193263760266861123 0.000000000000000000
-2.598251062458266425 2.334058625664349851 0.000000000000000000 0.283639149088131592 219437.000000000000000000
-1.053610511856759357 3.118644556657510947 0.000000000000000000 0.254919518434874925 110874.000351365655660629
-2.826274527101020784 3.291062413188325042 0.000000000000000000 0.147071902343462846 76220.499337056186050177
-4.709758611430773456 3.092255417011720020 0.000000000000000000 0.459372913861207044 0.000000000000000000
-2.146806657205758917 2.015154952267102839 0.000000000000000000 0.334512374770209342 0.000000000000000000
-3.530695856531314458 3.625867943447024011 0.000000000000000000 0.231618266994119915 221120.000000000000000000
-3.075193002689765809 3.642464726431505095 0.000000000000000000 0.152141438646326205 82370.699346848618006334
-4.149718886805204399 -4.987877684232398856 0.000000000000000000 0.389595143243939790 171617.746663981932215393
-2.477871517753935660 -2.411676964980512761 0.000000000000000000 0.266176034471806378 178843.000000000000000000
-3.140701259544460999 -2.889892665745020572 0.000000000000000000 0.237591327985364809 181311.000000000000000000
-1.347010401247783484 -4.747321982988451872 0.000000000000000000 0.222906563754317444 119389.868239335963153280
-0.459660700199344352 -3.665121525314547490 0.000000000000000000 0.323039038236348774 32352.007702686776610790
-3.756736318628156823 -5.639670140598693315 0.000000000000000000 0.410194785196970446 177331.000000000000000000
-1.692693200593717862 -3.027593872224793703 0.000000000000000000 0.183755410861684371 181407.000000000000000000
-0.372551049434432624 -2.133535482592141541 0.000000000000000000 0.459207080189527217 181100.000000000000000000
-2.761708722772273639 -4.130309937238823004 0.000000000000000000 0.099402677951766813 180540.000000000000000000
-1.176372393168264585 -1.981850410730380929 0.000000000000000000 0.390809491232816331 174777.000000000000000000
-2.755033112847598886 -1.378632083065402636 0.000000000000000000 0.455841771686814612 85833.234500291131553240
0.042499076112884324 -3.369955561081153128 0.000000000000000000 0.420367342600185934 175923.000000000000000000
-3.822650955810419582 -6.040698835684924717 0.000000000000000000 0.473482008763587536 0.000000000000000000
-0.980505208004101236 -2.497758630423376314 0.000000000000000000 0.336726700613398044 179304.000000000000000000
-1.782480032711782902 -6.010770374288669338 0.000000000000000000 0.387088207696377085 177483.000000000000000000
3.891949941142287095 -2.132906744748649608 0.000000000000000000 0.394987342752194326 0.000000000000000000
2.621195586307176750 -1.849946704573752099 0.000000000000000000 0.471241999471359974 0.000000000000000000
6.467102811553040453 -1.031100466873880572 0.000000000000000000 0.393188264079000538 72529.715500015852740034
4.650517119322363335 -1.903837240547591847 0.000000000000000000 0.339095379121711837 199982.000000000000000000
4.867762388170906007 -2.477193218599035962 0.000000000000000000 0.444485572704493292 82701.794162459904327989
5.071306951086831383 -1.875799490933850899 0.000000000000000000 0.347622843936846004 115161.958290308568393812
6.073185527992873922 0.308092419521707794 0.000000000000000000 0.283185115619858041 0.000000000000000000
5.591243282320724539 -0.673776406047729925 0.000000000000000000 0.226182786144267400 173896.459809866850264370
4.203183249613955397 2.300739435832832136 0.000000000000000000 0.412586996544741513 0.000000000000000000
3.528961006051476890 2.131768109061423111 0.000000000000000000 0.417677016931593148 198274.000000000000000000
3.261085949696131081 -2.164004351327819986 0.000000000000000000 0.444876525689175628 200157.000000000000000000
2.255159280638666441 -0.960262752668503472 0.000000000000000000 0.437335238615202904 0.000000000000000000
4.942824584959365275 -0.032916046657108539 0.000000000000000000 0.076620692393258277 0.000000000000000000
6.012836673966410750 1.727355098409553369 0.000000000000000000 0.406577419185249200 195363.000000000000000000
6.077523587196545840 0.241495669047351758 0.000000000000000000 0.281906749961402969 196199.000000000000000000
9.785616278733026974 8.104151720985617757 0.000000000762205114 0.150179131099835134 221066.000000000000000000
12.668356108604706733 7.733269241497975344 0.000000000535853930 0.451151096953312125 0.000000000000000000
9.914417754118009185 7.351441198713393632 0.000000000297551124 0.256548622716356367 65509.071917159315489698
10.413299647809552084 6.259469217830219812 0.000000000744618523 0.436470787643839342 222205.000000000000000000
11.504013733899101979 6.609582909328694633 0.000000000395720251 0.427836263755412005 0.000000000000000000
9.626865160758763196 8.455569182151482011 0.000000000800935142 0.137186386152975237 141789.334045725670875981
8.969107901523722504 10.480433441369514824 0.000000000581631064 0.390399452254425572 218600.000000000000000000
9.919189318117611620 7.352522584337986444 0.000000000603222881 0.256114919297038113 221384.000000000000000000
12.162633350946185473 9.202642852079716107 0.000000000542200153 0.334348386808368259 0.000000000000000000
10.994868145180300090 8.957768867275248681 0.000000000758312472 0.122275274564212416 0.000000000000000000
11.382806918581108491 10.662294087574892387 0.000000000584030747 0.383130117596468533 24483.678270243388396921
9.551887676694388318 9.551456241222476606 0.000000000225853639 0.199152562264168026 222883.000000000000000000
10.555781128954166093 9.576173430619155269 0.000000000564809867 0.150156019566605708 0.000000000000000000
11.943723082412638803 9.447392959508341903 0.000000000495422134 0.310823388563306491 0.000000000000000000
9.458856143040307529 8.020198574430018823 0.000000000177294190 0.202562262871732429 218525.000000000000000000
2.296077319653507587 11.477127238261843445 0.000000000000000000 0.320536724513586169 241948.000000000000000000
2.072695531756834075 12.551871627994474423 0.000000000000000000 0.137257936484538018 0.000000000000000000
0.526962894372664303 14.170641340700271371 0.000000000000000000 0.359330038775280636 235136.000000000000000000
1.883830294298292962 12.664217463116795415 0.000000000000000000 0.135455528272732217 243667.000000000000000000
2.324101942595345083 13.416685959514150994 0.000000000000000000 0.024993017151006821 237490.000000000000000000
2.855889156128995854 15.488544660062073532 0.000000000000000000 0.404599624811712966 240182.000000000000000000
0.838747488856999568 15.207959091731542145 0.000000000000000000 0.435200570785291285 182941.770624397642677650
0.361390647063604908 12.816351279218343606 0.000000000000000000 0.361057341687613331 0.000000000000000000
1.434737835274698670 12.848545615403262232 0.000000000000000000 0.177551665547146437 0.000000000000000000
0.468100271355440078 13.987295029763409104 0.000000000000000000 0.355878910354048228 0.000000000000000000
3.943828307763679319 13.244437873677519235 0.000000000000000000 0.286906397673185098 236367.000000000000000000
1.945779677937943042 12.079031113102875139 0.000000000000000000 0.224270073864610037 242628.000000000000000000
2.607902807163893666 11.043992446618679182 0.000000000000000000 0.400516590501877157 235518.000000000000000000
2.435446201939811761 14.615906611741353416 0.000000000000000000 0.239151244408903535 241078.000000000000000000
1.985390820256828226 14.379239029173461972 0.000000000000000000 0.205973311272260623 100385.440192156951525249
-5.994824178403113102 11.126911895058112734 0.000000000509115066 0.168131750266008323 0.000000000000000000
-6.148021864443968809 9.880553672527971898 0.000000000454149776 0.341782703521018139 448458.000000000000000000
-7.528609323348302240 11.027432609389935081 0.000000000076069459 0.187304687214667892 449526.000000000000000000
-7.944478506164045939 12.329631393835416731 0.000000000714704396 0.241529371683337768 94208.760493077919818461
-8.450576182771097677 10.695054723779358952 0.000000000612435637 0.355632914480845164 449033.000000000000000000
-5.908548689555465749 14.208864515777232640 0.000000000762333577 0.464895406923662380 445172.000000000000000000
-6.267224382784806203 9.756901508023641867 0.000000000854780801 0.357140172652358701 127866.392872273630928248
-6.524825537961587152 9.311384315822026636 0.000000000101250549 0.427758322951589665 336338.445304273394867778
-6.273562999489342040 11.364771193943134620 0.000000000210522190 0.103029815840827016 0.000000000000000000
-7.189225006118647343 9.735126118880478074 0.000000000517568476 0.360230339865908911 442409.000000000000000000
-6.223250076157554211 11.814449152646499641 0.000000000743327944 0.092321480871230807 50605.495860330520372372
-8.496822246564596171 12.957023568889487919 0.000000000227192078 0.383074936578886749 449499.000000000000000000
-6.176913233955239058 11.025679250870963344 0.000000000427890569 0.157683326477700447 0.000000000000000000
-6.547169669638887690 11.284832042604469038 0.000000000488713615 0.083596766772002812 442894.000000000000000000
-8.136721210938318904 12.296591359729976745 0.000000000917593708 0.270336854989552455 445874.000000000000000000
-10.356563561309434007 5.923184485950793388 0.000000000000000000 0.472908386824532900 69334.189530299248872325
-10.823832476798301627 2.849846074150474085 0.000000000000000000 0.463901798164853219 284223.000000000000000000
-10.493996682701071776 3.425158787714221553 0.000000000000000000 0.452023996554307195 0.000000000000000000
-11.706046617618397931 4.073863568866310736 0.000000000000000000 0.208144742812045092 285646.000000000000000000
-13.532454049427688147 5.541873247659295565 0.000000000000000000 0.209262210999245468 189055.322155319910962135
-13.268705208142339558 5.189974247240013661 0.000000000000000000 0.133035026401977480 175907.051430805266136304
-14.167209045288498004 2.701094911616071403 0.000000000000000000 0.429774190412337609 117276.599734099625493400
-11.127924569298029311 6.199328551970168633 0.000000000000000000 0.387506625666028393 47375.487995266172219999
-14.892495447985801604 3.794495997115903574 0.000000000000000000 0.417531368546422255 280464.000000000000000000
-12.433969546039476128 3.126808547184102061 0.000000000000000000 0.274524992755669106 172186.821133389574242756
-12.704200545339181971 3.131977361712154018 0.000000000000000000 0.268943524646646559 281262.000000000000000000
-12.708972939700025506 3.030633613036567198 0.000000000000000000 0.286557757420136283 284913.000000000000000000
-10.876720700991475255 5.257571062569859066 0.000000000000000000 0.342554857831534720 281017.000000000000000000
-12.142574548536256174 3.159071358857264755 0.000000000000000000 0.283387915319435246 0.000000000000000000
-11.033781238928664692 5.057768711389228677 0.000000000000000000 0.306550931316640130 0.000000000000000000
-11.261246263766429010 -4.689935130705689126 0.000000000000000000 0.258799055956545399 0.000000000000000000
-12.522692716418520220 -2.662781853844510049 0.000000000000000000 0.352277888510443282 0.000000000000000000
-14.924798091880100870 -6.017891735329326863 0.000000000000000000 0.457320746198673189 201647.000000000000000000
-12.851803360812185772 -2.476581512009182973 0.000000000000000000 0.383574225009460812 195469.000000000000000000
-13.865637495870410945 -4.406100627874827147 0.000000000000000000 0.210819561718815857 200847.000000000000000000
-13.241036043972430392 -2.242681565805783261 0.000000000000000000 0.433436157517993303 37117.764275651839852799
-12.918926319748132769 -6.142473944053898904 0.000000000000000000 0.257067138216426849 0.000000000000000000
-12.034640510884132780 -3.866486077759506923 0.000000000000000000 0.186066090287801467 0.000000000000000000
-11.480166750796430009 -2.733735568064968202 0.000000000000000000 0.403960549582228434 199854.000000000000000000
-14.401728175681542510 -3.645136844656649444 0.000000000000000000 0.350246139822461555 199642.000000000000000000
-11.968261096743972871 -5.229948431424193522 0.000000000000000000 0.163843772432278323 0.000000000000000000
-13.143211322940986818 -2.578810193208285639 0.000000000000000000 0.372766028770092295 100154.391370458368328400
-12.303562005574349314 -4.936148117496413690 0.000000000000000000 0.085660680085777666 194588.000000000000000000
-13.363059023776212797 -6.576731983592821962 0.000000000000000000 0.349380345064305986 193964.000000000000000000
-13.040507777974273296 -6.438672998411040460 0.000000000000000000 0.311358265837445414 199545.000000000000000000
-4.856536404017939290 -13.620114473551527823 0.000000000620591424 0.474780527120615747 0.000000000000000000
-7.717928912701257360 -12.598022287452938173 0.000000000412589454 0.234589425705280075 0.000000000000000000
-7.642492012416732372 -12.657005929917939824 0.000000000863715334 0.232047840300912384 0.000000000000000000
-7.181450257024702744 -9.733162881290937207 0.000000000077474719 0.360261159065939696 0.000000000000000000
-4.709117433580730427 -11.754424630518180095 0.000000000881496225 0.360653710428762875 0.000000000000000000
-7.354885216583201490 -13.482927850446815299 0.000000000481709338 0.331207741506786002 0.000000000000000000
-6.104042840812900828 -10.951463264993984481 0.000000000554053368 0.176084980917731920 0.000000000000000000
-7.199553853496627021 -13.542407447591111591 0.000000000002389608 0.333217815267809581 0.000000000000000000
-6.493027341109328887 -13.886341891296771323 0.000000000302863626 0.386131376372904456 0.000000000000000000
-4.790852036622692545 -11.184625748170219595 0.000000000718149769 0.358752640585655425 0.000000000000000000
-5.336920030213549104 -13.093087634845659295 0.000000000441247562 0.348133720127777713 0.000000000000000000
-5.791732598608382965 -13.419427334327041379 0.000000000290426471 0.344814277928768953 0.000000000000000000
-7.539032343058615915 -11.883267088436783254 0.000000000866974666 0.146691054795521580 0.000000000000000000
-7.561918681471230919 -13.084817840357880314 0.000000000353902890 0.283250541939173928 0.000000000000000000
-5.483825957764711490 -9.870732423794557064 0.000000000139250384 0.395914477269084186 0.000000000000000000
0.579228189527442150 -13.292060499857356604 0.000000000000000000 0.312812406755964223 170029.226067945157410577
4.456486396170959985 -14.870578728624661125 0.000000000000000000 0.472671423308096583 423520.000000000000000000
4.167465287941252150 -14.869207088504127867 0.000000000000000000 0.432442021059599613 62436.155612464855948929
2.401291032601094333 -13.024405216672159114 0.000000000000000000 0.046488506793762430 0.000000000000000000
4.300193795720936407 -13.049480084142366820 0.000000000000000000 0.352679886879301963 0.000000000000000000
0.683279748144102639 -12.078637621933991042 0.000000000000000000 0.363510449684920300 422318.000000000000000000
3.177668848637514643 -15.566315614124292210 0.000000000000000000 0.434391612151578621 421940.000000000000000000
0.200077369006235878 -12.545977790345911984 0.000000000000000000 0.402024978033966751 193512.816785072995116934
0.947133290399566730 -14.253275116531531452 0.000000000000000000 0.302306361611604124 297970.424466071417555213
2.936644164148015435 -12.648765259709273678 0.000000000000000000 0.154992415444976134 431311.000000000000000000
0.860144799062726562 -13.254216442294904255 0.000000000000000000 0.262769438481190387 0.000000000000000000
3.484316365678481020 -11.777189922161483082 0.000000000000000000 0.336510189862134046 429571.000000000000000000
3.702675751733291776 -13.671854975114044350 0.000000000000000000 0.253808626416541394 0.000000000000000000
2.789270612261861793 -11.098826691499320773 0.000000000000000000 0.396133812665136642 429880.000000000000000000
2.029011144915021880 -11.941715816047363319 0.000000000000000000 0.243906803209942846 426867.000000000000000000
11.848234129077065191 -10.722017358307068591 0.000000000000000000 0.437501568539925001 467723.000000000000000000
9.148978483361965175 -8.257347511640331206 0.000000000000000000 0.229218869046983825 466760.000000000000000000
10.814687191587319504 -10.619190290169184365 0.000000000000000000 0.338568759696546373 0.000000000000000000
10.964097977567583087 -7.539824851413738038 0.000000000000000000 0.239042115125872812 440203.334462598257232457
10.168754578934636967 -7.174818711276766514 0.000000000000000000 0.277619749570309382 439333.521937682817224413
12.111283394765090193 -10.613580711784260657 0.000000000000000000 0.453834847706467814 464142.000000000000000000
9.610462713213623331 -10.685411835544149639 0.000000000000000000 0.364143626993213565 0.000000000000000000
9.293459784213549568 -10.287214076693397047 0.000000000000000000 0.328498396797903436 463665.000000000000000000
11.842178626565823762 -7.792816674274858357 0.000000000000000000 0.315509080573045775 465842.000000000000000000
11.460702060672591784 -6.404612989986739890 0.000000000000000000 0.456130790632638561 143821.605888560414314270
12.264793487831125773 -9.137394029073105273 0.000000000000000000 0.349660285957116013 466527.000000000000000000
9.893864519482740150 -9.365904085015481328 0.000000000000000000 0.134527521621655016 3730.686305717010327498
9.229580757404496794 -9.280727103022787361 0.000000000000000000 0.219026473262457222 0.000000000000000000
9.389011143643690716 -6.532563362580184219 0.000000000000000000 0.424378591520035819 466443.000000000000000000
9.868751989090711163 -6.601869568470196015 0.000000000000000000 0.385854605354657043 466706.000000000000000000
14.274486228589042369 1.739724031610570210 0.000000000000000000 0.328182815126710270 0.000000000000000000
13.659475187511803895 1.313634590930932600 0.000000000000000000 0.228576181520076055 152364.000000000000000000
13.545587080148248305 -1.767312036670315889 0.000000000000000000 0.306271264565039891 156203.000000000000000000
11.974090226224923583 -1.456821137980514047 0.000000000000000000 0.377030505900890989 34028.396962932594760787
14.219823223134449464 0.759757172791203694 0.000000000000000000 0.178679107502412116 11743.182349195500137284
14.842025762956069457 -0.926014861618497109 0.000000000000000000 0.281760220284335283 122847.708522386368713342
12.065763115278043571 1.275960347421221330 0.000000000000000000 0.344005999901561943 37878.736242394712462556
15.517234173786995655 1.443288788782229437 0.000000000000000000 0.431386680696570990 154198.000000000000000000
15.221076025630168260 1.227668665490160516 0.000000000000000000 0.366895677650800556 152824.000000000000000000
12.249534226848068030 -0.384309153753178478 0.000000000000000000 0.239713351285671283 152690.000000000000000000
13.426768402253019374 -0.518726494998502430 0.000000000000000000 0.092200252684936784 0.000000000000000000
13.502006035877419876 -0.653176987963540290 0.000000000000000000 0.113422976108516371 160931.000000000000000000
15.336415346836588469 1.386128566555592689 0.000000000000000000 0.399578443245564185 151796.000000000000000000
15.500967744553760141 1.610557350250323205 0.000000000000000000 0.446396869288289921 0.000000000000000000
12.431910518162238688 1.262684154994764718 0.000000000000000000 0.295278971513827149 47959.784074328737915494
