-3.284970633092321624 2.237047010474543907 0.000000000000000000 0.346529263627698036 222733.000000000000000000
-4.140317519937704027 4.198440349194791921 0.000000000000000000 0.339885957081273948 214347.000000000000000000
-0.198416716179832836 2.336507423762274271 0.000000000000000000 0.459748620533639407 0.000000000000000000
-3.104097000846389065 3.732483481369816225 0.000000000000000000 0.153352458940109793 214275.000000000000000000
-0.326295751205678108 2.365952656051437231 0.000000000000000000 0.438498926811970169 0.000000000000000000
-3.322357542581447998 2.989974394752412667 0.000000000000000000 0.248293097388569500 0.000000000000000000
-4.504057987167677801 4.662167728014956047 0.000000000000000000 0.423150441887658546 215018.000000000000000000
-1.248322393397478747 3.948060954389265742 0.000000000000000000 0.180286280422411765 0.000000000000000000
-4.429888220750680894 4.248041297786074644 0.000000000000000000 0.392233038549057555 214139.000000000000000000
-1.122684612825631589 3.089585117726901586 0.000000000000000000 0.247586414961358581 111683.633779821175266989
-0.718267592537249144 3.512101442381176941 0.000000000000000000 0.282599924964812010 0.000000000000000000
0.146471817881703131 3.351358362946283975 0.000000000000000000 0.439168955908010250 215818.000000000000000000
-2.459050083326125069 2.052465833156038588 0.000000000000000000 0.329194705697058665 64994.645328277518274263
-2.721341218323804156 1.857057699282112173 0.000000000000000000 0.371288754223484785 0.000000000000000000
-3.047208727736466116 1.350388751498430073 0.000000000000000000 0.473490647099257866 0.000000000000000000
-0.149405979734390987 -4.266145368244898428 0.000000000000000000 0.381749486320285769 178943.000000000000000000
-1.790542097709076907 -2.185611431840818852 0.000000000000000000 0.314835352861971451 178201.000000000000000000
-4.318792574183088817 -2.469022821001589652 0.000000000000000000 0.445849728459431827 0.000000000000000000
-2.347484504679110628 -3.314357327617868609 0.000000000000000000 0.103773792656823391 89622.658410412579542026
-1.273842949242362410 -5.844272399399291551 0.000000000000000000 0.389791482149615232 175993.000000000000000000
-1.333703436110782903 -2.541487334392662500 0.000000000000000000 0.291321614005839891 72897.839703002740861848
-1.314005574148906064 -1.815833078619083496 0.000000000000000000 0.406011398305904325 181515.000000000000000000
-2.621864280376340339 -5.399407506376375565 0.000000000000000000 0.276440287949944574 0.000000000000000000
-0.891520626556274842 -2.708677938663455631 0.000000000000000000 0.321920007174185840 0.000000000000000000
-3.655533995944408865 -2.851041926757376554 0.000000000000000000 0.310199605435691972 0.000000000000000000
-4.057284822202501751 -4.914597552483772169 0.000000000000000000 0.368824195744599626 175189.000000000000000000
-1.619383062941055940 -2.268052116084901204 0.000000000000000000 0.310556057641217631 0.000000000000000000
-1.290227661731154107 -3.116329910198254893 0.000000000000000000 0.220832838321492753 0.000000000000000000
-2.653745380701034051 -2.604450364358840364 0.000000000000000000 0.239547560560952277 176430.000000000000000000
-1.548160725684877725 -5.696723500531397200 0.000000000000000000 0.345770527755401236 175355.000000000000000000
3.068737680549938673 0.885987486874979968 0.000000000000000000 0.301974987799607242 199192.000000000000000000
5.208592262003814533 0.737810056283545235 0.000000000000000000 0.180238057093873832 194354.000000000000000000
1.960080105172288478 0.241195317125455055 0.000000000000000000 0.457194939179154436 152045.056340366660151631
6.616115986411954530 0.050732489223793739 0.000000000000000000 0.374720358014736465 201465.000000000000000000
3.216943962222902353 1.199821473737320288 0.000000000000000000 0.314594746337628461 0.000000000000000000
4.132873819092128365 0.279253505752938502 0.000000000000000000 0.084155292431484327 0.000000000000000000
2.271471879368564206 1.093328757697203280 0.000000000000000000 0.444494802684625046 195283.000000000000000000
5.883026511300776029 -1.320243560467004418 0.000000000000000000 0.338268690671128636 0.000000000000000000
6.670728758604473896 -0.592055583192239610 0.000000000000000000 0.398429090737376257 189160.786697992472909391
2.409768077003688003 1.621660999601557629 0.000000000000000000 0.473135503074589292 200682.000000000000000000
6.060762027622194736 1.361369945105817880 0.000000000000000000 0.366523313746888069 0.000000000000000000
5.105889430277487762 -1.489819877687225347 0.000000000000000000 0.284831218575603284 202502.000000000000000000
4.503198950015659285 -0.070361441629714486 0.000000000000000000 0.012654492091962755 195351.000000000000000000
2.433355232229128529 1.270650029004118720 0.000000000000000000 0.434287178082643333 193344.000000000000000000
6.224696479682759076 -1.118795297675956979 0.000000000000000000 0.363789238243880098 202007.000000000000000000
10.770097303952134382 8.594641744419922347 0.000000000583173643 0.081136463141497236 216429.000000000000000000
11.740848924018433053 9.695555363298836937 0.000000000337237195 0.299620037488869728 216303.000000000000000000
7.978007123215792085 8.762997452108791663 0.000000000076560349 0.421092157014954060 0.000000000000000000
11.610351414924398483 6.398131085293961462 0.000000000750534112 0.469317740220173196 0.000000000000000000
10.465574112939345142 8.648064790099940780 0.000000000821253120 0.028339468831508924 221263.000000000000000000
12.132424800543789800 8.735222200813300475 0.000000000306832239 0.319389441096595450 216329.000000000000000000
12.420989746816768928 9.529191636745805383 0.000000000187450216 0.395132235803731524 0.000000000000000000
10.307699604065524213 10.499273979814905289 0.000000000482546148 0.307152627199300199 213665.000000000000000000
8.159345784997379170 7.977081626156490302 0.000000000819577086 0.411736771575128946 0.000000000000000000
9.137380111626258739 10.571362906790788827 0.000000000060439081 0.385462178171541492 221990.000000000000000000
9.812782524507863258 9.135450622428823664 0.000000000647429236 0.116082996256311091 0.000000000000000000
8.607915342086075228 9.463337601079706118 0.000000000784753708 0.333450592269526003 214375.000000000000000000
12.707159609625703567 7.895464118052421654 0.000000000437297578 0.447308382826204942 193344.379794810141902417
7.836386623084665715 9.558879694549961670 0.000000000521537038 0.468571206850276756 215590.000000000000000000
10.274887101830625369 9.126011876855812943 0.000000000737257328 0.067321973133298393 220027.000000000000000000
4.643490653146407077 12.246164618140058522 0.000000000000000000 0.450501634273572482 0.000000000000000000
2.416621155937117571 10.624064984421714541 0.000000000000000000 0.472553056916425851 0.000000000000000000
3.844731427224298059 15.127954059642048534 0.000000000000000000 0.425416110321911345 0.000000000000000000
4.340482744445936625 12.617211673263808436 0.000000000000000000 0.376292457508786704 63275.573908694910642225
4.099264133693493406 15.051967111274118238 0.000000000000000000 0.445758946341893281 0.000000000000000000
2.208261294301633093 11.306913530417050495 0.000000000000000000 0.351501192498831438 244049.000000000000000000
2.996198628857435597 13.518671594485720533 0.000000000000000000 0.125580731880155311 0.000000000000000000
0.859274533489343240 11.538057529148776581 0.000000000000000000 0.406248492142690321 235776.000000000000000000
3.505781953009157181 11.126404743003531550 0.000000000000000000 0.435950116833444978 243101.000000000000000000
0.446454857089959911 13.987502429058080722 0.000000000000000000 0.359499578970763622 238171.000000000000000000
1.046125666615527638 13.178966690691192198 0.000000000000000000 0.230253880460718097 50577.900181430195516441
2.864340150679418606 12.591340183633652927 0.000000000000000000 0.154316292344227085 220444.557389401277760044
1.074923183562910722 12.723211324643145304 0.000000000000000000 0.245164027957390507 239516.000000000000000000
4.052468312811540407 11.642756740421786432 0.000000000000000000 0.422235678425963712 243582.000000000000000000
3.591305519780009892 14.118850632769335718 0.000000000000000000 0.269539127710848481 0.000000000000000000
-5.707717971068158924 13.155097437446213959 0.000000000118368922 0.313251333990786862 450627.000000000000000000
-6.760847538633585785 13.248228039584718729 0.000000000795228617 0.270781177015237740 0.000000000000000000
-6.668978512375908885 11.638233938985047544 0.000000000875650604 0.018175486715546245 450133.000000000000000000
-6.914901723330836525 10.897721178145749477 0.000000000565457740 0.148877682510643594 0.000000000000000000
-5.429797057575361130 9.787607012673408491 0.000000000164684495 0.413520939364121487 113935.958866819782997482
-7.875884853422180143 12.352503705087272579 0.000000000155671307 0.232584128108572541 442235.000000000000000000
-5.597028937116611758 13.880097166847257029 0.000000000113695889 0.433149467491538487 446441.000000000000000000
-5.096322340437413168 9.888992912711424665 0.000000000646137828 0.436130240350206477 0.000000000000000000
-5.344364502331131028 12.230545954890455818 0.000000000885117565 0.263502297473695413 448685.000000000000000000
-8.067976308349017245 10.408790321612034546 0.000000000705489273 0.332050235653841397 0.000000000000000000
-6.400603771066268877 10.612204023843892386 0.000000000044607476 0.204640771514825265 447983.000000000000000000
-7.149120371479288139 12.611099597822901686 0.000000000820253793 0.174499649837413590 449711.000000000000000000
-7.999835763492911589 10.214219455156204219 0.000000000407926271 0.348909020927608060 260709.186993514391360804
-8.050605603639152008 12.621745628193203004 0.000000000076547408 0.284041902588849760 197431.772193730284925550
-5.978904500455770155 13.329665680529345195 0.000000000141613236 0.315384709341821723 0.000000000000000000
-13.723041534830022314 3.834792852725497525 0.000000000000000000 0.232062036463581062 0.000000000000000000
-11.689686004835317945 3.226755490596185716 0.000000000000000000 0.311860681080921576 242188.443007511610630900
-13.264825122109998645 2.136991885574332173 0.000000000000000000 0.452251537627052114 276002.000000000000000000
-10.878050537121211505 3.683522836332429495 0.000000000000000000 0.370305107098173381 0.000000000000000000
-13.095785711328334244 4.137390126869301632 0.000000000000000000 0.116179807849841263 277693.000000000000000000
-15.082931376950186930 3.984488711949055961 0.000000000000000000 0.439158131317015088 279880.000000000000000000
-15.230719047050120807 4.324916781554106748 0.000000000000000000 0.452909692516984985 283146.000000000000000000
-12.182326219452146887 6.224862017210728737 0.000000000000000000 0.285281967692374738 0.000000000000000000
-13.368512951170879788 3.961039091251029820 0.000000000000000000 0.170818869076031749 284561.000000000000000000
-12.775567597811466669 5.203803637925449976 0.000000000000000000 0.091987924859438422 0.000000000000000000
-11.659899940688868369 2.586766728233425461 0.000000000000000000 0.409953102556829152 0.000000000000000000
-13.027097729999107756 3.132978272149821386 0.000000000000000000 0.274363345264058478 277825.000000000000000000
-11.743783728421277601 2.523151069535927604 0.000000000000000000 0.413314374313679456 0.000000000000000000
-13.049422444546143751 4.311123578630828845 0.000000000000000000 0.087594202124901197 0.000000000000000000
-13.025968332842062125 4.719482772351225819 0.000000000000000000 0.056223150808388599 0.000000000000000000
-14.392712216821589521 -4.004023650670044177 0.000000000000000000 0.321409881016640808 0.000000000000000000
-12.154493801467760150 -5.389942846178226610 0.000000000000000000 0.158892242602022837 193370.000000000000000000
-12.945183835822811957 -3.754722117195686160 0.000000000000000000 0.165824231917121895 50580.655430091312155128
-13.335425183883026889 -3.943410384938284885 0.000000000000000000 0.169145485928880235 199558.000000000000000000
-15.183704658462721326 -5.327325580336723654 0.000000000000000000 0.454448986792006238 0.000000000000000000
-13.018325283284500671 -5.308589446019375657 0.000000000000000000 0.122252788553293995 198573.000000000000000000
-11.296822292811901534 -6.882642264926619013 0.000000000000000000 0.459736537671279255 0.000000000000000000
-10.859030967881022178 -4.209559219842506472 0.000000000000000000 0.340459925469412228 66526.290823090297635645
-13.822453987846740731 -2.483403206532189156 0.000000000000000000 0.429110083971413092 0.000000000000000000
-14.462881721027525117 -2.918172437489272575 0.000000000000000000 0.436233726419883339 0.000000000000000000
-10.533087999026367498 -4.393453002283423281 0.000000000000000000 0.391742002010484702 192664.000000000000000000
-11.725553371211118403 -2.183743074589337141 0.000000000000000000 0.468889387341149544 196015.000000000000000000
-14.468926508443404444 -6.291428079558402331 0.000000000000000000 0.419552971174211864 0.000000000000000000
-10.795935910206260644 -3.423160132579926351 0.000000000000000000 0.405906860540647507 127040.898923015454784036
-12.671369511480467196 -2.135573625884210180 0.000000000000000000 0.442261157165853347 141851.662064531468786299
-6.567077444015290588 -9.114704828108076029 0.000000000520094170 0.461887887153525911 0.000000000000000000
-4.486443836102384175 -12.179621301302329783 0.000000000540238362 0.408540466867169716 0.000000000000000000
-8.228217906001368931 -10.753188687661474177 0.000000000223202955 0.316515735121598807 0.000000000000000000
-5.934698253450171990 -13.630061814191186897 0.000000000507809384 0.367219236867987797 0.000000000000000000
-5.496801989088412554 -13.712000499517358776 0.000000000714146441 0.416250694672477273 0.000000000000000000
-4.588410896512816528 -12.927268619161088381 0.000000000557052250 0.438109653803913313 0.000000000000000000
-7.953253455003548744 -10.175758664016235855 0.000000000813831285 0.348891165029123096 0.000000000000000000
-8.217682103843587882 -13.468258800798009744 0.000000000429948801 0.407012248739297033 0.000000000000000000
-6.191382354679773492 -12.115074549292712547 0.000000000097592179 0.119280960362027386 0.000000000000000000
-5.483975803717546782 -9.610597803094071523 0.000000000734604989 0.434793876563095372 0.000000000000000000
-6.057581604902892991 -12.243750591969387642 0.000000000121537703 0.152043797488749577 0.000000000000000000
-7.674687660970517022 -13.004879754628106525 0.000000000347476024 0.282726016974035432 0.000000000000000000
-6.116764258221668804 -12.961563445361381497 0.000000000076592051 0.245967486714272904 0.000000000000000000
-8.524813891122706266 -11.654410400553388172 0.000000000370361599 0.319666642176748228 0.000000000000000000
-6.791326394914140252 -12.548876895500665540 0.000000000295667855 0.147324468532494091 0.000000000000000000
1.687014247208035389 -15.793531013444010114 0.000000000000000000 0.462853769296768913 426090.000000000000000000
2.239005895078839625 -11.125701838003918098 0.000000000000000000 0.383420422937390204 429657.000000000000000000
4.681528276366334396 -12.828842266145036533 0.000000000000000000 0.425823818391950382 427633.000000000000000000
0.684633879413773405 -15.084543449156106121 0.000000000000000000 0.436069917731695955 427126.000000000000000000
0.775496581632577064 -12.075811758877170732 0.000000000000000000 0.350646201275845282 0.000000000000000000
2.604198791835213633 -11.016109237917396158 0.000000000000000000 0.405365698955058418 430053.000000000000000000
3.165433583586759969 -12.548009836020620256 0.000000000000000000 0.196898323344702170 0.000000000000000000
1.478745861859469990 -12.449429051612989738 0.000000000000000000 0.212059040275790478 0.000000000000000000
1.210348955717503117 -14.560967835581937635 0.000000000000000000 0.304078991217700156 0.000000000000000000
4.248930912661667669 -13.793122283136735717 0.000000000000000000 0.353372098726155492 0.000000000000000000
3.475329563484946593 -11.971764429231319227 0.000000000000000000 0.308707286363739342 428983.000000000000000000
3.237255675221441198 -10.892557483604820234 0.000000000000000000 0.453863101432889771 421544.000000000000000000
1.810805389968613843 -11.390920523559447730 0.000000000000000000 0.348584986045715695 7031.281035897897709219
2.599312366548484299 -15.027616249152091044 0.000000000000000000 0.315315694630611154 430705.000000000000000000
1.897436179621169172 -14.425314995603914170 0.000000000000000000 0.218889696675621165 0.000000000000000000
9.409401264728877834 -9.694102595104988396 0.000000000000000000 0.234842305989725941 0.000000000000000000
10.266190767952993568 -7.454903372667796013 0.000000000000000000 0.227155287597365807 466990.000000000000000000
9.023193383316101546 -10.132924248719779925 0.000000000000000000 0.338146324739563298 0.000000000000000000
12.183931532844132661 -7.501057156567264350 0.000000000000000000 0.394277151029389095 0.000000000000000000
9.075198362312644207 -7.899604945904417974 0.000000000000000000 0.270344150143619177 472766.000000000000000000
12.069124237250901999 -7.216906487259051595 0.000000000000000000 0.408132997533110664 0.000000000000000000
12.037867250787263274 -10.790005823151178177 0.000000000000000000 0.467949271957859569 465023.000000000000000000
9.245361940422606395 -8.298954682001689065 0.000000000000000000 0.210548788603222375 0.000000000000000000
11.577548303418295106 -7.280667987554370058 0.000000000000000000 0.338431360124713032 464755.000000000000000000
12.934429956085855551 -8.180108019200577729 0.000000000000000000 0.472817926398253874 472385.000000000000000000
8.460564865142975677 -8.717504480306066839 0.000000000000000000 0.335132892564212248 73412.829448131014942192
8.315549579444391881 -7.756918096798446349 0.000000000000000000 0.400808188354036310 0.000000000000000000
10.630543136594747367 -9.494091385766596503 0.000000000000000000 0.140613026965921734 152745.437317412346601486
8.821236022092207918 -6.592272649256490702 0.000000000000000000 0.465665389101707461 0.000000000000000000
10.200701869738415084 -8.351518374609209872 0.000000000000000000 0.073873250217149702 469443.000000000000000000
13.592697807268690369 1.645017191395473644 0.000000000000000000 0.285199133725535847 142806.508393470285227522
12.905778293346184427 -2.521320290907420603 0.000000000000000000 0.451905019610220116 0.000000000000000000
13.305896936361822469 0.731821857400917763 0.000000000000000000 0.133637466462160959 0.000000000000000000
13.214170308602080084 -0.378214110064616471 0.000000000000000000 0.087740070472829002 159808.000000000000000000
12.147769937613933422 -0.947128283654446568 0.000000000000000000 0.297952160475871530 158411.000000000000000000
13.245636197977511017 -0.386034193176365947 0.000000000000000000 0.085177464612013601 160464.000000000000000000
14.000888282166613408 1.348012745244721033 0.000000000000000000 0.247360523776725127 155646.000000000000000000
11.577682104965353105 1.630141449366303563 0.000000000000000000 0.450435542536258782 154624.000000000000000000
12.226041260550234213 0.705032010707539736 0.000000000000000000 0.264493108911632357 152298.000000000000000000
12.825445102782889961 0.526408038471710693 0.000000000000000000 0.156911094149724956 83214.757613758905790746
14.252270978780359201 -0.676385934987942528 0.000000000000000000 0.172545075337255521 156534.000000000000000000
15.605386394255074123 -1.047327057685910612 0.000000000000000000 0.409930111681089504 89176.861445873510092497
11.358471841015219894 -0.426962488099142334 0.000000000000000000 0.396070728273616779 30535.439679988699936075
11.151670482485465996 1.001990231026258282 0.000000000000000000 0.460229418162628245 0.000000000000000000
11.132011610988469030 -0.597074958522998855 0.000000000000000000 0.441798197493402101 116030.566898432633024640
