-3.183220411268378847 2.471318506612441013 0.000000000000000000 0.301625850630389991 218228.000000000000000000
-0.325975774553349307 2.075843389048129595 0.000000000000000000 0.472288326700762984 124917.236846812098519877
-2.810625319942922751 2.407627877804014993 0.000000000000000000 0.281730228069793698 0.000000000000000000
-1.531263191023956693 5.545282633610821854 0.000000000000000000 0.322022738523163266 221295.000000000000000000
-3.925276490340118496 4.047718848085780863 0.000000000000000000 0.298429390540618678 0.000000000000000000
-2.682680991000770732 1.542382897538692621 0.000000000000000000 0.424812996182558522 222490.000000000000000000
-1.154628179824620515 1.697287634780557664 0.000000000000000000 0.437342436906230037 0.000000000000000000
-3.229201059415879982 3.800698899285385401 0.000000000000000000 0.173788894202165561 0.000000000000000000
-1.631128816659556113 5.008752309175061868 0.000000000000000000 0.228447765535207958 220491.000000000000000000
-1.949278168481055840 3.502585439955224977 0.000000000000000000 0.088304797052740483 30051.197074619391059969
-1.134580904564249648 5.047512964655177292 0.000000000000000000 0.287417520529270443 0.000000000000000000
-4.077582167874277630 4.335535647295296613 0.000000000000000000 0.333794199638975331 216185.000000000000000000
-2.052555989711071227 1.834803532665887138 0.000000000000000000 0.367878631335167905 222694.000000000000000000
-3.399610437723598277 6.241735862827275660 0.000000000000000000 0.465366126182779893 215766.000000000000000000
-2.563710186435161908 1.495341040252746723 0.000000000000000000 0.429879163191492608 215504.000000000000000000
-2.217372748064084576 -1.295196345058538423 0.000000000000000000 0.462162188068355184 180251.000000000000000000
-1.152524141319774431 -5.450181468087332171 0.000000000000000000 0.340671650638765033 0.000000000000000000
-1.393674496648690031 -2.776261823782296023 0.000000000000000000 0.251226155511529159 0.000000000000000000
-1.832434001638308940 -1.999112435098264751 0.000000000000000000 0.345254079039411299 179110.000000000000000000
-4.549124220543106389 -4.219452843001080922 0.000000000000000000 0.412459084400394083 172731.000000000000000000
-1.151882198508640487 -1.905090147684450397 0.000000000000000000 0.404866732074260327 178646.000000000000000000
-0.644593008231593489 -2.502584960163054983 0.000000000000000000 0.379224922692525113 15701.221995294730731985
-0.091712062636807840 -3.367455306985314589 0.000000000000000000 0.397180313893728321 179513.000000000000000000
-2.413268383406118378 -4.061907576766119909 0.000000000000000000 0.041217292796821632 0.000000000000000000
-1.516615563524930543 -5.380151668323064129 0.000000000000000000 0.296489663772061873 175137.000000000000000000
-0.959291599869894318 -1.587237669342201452 0.000000000000000000 0.471041829224389585 0.000000000000000000
-1.488184038975957524 -5.312106901887827526 0.000000000000000000 0.288072892835913419 177425.000000000000000000
-2.983452995341298042 -5.801309086888574384 0.000000000000000000 0.363963731111392352 177054.000000000000000000
-3.219978676590537159 -4.194341165807519367 0.000000000000000000 0.179761924469396095 0.000000000000000000
-0.784583610876503079 -4.538222033344893269 0.000000000000000000 0.286891003338483719 177513.000000000000000000
6.210591980796564826 -0.854042034397743177 0.000000000000000000 0.338193467441791573 0.000000000000000000
4.374167254048583864 0.620525462126260807 0.000000000000000000 0.113054057540562095 0.000000000000000000
6.615389538808733150 -0.032878454972894045 0.000000000000000000 0.374528346054148975 0.000000000000000000
4.088955102631528504 0.653519061268842183 0.000000000000000000 0.138689606261126364 46922.211951468358165585
5.150706653714914651 1.351275019723793713 0.000000000000000000 0.265441190559929985 0.000000000000000000
5.716745131801287627 1.005978849478591730 0.000000000000000000 0.278973645182988561 0.000000000000000000
5.388809705891816293 -2.205115359115476181 0.000000000000000000 0.421409548034644810 198574.000000000000000000
4.642048813704132471 -1.276705366650010776 0.000000000000000000 0.227961919553181486 0.000000000000000000
4.676129696940240166 -1.979426602595806495 0.000000000000000000 0.352826954312441377 0.000000000000000000
4.338269050941482519 -0.403819639808334907 0.000000000000000000 0.078310344813999955 195798.000000000000000000
4.914867730500835030 -0.271370068661097252 0.000000000000000000 0.086160249749352241 195998.000000000000000000
2.520566707745944157 1.158397183457029467 0.000000000000000000 0.410721279820697505 200667.000000000000000000
6.690174518005903792 -0.842616517316540747 0.000000000000000000 0.415603928836206893 0.000000000000000000
4.096831716777096233 1.979837633588108270 0.000000000000000000 0.359629745765928988 196519.000000000000000000
5.319936451440250735 -1.776917221269818103 0.000000000000000000 0.346662707855349694 0.000000000000000000
9.857325956515559540 8.755640100582557039 0.000000000889388298 0.086152968553579623 219807.000000000000000000
11.536329624735321531 8.058115213554980727 0.000000000589211676 0.244953106867209530 0.000000000000000000
8.813561237206650745 8.487029064574947768 0.000000000573257675 0.276016094763958553 217023.000000000000000000
7.920140162115863802 8.729831936715944707 0.000000000243657996 0.431407175512504570 150888.962795696599641815
10.004864837559972912 7.816187597581047974 0.000000000220946887 0.174086819739723980 214810.000000000000000000
10.867094381673993553 7.098027987061477972 0.000000000182655757 0.303919162916160057 17055.047339841748907929
12.448973306515844328 10.140504150520852633 0.000000000061258100 0.447666665512074180 223266.000000000000000000
8.317319162951649858 8.481600789071968904 0.000000000231713973 0.363647943482139857 0.000000000000000000
9.517074283948296909 8.783379864747052679 0.000000000923161405 0.146921568356251281 219609.000000000000000000
8.887944384541578202 9.218214596453934817 0.000000000367498088 0.271788153710545710 223369.000000000000000000
9.995662543831022262 8.866099820369585771 0.000000000148164450 0.064882816914922731 111125.643580215546535328
12.314336637536808183 7.258290590655656516 0.000000000151586331 0.437640313130716552 216100.000000000000000000
8.939324048526696487 9.594774929259360263 0.000000000347516648 0.290725711196306635 0.000000000000000000
12.241628977402571721 9.095508346149284051 0.000000000197396269 0.344245489352989154 221590.000000000000000000
11.484438604454112465 11.110929569476777345 0.000000000928169257 0.461051909954371231 88521.394859485488268547
1.849602087452980159 15.785496704068545881 0.000000000000000000 0.455070824740118007 0.000000000000000000
0.288933289429563034 12.925703623776264806 0.000000000000000000 0.369855633284651042 0.000000000000000000
2.045482261102817390 12.591874838925702917 0.000000000000000000 0.132390466817757957 0.000000000000000000
0.638482833960483109 13.558368627920742711 0.000000000000000000 0.306377584500229339 22382.197812745715054916
0.516513734933179314 11.526733117820644026 0.000000000000000000 0.449604642198003668 237756.000000000000000000
2.926695943109836051 13.191935669650174390 0.000000000000000000 0.106647884052742878 234938.000000000000000000
0.701443123485304576 12.037595829128054703 0.000000000000000000 0.365266214494081032 0.000000000000000000
3.120568315171177165 12.001765839765484500 0.000000000000000000 0.266738947940077353 236575.000000000000000000
0.534863930257817533 13.183985914379404036 0.000000000000000000 0.321131525111107874 242721.000000000000000000
2.697218896414230738 15.661715602986369333 0.000000000000000000 0.429527370146948750 239182.000000000000000000
2.699808825189444761 15.498300802072300542 0.000000000000000000 0.400867249602751996 235137.000000000000000000
3.679569980993194989 12.179166877222620258 0.000000000000000000 0.309250178650070817 0.000000000000000000
2.206185901863434662 12.729588060536945804 0.000000000000000000 0.100079839461338221 242337.000000000000000000
3.035266142296589198 13.803295210959099393 0.000000000000000000 0.156188020063078831 242116.000000000000000000
-0.103026347749527833 12.217195815647590607 0.000000000000000000 0.473610173415722480 0.000000000000000000
-6.370933370772244864 10.675323671056116126 0.000000000361735886 0.195650806015745693 0.000000000000000000
-4.798807192829300128 11.790916082178464208 0.000000000355681767 0.344853272446312198 449453.000000000000000000
-7.380842966645784209 13.410559559240741834 0.000000000250590575 0.320806107380192829 0.000000000000000000
-4.252678704772061558 10.962338509351509330 0.000000000210040291 0.461841135350219645 448613.000000000000000000
-7.047687533751879840 11.319272405691737760 0.000000000338255383 0.090288387029378275 0.000000000000000000
-7.472176578819351711 9.231780481311110620 0.000000000173610618 0.459140577604294664 451520.000000000000000000
-7.489548365466155211 11.382783068536070914 0.000000000277650159 0.147447101914986806 450470.000000000000000000
-8.241180100980713519 9.584359384565505735 0.000000000760555146 0.463167332309175728 0.000000000000000000
-7.970769227828465198 14.055468501628279654 0.000000000394356247 0.468305820813352203 447731.000000000000000000
-6.406501624302176623 10.833663003999816965 0.000000000270667925 0.167117110028275867 448554.000000000000000000
-7.450865705223108648 13.957462524228651191 0.000000000097351245 0.416146095938726202 451799.000000000000000000
-5.309731304123879170 11.677539347228705680 0.000000000095863180 0.253667512935798367 452001.000000000000000000
-5.561406783164211554 10.064945652187564207 0.000000000135241335 0.359752795348050491 442297.000000000000000000
-4.499082353959093616 12.525096107574430704 0.000000000767673546 0.422939581819776256 0.000000000000000000
-8.562618568638168171 13.328344004134336842 0.000000000590516486 0.432711898526272676 0.000000000000000000
-10.629857279077073784 5.008139247193710730 0.000000000000000000 0.375748260227900532 0.000000000000000000
-13.870011742689561274 3.390117436252835681 0.000000000000000000 0.304123867874882048 277670.980395657417830080
-14.953247792340638611 6.079445487308364093 0.000000000000000000 0.467128767002413348 0.000000000000000000
-13.579328135833209856 3.831192494992217590 0.000000000000000000 0.213264049428947888 281847.000000000000000000
-10.506539513905726935 3.523817419869762713 0.000000000000000000 0.441951021283624845 0.000000000000000000
-13.135101461656754296 3.880533334320174443 0.000000000000000000 0.157752699547362318 27795.574472882228292292
-12.691275062732522372 3.119166507125959331 0.000000000000000000 0.271200946401248644 278336.000000000000000000
-11.807956993141738522 5.778565493542058285 0.000000000000000000 0.250476766734604117 281453.000000000000000000
-13.800994780490805525 5.053961320620715014 0.000000000000000000 0.204569444472438106 0.000000000000000000
-11.378593427035006869 4.015309124029881716 0.000000000000000000 0.264488822008279167 279724.000000000000000000
-11.748472688000786590 4.828585426934399294 0.000000000000000000 0.173920820862537961 281102.000000000000000000
-12.089216303198609737 3.361255507435982892 0.000000000000000000 0.254882481846184838 0.000000000000000000
-14.434911231592447933 5.662115653746219834 0.000000000000000000 0.351050424028324759 279513.000000000000000000
-11.381067816320515007 6.492354633364025851 0.000000000000000000 0.395377726937153839 0.000000000000000000
-10.903518875716867953 2.750777152997111230 0.000000000000000000 0.465982073365028060 0.000000000000000000
-12.729306455258887709 -3.294993882733040280 0.000000000000000000 0.240599961748382357 0.000000000000000000
-13.241111073978203194 -5.615426480409126064 0.000000000000000000 0.187986279702003573 197238.000000000000000000
-12.800828951960278701 -5.075690812457231083 0.000000000000000000 0.070782970651184968 197636.000000000000000000
-13.001061549393126526 -6.219450475155057667 0.000000000000000000 0.272645675913126329 61658.237689732690341771
-11.104849287607020614 -4.845310510190902420 0.000000000000000000 0.288136862475203204 14197.021617055661408813
-10.802867917681105325 -5.528687076894351904 0.000000000000000000 0.371390728916372481 45873.167956118035363033
-10.491468109446136836 -3.965380514334108319 0.000000000000000000 0.415097520671894038 0.000000000000000000
-12.763328986649078445 -7.151348080301093368 0.000000000000000000 0.429988337401025378 177871.427469571499386802
-13.325711058643690876 -6.287163270443054230 0.000000000000000000 0.299938273239937325 0.000000000000000000
-10.249513175993275382 -4.983915868378089975 0.000000000000000000 0.442325417276443644 192612.000000000000000000
-14.021421610678320491 -5.639683489791007531 0.000000000000000000 0.286649210880428440 0.000000000000000000
-11.532653793734223058 -4.119983687837817321 0.000000000000000000 0.231846281377122987 196462.000000000000000000
-10.992601291131254726 -3.036562597794923324 0.000000000000000000 0.419619764851889787 198091.000000000000000000
-12.793992338438075151 -6.315919936480116625 0.000000000000000000 0.285015232260647566 73064.799409497441956773
-12.541018180887082423 -7.264214119901854616 0.000000000000000000 0.450752763443868998 201809.000000000000000000
-6.403136880149776111 -9.980327598791228993 0.000000000247006539 0.313327762482343175 0.000000000000000000
-4.876495719506307225 -11.630128055296397704 0.000000000556418080 0.331142759368194539 0.000000000000000000
-6.354708692416836335 -9.240506328750107912 0.000000000497065286 0.443907333156543904 0.000000000000000000
-6.983871656675773032 -12.755081407122771608 0.000000000306949818 0.188806446036417552 0.000000000000000000
-5.007008689302901772 -10.580374152941260490 0.000000000283138632 0.367805652083054935 0.000000000000000000
-7.049830724232073464 -14.109588888125811579 0.000000000081209350 0.426807678590515327 0.000000000000000000
-5.473138190325212094 -9.903386752998676101 0.000000000551731617 0.392231784062249178 0.000000000000000000
-5.316154330739199629 -9.882094738482944507 0.000000000261065107 0.411892146932421432 0.000000000000000000
-7.740991532826178023 -9.402893308564474140 0.000000000730696137 0.447143848871645100 0.000000000000000000
-7.713574999640994356 -14.020520838821346032 0.000000000120275615 0.442962042483332985 0.000000000000000000
-6.517258196864110786 -12.179936922407605948 0.000000000243017686 0.090225639388366474 0.000000000000000000
-4.363716359471037087 -12.306897773150227593 0.000000000433417815 0.434847319944599520 0.000000000000000000
-8.710841813335848727 -11.847836586382982205 0.000000000403181614 0.353355388540661064 0.000000000000000000
-7.457835403846604372 -14.111492781851305622 0.000000000258494973 0.442498553355155699 0.000000000000000000
-4.835190752213385679 -10.748141300366938822 0.000000000485327132 0.379393819672863619 0.000000000000000000
0.874620130451715827 -14.148273920616391663 0.000000000000000000 0.302966463698698951 429880.000000000000000000
0.089053656346830656 -13.833178913117750497 0.000000000000000000 0.412244661818964631 317360.616163302154745907
2.612386990877929804 -12.610303489274407696 0.000000000000000000 0.128595379174912511 0.000000000000000000
2.782764664371352392 -13.349349288137569047 0.000000000000000000 0.080961064561654056 429533.000000000000000000
3.828415918684045849 -14.858931898780760150 0.000000000000000000 0.387528355493848398 423281.000000000000000000
4.667327423797708263 -12.100843674510393555 0.000000000000000000 0.465409976685409621 426245.000000000000000000
1.084592005885062438 -12.549507020072887542 0.000000000000000000 0.257670710215084309 0.000000000000000000
2.519764993167918465 -13.782249672512330463 0.000000000000000000 0.095894516536231350 0.000000000000000000
3.375655330480221927 -11.961374125828054815 0.000000000000000000 0.298762799315272110 431390.000000000000000000
1.370016795113716990 -13.455439117973707397 0.000000000000000000 0.174794446670450909 423075.000000000000000000
3.370577996639792406 -11.287868401079320435 0.000000000000000000 0.399277716765227331 428858.000000000000000000
0.503507472620754570 -12.398057763441409307 0.000000000000000000 0.361897349437085236 0.000000000000000000
2.333093618021532922 -13.936212415825796285 0.000000000000000000 0.117444390248821209 422553.000000000000000000
4.422167046927918399 -14.471666597400558274 0.000000000000000000 0.428525729457454985 134472.379374722280772403
3.881233673129004025 -12.036196555556355037 0.000000000000000000 0.353179669309575672 331391.686306282004807144
12.220919214709450529 -10.280110179226731759 0.000000000000000000 0.428989625705982147 463722.000000000000000000
12.758437105385425525 -9.054608715394222074 0.000000000000000000 0.434262230000608762 41516.328080856037558988
10.160770284891794901 -11.190894915577327851 0.000000000000000000 0.429651760319282205 467901.911437497590668499
12.622212013119524343 -9.511561284870357014 0.000000000000000000 0.427978804079918562 472951.000000000000000000
10.114057550135518326 -9.609922310677770696 0.000000000000000000 0.156495422143298646 123962.793869043205631897
11.704843068455321742 -8.091493626124673710 0.000000000000000000 0.268930108714687477 0.000000000000000000
11.083764201657762882 -7.969588728194349159 0.000000000000000000 0.190086662797040701 465897.000000000000000000
10.803778582386240004 -7.198386568009250475 0.000000000000000000 0.283789231913727735 472418.000000000000000000
9.897209526404346036 -10.595931580418680440 0.000000000000000000 0.333742312978825006 472917.000000000000000000
9.031164457746498897 -10.170464874504309805 0.000000000000000000 0.341949227290421376 472754.000000000000000000
9.904641386253302926 -10.589075707783678126 0.000000000000000000 0.332257990353329924 0.000000000000000000
8.849545997015152210 -7.720700730699695313 0.000000000000000000 0.321281258321581442 272919.913325431931298226
11.377907144384387550 -9.607556867637859099 0.000000000000000000 0.238385366390978071 471800.000000000000000000
10.817496310571018014 -9.088599086578309283 0.000000000000000000 0.103865353975201496 0.000000000000000000
9.820857045026762933 -8.787904222168906543 0.000000000000000000 0.092907378288892048 470889.000000000000000000
11.655412205412657656 0.585372064537260095 0.000000000000000000 0.351201298540055218 154973.000000000000000000
11.339718529545235626 0.548650263352916445 0.000000000000000000 0.403831158277295599 0.000000000000000000
13.924629501855612546 0.879379398981589677 0.000000000000000000 0.166922403728692742 158982.000000000000000000
12.355442474197928959 -2.059945218359934049 0.000000000000000000 0.415576745085834753 151365.000000000000000000
11.880670947285361549 2.028912213927095642 0.000000000000000000 0.460460934164239832 0.000000000000000000
15.713319854851265589 0.129007102640120885 0.000000000000000000 0.387850595481815053 99543.408937775064259768
11.321565919131465705 0.814925568045904436 0.000000000000000000 0.420269801645232366 36970.353841234602441546
12.080309704155341777 0.824516617902622095 0.000000000000000000 0.297216836252741146 160122.000000000000000000
13.556027465073771765 -2.703272679644421306 0.000000000000000000 0.468436168688566357 0.000000000000000000
15.160506917690739215 -1.527410407623465360 0.000000000000000000 0.391021312689790568 154095.000000000000000000
11.990911206777861153 0.896963943960898957 0.000000000000000000 0.317277631574667263 158033.000000000000000000
13.935678074017378236 -2.010770324123536845 0.000000000000000000 0.355202022399175366 156230.000000000000000000
12.481004985371068727 0.360699382469908680 0.000000000000000000 0.199079634660234650 155413.000000000000000000
13.632903385074961022 -1.481890245180569332 0.000000000000000000 0.257285419615974953 0.000000000000000000
14.304688500985067279 -1.297465246800224570 0.000000000000000000 0.262531370705484268 154098.000000000000000000
