-4.150479397925940894 5.652027185549435728 0.000000000000000000 0.460423278339911313 170125.739995293930405751
-3.632770601886230466 3.124882992585511499 0.000000000000000000 0.280300902546772479 217279.000000000000000000
-2.859602675556322637 2.702874408726786637 0.000000000000000000 0.237017242502796627 216116.000000000000000000
-0.791222769039679030 3.934601441106531539 0.000000000000000000 0.261573919764876262 0.000000000000000000
-2.859304574778406494 3.864304919861792253 0.000000000000000000 0.107230911433071369 0.000000000000000000
-3.008151130243303939 5.525345907979200888 0.000000000000000000 0.320327549349709584 219025.000000000000000000
-2.345650408673865872 4.703712827392796392 0.000000000000000000 0.145712765468831523 217270.000000000000000000
-2.448040128674035643 2.500879488965086495 0.000000000000000000 0.249703200638817596 0.000000000000000000
-4.089034153679754091 2.893121255148481286 0.000000000000000000 0.371402819155128738 0.000000000000000000
-2.221224852875850253 4.144106964459487230 0.000000000000000000 0.045700094384311399 0.000000000000000000
-2.724218291732999564 2.190320606265647729 0.000000000000000000 0.313854623254281762 0.000000000000000000
-1.473083709775952599 3.745151712280966994 0.000000000000000000 0.142298413501846632 0.000000000000000000
-0.610294860114447446 5.086463608295824557 0.000000000000000000 0.362872466715025987 222696.000000000000000000
-1.742098241493377442 3.249934351325864501 0.000000000000000000 0.146516447630823804 0.000000000000000000
-2.861003107489163089 4.658895068009374363 0.000000000000000000 0.173997111647502201 214919.000000000000000000
-2.498239746834930219 -5.405269735063642500 0.000000000000000000 0.273162339337370830 0.000000000000000000
-0.145655017321956154 -3.009848385379762181 0.000000000000000000 0.407856079030219976 174140.000000000000000000
-2.165073981967579719 -2.148831257889117108 0.000000000000000000 0.310560794807245910 180145.000000000000000000
-1.222219037715317036 -5.043530151900204039 0.000000000000000000 0.276231421471089311 0.000000000000000000
-4.767323646048846619 -4.448305774706319049 0.000000000000000000 0.458043747414949409 0.000000000000000000
-1.958529462400671273 -6.498389479383176237 0.000000000000000000 0.467556350112552144 0.000000000000000000
-4.886500576016647557 -4.100281366373064174 0.000000000000000000 0.469881988592133315 0.000000000000000000
-3.813114726669869281 -5.668907009273184805 0.000000000000000000 0.420698629547557990 171986.000000000000000000
-0.929552300462052394 -3.959789108522106638 0.000000000000000000 0.237126393880431191 0.000000000000000000
-2.967169869642435565 -3.664515368640455684 0.000000000000000000 0.132590708222723563 177388.000000000000000000
-2.443704591670140314 -2.948436668929229842 0.000000000000000000 0.170932369728562461 173111.000000000000000000
-0.713748966487701697 -3.107261873695686738 0.000000000000000000 0.308581554802670077 0.000000000000000000
-2.285956743542818970 -6.538627526671215939 0.000000000000000000 0.471636304637378656 181391.000000000000000000
-4.151903614140185717 -5.155080349659019845 0.000000000000000000 0.405649282317744830 178138.000000000000000000
-4.782159300084914300 -3.172205483747212007 0.000000000000000000 0.467575617058312465 27890.129251291949913139
5.997487817812481303 0.561460417723784966 0.000000000000000000 0.282520902658447592 194670.000000000000000000
5.991295128981499296 1.401092663130026672 0.000000000000000000 0.362119817946204792 46811.311561237336718477
4.048793430705400098 1.181213459252626885 0.000000000000000000 0.225730273412851679 195081.000000000000000000
5.386148995783146987 -1.433646488548475206 0.000000000000000000 0.298246612172644254 0.000000000000000000
5.990819065031048218 -0.933122223072801127 0.000000000000000000 0.310943004404579393 201526.000000000000000000
5.211579991583484173 0.253530820456458805 0.000000000000000000 0.132201343398346161 0.000000000000000000
3.093697362464893352 1.925617482326086094 0.000000000000000000 0.425832387180083705 0.000000000000000000
3.972414920474364841 1.337661796708620843 0.000000000000000000 0.256613157255864255 0.000000000000000000
4.851523838320220605 -0.708337151659521491 0.000000000000000000 0.139453526820555507 200705.000000000000000000
3.156286270655419113 -0.755970325940787835 0.000000000000000000 0.276842002204715387 4223.284681197879763204
6.295678332554275336 1.236576706732193331 0.000000000000000000 0.385929439941478158 128805.615317961768596433
6.076074604154416470 -0.853465427813645761 0.000000000000000000 0.316904110392808191 0.000000000000000000
5.606157373312727898 -0.933464157900217639 0.000000000000000000 0.255616777835116493 0.000000000000000000
5.405512791532597561 -2.182633793225755348 0.000000000000000000 0.418819352661848388 196216.000000000000000000
3.846406298453763029 0.303287606822691680 0.000000000000000000 0.130660509261784297 0.000000000000000000
8.735868556354303038 10.682163680673582462 0.000000000608688766 0.444259102243463821 0.000000000000000000
8.262757541348358714 7.976795573118489635 0.000000000130808785 0.394394515053876571 220309.000000000000000000
10.185747987695936700 6.846225915536398254 0.000000000725474934 0.334683317108617095 0.000000000000000000
11.378892404162376906 7.746621461411488774 0.000000000520238286 0.254907083452354299 218257.000000000000000000
9.961151426891097671 6.072321890411347844 0.000000000472894293 0.474259006736127919 220223.000000000000000000
8.290795434740900305 8.092199877950985609 0.000000000301120855 0.383114849849911787 133052.587612276896834373
10.238309902398198048 8.021916942375163728 0.000000000601907061 0.128637201180182653 216297.000000000000000000
9.558708404647628498 10.925617933390904923 0.000000000503081464 0.406893633351313233 0.000000000000000000
9.042952389840362315 9.697544425661899226 0.000000000532716793 0.285181101134702186 185198.674598382087424397
11.475842523402322470 10.893487553074578500 0.000000000167838607 0.426534775088050655 0.000000000000000000
10.308455264031961107 7.647907983212464345 0.000000000675482668 0.192994187743437323 125123.270999240616220050
10.212265078159727949 7.906352684449092116 0.000000000542947971 0.149373865295127417 0.000000000000000000
11.571774599101663838 10.242465149394366364 0.000000000660106353 0.341390590385210246 218877.000000000000000000
9.749478822487747109 8.923217662289669505 0.000000000306498165 0.109762640044706303 0.000000000000000000
9.257209022504484963 8.215189489422733971 0.000000000139519231 0.214587075400448107 0.000000000000000000
0.256280267230057368 12.004888719967906852 0.000000000000000000 0.434158132266381613 0.000000000000000000
1.852795815144855363 10.723355425707751465 0.000000000000000000 0.462760669964926596 241289.000000000000000000
3.560762941733937925 14.395021746584358624 0.000000000000000000 0.295622947120261548 0.000000000000000000
1.414095137682984671 11.045545454251552542 0.000000000000000000 0.429919437538349380 236863.000000000000000000
1.474737268961849646 11.435343863771885609 0.000000000000000000 0.361998474094003375 243964.000000000000000000
0.287306556125761059 14.914434037654736187 0.000000000000000000 0.467130522244293023 234748.000000000000000000
1.114938313959860094 11.039142719765919765 0.000000000000000000 0.453968062742874101 234576.000000000000000000
3.540653511522364738 13.710079329987809871 0.000000000000000000 0.228414016900203409 236554.000000000000000000
2.147987233605615387 15.780959254988024654 0.000000000000000000 0.447181957178537370 34810.974853180377976969
4.004689321264150337 13.128465498179267001 0.000000000000000000 0.298861372689450289 241125.000000000000000000
1.621062883916041475 11.838204641011575546 0.000000000000000000 0.286025022094047732 237347.000000000000000000
1.588363405841145104 13.808883571101954857 0.000000000000000000 0.163286554688595126 0.000000000000000000
1.259793067215699613 14.571153095753468065 0.000000000000000000 0.299739159867435268 194715.594831578287994489
3.748002116504984382 15.251206172092382829 0.000000000000000000 0.432363449586552318 236613.000000000000000000
0.280415905135579457 14.705894972967085366 0.000000000000000000 0.445884558651653884 240986.000000000000000000
-8.758895901050349764 10.954516999403516309 0.000000000534532994 0.385561813689864918 448978.000000000000000000
-5.334571715441743578 10.366344843330237424 0.000000000035470815 0.345699210344974528 0.000000000000000000
-8.121794936717428470 10.652788817185319559 0.000000000346324204 0.311136014281311657 0.000000000000000000
-8.136100790553637552 13.727385997956286445 0.000000000043438496 0.434283174553173279 75923.086229365537292324
-7.882420806290210358 10.546099146390151446 0.000000000613297748 0.291512123604497908 445010.000000000000000000
-8.819586819456446847 11.460973830452564570 0.000000000065731343 0.374769015628728441 0.000000000000000000
-8.103460565997599119 10.078101706347146305 0.000000000188413559 0.379174871212136888 445346.000000000000000000
-7.594868886563546084 12.993160523594351474 0.000000000291437072 0.272816787928621962 445681.000000000000000000
-7.311213302335719533 12.391793718318107054 0.000000000065866432 0.157554854683412571 449899.000000000000000000
-8.603881386577167945 11.005592528832638166 0.000000000522306053 0.356538498940061177 443307.000000000000000000
-5.213461259605221443 13.648907534839965550 0.000000000255699966 0.436275445415283236 445007.000000000000000000
-7.340043984631832608 9.643815680921493438 0.000000000597889541 0.382645262755069104 0.000000000000000000
-7.440410399105736872 10.325444317572825881 0.000000000303761531 0.276845836375018861 450907.000000000000000000
-9.217092968333025382 11.166224610832042430 0.000000000569462024 0.453435949319609510 0.000000000000000000
-4.589613599356952456 12.513319181295342375 0.000000000348206264 0.407063632894099414 450753.000000000000000000
-11.339311102436376189 3.657498954464540208 0.000000000000000000 0.302740678958405729 53762.191862640298495535
-10.262593928626131401 4.566055859558666441 0.000000000000000000 0.437211710322810310 276536.000000000000000000
-11.795249730579717706 6.216660120796238864 0.000000000000000000 0.313907187633888085 0.000000000000000000
-11.955288041409380284 4.523195675446666897 0.000000000000000000 0.137767908471856743 280392.000000000000000000
-14.269875121068507084 2.688741586391017346 0.000000000000000000 0.442658057583008857 0.000000000000000000
-14.417037887894993631 3.069524394946606893 0.000000000000000000 0.412287168297375883 202755.118743256432935596
-13.686854402694534016 4.926792760755741796 0.000000000000000000 0.178844517141413972 0.000000000000000000
-11.747778583907292571 5.620211456828064556 0.000000000000000000 0.237724508337628843 284061.000000000000000000
-13.282442553018247722 3.110631791921825595 0.000000000000000000 0.290631449252223839 285554.000000000000000000
-10.120233823994357891 4.976913081940871564 0.000000000000000000 0.465065258834354789 0.000000000000000000
-11.859066124663948827 4.053374813198494131 0.000000000000000000 0.187174032674368274 277682.000000000000000000
-11.693977048645251671 6.728272273175725182 0.000000000000000000 0.400621253745791828 279945.000000000000000000
-12.725765177878125556 5.721731319870398735 0.000000000000000000 0.181391191292600923 283539.000000000000000000
-14.413371177016125912 5.464050060392330543 0.000000000000000000 0.332233634099055652 33177.791727324256498832
-13.070185592093158888 3.329097769030981535 0.000000000000000000 0.242980317785370187 280792.000000000000000000
-13.668020597566425067 -2.946686268747319648 0.000000000000000000 0.345420402007709904 0.000000000000000000
-13.275632242196540034 -4.894807898152847336 0.000000000000000000 0.107077746748879585 195900.000000000000000000
-13.030208402563454584 -5.425801734189183989 0.000000000000000000 0.141614706761574199 0.000000000000000000
-14.824764920033993931 -5.101001218447223096 0.000000000000000000 0.383444074925357203 195113.000000000000000000
-12.095224425991860429 -4.517796677652536452 0.000000000000000000 0.113642266974085457 196899.000000000000000000
-14.080955222446636554 -4.472879133145633901 0.000000000000000000 0.246427039617844956 201661.000000000000000000
-14.238582630121889849 -4.378879238909608063 0.000000000000000000 0.276846858737164803 0.000000000000000000
-13.029276250190422459 -2.250232137539782240 0.000000000000000000 0.425713467052260930 201145.000000000000000000
-10.383822193101991616 -4.701341132397182321 0.000000000000000000 0.415185419857766358 198905.000000000000000000
-11.461782746159299151 -6.624219335940024322 0.000000000000000000 0.405864737075680271 0.000000000000000000
-11.171039312215102157 -6.498132129181375838 0.000000000000000000 0.419775357814877736 196016.000000000000000000
-11.629851703943684171 -2.881656378897616388 0.000000000000000000 0.367842532429543512 0.000000000000000000
-10.850620364121564165 -3.624799049366779879 0.000000000000000000 0.379490311203688091 168014.763701178104383871
-14.909257281630695857 -3.794086447776286786 0.000000000000000000 0.420335933547374696 51024.452059464900230523
-11.043577260917155414 -6.467746538031082792 0.000000000000000000 0.431189542471397291 201655.000000000000000000
-6.002705564755403067 -13.798223802004123684 0.000000000887685572 0.390626024890446344 0.000000000000000000
-8.381279017271952014 -11.105238018515215970 0.000000000806060915 0.313228534907401324 0.000000000000000000
-6.788444270148461968 -11.275925528253090135 0.000000000399898004 0.078993425916200830 0.000000000000000000
-4.273292690991651099 -12.691104506923469586 0.000000000771436982 0.470977252500420052 0.000000000000000000
-8.240257740967045663 -10.552242355738254531 0.000000000228454891 0.338681229411881835 0.000000000000000000
-6.871463162547363446 -11.663129437419051726 0.000000000084239466 0.026662792876271286 0.000000000000000000
-6.183655212782643851 -10.243537146396537452 0.000000000218697736 0.278945960605555709 0.000000000000000000
-7.830823437570603396 -12.460129382854056246 0.000000000758270773 0.235614003874286937 0.000000000000000000
-7.614471996047520008 -12.217208703558135596 0.000000000643687818 0.180252373331233839 0.000000000000000000
-7.587169234774701287 -13.049081380686621046 0.000000000711692531 0.280294646259110158 0.000000000000000000
-5.296581733051914043 -13.694271732157050181 0.000000000674985177 0.433687403510518321 0.000000000000000000
-5.556847720406072000 -12.744696430322989045 0.000000000008867270 0.277410504765267463 0.000000000000000000
-6.055933719439353879 -12.675135277849285842 0.000000000021385334 0.207940878424216657 0.000000000000000000
-7.214422103497767580 -10.860630601372339044 0.000000000542209467 0.174422594538834519 0.000000000000000000
-8.444237526367651014 -13.043757270811624949 0.000000000635664586 0.384557702846727301 0.000000000000000000
2.479199747111088481 -14.329724016779914919 0.000000000000000000 0.189278366987722352 0.000000000000000000
1.263990036382687032 -14.781092024687604081 0.000000000000000000 0.328937798713526131 0.000000000000000000
4.889978608315514563 -12.760399499671949641 0.000000000000000000 0.464611777130709669 0.000000000000000000
1.081447336543310600 -13.966919740953617435 0.000000000000000000 0.254911037938858498 0.000000000000000000
2.946048321931149072 -15.773367763385564899 0.000000000000000000 0.457633473877864350 430530.000000000000000000
2.627602061182336524 -13.099316356267282302 0.000000000000000000 0.061070940335372872 426771.000000000000000000
3.854617150648660395 -13.500437922154439718 0.000000000000000000 0.273859582915835786 429100.000000000000000000
0.108055182540942901 -13.147441061839558074 0.000000000000000000 0.397429727263070853 431258.000000000000000000
0.560541732312939911 -14.784477884118572888 0.000000000000000000 0.414827922882296030 423143.000000000000000000
2.315853081498245203 -13.333412091515945974 0.000000000000000000 0.010620999811953415 429960.000000000000000000
4.240117205734553529 -12.247757002349477062 0.000000000000000000 0.385840033646324299 423094.000000000000000000
0.165357509062282304 -12.090942160396227933 0.000000000000000000 0.440505417628455020 0.000000000000000000
1.222723573186507595 -14.294387246832762628 0.000000000000000000 0.268541347045548939 0.000000000000000000
2.898892018107074531 -13.599323444218402557 0.000000000000000000 0.115858749859283156 0.000000000000000000
0.871285149505351186 -12.684411811393875524 0.000000000000000000 0.281293077150247706 430768.000000000000000000
11.512154723311567750 -9.238216636780226310 0.000000000000000000 0.225764096849911750 465914.000000000000000000
11.879153978345627252 -9.125452358005743392 0.000000000000000000 0.282074405550125307 232704.943396817136090249
12.016189091239967368 -10.715954462268284075 0.000000000000000000 0.455618391748257912 0.000000000000000000
12.496780346499273051 -8.992311638708480714 0.000000000000000000 0.386681424934661788 464986.000000000000000000
11.819210841209018881 -7.786473204364171785 0.000000000000000000 0.312643038568270804 467665.000000000000000000
8.933586867020979483 -8.317273773460746256 0.000000000000000000 0.261958633240223837 0.000000000000000000
11.162428219005599672 -9.014955446408555062 0.000000000000000000 0.153769157196256057 472264.000000000000000000
10.586646719490223845 -6.847344950498228222 0.000000000000000000 0.336009218945502341 287706.231662005768157542
11.035644569512921720 -10.170922907344275288 0.000000000000000000 0.278320623873460349 463514.000000000000000000
10.370873677580492611 -7.590203146800862832 0.000000000000000000 0.203079482357251623 467623.000000000000000000
9.541009592836482867 -6.922655942100383264 0.000000000000000000 0.350715201616735139 0.000000000000000000
8.968584321971579953 -8.103814028972198713 0.000000000000000000 0.269472833330710537 0.000000000000000000
10.462370723935068284 -6.471860471636313505 0.000000000000000000 0.399607670216735211 463831.000000000000000000
8.505774896938463669 -8.913409046768796529 0.000000000000000000 0.328323754684131830 463932.000000000000000000
9.595736313702406761 -6.889256495046947038 0.000000000000000000 0.352265162609921967 471150.000000000000000000
13.437391754841907954 -1.444497732207359997 0.000000000000000000 0.251069259903740405 102138.425074125218088739
12.649532611498038648 -0.437925041290596562 0.000000000000000000 0.176177348662054173 0.000000000000000000
15.791963382998332577 0.987999560841813840 0.000000000000000000 0.435892940268434392 63766.191590824113518465
13.937302486973774052 -1.094555080564503902 0.000000000000000000 0.202264519140571142 152900.000000000000000000
12.977198512399445107 2.058876879546979843 0.000000000000000000 0.371078987125188831 94392.205211399457766674
15.334081636850816821 0.053922541475762427 0.000000000000000000 0.319752234896199583 152644.000000000000000000
13.138703741626047261 1.528078523325942850 0.000000000000000000 0.274571169189877451 154050.606868656410370022
14.589762147852223251 0.871233233968685683 0.000000000000000000 0.240083990025384691 151470.000000000000000000
13.104229550729730391 -2.516402809739944235 0.000000000000000000 0.443351278782023572 0.000000000000000000
12.304851751218773614 -2.077958220913586729 0.000000000000000000 0.422930847556148293 0.000000000000000000
13.514969196376458882 1.099001127573487002 0.000000000000000000 0.190528625289316994 39650.530941953526053112
11.935853565484061178 0.702641177492340896 0.000000000000000000 0.311118932460653863 0.000000000000000000
13.193263179020927822 1.690291267542221920 0.000000000000000000 0.299622128479069549 154606.000000000000000000
15.406847528870990516 -1.279375101612257648 0.000000000000000000 0.399202112021082411 87663.718300324835581705
14.107005429899000859 2.077098412746594569 0.000000000000000000 0.373402968283954750 159577.000000000000000000
