-3.607812713102917623 2.603732239655180081 0.000000000000000000 0.332084115606946506 0.000000000000000000
-3.997399827911999548 5.044360516868524158 0.000000000000000000 0.371826235395412097 215974.000000000000000000
-2.328688806945790724 4.106278223982885223 0.000000000000000000 0.040481291598989305 0.000000000000000000
-2.584573653011059680 4.398886189314415773 0.000000000000000000 0.107651757376931403 218985.000000000000000000
-2.664801538831328642 2.588666549327324429 0.000000000000000000 0.242814610140408671 217104.000000000000000000
-0.756237886931725667 4.915520160819369266 0.000000000000000000 0.324071619253521293 214485.000000000000000000
-4.510233461803816901 5.229002310512496088 0.000000000000000000 0.466683834176523482 217746.000000000000000000
-2.883477808170283652 6.356912543151466366 0.000000000000000000 0.453073977731796917 215930.000000000000000000
-3.027040650479530193 5.244133094771036063 0.000000000000000000 0.277271425338347088 214901.000000000000000000
-0.104307421704836090 3.803767352026862891 0.000000000000000000 0.384172493498341761 0.000000000000000000
-2.159637117643651738 1.709469037355142662 0.000000000000000000 0.388749870634497618 0.000000000000000000
-3.364794543001147886 5.386398398734062454 0.000000000000000000 0.331401619977498063 215317.000000000000000000
-0.888799815065898446 2.940237422080740348 0.000000000000000000 0.296995115378308250 103407.236832637019688264
-2.913569034743790365 4.480764827992627986 0.000000000000000000 0.157160726732473888 214134.000000000000000000
-0.568956543722760610 4.286543949591226976 0.000000000000000000 0.309234000007523935 214359.000000000000000000
-2.222190223511063767 -5.515749810302923883 0.000000000000000000 0.289563321029757570 0.000000000000000000
-2.640836403965317825 -5.037595670503518974 0.000000000000000000 0.215392062245259558 131692.042228440841427073
-1.999159918556576265 -4.121655879126890909 0.000000000000000000 0.061898901019897257 0.000000000000000000
-0.154769676707536274 -4.205299185087596037 0.000000000000000000 0.379052165498511506 172838.000000000000000000
-1.586603494611477316 -5.816321996205414457 0.000000000000000000 0.363358863077361038 0.000000000000000000
-0.782621649187496438 -5.709442502344436399 0.000000000000000000 0.417364093816896820 172490.000000000000000000
-1.640258551210486804 -4.745304814928966053 0.000000000000000000 0.187964389327003295 179385.000000000000000000
-0.852160851502325789 -3.341694585152890085 0.000000000000000000 0.268970737919637770 177649.000000000000000000
-4.023684456947447252 -4.679721198104035196 0.000000000000000000 0.344586181136861236 0.000000000000000000
-0.850194108937256443 -4.242555013098252559 0.000000000000000000 0.258677091969957584 0.000000000000000000
-3.447567721298955945 -6.034739484484485494 0.000000000000000000 0.436611111779158123 2096.220430015271631419
-3.608264563744372655 -2.601878027732213994 0.000000000000000000 0.332369925494343410 179203.000000000000000000
-1.919027347089318214 -4.723580032952907182 0.000000000000000000 0.160273955047025296 8447.622653537911901367
-0.338970134032635595 -5.726157643962330290 0.000000000000000000 0.473257110040952333 0.000000000000000000
-4.097361281469610539 -2.047527575160032587 0.000000000000000000 0.463596772805904556 181191.000000000000000000
2.525754233874533128 1.423518629397353852 0.000000000000000000 0.435532945414790873 197067.000000000000000000
5.137027556835072950 0.025370334976592222 0.000000000000000000 0.111101906699905731 131639.247165186563506722
6.476852969010479022 0.011177880606007143 0.000000000000000000 0.349800851153597825 0.000000000000000000
5.156748551598777652 -1.669912556932184433 0.000000000000000000 0.317903199372648881 0.000000000000000000
6.494082148012182643 1.718204454105298540 0.000000000000000000 0.466257504182703175 199361.000000000000000000
4.000034254765750141 0.570428840416173033 0.000000000000000000 0.136664013020380365 0.000000000000000000
7.097414630818435377 -0.330233264705467544 0.000000000000000000 0.464082908710938213 14200.774458298436002224
4.628459726063029578 -0.912629068489874906 0.000000000000000000 0.163415816895324945 0.000000000000000000
3.588326025535457209 1.912841714334556409 0.000000000000000000 0.377971431364050314 185200.419415040872991085
3.764756927010504128 0.640021069750193683 0.000000000000000000 0.175458222256127089 193573.000000000000000000
3.781185079486599765 0.741525256193482418 0.000000000000000000 0.185587845739930202 0.000000000000000000
6.989338705771539040 -0.337548076439386446 0.000000000000000000 0.445159328798481746 196939.000000000000000000
6.107554165775224142 0.597515901514747427 0.000000000000000000 0.303130401833663521 195307.000000000000000000
5.563087120586119205 1.877395941953611924 0.000000000000000000 0.382139374309408419 197307.000000000000000000
5.038274168289723853 0.454201507327075316 0.000000000000000000 0.123423233142695432 36992.118838868082093541
12.061470953435318165 6.779725516421015286 0.000000000420300852 0.460965319424298914 216632.000000000000000000
12.624076419524028481 9.179576733661633625 0.000000000033498890 0.413925580567226170 0.000000000000000000
9.042059326407020592 8.834692567578214195 0.000000000052440657 0.231955580721359772 220556.000000000000000000
9.400264048981362919 7.322802279915504364 0.000000000436512713 0.301200440478947173 220648.000000000000000000
10.030834702610075482 8.277980163893278842 0.000000000171149711 0.099236213557977029 73759.717495004413649440
8.749490384638667351 7.259890654802358512 0.000000000209671888 0.385783753061014700 221308.000000000000000000
9.270088543062874109 11.230921448831427512 0.000000000598086227 0.475968073397405267 216136.000000000000000000
10.621973210974775981 7.024121898101618910 0.000000000505968121 0.306270293829409290 219825.000000000000000000
9.974843996851998185 8.320397290877020069 0.000000000424972816 0.099391554055789880 220329.000000000000000000
9.420794997574031271 11.007620854826175361 0.000000000000530712 0.429293228659416437 0.000000000000000000
10.350501416304732416 8.257919146686811374 0.000000000537309283 0.085951573967571096 20573.399315171678608749
11.997773631973570829 10.282909614916611929 0.000000000636338161 0.399095957173728699 220252.000000000000000000
12.394720607903131793 7.159010459370136026 0.000000000521858087 0.459481076573141634 216525.000000000000000000
11.554909136850335827 10.744576694381876791 0.000000000008331385 0.410987705874172049 218389.000000000000000000
7.850109400605706611 8.453047938574409059 0.000000000805193568 0.446897589638615089 0.000000000000000000
1.391546674521828342 12.625708362534687978 0.000000000000000000 0.204163466679755906 239992.000000000000000000
4.079166218651638864 11.484184549986487411 0.000000000000000000 0.445437893575189647 0.000000000000000000
2.785362585619722608 13.868560218305042042 0.000000000000000000 0.132537642925088822 0.000000000000000000
2.429335821621214642 15.894529754688832668 0.000000000000000000 0.466428553732923024 239364.000000000000000000
2.325028633337947070 14.640352693449319332 0.000000000000000000 0.242839641749556939 236055.000000000000000000
2.758634651074571398 15.787549160652698532 0.000000000000000000 0.453369336607928108 243875.000000000000000000
4.272542591010091151 12.477062871374165809 0.000000000000000000 0.373575786625715722 237326.000000000000000000
2.501400157540433433 15.587007891002532034 0.000000000000000000 0.412439545752420755 234415.000000000000000000
3.316195845312892576 15.582828680055760273 0.000000000000000000 0.446215268091437911 234224.000000000000000000
4.286363225008533284 15.052999284205712982 0.000000000000000000 0.469978034960341240 237089.000000000000000000
3.972428873640947877 11.797796282690352854 0.000000000000000000 0.393040470532313113 240518.000000000000000000
4.179371643820631199 12.708352366809821277 0.000000000000000000 0.344021944776818245 0.000000000000000000
0.225005818442603783 14.316966799251980902 0.000000000000000000 0.419118599911544487 236399.000000000000000000
0.725401443264445112 14.523299878193581591 0.000000000000000000 0.362685763220774560 236137.000000000000000000
3.424958415757675123 13.918460299760312182 0.000000000000000000 0.225456313918021206 0.000000000000000000
-6.400996946551027911 9.528711758116561015 0.000000000404576138 0.392208552723381232 450104.000000000000000000
-7.046227660194094966 10.866366752006577201 0.000000000229233925 0.160847773969326757 260327.598006933199940249
-6.503756047822544240 9.686743942926510087 0.000000000876835617 0.362023538946109003 442586.000000000000000000
-5.255096079936017794 12.078129959266911797 0.000000000369564389 0.270900098915529464 449752.000000000000000000
-7.953810440661921000 10.919510785004943543 0.000000000844236442 0.259512141263323393 418172.846794693265110254
-6.976625207070020984 11.728082064187228539 0.000000000769643921 0.043562903371613691 444188.000000000000000000
-6.212876478916522949 11.182407504563810718 0.000000000030444377 0.132637631752681340 355294.875115762813948095
-6.784677176494236406 11.060028677425551180 0.000000000554065062 0.116944436306055721 0.000000000000000000
-6.989210430032328780 9.909916425616458469 0.000000000057738619 0.323314165560319167 446219.000000000000000000
-7.022704242437754374 11.561588751047919388 0.000000000278000253 0.058734485433659576 444192.000000000000000000
-4.687662117729051836 11.600305619489166276 0.000000000307524212 0.365024741447178169 444199.000000000000000000
-7.834941547985415866 10.307301377373878637 0.000000000450284365 0.317600333429142456 449902.000000000000000000
-5.793546282600763320 12.494863468374623139 0.000000000909122403 0.216593959246611512 0.000000000000000000
-5.274700063157775176 12.620117524346985860 0.000000000846465212 0.305005457887835618 443718.000000000000000000
-7.537490116783033933 13.802721532723237985 0.000000000103517155 0.395503322094948040 450855.000000000000000000
-12.513645481656682890 6.703360874716882023 0.000000000000000000 0.353982414160920411 276453.000000000000000000
-11.115412918577256107 3.840130955182740280 0.000000000000000000 0.320131601773362140 0.000000000000000000
-13.641127116632372207 3.146349934071570598 0.000000000000000000 0.313188600824106211 285155.000000000000000000
-11.007725477512572354 4.195422498610348327 0.000000000000000000 0.315445011949679943 0.000000000000000000
-13.150049876879233324 3.372734411536324028 0.000000000000000000 0.239874215417993419 277077.000000000000000000
-11.124632228630344954 5.832357713086405049 0.000000000000000000 0.347346030508673187 160395.648619793879333884
-13.141111238421993690 3.934379348220963912 0.000000000000000000 0.150136597072857425 276096.000000000000000000
-14.246628898870378421 3.932084413602833450 0.000000000000000000 0.302441271314151772 0.000000000000000000
-14.116003645513954368 5.713368865090448168 0.000000000000000000 0.307774152948864677 279725.000000000000000000
-12.075926990460949639 4.005184497985482039 0.000000000000000000 0.163237377084493374 278193.000000000000000000
-12.860641934457444080 5.816128228423509405 0.000000000000000000 0.199479384525835773 278551.000000000000000000
-12.787624954584403625 5.245615940649185127 0.000000000000000000 0.099469926825971916 0.000000000000000000
-11.322020753119137026 4.457961926970951616 0.000000000000000000 0.250925638919499872 0.000000000000000000
-13.142357746227377291 4.917468932717516061 0.000000000000000000 0.087048181213114362 279280.000000000000000000
-14.062643887493923245 6.697334547575072961 0.000000000000000000 0.424725934824535967 0.000000000000000000
-10.092047646436334674 -4.460487089693870644 0.000000000000000000 0.468711311315099743 0.000000000000000000
-11.710357988496154391 -6.177059585626551552 0.000000000000000000 0.316371438162306395 200779.000000000000000000
-12.702093481953088627 -5.607954350182841274 0.000000000000000000 0.161613289557701878 0.000000000000000000
-14.503439501428294633 -3.698644370364682743 0.000000000000000000 0.361479520091054884 0.000000000000000000
-11.911815878555785275 -6.578776763671635663 0.000000000000000000 0.360407337195458366 198628.000000000000000000
-13.709030468458980323 -5.793672509909330692 0.000000000000000000 0.262601243650652294 148081.778304546809522435
-14.650156658240675256 -3.123814201542322255 0.000000000000000000 0.437853433756152322 195536.000000000000000000
-11.722029866213151905 -5.981014714509470309 0.000000000000000000 0.287551993676907092 0.000000000000000000
-14.773551075248976261 -3.627082634450374599 0.000000000000000000 0.409921561426049463 0.000000000000000000
-11.603723429731457983 -5.149618940437292736 0.000000000000000000 0.214102687392943414 39161.823589211009675637
-13.224905296887097705 -2.309081187329026452 0.000000000000000000 0.421569467074769333 198519.000000000000000000
-12.316197022886401058 -2.292786423032841636 0.000000000000000000 0.421134917441729206 199447.000000000000000000
-13.944422768298661452 -2.371076852155029613 0.000000000000000000 0.456444534605283669 0.000000000000000000
-11.991853633680999991 -5.056616687747792049 0.000000000000000000 0.144433695376694149 0.000000000000000000
-11.558920464700713993 -5.897828599410364525 0.000000000000000000 0.295743434459154464 197643.000000000000000000
-8.082701584491889690 -11.800868424070662499 0.000000000849822614 0.241109796009403937 0.000000000000000000
-8.869911899675354761 -10.684618744809707636 0.000000000218623505 0.422447864645979998 0.000000000000000000
-7.854750497013208488 -10.048354896815451909 0.000000000236659034 0.356655256503107365 0.000000000000000000
-5.622468441648890369 -9.850267054647524390 0.000000000567773234 0.385647666700171921 0.000000000000000000
-5.078619311804438041 -10.018071620034014302 0.000000000173302604 0.421599172900521568 0.000000000000000000
-7.902242390278447104 -10.044312697905011689 0.000000000448082501 0.362040689431723184 0.000000000000000000
-6.268814039685604911 -13.006238750482411959 0.000000000432773940 0.242524866177216830 0.000000000000000000
-7.406070167347287736 -11.933945352766299308 0.000000000826004006 0.125968846514164678 0.000000000000000000
-5.259604146118501689 -10.373040714232171666 0.000000000030977056 0.354658866879262791 0.000000000000000000
-6.582687403464110076 -11.148409239793590331 0.000000000527143847 0.104417292109162368 0.000000000000000000
-7.263515083202475964 -13.752872066396108153 0.000000000038103815 0.372093909943163936 0.000000000000000000
-5.398854814731764762 -12.593922964298347011 0.000000000000128712 0.283820186617949888 0.000000000000000000
-7.712809426446606054 -14.002505353025620494 0.000000000784704442 0.439984085893603605 0.000000000000000000
-9.113827153583546448 -11.195396621757518929 0.000000000777259003 0.434362259495811309 0.000000000000000000
-8.816870120663168109 -13.142871880605248691 0.000000000173820624 0.448617134634084314 0.000000000000000000
1.620356418590375602 -11.038064506121161301 0.000000000000000000 0.418532901193768958 0.000000000000000000
4.788869545916180748 -12.496419194486385607 0.000000000000000000 0.458916644298648424 0.000000000000000000
1.229769060796593871 -12.721185595897603449 0.000000000000000000 0.220338532342678250 0.000000000000000000
2.933809011759966001 -14.157182121998967972 0.000000000000000000 0.189704300210811749 0.000000000000000000
1.646334200412305604 -12.839178511167906649 0.000000000000000000 0.145294207306315870 0.000000000000000000
4.105171592562946614 -14.987190603807739819 0.000000000000000000 0.438425519011292120 0.000000000000000000
0.203625492376692280 -13.493565238086585367 0.000000000000000000 0.381692177222181517 424236.000000000000000000
0.999165451554462680 -14.999474059937506709 0.000000000000000000 0.388331631156679513 0.000000000000000000
1.481705292277702313 -12.795709029926566558 0.000000000000000000 0.174454810498013979 0.000000000000000000
1.826758753875788788 -13.667026340182433231 0.000000000000000000 0.114092904054068592 427538.000000000000000000
3.603254206312019647 -14.524373885185655197 0.000000000000000000 0.316942427474111721 111068.184778144466690719
3.198237111451727621 -12.816550689305017841 0.000000000000000000 0.174405676496436512 429857.000000000000000000
3.151762554997506349 -12.236482367979228059 0.000000000000000000 0.235620283486959237 428939.000000000000000000
0.953420110961157530 -12.410074926663092754 0.000000000000000000 0.290529503016062673 422457.000000000000000000
3.795727649072245580 -13.969736091140481093 0.000000000000000000 0.288178744357775796 0.000000000000000000
9.476584767496275319 -11.080501941336040161 0.000000000000000000 0.437516170469534171 472028.000000000000000000
12.043282296899549877 -9.240772515272659859 0.000000000000000000 0.315486430225238756 0.000000000000000000
10.372800036575231530 -6.498813780076452495 0.000000000000000000 0.394391453734018571 0.000000000000000000
8.671688606871573057 -8.950235419840348428 0.000000000000000000 0.299581113402221488 316635.075088310230057687
8.093146586499756268 -10.084017487343391650 0.000000000000000000 0.464415101504763339 470714.000000000000000000
10.382952176697289204 -8.927642283588090422 0.000000000000000000 0.032393385840376133 465037.000000000000000000
9.657220669900221210 -10.427237096791298399 0.000000000000000000 0.318935065452319810 395997.264844902383629233
8.187689549393585509 -8.277977175270374133 0.000000000000000000 0.392522297705113155 469191.000000000000000000
9.173962195672389797 -11.016801157100456265 0.000000000000000000 0.449494983935680492 463480.000000000000000000
10.797738651436105783 -6.131288008324163208 0.000000000000000000 0.465644204868416012 0.000000000000000000
8.478169022804898702 -9.821322473708901768 0.000000000000000000 0.381843391735148918 472211.000000000000000000
11.043625816880730639 -7.919281122551529606 0.000000000000000000 0.191758647602688792 468938.000000000000000000
12.042312271457019435 -7.549067227839517003 0.000000000000000000 0.368702353750399614 472966.000000000000000000
7.972061773501363469 -8.036567649389581902 0.000000000000000000 0.440306134671452631 468320.000000000000000000
10.747212286133862591 -9.305780631035156958 0.000000000000000000 0.121686467292225126 0.000000000000000000
13.432374400374310852 0.666734742440321493 0.000000000000000000 0.117188708618113757 155219.000000000000000000
13.748880785591897080 0.627079891884561147 0.000000000000000000 0.114771467638856858 159702.000000000000000000
14.631833141068222304 -1.959961914713453934 0.000000000000000000 0.390671553191530074 155067.000000000000000000
13.750041842163636119 0.069609350860037403 0.000000000000000000 0.039152759142130573 0.000000000000000000
15.788792850454054673 -0.171150449779336217 0.000000000000000000 0.401749031302020665 151445.000000000000000000
13.238749834732209010 -0.358978362287632857 0.000000000000000000 0.082340602373825969 0.000000000000000000
13.505962847464694221 0.772296131879887215 0.000000000000000000 0.133999543002256222 0.000000000000000000
12.054943203466303103 -1.561532375628073455 0.000000000000000000 0.379258761698935354 160503.000000000000000000
14.582393422566504171 -2.065850547043241114 0.000000000000000000 0.402545808747167333 153429.000000000000000000
15.076795630611112387 -1.431712699407267531 0.000000000000000000 0.368898946210270973 0.000000000000000000
15.225076303050538939 -0.563350811792031503 0.000000000000000000 0.315551558984394409 0.000000000000000000
11.540088518574586729 1.575264183053016520 0.000000000000000000 0.449793332417347758 0.000000000000000000
13.668346836692151669 -2.401041164588515464 0.000000000000000000 0.416587444451300304 0.000000000000000000
12.387363410080984849 -1.710968653342606061 0.000000000000000000 0.361410763903594778 0.000000000000000000
14.672040834908564477 -2.257999810290084675 0.000000000000000000 0.439320964562662064 0.000000000000000000
