-1.917327138735550607 1.418059911615657587 0.000000000000000000 0.444443676644757923 222630.000000000000000000
-3.742292002846877352 1.703538418403153898 0.000000000000000000 0.470511003669465799 0.000000000000000000
-2.879541906434318399 4.344726269188703860 0.000000000000000000 0.137159642702949502 216443.000000000000000000
-2.073757411262799888 1.711143391482296217 0.000000000000000000 0.389455144035805723 21053.377841637277015252
-4.524219068107776742 3.590412563050229267 0.000000000000000000 0.407346822539891906 218915.000000000000000000
-3.715679688019074778 3.992749183870806018 0.000000000000000000 0.260397704443136147 214734.000000000000000000
-3.414427449134972647 3.216057221915785913 0.000000000000000000 0.238460129271143073 0.000000000000000000
-2.827130644732248399 2.744558350233884170 0.000000000000000000 0.227790660561283109 23412.579148413115035510
-3.352819662288565539 2.441722049133398631 0.000000000000000000 0.323320141858904564 0.000000000000000000
-3.518405963746058962 3.356982836752089749 0.000000000000000000 0.243827996126733809 0.000000000000000000
-2.023833283456381693 5.983929926565821233 0.000000000000000000 0.375214987309699877 0.000000000000000000
-2.477760601908205018 2.629512812677440081 0.000000000000000000 0.227877520501348796 94150.377052769588772207
-4.369580720123712680 2.657453503585460730 0.000000000000000000 0.435525069573719836 0.000000000000000000
-3.776958208872082778 4.476268922728092292 0.000000000000000000 0.290078421079572102 219084.000000000000000000
-0.547053642643843929 5.377588710982612596 0.000000000000000000 0.404002386184250439 215476.000000000000000000
-3.721929107060224506 -3.588694799643992184 0.000000000000000000 0.266331893884161008 0.000000000000000000
-2.891469403352675105 -4.152083083012795939 0.000000000000000000 0.122117931397351082 175936.000000000000000000
-3.645761035910384251 -3.292157216050205282 0.000000000000000000 0.269229131483273432 0.000000000000000000
-0.463224554460101690 -2.453737476381492311 0.000000000000000000 0.409664927074245844 0.000000000000000000
-4.039960916138394253 -3.948142215218813256 0.000000000000000000 0.317714934569465479 0.000000000000000000
-2.924242594907020543 -3.154580926028390131 0.000000000000000000 0.176760223463676758 0.000000000000000000
-0.389476190078981543 -2.261096270824393351 0.000000000000000000 0.441755253306278239 0.000000000000000000
-3.969409513957773861 -4.988550945721038410 0.000000000000000000 0.362227135119533472 175108.000000000000000000
-0.274269195947665800 -4.473558698859490868 0.000000000000000000 0.368535980714048361 0.000000000000000000
-0.445927606814998934 -5.604729084262259242 0.000000000000000000 0.444538905000044282 0.000000000000000000
-1.845575779687376627 -4.361423134184352790 0.000000000000000000 0.111596844934939668 176035.000000000000000000
-3.213530119383249506 -5.960027981575756861 0.000000000000000000 0.405888447235802696 0.000000000000000000
-1.133329080751894757 -3.807617665520470762 0.000000000000000000 0.201024214002529816 175060.000000000000000000
-4.519184192927143684 -3.617578745554078878 0.000000000000000000 0.405851779515104982 83378.369882297483854927
-3.360022893234609676 -5.907951610522255592 0.000000000000000000 0.409333770791506513 179405.000000000000000000
5.419106393180742387 0.190407216264592810 0.000000000000000000 0.164790811625006028 194837.000000000000000000
3.834962328548341848 -1.390577449021710432 0.000000000000000000 0.275230423880937991 197389.000000000000000000
6.534903263539354690 -0.067676628783919196 0.000000000000000000 0.360340044643374990 0.000000000000000000
5.849529669087169204 -0.597666902318720217 0.000000000000000000 0.260568556384863925 0.000000000000000000
5.127590872850783299 1.072345794940883446 0.000000000000000000 0.219595923983335967 61366.577386503035086207
4.353634666208510140 -2.311993807890784680 0.000000000000000000 0.411801648665755249 200915.000000000000000000
4.338014928022002614 -0.555243288155045422 0.000000000000000000 0.103543152182850193 0.000000000000000000
5.879760659196064054 0.526488703691862070 0.000000000000000000 0.260707505269762718 193324.000000000000000000
4.706006221945184365 0.977039547108320194 0.000000000000000000 0.176910073732556516 197764.000000000000000000
6.859467714644318370 -0.134505797104876090 0.000000000000000000 0.418656714640764260 143800.306629193568369374
3.759093406959034489 0.502873754578811671 0.000000000000000000 0.161565056132638663 79563.607859815529081970
4.591130399127187012 1.750949215688510030 0.000000000000000000 0.311380407223463274 0.000000000000000000
5.580235106191644867 0.587108693946991278 0.000000000000000000 0.216714829857073632 0.000000000000000000
6.594195550503465064 -0.998962042012246032 0.000000000000000000 0.410870875790828483 198768.000000000000000000
2.860850293215646545 -0.159920521596454035 0.000000000000000000 0.296035196117961197 0.000000000000000000
10.586179219838792065 7.286267608411703733 0.000000000606751760 0.259921281855013786 215179.000000000000000000
11.406143572485401450 11.161171964225440334 0.000000000007431883 0.463109224386471396 173718.585362781101139262
9.748223381643670749 7.249133546594678457 0.000000000499541466 0.283459370725148319 0.000000000000000000
8.244367406018481503 8.042398824401619351 0.000000000347465640 0.393686960187656199 0.000000000000000000
11.729110097592073458 10.131928718060555283 0.000000000125414890 0.346219012640656909 0.000000000000000000
11.569999769933478007 10.139555345713667123 0.000000000890350439 0.327590701824499064 0.000000000000000000
9.074482872384651344 6.524077657044422551 0.000000000561775195 0.451167815499695313 0.000000000000000000
9.142089289898366999 10.274035939656776861 0.000000000501074063 0.342775162385336229 0.000000000000000000
11.002427926256599378 9.726965928289615704 0.000000000123884947 0.208140037092259395 222543.000000000000000000
11.755148143841843478 10.943750451480365626 0.000000000309547100 0.459447533110717010 216961.000000000000000000
10.716475132238887369 8.449000275967161855 0.000000000118473840 0.085054906084188767 0.000000000000000000
8.227302581247826652 8.112111500098849959 0.000000000397506054 0.392911070865952172 0.000000000000000000
8.647735273431568004 8.865804625132946981 0.000000000281938235 0.302443180135265055 223095.000000000000000000
11.838654999319810912 9.967183845638801998 0.000000000122621559 0.341719144878561143 96970.054050738530349918
10.801329115327883201 6.810309020197768071 0.000000000859912619 0.349297176222161332 220002.000000000000000000
-0.099682963973695859 13.991534560477075999 0.000000000000000000 0.452083256656105492 85033.226832392247160897
1.731285588824097443 14.568833281340104691 0.000000000000000000 0.254002246047632163 236005.000000000000000000
1.198168601169103953 13.405142903619189809 0.000000000000000000 0.203785891184024015 0.000000000000000000
3.604828955610463570 14.976695429052179875 0.000000000000000000 0.377898503885413073 210962.515009180642664433
2.605683413357134715 10.802251117210518672 0.000000000000000000 0.443218783283762852 0.000000000000000000
1.229714800203009162 11.323520029738860515 0.000000000000000000 0.399752547335751329 0.000000000000000000
2.524223939183749099 11.456604491344728913 0.000000000000000000 0.325853504711741015 240181.000000000000000000
3.138054469887461728 14.322097550966743640 0.000000000000000000 0.234843692619210398 217451.545505224930820987
2.516159347635974264 14.546336802110698017 0.000000000000000000 0.228387313345402576 239260.000000000000000000
1.763823184081308337 15.857464979448211650 0.000000000000000000 0.470732880039360757 238237.000000000000000000
3.683800567535624904 11.099426016681263718 0.000000000000000000 0.456042192536194158 65278.398759693998727016
3.615676361630682845 12.212391538583540651 0.000000000000000000 0.296703359136708367 240737.000000000000000000
1.351336880439133692 11.417076234867858275 0.000000000000000000 0.374720755472123190 238141.000000000000000000
0.992475486384984507 14.660023438817219699 0.000000000000000000 0.343389695997989575 157318.691317263321252540
0.953547623255037169 11.382800265674310580 0.000000000000000000 0.417586324953327037 77841.244793267265777104
-7.443320625152014536 10.558360058573255102 0.000000000042804535 0.241185410997885707 450848.000000000000000000
-8.540384467924177159 12.822813402635830471 0.000000000540430040 0.376664198825261476 444833.000000000000000000
-7.031833246546862703 14.380614501780572212 0.000000000389607177 0.474007765684052451 132805.461177775054238737
-9.054566673325469495 10.391198707211364294 0.000000000547932033 0.475589753744306898 0.000000000000000000
-6.532201888675041701 9.659599452101305772 0.000000000153136411 0.366259626348468981 124139.610800959198968485
-6.874959788213507395 12.156296139254699540 0.000000000157902705 0.081519485781120740 0.000000000000000000
-5.259268440270245648 13.648428796848193656 0.000000000072045996 0.431180262636632172 102636.756224888667929918
-4.741131592280084739 13.037170271794904508 0.000000000724319083 0.424975975523697314 425814.954034035792574286
-6.126181728757248202 13.117171839863473792 0.000000000881321158 0.270233186238112655 101440.342924932061578147
-5.712851028394418940 9.304908258929639686 0.000000000730362865 0.464630447468788621 450417.000000000000000000
-6.566100291858782967 11.046380017442832155 0.000000000123781710 0.122650073174017674 223005.334289693535538390
-8.810905549412398230 11.264059391546384248 0.000000000794557144 0.379045817605287882 445145.000000000000000000
-7.164965009151083031 12.285374251102638254 0.000000000216476889 0.126486242333464949 447795.000000000000000000
-6.867124761002665778 10.725220301052015515 0.000000000843036477 0.177448834397939015 0.000000000000000000
-7.446244201766739401 11.550925363078686559 0.000000000213316056 0.130646579244917016 220833.372374191560084000
-14.759108274986743936 3.979669883153236665 0.000000000000000000 0.384258034675113991 283732.000000000000000000
-11.514421958812366853 2.351415470773484895 0.000000000000000000 0.458384404949315316 0.000000000000000000
-11.859250501718834769 2.269256117698850161 0.000000000000000000 0.446348970108565002 279753.000000000000000000
-10.832652973639827820 5.904593223136068936 0.000000000000000000 0.397614636445424663 285285.000000000000000000
-13.037662594716817210 5.363409250201251588 0.000000000000000000 0.132318833063321262 0.000000000000000000
-12.683220892894956577 2.404929835680134964 0.000000000000000000 0.395396297774855465 282032.000000000000000000
-10.686297673746995684 5.330991821246075624 0.000000000000000000 0.378777237896253116 278598.000000000000000000
-11.020703616449853968 3.593620051879053978 0.000000000000000000 0.356110885576398584 280368.000000000000000000
-14.729684601151765477 6.458595563826898811 0.000000000000000000 0.473481536790508473 275962.000000000000000000
-11.427631937034238518 4.541048655751937169 0.000000000000000000 0.230386772249468519 0.000000000000000000
-12.283408396575760335 3.874598359846737949 0.000000000000000000 0.159516961183351152 279090.000000000000000000
-12.531060752401259606 4.501653163730818363 0.000000000000000000 0.044727840950599278 284451.000000000000000000
-12.843915322558771663 4.546023987869895144 0.000000000000000000 0.032790388617524237 0.000000000000000000
-13.772604528056698214 4.343355420708957304 0.000000000000000000 0.197622685676629467 222932.797937506198650226
-11.249644451076857621 3.843243256789335316 0.000000000000000000 0.298767422480004374 276750.000000000000000000
-13.722235592806514504 -3.053146653040756053 0.000000000000000000 0.334539339195910834 200784.000000000000000000
-12.581539778561923626 -5.611379624580258962 0.000000000000000000 0.163921088473274301 196685.000000000000000000
-14.287607373376893349 -3.625348904222635227 0.000000000000000000 0.334808803334757543 0.000000000000000000
-14.787115287249946505 -4.337523924503921435 0.000000000000000000 0.374384647291062578 195455.000000000000000000
-13.041097859342226428 -3.391932369236632550 0.000000000000000000 0.231108286997292856 0.000000000000000000
-13.260727758059324799 -4.103577210471092584 0.000000000000000000 0.139666286268554013 0.000000000000000000
-12.489723405686200763 -3.431173787155271437 0.000000000000000000 0.220628707667483825 200774.000000000000000000
-11.986711246942919118 -6.091826466167041154 0.000000000000000000 0.278058107215039652 0.000000000000000000
-11.466580325444963862 -6.847423680331742091 0.000000000000000000 0.438443676836341001 200548.000000000000000000
-12.435877712057557432 -4.029373336261055982 0.000000000000000000 0.123293194024191727 199532.000000000000000000
-13.045138444514392972 -4.363526122416011788 0.000000000000000000 0.080633001521439304 0.000000000000000000
-12.910769680678436444 -5.428902761205576688 0.000000000000000000 0.135089872282200235 198510.000000000000000000
-12.458737613823320345 -6.171195737533136771 0.000000000000000000 0.263589020914989147 196100.000000000000000000
-14.357351131131364852 -5.829385178573430082 0.000000000000000000 0.354501156778653792 192915.000000000000000000
-13.559008804183935837 -3.442073622199540939 0.000000000000000000 0.262320606158667091 2174.865232085832303710
-8.213708660650826943 -11.952461794321941113 0.000000000027106304 0.267233776854973903 0.000000000000000000
-5.403583660715219672 -13.681372307525244025 0.000000000086202216 0.420799465401051065 0.000000000000000000
-5.618769843345509329 -12.193708198115587038 0.000000000678851463 0.215598282834909810 0.000000000000000000
-4.526570720351615229 -10.749677290159525000 0.000000000324373055 0.429039137736749954 0.000000000000000000
-6.816566650952284867 -9.963344593660194093 0.000000000862842331 0.311022577098876152 0.000000000000000000
-8.394409790946955496 -13.121460161769153530 0.000000000679379092 0.386221258617647278 0.000000000000000000
-5.532066618655393953 -12.952475955389415319 0.000000000455151471 0.305895493789954842 0.000000000000000000
-5.490619315763415109 -12.736300592736006010 0.000000000670221513 0.285494075919855317 0.000000000000000000
-5.692814972766019999 -13.463455514854302919 0.000000000580479659 0.360411322924779509 0.000000000000000000
-5.538131013948187409 -11.435532146640676743 0.000000000473177344 0.218689279368705941 0.000000000000000000
-5.507017715438198735 -12.056602966834983448 0.000000000562933545 0.226465259315777712 0.000000000000000000
-6.506705322267835712 -13.097528322716266658 0.000000000055850966 0.247416383445623916 0.000000000000000000
-7.270647731694361404 -10.652073522217603951 0.000000000502590079 0.211669091154339017 0.000000000000000000
-6.705540527707581688 -10.038226006773546928 0.000000000219470715 0.297481297065344374 0.000000000000000000
-6.802457867629866151 -12.396181067119133701 0.000000000804004791 0.120570396305208744 0.000000000000000000
4.518492555920006204 -13.270327051290575326 0.000000000000000000 0.389257242666495029 378545.184364686137996614
0.970986910331820052 -13.570203862072304446 0.000000000000000000 0.248546365434451855 428989.000000000000000000
1.324263551775012093 -14.482623296029570881 0.000000000000000000 0.280268187734661833 422046.000000000000000000
0.187581824395487484 -14.421769605535313730 0.000000000000000000 0.433574568325397092 424328.000000000000000000
-0.039374161743162467 -13.400726114269231104 0.000000000000000000 0.423608047607229476 0.000000000000000000
3.534080362968433420 -12.361940106226239067 0.000000000000000000 0.268756817429023853 426165.000000000000000000
4.270998006904905608 -11.932316666203968580 0.000000000000000000 0.419919983740895952 425277.000000000000000000
0.333194381993085709 -14.953610370388751960 0.000000000000000000 0.465222440387811076 422308.000000000000000000
3.495671085709975312 -13.158791596652047673 0.000000000000000000 0.208041528718808266 423443.000000000000000000
2.107655287815645373 -13.460015967492667599 0.000000000000000000 0.051943643779070937 423370.000000000000000000
2.848406118237623019 -11.587209520781581062 0.000000000000000000 0.314441805858202417 422652.000000000000000000
0.208730504004532302 -12.825766086504783559 0.000000000000000000 0.387247411634611238 0.000000000000000000
3.286275491996056619 -13.103005350363380543 0.000000000000000000 0.172455928440424205 423616.000000000000000000
-0.168921955088406073 -13.064757512192256783 0.000000000000000000 0.447709670091310130 0.000000000000000000
3.573033225474848251 -14.091033577699437984 0.000000000000000000 0.264090438728851185 0.000000000000000000
11.780382547521021763 -10.717337332575658237 0.000000000000000000 0.429556900479628134 466015.000000000000000000
9.850552999849114144 -7.662850229577100158 0.000000000000000000 0.209501601998146492 464726.000000000000000000
10.301574452765549950 -10.418093523960717306 0.000000000000000000 0.292947938467853053 0.000000000000000000
11.058220264640562291 -9.990572054265141944 0.000000000000000000 0.252438935639413553 470442.000000000000000000
11.587981328211547805 -6.362397520776574389 0.000000000000000000 0.472930454631081854 471089.000000000000000000
8.062662586949910448 -8.977014584270280650 0.000000000000000000 0.407992707494939100 34935.484022421682311688
10.666164027809710291 -9.292126810031072992 0.000000000000000000 0.111635743417939443 463865.000000000000000000
11.084397297268845151 -9.592554872326703119 0.000000000000000000 0.198637647243038173 0.000000000000000000
11.984343256035350223 -8.572729419743337687 0.000000000000000000 0.294587224919532153 0.000000000000000000
9.234780904981683136 -9.060363256148054489 0.000000000000000000 0.204599459665473604 24356.050735992299451027
10.584991079490839283 -6.087246406858668024 0.000000000000000000 0.468366788086084618 467062.000000000000000000
8.862169928948276265 -10.095493367830947307 0.000000000000000000 0.354276793691360004 467078.000000000000000000
8.008199679142537164 -7.542128488810697640 0.000000000000000000 0.466700445996346358 210597.259933651512255892
9.090247115324990190 -8.029983322299369064 0.000000000000000000 0.256085379590423046 470163.000000000000000000
8.750158416448272192 -8.661051956881555824 0.000000000000000000 0.283890826503680249 0.000000000000000000
14.655881936273722488 0.846498969558050152 0.000000000000000000 0.246797983126524012 159736.000000000000000000
13.885613814550671563 -1.502730606798992952 0.000000000000000000 0.267384240058696487 152125.000000000000000000
13.159234631355715806 -0.653198683365216026 0.000000000000000000 0.132168508903958953 159692.000000000000000000
14.784085542412817915 1.700008398214041483 0.000000000000000000 0.367994913345156160 154111.000000000000000000
15.689198019550037344 -0.458965178462096557 0.000000000000000000 0.391008286296915086 62362.281274306638806593
14.846215788015740600 -0.111369364552802025 0.000000000000000000 0.233449234737934108 151691.000000000000000000
12.128516011212701287 -1.716796564894628618 0.000000000000000000 0.390400130049032901 154366.000000000000000000
13.346448264481745483 0.415085316055741560 0.000000000000000000 0.079893389058605269 0.000000000000000000
14.025039971705565378 -1.205755535736334760 0.000000000000000000 0.225871194221371252 154830.000000000000000000
13.465610961977823479 -2.536956602756196499 0.000000000000000000 0.439903567956283603 152332.000000000000000000
12.486328497841245877 -1.564714552745663623 0.000000000000000000 0.330442524051886233 0.000000000000000000
11.010216300113663479 0.070177195035123124 0.000000000000000000 0.451265186106337757 158268.000000000000000000
13.343805283815822094 0.644985875180231316 0.000000000000000000 0.117225133485921409 0.000000000000000000
14.264862640747912437 -2.619732437967330352 0.000000000000000000 0.471269460032298138 0.000000000000000000
11.831066262432544889 -0.576440116900397204 0.000000000000000000 0.320868967437442532 0.000000000000000000
