-2.592945105657864957 5.933498945596468843 0.000000000000000000 0.368688331646385536 0.000000000000000000
-1.545867364979812919 4.368205487375552032 0.000000000000000000 0.152870964781802482 221250.000000000000000000
-2.352213317947140059 2.429840789256173750 0.000000000000000000 0.260598140685785185 222140.000000000000000000
-4.003670208634073191 2.848634089281941062 0.000000000000000000 0.362103462030925860 218289.000000000000000000
-1.547058043027586649 4.011192252978965200 0.000000000000000000 0.128569012655336240 221473.000000000000000000
-2.723555973175562972 1.577642389977843562 0.000000000000000000 0.420008696051627828 0.000000000000000000
-1.777720879620152461 2.636912413909060504 0.000000000000000000 0.239089027781804297 218768.000000000000000000
-3.704200457311634942 5.685313365209744063 0.000000000000000000 0.410458189963802789 219074.000000000000000000
-3.269288178952479917 6.132997146310601444 0.000000000000000000 0.438009936183628157 160634.886036753014195710
-0.850666939976410075 2.038359983831756317 0.000000000000000000 0.414432005301584638 402.848811813739473564
-2.687305336508350795 3.127498765860984964 0.000000000000000000 0.155858310242689035 152626.821746414760127664
-1.042906951521475722 6.148258097583301662 0.000000000000000000 0.456843219363786579 20042.843320453037449624
-3.557022637339455340 5.875127944886173736 0.000000000000000000 0.422359154943100279 106430.896171399494051002
-2.634652179439144426 6.529607200465174621 0.000000000000000000 0.474708190623044091 0.000000000000000000
-3.423226698008713154 2.561722183547109566 0.000000000000000000 0.314686235169207684 214898.000000000000000000
-3.331528393436783642 -1.723553971864952183 0.000000000000000000 0.430490887671040823 171963.000000000000000000
-2.594746605420105379 -5.032172241948308589 0.000000000000000000 0.212011007695060955 175986.000000000000000000
-4.138063914204313853 -2.934950785852498800 0.000000000000000000 0.375674215190682836 178813.000000000000000000
-3.069611627548535449 -2.352295938174828294 0.000000000000000000 0.309631739014993856 0.000000000000000000
-4.030469392632157088 -2.401479963217094671 0.000000000000000000 0.412227068535329089 0.000000000000000000
-1.659935659831743848 -2.915303676694898538 0.000000000000000000 0.203773247320907791 177274.000000000000000000
-3.735733508307668149 -1.700962594346885570 0.000000000000000000 0.470235843299750877 0.000000000000000000
-4.233000908272012808 -5.398716484108520675 0.000000000000000000 0.442600927922339571 178624.000000000000000000
-4.048150442974999486 -5.495324777874679434 0.000000000000000000 0.428174630063092643 36937.468045120127499104
-1.917813152618721872 -1.369179770645036598 0.000000000000000000 0.453055413091516535 0.000000000000000000
-0.466580811135676177 -4.999007599913133149 0.000000000000000000 0.375471244805482773 178815.000000000000000000
-0.658939148022323118 -5.039999954114611214 0.000000000000000000 0.350998312861924455 176531.000000000000000000
-1.384426490312375524 -3.687831066521190859 0.000000000000000000 0.159851595916528144 0.000000000000000000
-4.348328655777523366 -5.058125566749726687 0.000000000000000000 0.426527170717917625 179866.000000000000000000
-3.011408922062035032 -2.807487124057819194 0.000000000000000000 0.234896559768217217 172005.000000000000000000
4.980122518912245333 1.378790696400045590 0.000000000000000000 0.258592060824301195 0.000000000000000000
5.164067728873192209 -2.429848162467040940 0.000000000000000000 0.446766086089471381 0.000000000000000000
3.475495168548300651 1.614039712670268578 0.000000000000000000 0.341485221260535265 198406.000000000000000000
5.315490656582629647 -2.187809991686378908 0.000000000000000000 0.413889707256916761 199546.000000000000000000
3.537433324167025717 -0.467898747572018880 0.000000000000000000 0.192940988521491996 193301.000000000000000000
6.395290398114483743 -1.692528725813772228 0.000000000000000000 0.450049220290151819 0.000000000000000000
3.569836771938472264 -0.269101487295096198 0.000000000000000000 0.174979464492720421 193515.000000000000000000
5.996713876906697216 1.250575590536713522 0.000000000000000000 0.345066126946732332 193989.000000000000000000
5.469272452267105677 -0.182655191831804814 0.000000000000000000 0.173288238317644672 0.000000000000000000
3.498350885505113084 1.741611657718556749 0.000000000000000000 0.358674777351683793 198427.000000000000000000
2.196192534987888578 0.207430591350692917 0.000000000000000000 0.414750881692726392 195486.000000000000000000
6.544050834238339220 -1.694483452527870471 0.000000000000000000 0.470323050750278693 0.000000000000000000
6.736852236393954030 0.365075988230153914 0.000000000000000000 0.401383132957723321 194084.000000000000000000
6.117608101953448951 -0.444611776972419936 0.000000000000000000 0.296464660621099663 0.000000000000000000
6.487724631742072035 -1.801582455332616295 0.000000000000000000 0.475217040590007689 197762.000000000000000000
9.566736901399579551 10.497124311510839689 0.000000000429788367 0.336623195717260904 219464.000000000000000000
12.357294321129318249 8.385610488199509049 0.000000000296521992 0.364993623378016774 217153.000000000000000000
8.010662313900663634 9.290483540399552709 0.000000000222184858 0.426090377530725650 0.000000000000000000
9.654276089667863658 7.449124869532893101 0.000000000147964530 0.258740320757450126 214311.000000000000000000
9.789863808413954871 6.406886083410416433 0.000000000701717888 0.422398561865683531 218872.000000000000000000
9.420990696965702682 6.926011873608909575 0.000000000766229434 0.359464450111723455 0.000000000000000000
8.722152510734009212 7.446498677341764960 0.000000000449422513 0.368159710797877904 0.000000000000000000
10.445353753060629742 9.890284839021630248 0.000000000357564247 0.201137903531297541 0.000000000000000000
11.550472827044865554 8.283104941680839772 0.000000000123021491 0.230490994035518482 219180.000000000000000000
9.798716863339201666 9.982566817425794881 0.000000000736677321 0.237218716397257889 222755.000000000000000000
11.353357176279653018 8.819076137502142032 0.000000000026134875 0.180950832318129862 133562.690134087140904739
10.661634415021932654 9.331243422897308903 0.000000000889037864 0.117150480638598495 218157.000000000000000000
9.647276350995680261 10.482538778949550107 0.000000000229347238 0.328593053096776277 219145.000000000000000000
12.495394838053023534 8.089923079367089542 0.000000000738460688 0.400906232945566265 217133.000000000000000000
10.116438738310312928 7.639634191200215696 0.000000000830634370 0.198481603233740644 222908.000000000000000000
1.804563438741834558 10.920938771387763921 0.000000000000000000 0.430050006159978349 0.000000000000000000
3.733283987539888660 13.934746812104508606 0.000000000000000000 0.275459377935162564 241431.000000000000000000
2.694622249723963581 15.351778049139259252 0.000000000000000000 0.374995414980961062 0.000000000000000000
1.473873310177571838 15.220114341858174356 0.000000000000000000 0.378601454472391907 0.000000000000000000
1.427026757789572553 14.066002802925449799 0.000000000000000000 0.214281345389824657 0.000000000000000000
1.746074526379234104 11.928770049555994959 0.000000000000000000 0.261978490503735006 243856.000000000000000000
0.588871488441601421 12.699869562820389035 0.000000000000000000 0.327616249269728987 0.000000000000000000
2.302700990612568610 12.340305575291603546 0.000000000000000000 0.166853884870558883 0.000000000000000000
4.508990914997512256 14.760606790749307038 0.000000000000000000 0.468902244167304361 0.000000000000000000
0.359040075664239844 13.687219945984429259 0.000000000000000000 0.359553933260909342 0.000000000000000000
1.209804227398563192 11.226001334037070123 0.000000000000000000 0.416652765426107241 0.000000000000000000
2.702490079609177975 14.828065521619771872 0.000000000000000000 0.283905445402447998 0.000000000000000000
2.996550626101698978 12.924842842554966182 0.000000000000000000 0.133619777166003345 187218.935187347000464797
1.085232942263285150 14.009993333674088944 0.000000000000000000 0.258117114876495690 0.000000000000000000
0.101733666075729201 12.519827704660997370 0.000000000000000000 0.420115004132488201 235282.000000000000000000
-8.625481775143089891 12.567512400056743971 0.000000000392394363 0.369214106895259908 445327.000000000000000000
-5.404244578791555398 13.739856708351771530 0.000000000763895477 0.429339622932145726 0.000000000000000000
-7.716300016239850734 10.712109991177619861 0.000000000927372525 0.249852720663779004 0.000000000000000000
-4.517953213336697083 13.175242271753178969 0.000000000075510199 0.471677168847800810 332261.133258271787781268
-7.518226120417518032 11.271570350260411431 0.000000000685974688 0.160840231141608142 403869.780462410417385399
-7.903705751418600656 11.995297776965053060 0.000000000032147006 0.214421356494973597 445776.000000000000000000
-9.244968248997409432 11.501552765909302423 0.000000000320715330 0.449435766636521072 444577.000000000000000000
-8.983468486916155626 10.545956837405155326 0.000000000671636369 0.451457689216723468 0.000000000000000000
-6.469997161507955674 13.504603526691896676 0.000000000431635038 0.319639602766454589 450441.000000000000000000
-7.671237993687547885 10.249093084538660747 0.000000000270803365 0.309064322067826525 0.000000000000000000
-6.564394297663383782 11.430751741400172250 0.000000000617737848 0.059112551389246627 451019.000000000000000000
-4.576005099188124703 10.593954561052658647 0.000000000363672982 0.432984873827899408 447596.000000000000000000
-7.273714417662903386 14.046965134885972759 0.000000000528060965 0.423011919520134894 0.000000000000000000
-4.884774260323159645 12.458110591351653440 0.000000000688105322 0.354434057165731620 0.000000000000000000
-5.119766459119287738 11.254559509128336359 0.000000000492301436 0.298958554021513168 0.000000000000000000
-13.858987803010075268 6.066117427584872601 0.000000000000000000 0.315686764330436409 78551.131437684045522474
-13.939966289689103007 6.901624061624194617 0.000000000000000000 0.443257035941597710 277552.000000000000000000
-11.197479126108511593 5.728218433927137809 0.000000000000000000 0.326311930866538202 277870.000000000000000000
-11.159097046364184536 6.749983621063106121 0.000000000000000000 0.455171818975400932 0.000000000000000000
-11.768429172404946570 4.529925589210257009 0.000000000000000000 0.170371116273359519 222064.282986932113999501
-10.412302130165240754 4.313476208554398283 0.000000000000000000 0.415017092063582782 196369.484526327345520258
-13.099095165396688500 5.723729950885481088 0.000000000000000000 0.194189066945849087 281920.000000000000000000
-12.781559809181219478 6.427039148418428383 0.000000000000000000 0.304219207863506869 280484.000000000000000000
-14.945042823739237647 5.219308200870462322 0.000000000000000000 0.408700894249126589 284562.000000000000000000
-15.152207483280399458 3.921617065990808282 0.000000000000000000 0.454057321432180638 0.000000000000000000
-14.176377112723569596 2.653409594853544107 0.000000000000000000 0.437362431386826789 280455.000000000000000000
-11.475360731656044422 4.158250230839233730 0.000000000000000000 0.238541910463775098 0.000000000000000000
-11.026300561940292511 2.949710561609351078 0.000000000000000000 0.425827661853788175 276389.000000000000000000
-12.260387193058583932 3.726131991777784425 0.000000000000000000 0.184367870728674416 0.000000000000000000
-10.285305834948726300 5.572656229886583823 0.000000000000000000 0.460024541928464537 281112.000000000000000000
-12.529245584307352246 -6.474624111343998401 0.000000000000000000 0.314114103996172622 0.000000000000000000
-12.963845931443062298 -5.792771387758685719 0.000000000000000000 0.198730117757627250 199743.000000000000000000
-15.209417529366625388 -4.572336188934783330 0.000000000000000000 0.445343087888522393 198742.000000000000000000
-11.661186960934083245 -6.839563119663502277 0.000000000000000000 0.420583958976413708 199312.000000000000000000
-12.303931716853428568 -6.437890214139939893 0.000000000000000000 0.314710596956602195 201520.000000000000000000
-14.860191571183579029 -3.403412654418818573 0.000000000000000000 0.441808589133318219 196768.000000000000000000
-14.594143374111656186 -4.569775348185928010 0.000000000000000000 0.335833427573704268 199971.000000000000000000
-11.159136736720329353 -5.357093976271448454 0.000000000000000000 0.301200588924207424 192600.000000000000000000
-13.021548548170200021 -5.707850729388401767 0.000000000000000000 0.187119700455387838 0.000000000000000000
-12.238589021666752998 -2.387307188139816905 0.000000000000000000 0.407635330023537357 199020.000000000000000000
-12.363933518313771742 -3.174879910621702717 0.000000000000000000 0.268951438722970726 29087.041994984312623274
-12.949890082102260891 -2.806405142773531036 0.000000000000000000 0.328113778817112456 0.000000000000000000
-11.873942577664459819 -4.448967733876039610 0.000000000000000000 0.154838139863270413 0.000000000000000000
-11.577465899523673443 -4.022646117654874232 0.000000000000000000 0.232472785822725930 97196.762390274278004654
-12.005903311209678463 -3.924211569883906403 0.000000000000000000 0.182061519227280699 201827.000000000000000000
-8.542530249563677458 -10.157745725758648092 0.000000000184306731 0.424373544147041593 0.000000000000000000
-5.916445296496196882 -11.389107356148773675 0.000000000443185789 0.156709790693362605 0.000000000000000000
-5.139769166747238494 -13.685754391729554769 0.000000000328475470 0.449604133626036573 0.000000000000000000
-4.336881050571661511 -12.337825119696935516 0.000000000383448943 0.440825652760652276 0.000000000000000000
-8.050534738733217566 -11.908310480715442736 0.000000000691411784 0.237318071786563500 0.000000000000000000
-6.471917574590723810 -10.729111124426866652 0.000000000556484937 0.181245180826572039 0.000000000000000000
-7.107805089471378679 -9.576208384914449923 0.000000000682292342 0.384912173492881093 0.000000000000000000
-8.412493675690470241 -12.425095271735841607 0.000000000004782693 0.324415116440579909 0.000000000000000000
-7.539197286931973885 -10.580160392869208508 0.000000000560512268 0.247419763272644727 0.000000000000000000
-6.459778691114896887 -13.580892101664103322 0.000000000463901480 0.333269314403669470 0.000000000000000000
-5.391107620342505236 -12.972154912592943177 0.000000000715746889 0.326344023245053960 0.000000000000000000
-6.336061126498996998 -14.314201323775886721 0.000000000685268835 0.464967386107990155 0.000000000000000000
-4.315231989634246368 -10.864596835336364222 0.000000000373584221 0.456639479565256245 0.000000000000000000
-5.213798912623550663 -9.692250193096107580 0.000000000357460321 0.449720651190586351 0.000000000000000000
-7.661093849879904383 -14.225047979629852790 0.000000000746429200 0.473065059758325024 0.000000000000000000
2.400644964239340151 -11.968939085096657493 0.000000000000000000 0.233180807099401005 422299.000000000000000000
1.808750893659183179 -15.191140003068065667 0.000000000000000000 0.353596470353365389 426605.000000000000000000
1.156985743870368344 -15.224407649013418364 0.000000000000000000 0.405456805659406061 0.000000000000000000
2.643878207057648755 -10.797729125668844574 0.000000000000000000 0.444805201922557680 430208.000000000000000000
2.137044613162900841 -11.345159390593137161 0.000000000000000000 0.345772895640971467 427511.000000000000000000
3.930153200634668664 -12.066592998786145330 0.000000000000000000 0.356731670878683904 0.000000000000000000
3.688886855624284422 -14.730135763815846772 0.000000000000000000 0.353814689286689743 0.000000000000000000
1.804771160805327179 -10.679161376885733858 0.000000000000000000 0.472137588604193414 429380.000000000000000000
3.790213673885232115 -13.856642081905500063 0.000000000000000000 0.279243642240486645 0.000000000000000000
3.268930154582519787 -14.169865315193097999 0.000000000000000000 0.230266797761898290 0.000000000000000000
2.280286847905459435 -14.459521919829752434 0.000000000000000000 0.210857086304187646 425556.000000000000000000
-0.302551499004799385 -13.258860842979037997 0.000000000000000000 0.469934568493093008 421429.000000000000000000
1.123840212235478475 -13.308314053619149320 0.000000000000000000 0.215817886169097084 430164.000000000000000000
4.467510480262127714 -13.516197702372867440 0.000000000000000000 0.382550097885877238 426095.000000000000000000
4.832494036646956204 -13.319182238113661754 0.000000000000000000 0.445270812946209960 0.000000000000000000
10.898327412061902919 -8.839145184036588887 0.000000000000000000 0.100689346350501974 0.000000000000000000
10.973304409608781285 -9.168972069217513621 0.000000000000000000 0.134749779147054993 0.000000000000000000
9.281597697679856651 -9.901159764192506429 0.000000000000000000 0.276855361932470234 0.000000000000000000
10.818877807227657684 -9.865634929474779824 0.000000000000000000 0.213581032805898074 470459.000000000000000000
9.115246836547047593 -7.360331879321498683 0.000000000000000000 0.327298454552649110 463966.000000000000000000
11.843916949499627478 -8.485356433874544635 0.000000000000000000 0.271868770625229017 0.000000000000000000
7.803524418109400784 -8.061860920854833523 0.000000000000000000 0.468015556592966731 312404.737188350991345942
8.839258294434564789 -7.600557006134717852 0.000000000000000000 0.335065786054072556 466621.000000000000000000
8.062794304379307775 -7.977065484768217196 0.000000000000000000 0.428026003035621050 128915.778345558006549254
10.925017699579488095 -10.011241576347732263 0.000000000000000000 0.244592908726804614 0.000000000000000000
11.396701426540762014 -7.505194704498596714 0.000000000000000000 0.287681168297279466 470106.000000000000000000
12.423518386996963869 -10.406721925882322921 0.000000000000000000 0.470970859690441113 469427.000000000000000000
8.271666392844108984 -7.972823705740289313 0.000000000000000000 0.393145252313136739 261273.375825095514301211
12.835688503027517626 -8.089787083914080412 0.000000000000000000 0.459320331750716904 471124.000000000000000000
8.613111600499191667 -7.241041973150712963 0.000000000000000000 0.406170457323389744 0.000000000000000000
14.074110631383012660 1.670587039502080762 0.000000000000000000 0.304393715431878820 0.000000000000000000
13.035654309170315202 0.233051941600528001 0.000000000000000000 0.098754242843657331 0.000000000000000000
12.957130459331875016 2.598748822412312087 0.000000000000000000 0.462731299328657808 0.000000000000000000
12.816652888968858903 -2.275147025422566749 0.000000000000000000 0.415427693252381935 0.000000000000000000
15.907195567142435877 -0.705582838696267478 0.000000000000000000 0.438951578189958114 0.000000000000000000
12.541596842533078160 -1.600081863794848402 0.000000000000000000 0.330066653877368443 0.000000000000000000
15.136807005775660073 -0.470360082516091960 0.000000000000000000 0.295823312566017127 159547.000000000000000000
13.012546928563317294 -1.841014696700133957 0.000000000000000000 0.332995885979096073 153889.000000000000000000
11.881469233590383539 0.187271228952366087 0.000000000000000000 0.297614977340551534 0.000000000000000000
11.847873135112111598 0.709015023241716169 0.000000000000000000 0.326023596403136662 151582.000000000000000000
12.021857538986996161 2.210901934407204283 0.000000000000000000 0.470111737054232037 147970.397779977065511048
15.564173456356769520 -1.726880961902325096 0.000000000000000000 0.467757414493794821 50674.984893948399985675
13.533015514950946567 -0.376745257525341104 0.000000000000000000 0.065309567603470439 160490.000000000000000000
14.047935287010066219 -0.073783152171458671 0.000000000000000000 0.091251534729353975 151756.000000000000000000
12.330025593119840366 -1.710373232901286400 0.000000000000000000 0.367264947814017528 151094.000000000000000000
