-4.664835347722492642 4.759753912264749864 0.000000000000000000 0.455931089008919876 139831.302678001375170425
-3.036519535759678590 3.672885732222122446 0.000000000000000000 0.144010224964134487 0.000000000000000000
-1.355759530758510856 3.584126404107075281 0.000000000000000000 0.169832438010316611 222052.000000000000000000
-4.585642662613087950 4.870650597080642186 0.000000000000000000 0.449957004348275735 0.000000000000000000
-1.279243338861731027 4.101317427962936080 0.000000000000000000 0.178488033087159381 0.000000000000000000
-1.363745467886936291 2.230230494123392138 0.000000000000000000 0.335921941662626622 216874.000000000000000000
-2.577422369396294322 3.677956331521135436 0.000000000000000000 0.068300436327375050 219122.000000000000000000
-2.347811732678382057 4.617693262959939204 0.000000000000000000 0.130538856859770375 0.000000000000000000
-0.282791195144694973 2.216881335904259398 0.000000000000000000 0.461309497702545923 0.000000000000000000
-3.679231707061846990 5.429972293746466505 0.000000000000000000 0.373144544114574761 214073.000000000000000000
-1.176487955662814278 2.400608199093654971 0.000000000000000000 0.327990469501839133 0.000000000000000000
-3.176755376951329257 4.219272569032075815 0.000000000000000000 0.173877110504088189 165694.230738959216978401
-1.912371816324889728 2.665297864697123487 0.000000000000000000 0.226702488187019824 222078.000000000000000000
-2.402787026561030270 4.420602954066459311 0.000000000000000000 0.097909405424582777 214340.000000000000000000
-2.603430613425938844 3.172261128042178413 0.000000000000000000 0.141875336157198356 213967.000000000000000000
-2.459772588677452188 -2.854804655633488508 0.000000000000000000 0.187844081776748439 0.000000000000000000
-1.968483962926381059 -3.458979043801893472 0.000000000000000000 0.092547696170184657 0.000000000000000000
-2.514519487534963904 -4.696048621534807843 0.000000000000000000 0.150598648724498685 178853.000000000000000000
-2.488075615989752798 -5.045428386873528126 0.000000000000000000 0.209758265956486223 95792.008350269185029902
-2.275395833810391011 -4.605603050787220099 0.000000000000000000 0.127445480980042408 172158.000000000000000000
-0.576324971493554217 -3.173776154881085887 0.000000000000000000 0.325791307324674373 179902.000000000000000000
0.195554246353156325 -3.560133017764339769 0.000000000000000000 0.441230291420775522 0.000000000000000000
-1.115996469971147098 -3.042164152363036056 0.000000000000000000 0.253503158392687944 0.000000000000000000
0.346157536933570209 -4.467065609776692092 0.000000000000000000 0.475370885478690941 0.000000000000000000
-1.704807565524679713 -6.385675792828393149 0.000000000000000000 0.455269753876297756 0.000000000000000000
-3.829795277466474523 -3.169723433712157590 0.000000000000000000 0.308044162472911609 181363.000000000000000000
-1.972185552196129121 -5.040681395953705568 0.000000000000000000 0.211155387308765707 172279.000000000000000000
-1.623410967891391721 -6.189847568393098243 0.000000000000000000 0.424932421964297924 0.000000000000000000
-1.810964212372374371 -3.141326008393849900 0.000000000000000000 0.155387933112308890 0.000000000000000000
-4.252908185003722252 -4.092658679500214447 0.000000000000000000 0.357315757230762698 175701.000000000000000000
5.507673902247741893 -1.176820128750083905 0.000000000000000000 0.273875181314736982 106559.959511899156495929
3.674143142914341187 0.719246856840693338 0.000000000000000000 0.196888954911658837 202082.000000000000000000
3.473205853805193755 -2.311654791875087156 0.000000000000000000 0.450898055246039042 0.000000000000000000
3.762497415825550640 1.260904898683176345 0.000000000000000000 0.261126388321973490 0.000000000000000000
2.722110008623536803 1.404221093611220939 0.000000000000000000 0.405435406170036761 90724.735902625965536572
4.937388691126247231 2.617494045975213179 0.000000000000000000 0.470965503763311644 199654.000000000000000000
6.125055190078157352 1.086067296316758135 0.000000000000000000 0.345783846223245483 194736.000000000000000000
5.079190376530410056 -0.335208188575862431 0.000000000000000000 0.116984541457660560 193076.000000000000000000
4.213828493833094768 -1.877314534485895692 0.000000000000000000 0.337878080416327442 201231.000000000000000000
6.147129216386046480 0.813885588632432211 0.000000000000000000 0.324896517212772185 0.000000000000000000
3.947475625893708262 -0.708926736465737783 0.000000000000000000 0.161493458897791375 0.000000000000000000
5.753979058626762288 1.483444964455195914 0.000000000000000000 0.343745535298385696 194293.000000000000000000
5.818003191756992543 -0.111736311831696813 0.000000000000000000 0.233223814845350957 0.000000000000000000
6.932497354768344167 0.611890204596290954 0.000000000000000000 0.444434529827089253 0.000000000000000000
5.015163691055594342 1.014221592109353587 0.000000000000000000 0.201054539097901830 148280.388556400401284918
12.392242038613517252 9.483144056242050368 0.000000000315142765 0.387590720485992135 0.000000000000000000
10.939941431980646058 9.889898549027513752 0.000000000072956209 0.226779130684735986 213701.000000000000000000
12.093897067220042985 9.432715050160334513 0.000000000769171216 0.334656416686422431 215662.000000000000000000
8.749576343079249696 10.689470465094270679 0.000000000526753705 0.443672125092839931 136469.840224118728656322
9.193127060720714283 6.593797538599739383 0.000000000509001042 0.430104866332652935 215861.000000000000000000
10.091327241231251577 8.158636959199174754 0.000000000852402854 0.112528072263985382 214767.000000000000000000
12.835629405962022176 9.085161218439342434 0.000000000390852999 0.448584571430995227 0.000000000000000000
9.371736379243158055 9.545274179794629887 0.000000000132696180 0.222320213289356333 217315.000000000000000000
9.904017558653984921 9.916675557192993651 0.000000000190341278 0.219337629922877558 218500.000000000000000000
8.939284604503900056 9.525383134516721029 0.000000000260668020 0.284684551425012700 0.000000000000000000
7.898436812410702501 7.869102541001840478 0.000000000730815075 0.461914349318254758 222309.000000000000000000
12.016440920177061003 6.945458100589477546 0.000000000380955733 0.434221663942477687 220199.000000000000000000
11.197685570601850102 10.177290754473968803 0.000000000534013541 0.293216231777681469 115849.002497206005500630
12.225227328959386242 8.195851929859211182 0.000000000670437636 0.349508000698512178 216766.000000000000000000
10.889057613416003534 7.922536087762237500 0.000000000738920807 0.174559424268339952 0.000000000000000000
0.437126755012391011 13.760701818458242585 0.000000000000000000 0.348943340519826284 242451.000000000000000000
3.719047367647833724 13.648019557468062501 0.000000000000000000 0.255483340231118239 241939.000000000000000000
0.861406236373074896 13.284051155046052273 0.000000000000000000 0.262517372713810204 242543.000000000000000000
2.171619580497759827 12.508767386296955948 0.000000000000000000 0.139806609228805473 234466.000000000000000000
4.449889824288597140 12.801117800605295471 0.000000000000000000 0.386406207786468614 239362.000000000000000000
1.732487369579244207 12.625995628762408884 0.000000000000000000 0.157924622040337498 181377.245241069380426779
3.623245293682741064 15.007060874539034145 0.000000000000000000 0.384189262309930890 243058.000000000000000000
1.539597892491161302 15.608663959140958610 0.000000000000000000 0.438828867898650443 0.000000000000000000
1.998231469016195749 10.756117281579728129 0.000000000000000000 0.452859622672943329 239028.000000000000000000
1.013977429332229452 14.951888232440330384 0.000000000000000000 0.380028217392800904 237181.000000000000000000
3.321175448734412505 13.389414420089556401 0.000000000000000000 0.177021349332491640 235647.000000000000000000
3.297592009523348189 10.784751154482593805 0.000000000000000000 0.475613567234774215 0.000000000000000000
-0.159425654823412727 12.517914786543972383 0.000000000000000000 0.464526178605574658 0.000000000000000000
1.732630372559350596 14.056339167239967125 0.000000000000000000 0.175453066908029587 240598.000000000000000000
4.323646158312303811 14.995617149069287777 0.000000000000000000 0.468182472685776341 243557.000000000000000000
-4.918368515314046618 10.019375326698501283 0.000000000182652656 0.441903435913754361 0.000000000000000000
-7.484091857585119634 9.549152516930925927 0.000000000590057858 0.406396840287592431 0.000000000000000000
-9.112220622061393271 12.928421562885738183 0.000000000380044320 0.474856275323099208 445828.000000000000000000
-9.022604689948932943 10.985483423884380372 0.000000000100275123 0.428200202492713455 44728.012596890199347399
-6.691432225329609018 9.710150693888758511 0.000000000305691175 0.355587430711264973 104302.798752989430795424
-6.237335496452263151 13.977611400256847674 0.000000000483857257 0.409637522301591173 449535.000000000000000000
-8.634798601109482163 11.570006981211378161 0.000000000481927164 0.340080705598964250 0.000000000000000000
-7.973368349503648034 13.693925136059784009 0.000000000885280144 0.413300543731769998 0.000000000000000000
-7.039280803752541615 9.854473571124026776 0.000000000910957611 0.334353963014280997 216712.522702490154188126
-6.070634746482238775 13.019212205606839561 0.000000000631878767 0.258796545191478045 0.000000000000000000
-6.512787022039433715 11.815826318671108552 0.000000000522224565 0.042757987984850990 0.000000000000000000
-8.854517853020139384 11.193697716093909733 0.000000000757182519 0.389412426458565664 443702.000000000000000000
-6.512595390908849424 10.808607961855319246 0.000000000613267914 0.165811533354408208 442793.000000000000000000
-7.985438353014338908 10.531009099823002373 0.000000000245048036 0.306504890673222008 443555.000000000000000000
-7.733138878963204732 11.762847897648493145 0.000000000712646124 0.178540110255633544 0.000000000000000000
-13.854661972571845396 3.886802414337735101 0.000000000000000000 0.245517489517436766 0.000000000000000000
-14.816758735941792935 4.614473997209754152 0.000000000000000000 0.375146124320410057 0.000000000000000000
-14.289910179052139227 4.522321404012845214 0.000000000000000000 0.282379096104484362 276899.000000000000000000
-11.812525950243831119 2.124159714061692128 0.000000000000000000 0.472974583559740369 277602.000000000000000000
-13.500888042770821329 4.404751819023365655 0.000000000000000000 0.148262521603547748 282100.000000000000000000
-14.459933978404155397 5.891100333491698038 0.000000000000000000 0.375609850096182807 0.000000000000000000
-13.689774615941090019 5.410156316856926217 0.000000000000000000 0.215471695521801981 0.000000000000000000
-14.468060867554502380 2.714487544537437458 0.000000000000000000 0.462211610389228200 277021.000000000000000000
-13.527670273560302050 3.503406337183039732 0.000000000000000000 0.250413754351307916 280833.000000000000000000
-12.188895731781476783 5.125565063130876453 0.000000000000000000 0.121587618156393407 93775.002952768831164576
-11.808830559620970391 3.497038451936000936 0.000000000000000000 0.261417843775850978 0.000000000000000000
-12.834176302446552498 5.314593683322883066 0.000000000000000000 0.112648175654639179 0.000000000000000000
-12.394715225211843546 5.758048270065574847 0.000000000000000000 0.196199323818768395 278970.000000000000000000
-14.316434774189140455 6.043947573892628711 0.000000000000000000 0.371038133114025337 0.000000000000000000
-13.089994123621234934 6.869826820392937350 0.000000000000000000 0.386594144586826838 276796.000000000000000000
-13.755815628870237788 -2.166961948905712809 0.000000000000000000 0.473760885421707523 198278.000000000000000000
-13.313411414735973892 -4.849946470896957962 0.000000000000000000 0.111072199276732092 0.000000000000000000
-12.762494883917549160 -1.960593142728615179 0.000000000000000000 0.472615994137381257 194554.000000000000000000
-12.684588927045956197 -6.221140095913956891 0.000000000000000000 0.268279261740578423 196727.000000000000000000
-13.083460005399022208 -5.798911239048756272 0.000000000000000000 0.205549570286451683 202318.000000000000000000
-13.636261362625026194 -2.349525757790926761 0.000000000000000000 0.436423729611375377 196508.000000000000000000
-13.208739398338668281 -6.483145174551107282 0.000000000000000000 0.325673216445486191 0.000000000000000000
-15.147655770812326281 -3.901443367809100948 0.000000000000000000 0.454301300771861594 0.000000000000000000
-12.916280419713389804 -7.390226231428457915 0.000000000000000000 0.472663300807105391 0.000000000000000000
-11.490393524863922181 -2.541234455356963906 0.000000000000000000 0.431561613407713429 0.000000000000000000
-13.408775399010529839 -4.864382439878887077 0.000000000000000000 0.128138240003346171 0.000000000000000000
-14.976895429344297739 -3.867299644612287590 0.000000000000000000 0.427248013200564658 0.000000000000000000
-13.634037350302506297 -2.745652363052215161 0.000000000000000000 0.373486928548591224 0.000000000000000000
-13.597329553918894973 -5.324728164569655142 0.000000000000000000 0.193448133976617170 194241.000000000000000000
-12.308813465275036947 -4.126415231630611302 0.000000000000000000 0.120117126665038695 200154.000000000000000000
-4.469961889277353606 -11.856237763456908496 0.000000000323747836 0.403952030362477010 0.000000000000000000
-5.638237233735254428 -12.597943014165203124 0.000000000903008050 0.249610780155751666 0.000000000000000000
-6.749839999908399335 -9.474380863255126073 0.000000000862751980 0.397226996218581596 0.000000000000000000
-4.628188704424105460 -12.060372832700775092 0.000000000898623727 0.379883687057909536 0.000000000000000000
-5.011043559522565971 -11.385377198553600309 0.000000000368961306 0.312429998221488925 0.000000000000000000
-6.172992970753986341 -12.834745613101372186 0.000000000463540338 0.221388767206105619 0.000000000000000000
-7.594537812835344681 -9.241537775821008438 0.000000000197828424 0.464185548978377993 0.000000000000000000
-5.786773165436049915 -13.505852162793113180 0.000000000622760231 0.358685056263752744 0.000000000000000000
-6.287073036026342265 -13.690678870044765247 0.000000000595657956 0.358108409386643456 0.000000000000000000
-4.789156529279197549 -10.448321903472560734 0.000000000497644116 0.413129171275279872 0.000000000000000000
-5.718392369645249218 -12.843282889867102980 0.000000000130538421 0.269011622599093780 0.000000000000000000
-4.850411809129184348 -10.097055331479817042 0.000000000434934806 0.441766052359563011 0.000000000000000000
-7.809322495190427205 -10.994858472691138473 0.000000000592963175 0.230689657078170157 0.000000000000000000
-9.311956669501110895 -11.920818276760446253 0.000000000700180210 0.461119031168773508 0.000000000000000000
-7.832965763067976539 -9.537156919460656468 0.000000000743922203 0.432662425943436901 0.000000000000000000
4.711791053783472627 -12.761755731246157808 0.000000000000000000 0.433484952384128708 0.000000000000000000
-0.182031195374927041 -13.852424367395746785 0.000000000000000000 0.460028673051585735 427029.000000000000000000
1.301367585590875509 -13.785297084904993170 0.000000000000000000 0.205188165940824091 0.000000000000000000
2.078804250203087900 -12.006517810888720277 0.000000000000000000 0.230753859329954902 423873.000000000000000000
0.665673925321144888 -13.560926232392144897 0.000000000000000000 0.301674587559532970 426949.000000000000000000
3.483031959591500915 -13.773648261092231948 0.000000000000000000 0.223017007674286893 431322.000000000000000000
0.457320128469319298 -14.505621303165673552 0.000000000000000000 0.399792882687251661 423358.000000000000000000
1.588221410526811761 -15.642897305350185633 0.000000000000000000 0.441914091563874623 423442.000000000000000000
1.738273803926825956 -14.186854462262981968 0.000000000000000000 0.193817771501219316 421540.000000000000000000
-0.245916337485041409 -13.118215363832606002 0.000000000000000000 0.460699062040349050 426238.000000000000000000
1.155572566135201429 -13.384179611827921264 0.000000000000000000 0.210959545692586542 0.000000000000000000
1.889682256171795860 -15.272373290385946376 0.000000000000000000 0.364148951336524418 427100.000000000000000000
1.992521955142039669 -13.800429998826198030 0.000000000000000000 0.111408367767120056 428424.000000000000000000
1.322025364190896557 -11.325064455944474417 0.000000000000000000 0.391662609123333061 428180.000000000000000000
2.632390987452547737 -12.529047546411227643 0.000000000000000000 0.143337603986125439 201165.729292390111368150
11.618905615542677978 -8.992062335338065537 0.000000000000000000 0.231822238746783010 466440.000000000000000000
10.610035585077875808 -10.844318818270290095 0.000000000000000000 0.370541797471437839 0.000000000000000000
10.644121940491544365 -10.552836719410363386 0.000000000000000000 0.320910835395138760 73404.039615914414753206
8.467844260907112286 -10.131249003933783470 0.000000000000000000 0.412994503733583540 0.000000000000000000
10.904079659634568600 -11.146355803515454852 0.000000000000000000 0.431978683974494904 0.000000000000000000
7.886671186772728603 -9.302117208501440970 0.000000000000000000 0.448094651206389749 0.000000000000000000
10.563775860886600810 -10.652194946566389433 0.000000000000000000 0.336134761965066975 0.000000000000000000
10.101366192386525000 -6.596184125975641521 0.000000000000000000 0.379841764996367737 400462.360908923845272511
10.329019948231557890 -10.291924940863724558 0.000000000000000000 0.270738650887328069 471599.000000000000000000
11.460470223393757649 -10.247818701436978372 0.000000000000000000 0.329775344729954900 0.000000000000000000
10.122768478870058928 -10.207586621456622211 0.000000000000000000 0.258953159083963380 0.000000000000000000
11.068702287712403276 -6.876210892534926344 0.000000000000000000 0.352568931098436067 472435.000000000000000000
9.854977369387439623 -8.660886928885062730 0.000000000000000000 0.087900189528065761 25886.781306889239203883
10.509305245384396699 -9.277562515876617510 0.000000000000000000 0.097586913051567831 196994.199421999888727441
9.370822082247858731 -8.268771653429245916 0.000000000000000000 0.192254444694742010 470028.579646328929811716
14.081762644504884463 2.137755377938352463 0.000000000000000000 0.382381163366008137 154204.000000000000000000
12.027088784156513057 1.180822067656225549 0.000000000000000000 0.339055794311500625 0.000000000000000000
13.182238591592556176 1.801231045247654539 0.000000000000000000 0.318863591357356313 158385.000000000000000000
15.473683334247018806 1.555666757514927889 0.000000000000000000 0.436728880459730573 153529.000000000000000000
13.253739260372464415 0.426937498224831069 0.000000000000000000 0.090027505764127005 155213.000000000000000000
14.873381183707550690 -1.938952318048289047 0.000000000000000000 0.410669640827800220 136957.587378579075448215
12.675992660938362633 0.933114013920004592 0.000000000000000000 0.223658714671855691 0.000000000000000000
11.550676002116031071 1.563314561390700241 0.000000000000000000 0.447027903876809352 0.000000000000000000
11.027342428365338733 0.864432804540678945 0.000000000000000000 0.472654615485058938 154500.000000000000000000
12.814624539125727409 0.434967720164266269 0.000000000000000000 0.149897132822312040 0.000000000000000000
13.221255977593793673 -0.424446933015898753 0.000000000000000000 0.093105484065546903 153413.000000000000000000
13.030691959280581216 1.044959808177188698 0.000000000000000000 0.202835462587396875 160844.000000000000000000
13.905256804558286277 -0.310052928364873748 0.000000000000000000 0.084245903236798134 0.000000000000000000
16.057804360164734447 -0.055057460329803111 0.000000000000000000 0.448709249687785916 154268.000000000000000000
14.458516547434307142 -1.498299063228710315 0.000000000000000000 0.306432359095836437 153244.000000000000000000
