-2.662382405140895525 2.296802668416010995 0.000000000000000000 0.292716945898029102 218288.000000000000000000
-1.033334140964099479 3.481481073239994561 0.000000000000000000 0.230127615876973252 220345.000000000000000000
-1.118260171537469372 3.884110689215771739 0.000000000000000000 0.203173828172689752 0.000000000000000000
-3.330310308034793554 4.815183053873596464 0.000000000000000000 0.252234805754243507 218532.000000000000000000
-2.442091434580067943 3.829530456969925112 0.000000000000000000 0.034506266051330621 0.000000000000000000
-4.140486001460528698 5.668915806359478005 0.000000000000000000 0.461178378765966457 216519.000000000000000000
-3.576716294215205760 4.325911978238879740 0.000000000000000000 0.247458219764378734 0.000000000000000000
-0.319235864517513790 3.681724333828559903 0.000000000000000000 0.347554726838325057 222819.000000000000000000
-4.148124360441696190 4.425050194495588229 0.000000000000000000 0.350008625034950116 220387.000000000000000000
-0.213515233804245280 4.676889707922894601 0.000000000000000000 0.390427214229800756 222251.000000000000000000
-1.307449126674716577 5.964484911480039564 0.000000000000000000 0.406488940335216820 21985.967099870071251644
0.314190367003586768 4.233256556970387052 0.000000000000000000 0.462489276575630159 0.000000000000000000
-1.442856516971675385 1.519810171482631089 0.000000000000000000 0.446512394240873856 217843.000000000000000000
-1.086935196244565027 5.881861187250016165 0.000000000000000000 0.411641087924612792 221335.000000000000000000
-2.670223580187261359 3.607250622881398527 0.000000000000000000 0.089053320025283517 0.000000000000000000
-0.096620654324600486 -3.381917035265009197 0.000000000000000000 0.395732618894208854 180719.000000000000000000
-1.899717422091473873 -6.493926190479939464 0.000000000000000000 0.468089888343807992 171882.000000000000000000
-2.377861529029589693 -4.772993055751662439 0.000000000000000000 0.158652429001702677 175952.000000000000000000
-2.738680852390448450 -4.123670460707018037 0.000000000000000000 0.095191760502351397 177344.000000000000000000
-4.539402727503865087 -5.019581800458809084 0.000000000000000000 0.453472723205602224 0.000000000000000000
-3.306069933920130932 -2.877143921071366517 0.000000000000000000 0.259610349729958667 99784.668309561500791460
-3.023837396329228877 -4.070787574120180885 0.000000000000000000 0.140193312357267674 181188.000000000000000000
-1.854263504600556445 -5.645241329883802450 0.000000000000000000 0.320770077635506856 176963.000000000000000000
-0.032243053605341590 -5.173634820855928851 0.000000000000000000 0.457880548948626287 0.000000000000000000
-2.518695832721903116 -3.643193303043212872 0.000000000000000000 0.063951769511743126 143008.611310384585522115
-2.126507870330147210 -1.838910591023797947 0.000000000000000000 0.366061562944980989 176158.000000000000000000
0.069932058199191918 -4.414888970267744739 0.000000000000000000 0.425311019071980712 0.000000000000000000
-4.519544679315459668 -3.742206374006918246 0.000000000000000000 0.403867414736599539 0.000000000000000000
-1.845910227055706621 -6.195291815963421378 0.000000000000000000 0.417064430234471373 181472.000000000000000000
-2.356073358055527756 -5.667632497128032298 0.000000000000000000 0.317003289906417907 13577.546336496539879590
4.208407310235351417 2.206484466114203791 0.000000000000000000 0.395868048045966758 202125.000000000000000000
4.038792548986716469 1.915133204160275771 0.000000000000000000 0.350754780975249647 193923.000000000000000000
2.998153871022784411 1.583110028205033215 0.000000000000000000 0.390201786811246232 44879.933972140781406779
3.698302909284263862 -2.015221636848727904 0.000000000000000000 0.386613216794067072 0.000000000000000000
5.688902334111731740 0.151923147100895856 0.000000000000000000 0.211100032494411366 192963.000000000000000000
5.358424591002686199 0.340944001590781642 0.000000000000000000 0.162192577167717511 0.000000000000000000
3.462643447904084404 -0.895155289169935031 0.000000000000000000 0.245873278756210539 201933.000000000000000000
4.005659745681946937 -0.014428378114930767 0.000000000000000000 0.090672613911298716 192896.000000000000000000
5.567130448976479684 0.472516882088900636 0.000000000000000000 0.205563488230965569 90526.805733877888997085
6.675458804540548741 0.841855775941412587 0.000000000000000000 0.413110171660570957 0.000000000000000000
4.001912888096891052 -2.268487835369360273 0.000000000000000000 0.413375720941411728 194862.000000000000000000
3.671457999214758683 -2.110872417721881167 0.000000000000000000 0.404174659009618575 0.000000000000000000
5.502545021459084751 -2.472223129997273450 0.000000000000000000 0.472923616162068239 0.000000000000000000
4.259953528026459324 0.806946302863902787 0.000000000000000000 0.150390376760885708 198771.000000000000000000
5.286730281052786751 0.904575489696365476 0.000000000000000000 0.211568761832623214 199301.000000000000000000
12.315277048152550421 8.771367252836149930 0.000000000899216160 0.351994603510331516 0.000000000000000000
8.755004552950877539 10.760360107125743312 0.000000000862018566 0.452715853163982718 213741.000000000000000000
9.165849120173065856 8.587743247031538019 0.000000000464760533 0.211274999390758750 220259.000000000000000000
12.293514715108841528 9.119119796669703959 0.000000000815031218 0.354083066532031865 221115.000000000000000000
11.667604150431895249 9.005919509406918877 0.000000000036837481 0.240800884413647276 219094.000000000000000000
9.971726608399622549 7.029255649881038792 0.000000000921034900 0.308629825951179271 0.000000000000000000
12.121282441770883764 7.182213410959908728 0.000000000170022849 0.419113299527544780 216961.000000000000000000
10.681542714183098752 8.697605090456871579 0.000000000652360041 0.061411046305646512 0.000000000000000000
10.569887187942557105 6.734578862778559660 0.000000000523938718 0.355265540855707218 215665.000000000000000000
8.317159283664109282 9.410652827667583153 0.000000000562624892 0.379006377428681263 220382.000000000000000000
10.914878988324147713 6.126831122871026380 0.000000000122103447 0.470422397745325016 0.000000000000000000
8.710269846715158693 8.933207722047841415 0.000000000301962587 0.292406322922388551 216088.000000000000000000
8.937654663890196360 6.972726323090767231 0.000000000286188503 0.399784249032404393 0.000000000000000000
11.961700722890441284 9.992476037661619515 0.000000000554769567 0.361731541510505961 222814.000000000000000000
12.038402195441355147 8.359431845370602687 0.000000000365565060 0.310155506616931642 215147.000000000000000000
1.391669300551407584 14.654757181109490105 0.000000000000000000 0.297455141304100612 242260.000000000000000000
3.413218221823153264 12.921447038197909407 0.000000000000000000 0.202416731186847915 46139.579393650965357665
3.166728219609884043 10.877441008768803599 0.000000000000000000 0.452114487596444625 235243.000000000000000000
2.300887563618199128 12.903441666301974422 0.000000000000000000 0.066741642518246921 243698.000000000000000000
0.204945718528900173 14.081793045960051103 0.000000000000000000 0.405694730003190784 242815.000000000000000000
1.492015991584173085 11.743760185078658154 0.000000000000000000 0.311598930051934619 243128.000000000000000000
1.467062386375054484 14.562264655275962255 0.000000000000000000 0.276273854042667855 181877.516369965160265565
3.069737716593069710 13.746925065292883161 0.000000000000000000 0.155519546903427064 234295.000000000000000000
3.023549480534903466 14.811338530249058110 0.000000000000000000 0.299546992196925155 0.000000000000000000
1.926560045668917809 11.315949857787190425 0.000000000000000000 0.356686836079813718 240728.000000000000000000
0.986863700227064267 15.551564969110936332 0.000000000000000000 0.471031619106551835 239144.000000000000000000
4.324629269989477720 11.966283582749799308 0.000000000000000000 0.424457005960090394 0.000000000000000000
2.333980542443045092 11.195037920109877305 0.000000000000000000 0.370686184940376307 237582.000000000000000000
2.722141292443756022 13.898925692675199173 0.000000000000000000 0.130579514856230705 240004.000000000000000000
1.952124955101289805 14.294641873173331348 0.000000000000000000 0.193671246608860481 241226.000000000000000000
-7.721824915445004045 10.197142837200802390 0.000000000053499634 0.321665394909992353 164863.830483203404583037
-6.024756981137040945 9.797603633856809324 0.000000000454499544 0.362877101605937169 446530.000000000000000000
-7.896260136834516885 9.770468932770359771 0.000000000438333745 0.402026434838152702 446515.000000000000000000
-7.577003500852041107 10.721110973187713000 0.000000000326698159 0.231907862943950271 449940.000000000000000000
-8.490832331407480282 11.543339034594708892 0.000000000639837325 0.314935192704157096 0.000000000000000000
-6.656856422774894533 11.807335889961038333 0.000000000286833837 0.020684073959169876 442749.309694534807931632
-5.709577908256498802 12.123577222065083703 0.000000000713912678 0.195911528417608838 445160.000000000000000000
-5.786650241143811435 10.960235788704990156 0.000000000822744056 0.215562940759731786 450054.000000000000000000
-7.249767417869215080 11.646232933404521148 0.000000000478331789 0.093100555276483934 0.000000000000000000
-6.240161980328014835 10.717161057209489528 0.000000000930938958 0.197867396227334458 0.000000000000000000
-7.005094485549323124 9.456640530997574956 0.000000000310524442 0.403187634117254001 0.000000000000000000
-4.508575590023502500 10.702390629775770492 0.000000000336881567 0.435383473251008346 443676.000000000000000000
-8.654432866545185732 13.539560471694805699 0.000000000382541448 0.469849692855000167 447174.000000000000000000
-7.430856202549235512 11.384938627078298623 0.000000000055461799 0.137774902790172321 0.000000000000000000
-8.580686650383452019 12.633011862011166215 0.000000000805797796 0.366880233597233818 378121.124777644989080727
-14.244974506733528941 6.691444666795757890 0.000000000000000000 0.443027698928827818 276578.000000000000000000
-11.712805173938193093 5.163280052499120920 0.000000000000000000 0.197286209205586677 283112.000000000000000000
-12.600139559126995792 2.096285528246183638 0.000000000000000000 0.449542090647424064 0.000000000000000000
-12.812865445967938527 4.462298055945857378 0.000000000000000000 0.041602543891293482 255446.270032363652717322
-11.487070197382918124 2.490725809856715767 0.000000000000000000 0.439476357390855776 279633.000000000000000000
-14.331681557862564702 5.784318006681369084 0.000000000000000000 0.346353309025929756 281350.000000000000000000
-11.267632017641151521 5.319621318606279736 0.000000000000000000 0.280846789998750734 162129.235912307660328224
-14.741015401060479917 3.443300371136390758 0.000000000000000000 0.420014803478218957 282916.000000000000000000
-13.000267883494290189 6.192352291031374634 0.000000000000000000 0.267995868372725099 282777.000000000000000000
-15.103439918545157994 4.635302949697193142 0.000000000000000000 0.426142098401538605 282180.000000000000000000
-12.755009398236660800 5.995794850072810434 0.000000000000000000 0.229138038074879508 284424.000000000000000000
-13.193503080024287399 5.302061643455854067 0.000000000000000000 0.138071055717759822 277932.000000000000000000
-13.183847944354669224 5.636336840141623838 0.000000000000000000 0.186341631804552293 0.000000000000000000
-11.790798702768837458 5.537315133541960144 0.000000000000000000 0.222262703795907790 284655.000000000000000000
-12.007986585226886334 7.033558073167117897 0.000000000000000000 0.428841171957478284 281735.000000000000000000
-13.750108503785373415 -5.695065784305460177 0.000000000000000000 0.255496623709088544 199136.000000000000000000
-14.303323177271426658 -3.061633341378061868 0.000000000000000000 0.398601070210920783 0.000000000000000000
-12.131202717132540059 -5.084507301256111944 0.000000000000000000 0.125504705145113887 0.000000000000000000
-13.242813185453803371 -3.296312271072145528 0.000000000000000000 0.258007014887171204 197466.000000000000000000
-10.382178522805382670 -3.696988602252211820 0.000000000000000000 0.449424147224214421 202187.000000000000000000
-10.735425866610745160 -5.938996861343293077 0.000000000000000000 0.415490756036624886 0.000000000000000000
-13.510922067331799568 -4.084382926077487319 0.000000000000000000 0.175697164345891388 55512.083926305807835888
-13.158326443419371188 -3.025619014160027209 0.000000000000000000 0.297937082834430544 193838.000000000000000000
-13.088028896865628425 -4.546759974910876245 0.000000000000000000 0.070654224945844918 200566.000000000000000000
-12.427012252364784572 -4.774701958494151910 0.000000000000000000 0.053666037494108948 192992.000000000000000000
-14.000510197817083835 -5.801246661373679281 0.000000000000000000 0.300948756048717792 193887.000000000000000000
-13.137990623769798759 -6.006575653384269131 0.000000000000000000 0.242828850656667899 195720.000000000000000000
-14.265398095612768614 -2.777857384204597047 0.000000000000000000 0.430223989696587705 27956.036502808146906318
-14.795043104269206324 -3.290564273651858329 0.000000000000000000 0.442111511432652871 201616.000000000000000000
-11.624147815333962797 -2.188133019903522936 0.000000000000000000 0.475343537481485334 0.000000000000000000
-5.472163850428558796 -12.901114882956807861 0.000000000512146192 0.307183367816451169 0.000000000000000000
-6.038079648891267581 -10.202468963637823407 0.000000000070004214 0.295688104444438937 0.000000000000000000
-6.789092535284662056 -9.989042335164807440 0.000000000031118342 0.306288371751623045 0.000000000000000000
-6.415801588537387801 -13.021193134731060326 0.000000000309161147 0.237433933394370689 0.000000000000000000
-8.246338517047091088 -11.075935734995930204 0.000000000584481945 0.292759822883570331 0.000000000000000000
-6.624793481443393972 -13.637048927362014794 0.000000000194263997 0.340134829799461080 0.000000000000000000
-4.718259057883108731 -11.297891892623498578 0.000000000074500509 0.366639332077005053 0.000000000000000000
-7.489100372720486121 -14.207372826664032672 0.000000000594580371 0.460325528052906774 0.000000000000000000
-7.598463424215895046 -13.527453707258434434 0.000000000127978580 0.355157752898918433 0.000000000000000000
-7.413760265428583018 -11.699917449181024054 0.000000000312136400 0.121489795159776870 0.000000000000000000
-7.661126810404924825 -14.222610077982690058 0.000000000439035749 0.472663426230020556 0.000000000000000000
-4.244750872973830802 -11.025234611518094141 0.000000000396672049 0.460086352133157461 0.000000000000000000
-8.088173663313234840 -12.010360473910500545 0.000000000703722635 0.247085664523681470 0.000000000000000000
-8.140748187504375011 -12.172513495318231236 0.000000000004395768 0.263520885255043191 0.000000000000000000
-8.525677219194529144 -10.173603028397584680 0.000000000256553611 0.420274808680854484 0.000000000000000000
1.309909189790529505 -14.554085987531390600 0.000000000000000000 0.291733858818607750 421477.000000000000000000
0.729805274781938240 -11.355598954194929817 0.000000000000000000 0.445972511765064916 430223.000000000000000000
0.754195514446936333 -13.495566251066000163 0.000000000000000000 0.284306054805594344 422628.000000000000000000
2.905155996793221451 -12.902857456318178819 0.000000000000000000 0.121575773153847572 80035.807376624885364436
0.694035182112383797 -14.486940411680899743 0.000000000000000000 0.363240355924548786 427390.000000000000000000
2.900837102189463224 -12.412075971170660083 0.000000000000000000 0.184097592499500806 0.000000000000000000
1.821500468414432694 -12.358890966188413429 0.000000000000000000 0.187292021015895094 427910.000000000000000000
3.045786537900975866 -11.463641635148803744 0.000000000000000000 0.346779997468606993 421854.000000000000000000
3.931062809244227019 -11.238164567665316795 0.000000000000000000 0.461034710129655079 427853.000000000000000000
1.310854082684414834 -14.965049693024790045 0.000000000000000000 0.351731916911505793 0.000000000000000000
4.229905562216425885 -14.060189009373489810 0.000000000000000000 0.365455605762229296 430696.000000000000000000
0.968810466951309235 -11.401133284990217831 0.000000000000000000 0.413344879251266173 0.000000000000000000
3.240062135127879106 -11.993040762145032119 0.000000000000000000 0.279773265360082068 0.000000000000000000
3.010450504277070838 -11.345365563718967650 0.000000000000000000 0.364330283437486968 422392.000000000000000000
2.489287785145797738 -13.449868088963039980 0.000000000000000000 0.041392051853165891 0.000000000000000000
11.177681307157399715 -10.677798907303223785 0.000000000000000000 0.369389180993215216 73263.249132232114789076
9.408659505290398073 -10.426549315961995745 0.000000000000000000 0.338329670313764652 468330.000000000000000000
10.157979082963288775 -8.497317493743516081 0.000000000000000000 0.054706761209031937 56739.853108659786812495
10.814504494045337424 -7.280814313063646459 0.000000000000000000 0.270591325805011718 469377.000000000000000000
11.273457204926403463 -6.804278276864422992 0.000000000000000000 0.378742388520422857 471831.000000000000000000
9.588120299401216684 -10.600014620731332826 0.000000000000000000 0.351694986705226698 97619.043409444682765752
12.324588071986450899 -7.364099895750819691 0.000000000000000000 0.428406281274289036 472787.000000000000000000
8.694835258251893961 -10.105392227490668233 0.000000000000000000 0.378115102679083992 465111.000000000000000000
10.427595874354580019 -7.808419619066038209 0.000000000000000000 0.165459912344151305 263532.624726570793427527
12.436883122943525493 -10.408728367206876442 0.000000000000000000 0.473061023062540387 0.000000000000000000
8.947659484854398215 -8.235972221662512638 0.000000000000000000 0.264077192705223118 464064.000000000000000000
10.238078072832877297 -9.238778746798109509 0.000000000000000000 0.087994620167678075 464156.000000000000000000
9.210259422713102495 -8.056349789557900820 0.000000000000000000 0.235267966737128492 0.000000000000000000
8.083712244265830904 -8.343463629595378350 0.000000000000000000 0.408492934340432046 466654.000000000000000000
9.389632798731769370 -10.995054123703638993 0.000000000000000000 0.429433233759209831 469801.000000000000000000
12.003276978818513854 1.837038387692041086 0.000000000000000000 0.420835308647530493 156889.000000000000000000
14.084564150459334186 0.310640395726210494 0.000000000000000000 0.110805491143779716 155138.000000000000000000
11.606699845634853574 -1.629662669213677084 0.000000000000000000 0.446367188830768091 0.000000000000000000
15.358262847887454328 -0.185169636267369486 0.000000000000000000 0.325499828219060761 153118.000000000000000000
16.107820485553141054 -0.183893888374242975 0.000000000000000000 0.458618573213417369 159190.000000000000000000
11.203234186400086614 0.288963230785244496 0.000000000000000000 0.419728481719623736 155632.000000000000000000
12.965510377626054961 1.327766464231997512 0.000000000000000000 0.252190512081178708 157646.000000000000000000
13.420178346654996204 1.019485535900059636 0.000000000000000000 0.178035303899095193 0.000000000000000000
12.210620456182381233 0.185508784208135852 0.000000000000000000 0.239342136317168191 0.000000000000000000
14.104447369665329859 0.736673354351267795 0.000000000000000000 0.162314461039508001 152403.000000000000000000
13.033759840628617255 -0.475180039323187864 0.000000000000000000 0.122370676021234012 151236.000000000000000000
12.808977139074633200 -1.066066239154391804 0.000000000000000000 0.226421947578070187 154401.000000000000000000
14.473778400405294065 -1.202690116572240342 0.000000000000000000 0.266292560990317007 106006.302736350335180759
15.295445162159378327 -1.260948376249198200 0.000000000000000000 0.381024577920374641 155877.000000000000000000
14.950142739422240368 1.320615495783874938 0.000000000000000000 0.339331330764048200 158358.000000000000000000
