-2.216473044358296285 1.869148986076459185 0.000000000000000000 0.359990002810821774 0.000000000000000000
-1.545820264643643416 5.127444012121872063 0.000000000000000000 0.254344455774399181 220909.000000000000000000
-2.404624503237995370 2.859908150823199158 0.000000000000000000 0.185318419165568599 0.000000000000000000
-1.364149861908637407 3.109360921347041895 0.000000000000000000 0.211513920223578761 218693.000000000000000000
-0.079626238501981278 2.581808162674040563 0.000000000000000000 0.452854801216975189 215841.000000000000000000
0.276107489786707461 3.851358618819284985 0.000000000000000000 0.451700600029711796 0.000000000000000000
-0.905716679576904493 4.983704198971451227 0.000000000000000000 0.309925543540477133 0.000000000000000000
-1.692033333014062668 5.588125411471195569 0.000000000000000000 0.318818212502696763 218549.000000000000000000
-2.549324678372041131 6.024933256451948438 0.000000000000000000 0.383639076255800016 134387.575873015914112329
-0.314983128115244759 4.739240834967302973 0.000000000000000000 0.377914756609066649 216812.000000000000000000
-2.124549670055476902 6.558787596350552640 0.000000000000000000 0.475821817954204307 218110.000000000000000000
-0.932359247262534385 4.275277260914395860 0.000000000000000000 0.246058706607907629 216411.000000000000000000
-3.017308189891480641 6.261771267339648617 0.000000000000000000 0.443341829284698619 82063.854451182531192899
-0.833868502945638634 1.827834949579233870 0.000000000000000000 0.446554974144500294 111569.328138482160284184
-0.013924750451064682 5.246753920148806039 0.000000000000000000 0.467312624615647210 214172.000000000000000000
-2.993960817891121451 -2.621876947973430294 0.000000000000000000 0.261118117302356900 0.000000000000000000
-2.818030958919460982 -1.537649847269250358 0.000000000000000000 0.430561270959320952 0.000000000000000000
-0.902884252349831384 -1.943614993154449078 0.000000000000000000 0.422597867362245194 180149.000000000000000000
-3.655478873193075628 -3.995173199203728043 0.000000000000000000 0.249728560624983387 49494.537276843460858800
-1.294100075505859593 -1.797819695894555370 0.000000000000000000 0.410407021219460877 0.000000000000000000
-2.705300456254471797 -2.761588582996943764 0.000000000000000000 0.216178276333621827 180402.000000000000000000
-0.006214379371394812 -3.708767516109528817 0.000000000000000000 0.402642324002323415 0.000000000000000000
-1.338482448190978946 -4.398416230079373435 0.000000000000000000 0.187261905784416871 174177.074655922770034522
-2.918886665763677613 -4.034640050120596122 0.000000000000000000 0.120527193893065057 0.000000000000000000
-4.786476622879703768 -3.955809300773603265 0.000000000000000000 0.450723327929677120 174666.000000000000000000
-0.822409159840888138 -4.078606193975407912 0.000000000000000000 0.258088559249404270 173123.000000000000000000
-2.193976886674588123 -5.087039039312939437 0.000000000000000000 0.213457577423811440 174483.000000000000000000
-2.489042910439353218 -2.809906233726994884 0.000000000000000000 0.196720011652211424 174621.000000000000000000
-2.995610632298059794 -2.563399855180570786 0.000000000000000000 0.270313925017274082 180919.000000000000000000
-4.464669688448253737 -2.988943017171726613 0.000000000000000000 0.424654942661790546 0.000000000000000000
3.708135373054462836 1.192618127702488984 0.000000000000000000 0.256097338239237471 194965.000000000000000000
5.280240629950958997 0.607270349767714324 0.000000000000000000 0.173985459943090254 0.000000000000000000
2.484176670325143998 -0.348314755310291380 0.000000000000000000 0.367056330506789597 202320.000000000000000000
4.448427259289623237 1.312195929316298360 0.000000000000000000 0.233450443265420166 195090.000000000000000000
2.966250492853446552 2.014685067328444212 0.000000000000000000 0.452171105260645689 196329.000000000000000000
4.898577604306014521 -1.919653301622411101 0.000000000000000000 0.347786348373762655 0.000000000000000000
4.143179087711160946 1.761717571740598398 0.000000000000000000 0.319990784433552278 198938.000000000000000000
5.366103783469087674 -1.924344180300331608 0.000000000000000000 0.373897883936104847 201194.000000000000000000
5.832283862095350990 0.301378194111674769 0.000000000000000000 0.240937459946899413 197131.000000000000000000
3.419478101397672276 1.164377575926359709 0.000000000000000000 0.284471527978705840 199053.000000000000000000
2.420799945999453140 -0.287978203833371027 0.000000000000000000 0.376583433060551032 0.000000000000000000
3.570907030556104367 1.300618375701070972 0.000000000000000000 0.285880968179356321 0.000000000000000000
3.493095457536059101 1.705708625511877852 0.000000000000000000 0.353661775958087121 0.000000000000000000
6.872378171795459068 -0.734026183218642880 0.000000000000000000 0.439968506404009640 0.000000000000000000
4.722463417272474651 0.169249244100161261 0.000000000000000000 0.047771237218991507 111044.211029655518359505
9.453840520792384794 8.894107243646351080 0.000000000856072998 0.160129708387028447 215896.000000000000000000
7.757476481553879921 9.089283786781106045 0.000000000494872392 0.464281179384746279 217862.000000000000000000
11.914875199422093388 7.648971966165158953 0.000000000579301206 0.340115608961613636 218739.000000000000000000
8.244194057110258100 9.032422185299427753 0.000000000747933210 0.376983168901319887 0.000000000000000000
8.536902961465965944 9.289835866195820913 0.000000000826543877 0.335302160123707726 0.000000000000000000
11.516058652325229517 8.425905631540258511 0.000000000589849258 0.216972247420858882 43635.825987491836713161
11.396578496505691547 8.466147611508095139 0.000000000445484382 0.194584131032676716 219873.000000000000000000
12.608539998121655046 10.132553002817349608 0.000000000006259753 0.471038705276984382 52566.045808288741682190
8.627067572674562257 10.173440226349288906 0.000000000460599684 0.395048698430084944 0.000000000000000000
9.994559957087615132 7.772122527161956285 0.000000000870448643 0.181982797387112150 215864.000000000000000000
11.075066501475095748 9.084546964277588899 0.000000000921106352 0.143576375099604303 0.000000000000000000
10.584658441586110911 9.493432348296254375 0.000000000271647299 0.137716535784210392 0.000000000000000000
10.504968080935546126 6.342183805952115172 0.000000000507679147 0.422734393085046567 216111.000000000000000000
11.258326678679924981 9.126130057854121347 0.000000000675529199 0.176474134753539180 31743.843670135742286220
11.594121605855109536 7.334194726249871010 0.000000000026323705 0.333349459512453539 0.000000000000000000
2.092896878374482572 11.472721353957826551 0.000000000000000000 0.324139672465282080 12240.630532202350877924
0.105333393684052604 12.215046124820339912 0.000000000000000000 0.439973471520193282 239760.000000000000000000
1.274264037523533677 14.412505699723816122 0.000000000000000000 0.276819869986768219 0.000000000000000000
0.104993809511500474 14.412013601852464717 0.000000000000000000 0.445822843101344291 239037.000000000000000000
0.169168203115486665 12.549600799370654869 0.000000000000000000 0.407033996209494986 238804.000000000000000000
0.706993573972039768 11.906186312016048490 0.000000000000000000 0.379113256558304912 239416.000000000000000000
2.406553618292036401 15.189902617388016282 0.000000000000000000 0.340920236702653201 0.000000000000000000
2.478282773148404505 13.059810442813748921 0.000000000000000000 0.046368317067375861 240954.000000000000000000
1.996242739820058620 13.586789735630075526 0.000000000000000000 0.081738109392299044 240456.000000000000000000
0.757882729956911194 12.915724824131785908 0.000000000000000000 0.288228962472266426 234492.000000000000000000
0.450098395614150493 12.175909816078192449 0.000000000000000000 0.388878548825481729 0.000000000000000000
2.539587228659527351 12.864734509875214385 0.000000000000000000 0.081975478951631195 237838.000000000000000000
4.291846941463814957 13.906579826436370695 0.000000000000000000 0.366421901329354427 236669.000000000000000000
2.541782943160176167 14.891891043288655538 0.000000000000000000 0.289967613152195658 0.000000000000000000
2.121376046613536737 13.746145944426613639 0.000000000000000000 0.091816604584545228 240012.000000000000000000
-8.705985968550516318 12.981233633451353171 0.000000000001557533 0.416463669746786780 449579.000000000000000000
-6.696175206699130911 13.590343231502309607 0.000000000052770086 0.331365817877439406 0.000000000000000000
-4.235785329059777560 11.121116793595735572 0.000000000319646017 0.457389112730755887 450679.000000000000000000
-8.190038160553690716 10.722364996218564315 0.000000000544584509 0.313833160426747193 0.000000000000000000
-5.848610291573329789 10.467678558161056301 0.000000000512387737 0.271890997874046247 68983.242033448928850703
-8.770474375635263442 10.228529448755594444 0.000000000353830634 0.448525598361576183 0.000000000000000000
-8.408125624037763757 13.279854961402783431 0.000000000290488840 0.406533776624866561 446158.000000000000000000
-4.946009267526429554 11.768187287664426677 0.000000000477690822 0.318504072683503947 447934.000000000000000000
-4.853202903378777577 13.156168018219103644 0.000000000785162672 0.420865277066064081 443158.000000000000000000
-7.742159684900093097 14.209876554829815376 0.000000000164374674 0.475789249883247778 94141.329614117348683067
-6.916248702579744112 12.924546267343108852 0.000000000450462738 0.215912477690374305 444362.000000000000000000
-8.299177532297081328 12.625005389282868862 0.000000000042141416 0.321913007313983979 0.000000000000000000
-7.564748222994005289 10.154510024861796325 0.000000000609798056 0.313876251925192640 450850.000000000000000000
-5.879551414480631344 10.835283394057654505 0.000000000071577315 0.218161006844137445 0.000000000000000000
-5.358292246109034096 13.036011031769346502 0.000000000478702413 0.338362966035124668 449965.000000000000000000
-14.269275581703112721 5.772926059045556002 0.000000000000000000 0.336040026804583059 284661.000000000000000000
-13.142943788249789705 5.468006136770347858 0.000000000000000000 0.157099917297790853 0.000000000000000000
-11.637876891793478507 6.868157157708044025 0.000000000000000000 0.426911440737146874 97389.778730910635204054
-13.136205347330999871 6.771455658723104065 0.000000000000000000 0.371328823702873623 282293.000000000000000000
-14.192992662162474460 4.322464527145519320 0.000000000000000000 0.270930224525355867 0.000000000000000000
-14.223683578170327024 6.432785164374026365 0.000000000000000000 0.406148321110259169 279163.000000000000000000
-12.662791652852495972 3.000407381615399327 0.000000000000000000 0.291976251388652797 133625.833618545730132610
-13.739556296648652634 5.547904389052785490 0.000000000000000000 0.237134304988880690 0.000000000000000000
-11.923355449468649780 6.118771693706388959 0.000000000000000000 0.287600082873250507 280323.000000000000000000
-12.262302908252515010 4.888458543273800139 0.000000000000000000 0.088265856706771728 282216.000000000000000000
-12.096876842065126922 2.550356460144447279 0.000000000000000000 0.386430145906481892 255823.951714391791028902
-12.032520097355082100 6.993755240777972837 0.000000000000000000 0.420923090564649716 0.000000000000000000
-12.857791704677840272 6.978351452682076683 0.000000000000000000 0.400580805625230907 277367.000000000000000000
-13.176728460923040842 3.419160387054914985 0.000000000000000000 0.233887418351925142 0.000000000000000000
-13.611989569875536432 4.166136110139673221 0.000000000000000000 0.183270869845057582 280952.000000000000000000
-13.460562391080566513 -5.362044981047913161 0.000000000000000000 0.178420206637620121 3454.340537183697961154
-13.451027664049608035 -6.901190857946177815 0.000000000000000000 0.407679155529547310 0.000000000000000000
-11.969402211329722263 -5.548227197860112980 0.000000000000000000 0.201255411483275470 194382.000000000000000000
-15.208858865710235264 -3.747628149617287630 0.000000000000000000 0.473105590136736032 156126.485164964629802853
-10.644851828206407518 -5.515992398981737210 0.000000000000000000 0.396560089862554421 0.000000000000000000
-12.672772873530718130 -4.613384518714389593 0.000000000000000000 0.013430301453468713 201527.000000000000000000
-10.385747390840501581 -3.992333976595677125 0.000000000000000000 0.431783292537424312 199937.000000000000000000
-12.309399316662300805 -3.973877100343996993 0.000000000000000000 0.142194934061183442 197144.000000000000000000
-10.237940149099763687 -5.368465857643415440 0.000000000000000000 0.457316768203943624 0.000000000000000000
-12.242704993287206960 -6.801529683396924320 0.000000000000000000 0.378851615435033873 195787.000000000000000000
-10.601848875637182701 -6.206863346820485461 0.000000000000000000 0.461255794515952389 194342.000000000000000000
-12.274349755742745671 -5.305294942241089551 0.000000000000000000 0.134205990271020315 200368.000000000000000000
-15.121361432084903242 -4.137197184033414743 0.000000000000000000 0.439368480969612285 194051.000000000000000000
-12.718602139821530983 -5.515185948534305105 0.000000000000000000 0.145468965363825448 0.000000000000000000
-13.813757059695580764 -2.861611101619133013 0.000000000000000000 0.371301361962064480 199310.000000000000000000
-7.072592699436696329 -10.544906809200968567 0.000000000874444261 0.216352790240153414 0.000000000000000000
-7.748852442245940608 -12.062583409442707350 0.000000000264421645 0.191103838031749379 0.000000000000000000
-5.175868894563164346 -13.695511414665828553 0.000000000532344287 0.446917225281402930 0.000000000000000000
-5.997769110582078511 -9.634164596162921868 0.000000000677280794 0.391736666793421617 0.000000000000000000
-8.035236586267826553 -12.041232854005091468 0.000000000328913834 0.239109591392008047 0.000000000000000000
-5.719822330407513533 -13.656811390776656623 0.000000000669090544 0.387919531453554400 0.000000000000000000
-5.198025466650137538 -11.574021824522562341 0.000000000188161708 0.274669536069915066 0.000000000000000000
-7.877572577182340829 -12.235661718602957038 0.000000000445954859 0.223641700065224464 0.000000000000000000
-4.703579806416566811 -11.925171482167666426 0.000000000451842549 0.363434603388572308 0.000000000000000000
-4.601136744038432980 -10.632270963031576372 0.000000000159454316 0.425897324741648986 0.000000000000000000
-6.484388971042980288 -9.330279155078050835 0.000000000730492919 0.425132252189206694 0.000000000000000000
-6.113130520368706300 -9.444473592585687527 0.000000000007857676 0.417607402218228563 0.000000000000000000
-9.308333598408173870 -11.319486287607464448 0.000000000328165617 0.464462173777454856 0.000000000000000000
-8.931113531444047737 -12.882581858251533902 0.000000000120278777 0.442476091752278922 0.000000000000000000
-4.443255546856671678 -11.549223119580933172 0.000000000222688415 0.409077937524058965 0.000000000000000000
4.161857820810150876 -13.038695127018847586 0.000000000000000000 0.328445006766324987 430043.000000000000000000
4.419026944404383705 -12.490289076122129686 0.000000000000000000 0.396996329033634965 0.000000000000000000
1.999475288973542098 -12.193543521231493543 0.000000000000000000 0.201934073553689725 425581.000000000000000000
1.138413808428627050 -14.811707040230276178 0.000000000000000000 0.346691561968681394 0.000000000000000000
0.957162336589683971 -11.115225999071709495 0.000000000000000000 0.456605373514292923 0.000000000000000000
1.943511785866508523 -13.277181047525166591 0.000000000000000000 0.069658974491015047 0.000000000000000000
4.581497149805656477 -13.223639818730033468 0.000000000000000000 0.400593820138590018 427493.000000000000000000
1.744165076182733198 -14.681234850302521622 0.000000000000000000 0.271373393405671293 0.000000000000000000
2.624928012904597541 -10.698270018748798904 0.000000000000000000 0.461990847735372523 427039.000000000000000000
-0.150793506278095041 -12.945815293359769882 0.000000000000000000 0.446790386822817076 0.000000000000000000
2.323875096993958334 -12.283497589016457496 0.000000000000000000 0.176883289601896004 0.000000000000000000
3.576147144268222888 -12.260351645186149838 0.000000000000000000 0.285841820310347161 0.000000000000000000
2.680397781431054227 -14.329823221188563664 0.000000000000000000 0.197395175829148561 428025.000000000000000000
2.827149703385481772 -15.864946852252078457 0.000000000000000000 0.469077715701745057 0.000000000000000000
0.333313957009091333 -13.145988156574114569 0.000000000000000000 0.357382091075866104 427963.000000000000000000
9.167735372244063541 -6.966641914543041381 0.000000000000000000 0.376306576844145702 472038.000000000000000000
12.581225424731632856 -9.900474627216674151 0.000000000000000000 0.447227045221550323 472089.000000000000000000
10.132496430686547484 -10.200262101926524494 0.000000000000000000 0.257423637079929712 34356.293534610813367181
12.393524732901424201 -7.237747702894466784 0.000000000000000000 0.451130627762422520 67182.743415173667017370
8.194386426829733949 -10.340334412063786118 0.000000000000000000 0.474084517630597280 0.000000000000000000
8.653175576728132867 -6.746733293028512435 0.000000000000000000 0.462810024192268465 29306.216016620786831481
10.165129448957580749 -10.993861206442353762 0.000000000000000000 0.395140209182428703 464549.000000000000000000
9.263224917181744900 -6.442683324913649479 0.000000000000000000 0.448095195412617109 59040.345992598391603678
12.132596815931783851 -7.358021689946649957 0.000000000000000000 0.401322367502136235 0.000000000000000000
9.470737754448293799 -11.084401558264735499 0.000000000000000000 0.438527491792359059 0.000000000000000000
9.597413193286138622 -10.252234332952694373 0.000000000000000000 0.295429492978674435 467577.000000000000000000
10.111923201662955663 -9.088927357881022573 0.000000000000000000 0.072376390134887891 467761.000000000000000000
9.310273071858688354 -10.249068789565729531 0.000000000000000000 0.321280994695166133 0.000000000000000000
11.888789194299770102 -8.899897969107671614 0.000000000000000000 0.277233849369166507 89686.834412653988692909
11.530271648873785750 -9.411162155075157187 0.000000000000000000 0.241737735480577060 384488.823265517130494118
12.748962321338721537 1.123153634591616656 0.000000000000000000 0.240722114057246722 0.000000000000000000
14.328863408478643038 0.683885609302557373 0.000000000000000000 0.183632411461884887 157799.000000000000000000
14.957579693867215198 0.392973417194322827 0.000000000000000000 0.261473569178807153 0.000000000000000000
13.761536635345702706 -1.916367973067039543 0.000000000000000000 0.334265409582555018 0.000000000000000000
13.100865248929911999 1.925689545085361720 0.000000000000000000 0.343112523910351519 155290.000000000000000000
13.224360218849353643 -0.993418732370719648 0.000000000000000000 0.181292344916403114 151887.000000000000000000
13.764461707927775791 -1.303334070583817672 0.000000000000000000 0.229249866724250517 159193.000000000000000000
11.613916819727743146 1.475574647253569793 0.000000000000000000 0.428812637049641121 0.000000000000000000
12.350176201261593434 0.566479852820202190 0.000000000000000000 0.233986133737485918 154819.000000000000000000
11.967450493812030743 -1.200684607863313547 0.000000000000000000 0.349639339099951096 0.000000000000000000
13.747097596154524979 -2.637583454714214959 0.000000000000000000 0.458338019619998482 49211.702355050641926937
12.783296668055486478 1.547536308187450027 0.000000000000000000 0.300655446967627971 0.000000000000000000
15.278885136992425231 -0.636221670860234512 0.000000000000000000 0.328672813572855271 0.000000000000000000
13.046448981813490775 0.179469195968869177 0.000000000000000000 0.093509561292322116 0.000000000000000000
13.969472459703464295 -2.414943729965485453 0.000000000000000000 0.425025002553616194 152686.000000000000000000
